Name:	600_7_700_1
Lambda:	600	Maximal Depth:	30	Filter time:	7 to 700 [us]
Chi2:	4.534774512173286	RelRMS:	117.2983476871525	AbsRMS:	1.1875941962820533e-06	Phi model:	0.0488321472806076
depth_vector,start_model,resistivity_model,conductivity_model,E/I[V/A],modelled_thickness,rhoa,sigma
0.0,18.0,18.520429915511148,0.0539944269415951,0.0002667177210441,1.0,17.23663508127054,0.0580159639793388
1.0,18.0,18.46859247069773,0.0541459779128593,0.0001660280476712,1.0,17.365562917885526,0.0575852337599754
2.0,18.0,18.37088008396069,0.054433973518399,9.601614787465276e-05,1.0,17.57649845589849,0.056894153435004
3.0,18.0,18.243258349860607,0.0548147694245442,6.133637962895708e-05,1.0,17.687136574669243,0.0565382641660695
4.0,18.0,18.10830393310956,0.0552232834004725,4.17219163612339e-05,1.0,17.852431449462244,0.0560147788737271
5.0,18.0,17.992990500992065,0.0555771982397736,2.5992552655460062e-05,1.0,18.116143073194767,0.0551993874170508
6.0,18.0,17.925770134555698,0.0557856087907927,1.5042609303562612e-05,1.0,18.46194776517553,0.0541654657850502
7.0,18.0,17.934132852874235,0.0557595958613484,9.48761602480072e-06,1.0,18.843202069968555,0.0530695364984571
8.0,18.0,18.04271917681908,0.0554240184198388,6.389487320683469e-06,1.0,19.22479848029198,0.0520161499235029
9.0,18.0,18.27207927736668,0.0547283089581755,3.92042635835223e-06,1.0,19.75935073239052,0.0506089503417108
10.0,18.0,18.63805020898769,0.0536536809798793,2.225288714720236e-06,1.0,20.48668832222821,0.0488121840031603
11.0,18.0,19.151612679157765,0.052214923972866,1.3796083972841471e-06,1.0,21.172236998153164,0.0472316647545192
12.0,18.0,19.819082827018963,0.0504564216582575,9.183317214265436e-07,1.0,21.81608681133504,0.0458377347252041
13.0,18.0,20.642501619214947,0.0484437409014979,5.562276006229171e-07,1.0,22.6701020279618,0.0441109615989631
14.0,18.0,21.620125457985097,0.0462532006090031,3.112408087625369e-07,1.0,23.73361539419831,0.0421343307115548
15.0,18.0,22.746957654827384,0.04396192296018,1.918987862358041e-07,1.0,24.696881818030672,0.0404909416244572
16.0,18.0,24.01528782035092,0.0416401422077725,1.270949925021793e-07,1.0,25.53926192258671,0.0391553993624071
17.0,18.0,25.41522104198271,0.03934650020742,nan,1.0,nan,nan
18.0,18.0,26.93518540752644,0.0371261598860415,nan,1.0,nan,nan
19.0,18.0,28.56240838134721,0.0350110532224255,nan,1.0,nan,nan
20.0,18.0,30.283353691444216,0.0330214417527515,nan,1.0,nan,nan
21.0,18.0,32.08411185442392,0.0311680748570297,nan,1.0,nan,nan
22.0,18.0,33.95073951964974,0.0294544394068714,nan,1.0,nan,nan
23.0,18.0,35.8695458200222,0.0278788029549514,nan,1.0,nan,nan
24.0,18.0,37.82732520752387,0.0264359162196617,nan,1.0,nan,nan
25.0,18.0,39.811541130578775,0.0251183443695404,nan,1.0,nan,nan
26.0,18.0,41.81046074187061,0.0239174594648406,nan,1.0,nan,nan
27.0,18.0,43.813251968928526,0.0228241446380008,nan,1.0,nan,nan
28.0,18.0,45.81003971693473,0.0218292759879517,nan,1.0,nan,nan
29.0,18.0,47.79193611039647,0.0209240319892054,nan,nan,nan,nan
Name:	600_10_700_1
Lambda:	600	Maximal Depth:	30	Filter time:	10 to 700 [us]
Chi2:	6.367075068648157	RelRMS:	133.31516778531224	AbsRMS:	1.100533582207862e-06	Phi model:	0.0480681038815514
depth_vector,start_model,resistivity_model,conductivity_model,E/I[V/A],modelled_thickness,rhoa,sigma
0.0,19.2414,17.156171007972333,0.0582880643667697,9.851280445385093e-05,0.5,17.278263414639188,0.0578761867441342
0.5,19.2414,17.162900750338967,0.0582652090428391,6.223279686022467e-05,0.5,17.516879476330065,0.0570877935965286
1.0,19.2414,17.17578633258163,0.0582214974404431,4.179854597821844e-05,0.5,17.83060543781445,0.0560833452059479
1.5,19.2414,17.196575620568705,0.0581511122949331,2.593160493682027e-05,0.5,18.144517857064344,0.0551130654381462
2.0,19.2414,17.227854705382633,0.0580455324880097,1.4949542007864086e-05,0.5,18.538490832827648,0.0539418234751459
2.5,19.2414,17.27257140420512,0.0578952592870186,9.39656560620696e-06,0.5,18.964730340178804,0.052729460533451
3.0,19.2414,17.334377027262118,0.0576888340681225,6.323257386297728e-06,0.5,19.358805860902255,0.0516560787470696
3.5,19.2414,17.41762767644937,0.0574131000257925,3.892607211869131e-06,0.5,19.853381215341628,0.0503692539398404
4.0,19.2414,17.52721891821167,0.0570541170659396,2.220560152110672e-06,0.5,20.51576153902552,0.0487430114693904
4.5,19.2414,17.668468087064966,0.0565980024455033,1.3828541338078184e-06,0.5,21.13909471579415,0.0473057154738441
5.0,19.2414,17.847040596962398,0.0560316986206778,9.278752855868772e-07,0.5,21.66623781216744,0.0461547597081397
5.5,19.2414,18.068881245060474,0.0553437695692073,5.668397391279116e-07,1.0,22.386264899772677,0.0446702477826104
6.5,19.2414,18.39158965541773,0.0543726789655413,3.209491941232913e-07,1.0,23.252557699074515,0.0430060216575573
7.5,19.2414,18.83694277451508,0.0530871708838507,2.005046638581918e-07,1.0,23.98504969993303,0.0416926382271699
8.5,19.2414,19.4252015042809,0.0514795174598122,1.3401741366761458e-07,1.0,24.65205608143584,0.0405645677868243
9.5,19.2414,20.17441848309761,0.0495677236415915,nan,1.0,nan,nan
10.5,19.2414,21.100043755639675,0.0473932666482133,nan,2.0,nan,nan
12.5,19.2414,22.35447279567339,0.0447337769555247,nan,2.0,nan,nan
14.5,19.2414,23.92427193528428,0.0417985551537377,nan,2.0,nan,nan
16.5,19.2414,25.768770281773808,0.0388066636112355,nan,2.0,nan,nan
18.5,19.2414,27.82865091761368,0.0359341889393232,nan,2.0,nan,nan
20.5,19.2414,30.034894647588917,0.0332946065479299,nan,2.0,nan,nan
22.5,19.2414,32.31667914196186,0.0309437735111075,nan,2.0,nan,nan
24.5,19.2414,34.60751052323028,0.0288954618486282,nan,2.0,nan,nan
26.5,19.2414,36.84935746376476,0.027137515246591,nan,2.0,nan,nan
28.5,19.2414,38.99490082366408,0.0256443785950892,nan,nan,nan,nan
Name:	26.7_5_110_1
Lambda:	26.7	Maximal Depth:	30	Filter time:	5.0 to 110.0 [us]
Chi2:	2.221547543776692	RelRMS:	27.40023619542138	AbsRMS:	8.451281564383585e-06	Phi model:	0.5516343623143237
depth_vector,start_model,resistivity_model,conductivity_model,E/I[V/A],modelled_thickness,rhoa,sigma
0.0,18.4121,13.705992695902534,0.07296078599975865,0.0006720049165921185,1.0,16.241056054620262,0.06157235075335631
1.0,18.4121,14.698739739518118,0.0680330434936175,0.0004104436056699297,1.0,16.713177155372243,0.059833028197069184
2.0,18.4121,16.562729804868326,0.06037652076568124,0.0002698945523082699,1.0,17.101110869700637,0.05847573339646476
3.0,18.4121,18.934865553075852,0.05281262743571771,0.000166452480745551,1.0,17.336030344599767,0.057683332350159586
4.0,18.4121,21.305588128241048,0.046936042975245396,9.61480418927761e-05,1.0,17.56042071229991,0.056946243850499914
5.0,18.4121,23.149344450891174,0.04319776752734367,6.115417938618396e-05,1.0,17.72225003719471,0.05642624372758777
6.0,18.4121,24.07040282035245,0.04154479704653973,4.1854216722508045e-05,1.5,17.814790810472193,0.05613313176892108
7.5,18.4121,23.389085084311702,0.04275498577200666,2.628426231547317e-05,1.5,17.98185542776502,0.05561161383023592
9.0,18.4121,21.501750124119305,0.04650784211645466,1.5282147849875155e-05,1.5,18.26852022937765,0.05473897105206681
10.5,18.4121,19.215719665653335,0.05204072589523802,9.678915043705391e-06,1.5,18.59409248698011,0.053780521996446805
12.0,18.4121,17.35783760363866,0.057610862760369044,6.518880106678099e-06,1.5,18.96955495751386,0.052716049598406575
13.5,18.4121,16.545643612976736,0.0604388697950499,3.986240755843369e-06,1.5,19.541258073689544,0.0511737778718764
15.0,18.4121,17.183966406643407,0.05819378229309125,2.2417912843199413e-06,1.5,20.38602502516093,0.04905321163717672
16.5,18.4121,19.58423724794484,0.05106147292537214,1.3717085196416461e-06,2.0,21.253448589271407,0.047051187754291936
18.5,18.4121,24.613540955559746,0.04062804298680635,9.011043090668686e-07,2.0,22.09326319111542,0.04526266633179565
20.5,18.4121,32.56586748146597,0.03070699715182236,5.336338036827111e-07,2.0,23.305563586755472,0.04290820928991818
22.5,18.4121,43.70149039291366,0.022882514784030184,2.895896452142163e-07,2.0,24.902306329190836,0.040156923088998625
24.5,18.4121,58.27497740338892,0.01716002381395769,1.7344293172967975e-07,2.0,26.41917215209486,0.0378512995881556
26.5,18.4121,76.5803158699597,0.01305818588810851,nan,2.0,nan,nan
28.5,18.4121,99.00638194485514,0.010100358990564698,nan,nan,nan,nan
