Name:	10.0_8_150_1
Lambda:	10	Maximal Depth:	30	Filter time:	8 to 150 [us]
Chi2:	0.6931913843287941	RelRMS:	2.081452894507816	AbsRMS:	1.2174497283783204e-07	Phi model:	2.389964290554505
depth_vector,start_model,resistivity_model,conductivity_model,E/I[V/A],modelled_thickness,rhoa,sigma
0.0,10.1536,19.06734670187392,0.0524456819103059,0.0002055165571539,1.0,15.063016873726944,0.0663877633798717
1.0,10.1536,18.562717480301583,0.0538714227085113,0.0001255930838215,1.0,14.69551226885964,0.0680479851062449
2.0,10.1536,17.592147834226104,0.0568435423248585,8.400142654575733e-05,1.0,14.342070307136764,0.0697249405828382
3.0,10.1536,16.20417431827915,0.0617124933586988,6.043118165633924e-05,1.0,13.945459066952855,0.0717079298142104
4.0,10.1536,14.48466478465113,0.069038532466396,4.0821126919882415e-05,1.0,13.408340709800076,0.0745804437434309
5.0,10.1536,12.537628266493876,0.0797599018526051,2.648983525591509e-05,1.0,12.660187281110112,0.0789877730712617
6.0,10.1536,10.476591133391924,0.0954508949779199,1.8904927308933305e-05,1.5,11.899884993960573,0.0840344255854169
7.5,10.1536,8.252327965689853,0.1211779275081689,1.4431641612067622e-05,1.5,11.167654796807954,0.0895443150952185
9.0,10.1536,6.071805398892597,0.1646956604014984,1.0618113132208815e-05,1.5,10.169430631419178,0.0983339221480531
10.5,10.1536,4.1100595815292,0.2433054753011481,7.72230273495596e-06,1.5,8.937816934971927,0.1118841443358719
12.0,10.1536,2.49952688755947,0.4000757123186608,6.055947583282237e-06,1.5,7.897371373548976,0.1266244111742478
13.5,10.1536,1.326560321004735,0.7538292712106762,4.9997945853166016e-06,1.5,7.049231977106795,0.1418594257144064
15.0,10.1536,0.6222624557471073,1.6070389443621014,4.000576308243836e-06,1.5,6.084246380088138,0.1643588930377132
16.5,10.1536,0.3329231847441593,3.0036958848884843,3.118583303676564e-06,2.0,5.106500249400046,0.1958288360247291
18.5,10.1536,0.406027494181111,2.462887401299834,2.538334874911932e-06,2.0,4.415612942163718,0.2264691251470933
20.5,10.1536,0.6348645185151858,1.5751392160626476,2.1217791717545883e-06,2.0,3.909853762532001,0.2557640415053286
22.5,10.1536,0.8804924626329161,1.1357280640537493,1.689433228475476e-06,2.0,3.387565706496584,0.2951972261622044
24.5,10.1536,1.069176237620638,0.935299499571199,nan,2.0,nan,nan
26.5,10.1536,1.1873860686512991,0.8421860643319296,nan,2.0,nan,nan
28.5,10.1536,1.2517770929309384,0.7988642751550742,nan,nan,nan,nan
Name:	12.742749857031335_8_150_1
Lambda:	12.742749857031336	Maximal Depth:	30	Filter time:	8 to 150 [us]
Chi2:	0.5385693963376785	RelRMS:	1.834682186949688	AbsRMS:	1.1231746615766769e-07	Phi model:	2.3420683741058697
depth_vector,start_model,resistivity_model,conductivity_model,E/I[V/A],modelled_thickness,rhoa,sigma
0.0,10.1536,19.14539260083325,0.0522318878933032,0.0002054764471574,1.0,15.064977059131207,0.066379125309977
1.0,10.1536,18.635572493795088,0.0536608145702505,0.0001256006845494,1.0,14.69491939673578,0.0680507305281397
2.0,10.1536,17.641806129593775,0.056683538672524,8.401131163480366e-05,1.0,14.340945256872836,0.0697304105195404
3.0,10.1536,16.23681354305978,0.0615884389722167,6.043637531483997e-05,1.0,13.944660111146822,0.0717120383020765
4.0,10.1536,14.507117429078509,0.0689316816306711,4.082818323734424e-05,1.0,13.406795760099044,0.0745890381187258
5.0,10.1536,12.558985780662445,0.0796242640500269,2.6512387225494063e-05,1.0,12.653006923028872,0.0790325972382081
6.0,10.1536,10.502159435279356,0.0952185125509285,1.894784088718807e-05,1.5,11.881910752456896,0.0841615478211889
7.5,10.1536,8.29538453730477,0.1205489625589927,1.449320746014016e-05,1.5,11.136006231591484,0.0897988003242242
9.0,10.1536,6.143161014578705,0.1627826452256159,1.069918071707366e-05,1.5,10.11799642559136,0.0988337965282048
10.5,10.1536,4.207193018505495,0.2376881677644602,7.816447889219414e-06,1.5,8.865904439984751,0.1127916510683392
12.0,10.1536,2.60157325232497,0.3843827957203671,6.151557175254431e-06,1.5,7.815328840345413,0.1279536690558248
13.5,10.1536,1.4055982703263914,0.7114408299376975,5.090023727865728e-06,1.5,6.96567764759606,0.1435610504234447
15.0,10.1536,0.6682218024047795,1.4965090878526048,4.077354812249547e-06,1.5,6.00762516554479,0.166455125352235
16.5,10.1536,0.3618748555899992,2.763386249563,3.173764889930803e-06,2.0,5.04713695397923,0.1981321309721121
18.5,10.1536,0.4636426820507687,2.156833351875271,2.5739252930298217e-06,2.0,4.374814575294953,0.2285811164768233
20.5,10.1536,0.7398341026848533,1.3516543727451955,2.141384216423614e-06,2.0,3.885953240911265,0.2573371160187964
22.5,10.1536,1.0199141078515217,0.9804747206669476,1.6921966491304728e-06,2.0,3.3838766873418,0.2955190429192468
24.5,10.1536,1.237940292733123,0.8077934015639814,nan,2.0,nan,nan
26.5,10.1536,1.387070101111597,0.7209440959030122,nan,2.0,nan,nan
28.5,10.1536,1.4811715385645252,0.6751412472920917,nan,nan,nan,nan
Name:	16.237767391887218_8_150_1
Lambda:	16.237767391887218	Maximal Depth:	30	Filter time:	8 to 150 [us]
Chi2:	0.5552087491644121	RelRMS:	1.86280827845422	AbsRMS:	2.3101228955441493e-07	Phi model:	2.713340806928256
depth_vector,start_model,resistivity_model,conductivity_model,E/I[V/A],modelled_thickness,rhoa,sigma
0.0,10.1536,19.273953886256383,0.0518834903259297,0.0002057252281506,1.0,15.052829348736354,0.0664326936041394
1.0,10.1536,18.73056639182525,0.0533886685047836,0.0001254791570566,1.0,14.704405958018231,0.0680068275355731
2.0,10.1536,17.680825815985568,0.0565584441817124,8.373783153024848e-05,1.0,14.37215242997385,0.0695790004226819
3.0,10.1536,16.22278897116376,0.0616416820669685,6.011685127869418e-05,1.0,13.99402748239212,0.0714590564623545
4.0,10.1536,14.451653939808088,0.0691962320828504,4.05210520213784e-05,1.0,13.474455426315718,0.0742145020604685
5.0,10.1536,12.49781631456812,0.0800139780286534,2.6258574759252387e-05,1.0,12.734411172136875,0.0785273843040358
6.0,10.1536,10.476946081922222,0.0954476611963749,1.873826935885536e-05,1.5,11.970339107122774,0.0835398221429637
7.5,10.1536,8.361944965089593,0.1195894022473138,1.431067673230006e-05,1.5,11.230498226067496,0.0890432445533774
9.0,10.1536,6.306188970093792,0.1585743790334159,1.05379532016698e-05,1.5,10.220936575818776,0.0978383920673035
10.5,10.1536,4.417535490473887,0.2263705638939249,7.673756998825978e-06,1.5,8.975472258326567,0.1114147502458489
12.0,10.1536,2.776281498961622,0.3601940222466697,6.028898837406266e-06,1.5,7.920974863384573,0.126247086658814
13.5,10.1536,1.4903487308733925,0.6709838974492686,4.989611550843218e-06,1.5,7.0588196544123605,0.1416667444357946
15.0,10.1536,0.7061776210974023,1.4160743276542758,4.008663576819879e-06,1.5,6.0760605274223165,0.1645803223135823
16.5,10.1536,0.3881200491683386,2.576522398527966,3.140608518464228e-06,2.0,5.08259752755724,0.1967497907473725
18.5,10.1536,0.4074588443159195,2.4542355969199656,2.564017698023688e-06,2.0,4.386077114496074,0.2279941674292455
20.5,10.1536,0.7592321751525015,1.3171201547130655,2.145068343810056e-06,2.0,3.8815025830558345,0.2576321871754929
22.5,10.1536,1.353074738740643,0.7390574750739469,1.704771749047902e-06,2.0,3.3672155814527445,0.29698128195539
24.5,10.1536,1.892230407263762,0.5284768684412162,nan,2.0,nan,nan
26.5,10.1536,2.192082055931869,0.4561873025208872,nan,2.0,nan,nan
28.5,10.1536,2.304198667456205,0.4339903560069247,nan,nan,nan,nan
Name:	20.6913808111479_8_150_1
Lambda:	20.6913808111479	Maximal Depth:	30	Filter time:	8 to 150 [us]
Chi2:	0.5725131278705159	RelRMS:	1.8916149315309192	AbsRMS:	1.895184450670845e-07	Phi model:	2.35276831850948
depth_vector,start_model,resistivity_model,conductivity_model,E/I[V/A],modelled_thickness,rhoa,sigma
0.0,10.1536,19.016007970580947,0.0525872728675265,0.0002057959641399,1.0,15.049379855162307,0.0664479207531581
1.0,10.1536,18.51273854513284,0.0540168596646069,0.0001255618566013,1.0,14.69794868275774,0.0680367050929431
2.0,10.1536,17.5439414576565,0.0569997342053134,8.386757402360692e-05,1.0,14.357326199313974,0.0696508518450867
3.0,10.1536,16.16967300984736,0.0618441696001519,6.028341779559111e-05,1.0,13.96823806700464,0.0715909905890114
4.0,10.1536,14.476645689810208,0.0690767752024129,4.0709844906322e-05,1.0,13.432764420108048,0.0744448401479489
5.0,10.1536,12.564831934180758,0.0795872165452248,2.645519818101681e-05,1.0,12.67123529819177,0.0789189038374738
6.0,10.1536,10.54567934775755,0.0948255647667346,1.893778988300827e-05,1.5,11.88611450146727,0.0841317824993656
7.5,10.1536,8.37725370501527,0.1193708624822145,1.4513516724675712e-05,1.5,11.125615142140807,0.0898826705062151
9.0,10.1536,6.2459639499517365,0.1601033896469618,1.0743655646929718e-05,1.5,10.090053843152704,0.0991074988840241
10.5,10.1536,4.301648082655814,0.2324690399551712,7.873571336609639e-06,1.5,8.822970479585166,0.1133405129614598
12.0,10.1536,2.661303721139402,0.3757556839742677,6.210403446887799e-06,1.5,7.765881453102951,0.1287683833495086
13.5,10.1536,1.4294937071506528,0.6995483750629838,5.1459662232437984e-06,1.5,6.915102518126213,0.1446110158712397
15.0,10.1536,0.6805120762678061,1.4694816372464548,4.125958956020769e-06,1.5,5.960351825983821,0.1677753309193185
16.5,10.1536,0.381423986129254,2.621754363557849,3.210567585061114e-06,2.0,5.008492710259741,0.1996608676202186
18.5,10.1536,0.4892562466228912,2.0439187172418047,2.599746070195939e-06,2.0,4.345799194951937,0.2301072725959349
20.5,10.1536,0.8079472791864245,1.2377045207788386,2.157942162536362e-06,2.0,3.866049719825616,0.2586619605205456
22.5,10.1536,1.1586127777192408,0.8631011320007413,1.6986023426057814e-06,2.0,3.3753639145621808,0.2962643511372936
24.5,10.1536,1.4211476639934713,0.703656646903227,nan,2.0,nan,nan
26.5,10.1536,1.5763865989198815,0.6343621549975027,nan,2.0,nan,nan
28.5,10.1536,1.6546181599673706,0.6043690467048423,nan,nan,nan,nan
Name:	26.366508987303583_8_150_1
Lambda:	26.366508987303583	Maximal Depth:	30	Filter time:	8 to 150 [us]
Chi2:	0.8101249024771741	RelRMS:	2.2501734689757447	AbsRMS:	2.3150786329748815e-07	Phi model:	2.258559909522933
depth_vector,start_model,resistivity_model,conductivity_model,E/I[V/A],modelled_thickness,rhoa,sigma
0.0,10.1536,18.874741742230697,0.052980857362545,0.0002059736963822,1.0,15.040721322898836,0.0664861730053826
1.0,10.1536,18.391567837164946,0.0543727434688433,0.0001255704272572,1.0,14.697279881480489,0.0680398011104125
2.0,10.1536,17.458875089573844,0.0572774588780455,8.38345383111899e-05,1.0,14.361097702593222,0.069632560178142
3.0,10.1536,16.127619384601935,0.0620054315613849,6.025032224668642e-05,1.0,13.97335277485196,0.0715647859259457
4.0,10.1536,14.481156209159655,0.069055259508041,4.06907706861158e-05,1.0,13.43696192384637,0.0744215847054917
5.0,10.1536,12.613054730491372,0.0792829351308969,2.645772339294182e-05,1.0,12.670429029186234,0.0789239257563029
6.0,10.1536,10.626027531997549,0.0941085459254417,1.895558078924157e-05,1.5,11.878676134779878,0.0841844653944284
7.5,10.1536,8.469659135593378,0.118068505944654,1.4539518818962712e-05,1.5,11.112346679712372,0.0899899930071191
9.0,10.1536,6.335379322983803,0.157843745262758,1.077318500902266e-05,1.5,10.071607479371556,0.0992890163807692
10.5,10.1536,4.376921531320233,0.2284710824364184,7.899370808243985e-06,1.5,8.803749365359621,0.1135879678645476
12.0,10.1536,2.7202453534894104,0.3676138987673462,6.228567467033824e-06,1.5,7.750775970434303,0.1290193399750614
13.5,10.1536,1.4758591790877085,0.677571420207003,5.155991042523596e-06,1.5,6.9061362319849895,0.1447987653890482
15.0,10.1536,0.7147546959863751,1.39908139899659,4.125562569820746e-06,1.5,5.9607336023419,0.1677645851522557
16.5,10.1536,0.4029995000349552,2.48139265659948,3.1995732964603297e-06,2.0,5.019959515757765,0.1992047937560009
18.5,10.1536,0.5098414820090931,1.961393953389938,2.582213246216942e-06,2.0,4.365448531877822,0.2290715358794631
20.5,10.1536,0.8244221603284995,1.2129707910829808,2.136749151286028e-06,2.0,3.891570852693594,0.2569656413445071
22.5,10.1536,1.162396267875299,0.8602918192673338,1.6752822156108728e-06,2.0,3.406615332895302,0.2935464977051266
24.5,10.1536,1.4249787844078066,0.7017648339344087,nan,2.0,nan,nan
26.5,10.1536,1.5956095730681443,0.6267197294869155,nan,2.0,nan,nan
28.5,10.1536,1.6942152710790577,0.5902437648098243,nan,nan,nan,nan
Name:	33.59818286283781_8_150_1
Lambda:	33.59818286283781	Maximal Depth:	30	Filter time:	8 to 150 [us]
Chi2:	0.9389790851432004	RelRMS:	2.422523329535756	AbsRMS:	2.766732550222968e-07	Phi model:	2.195723312366351
depth_vector,start_model,resistivity_model,conductivity_model,E/I[V/A],modelled_thickness,rhoa,sigma
0.0,10.1536,18.209118745999675,0.054917539610185,0.0002056506198187,1.0,15.05646982270459,0.0664166309749472
1.0,10.1536,17.81099629950186,0.0561450905488071,0.0001250192251409,1.0,14.740447804769756,0.0678405441438771
2.0,10.1536,17.02625854274777,0.0587328095300152,8.343994103647625e-05,1.0,14.406338968538018,0.0694138880241467
3.0,10.1536,15.878395073867267,0.0629786571846801,6.006163370769092e-05,1.0,14.002603093893676,0.0714152928062415
4.0,10.1536,14.404919270919574,0.0694207292101097,4.070328771227094e-05,1.0,13.43420703704182,0.0744368459740663
5.0,10.1536,12.659964103826244,0.078989165514124,2.6594142889176883e-05,1.0,12.627061718269966,0.0791949879007172
6.0,10.1536,10.715332445995902,0.0933242160278171,1.9112484438201308e-05,1.5,11.813574982847118,0.0846483813284263
7.5,10.1536,8.4645447267986,0.1181398447614102,1.4671409610334004e-05,1.5,11.045649116144022,0.0905333846372529
9.0,10.1536,6.127767478514346,0.1631915707484459,1.0848540207183836e-05,1.5,10.024914295489925,0.0997514762245784
10.5,10.1536,3.974757151468104,0.2515876975353432,7.904557402937437e-06,1.5,8.799897876288046,0.1136376823979482
12.0,10.1536,2.2615867956081823,0.442167420654347,6.187045657727823e-06,1.5,7.785414726065558,0.1284453089765406
13.5,10.1536,1.1300277761319724,0.8849339999614427,5.088944210641388e-06,1.5,6.96666269843822,0.1435407516175828
15.0,10.1536,0.5409148979235343,1.848719648578368,4.046115986359525e-06,1.5,6.038507537707838,0.1656038340194886
16.5,10.1536,0.3301660387624366,3.028779106864856,3.128733370006005e-06,2.0,5.095450116046665,0.1962535158279315
18.5,10.1536,0.38650890239378,2.5872625282539743,2.531554194553605e-06,2.0,4.423494137563062,0.2260656324845742
20.5,10.1536,0.5212630791568243,1.918417091073403,2.1082401129048893e-06,2.0,3.926575211015242,0.2546748620005278
22.5,10.1536,0.6545474572574055,1.5277731032522257,1.6748222178276556e-06,2.0,3.4072390662727736,0.2934927607219278
24.5,10.1536,0.7606483333083289,1.3146679696919152,nan,2.0,nan,nan
26.5,10.1536,0.8364613867719082,1.1955124478121149,nan,2.0,nan,nan
28.5,10.1536,0.8870373742546337,1.1273482144315363,nan,nan,nan,nan
Name:	42.81332398719393_8_150_1
Lambda:	42.81332398719393	Maximal Depth:	30	Filter time:	8 to 150 [us]
Chi2:	0.8770074806967123	RelRMS:	2.3412169387637816	AbsRMS:	3.737457464691937e-07	Phi model:	2.267232924820396
depth_vector,start_model,resistivity_model,conductivity_model,E/I[V/A],modelled_thickness,rhoa,sigma
0.0,10.1536,17.961783889681524,0.0556737574698506,0.0002053236468055,1.0,15.072450296018802,0.0663462131478474
1.0,10.1536,17.599011937515783,0.056821371765099,0.0001246391200218,1.0,14.77040135226135,0.0677029673162469
2.0,10.1536,16.877555711321936,0.0592502858295512,8.313157592860552e-05,1.0,14.441942530876789,0.0692427627282137
3.0,10.1536,15.808132101476197,0.0632585806837113,5.983668720639075e-05,1.0,14.037674847369386,0.071236868703181
4.0,10.1536,14.41473487183717,0.0693734577077621,4.0561067588134633e-05,1.0,13.465591809097525,0.0742633531579642
5.0,10.1536,12.73233797926957,0.078540170833367,2.65137322225717e-05,1.0,12.652579008892912,0.0790352701450942
6.0,10.1536,10.819604820863493,0.0924248174084598,1.905970350974501e-05,1.5,11.835374693228816,0.08449246651837
7.5,10.1536,8.546954545179897,0.117000739235703,1.4630025322476357e-05,1.5,11.066469361895898,0.0903630568429713
9.0,10.1536,6.145236537755309,0.1627276661941597,1.0813054642229406e-05,1.5,10.046835048910316,0.0995338328072242
10.5,10.1536,3.926624089721753,0.2546716918020186,7.871956126020962e-06,1.5,8.824177334891985,0.1133250117317866
12.0,10.1536,2.190796441865088,0.4564550046231915,6.157186127025716e-06,1.5,7.810564887685923,0.12803171273522
13.5,10.1536,1.0813000471230816,0.9248126851197416,5.06259362196853e-06,1.5,6.99081590179015,0.1430448196674623
15.0,10.1536,0.5197683864291076,1.923933863831467,4.0257025986442e-06,1.5,6.058903555687736,0.1650463637205876
16.5,10.1536,0.3143505907767789,3.181161509920948,3.1167162864011096e-06,2.0,5.108539355455586,0.1957506696962342
18.5,10.1536,0.3634817661220391,2.7511696409669413,2.526812760929714e-06,2.0,4.429026047243162,0.2257832736437501
20.5,10.1536,0.4910007489379334,2.036656771222987,2.10930023084027e-06,2.0,3.925259456621959,0.2547602294959097
22.5,10.1536,0.6286149245245758,1.590799010628493,1.6818285277821508e-06,2.0,3.3977696987927555,0.2943107063304805
24.5,10.1536,0.7455196177324059,1.3413463257232974,nan,2.0,nan,nan
26.5,10.1536,0.8292536471477745,1.2059036501551836,nan,2.0,nan,nan
28.5,10.1536,0.8818245653376312,1.134012409392476,nan,nan,nan,nan
Name:	54.5559478116852_8_150_1
Lambda:	54.5559478116852	Maximal Depth:	30	Filter time:	8 to 150 [us]
Chi2:	1.0633987599207595	RelRMS:	2.5780306921184524	AbsRMS:	2.940108077677565e-07	Phi model:	2.100943496853363
depth_vector,start_model,resistivity_model,conductivity_model,E/I[V/A],modelled_thickness,rhoa,sigma
0.0,10.1536,18.436384465900083,0.0542405698823214,0.0002060340876499,1.0,15.037782092087104,0.0664991681536734
1.0,10.1536,18.00474610839833,0.0555409109342313,0.00012527601721,1.0,14.720297502405396,0.0679334096227738
2.0,10.1536,17.16261620565214,0.0582661750409982,8.355819703761241e-05,1.0,14.392743349381885,0.0694794575102978
3.0,10.1536,15.947683127003309,0.062705033203648,6.008034091290513e-05,1.0,13.999696284318624,0.0714301210319914
4.0,10.1536,14.41666105302182,0.069364188859139,4.065225484168879e-05,1.0,13.44544778764388,0.0743746147985477
5.0,10.1536,12.641102568037756,0.0791070236648849,2.652387940001333e-05,1.0,12.649351825067775,0.0790554341304869
6.0,10.1536,10.704940662727958,0.0934148101802899,1.906006242463724e-05,1.5,11.835226113597765,0.0844935272382398
7.5,10.1536,8.525688490246583,0.1172925800824183,1.4646345094512802e-05,1.5,11.058247250864012,0.0904302442615277
9.0,10.1536,6.296132777096775,0.1588276542765529,1.0858956611625083e-05,1.5,10.018502368004023,0.0998153180253456
10.5,10.1536,4.223546201043823,0.2367678610341367,7.946375685779676e-06,1.5,8.768997403955261,0.1140381224823888
12.0,10.1536,2.507268706433337,0.3988403785498241,6.242859644636343e-06,1.5,7.738941887587783,0.1292166312301511
13.5,10.1536,1.2963980324030566,0.7713680328150135,5.14762471758585e-06,1.5,6.913617137332897,0.1446420853419973
15.0,10.1536,0.6240250936380821,1.6024996593806422,4.0987291422981694e-06,1.5,5.986720990282356,0.1670363462107554
16.5,10.1536,0.3804031784246387,2.6287898122757376,3.165127351054252e-06,2.0,5.056315107580648,0.1977724842545427
18.5,10.1536,0.467164250902736,2.140574750888207,2.550729870755906e-06,2.0,4.401296536057975,0.227205777163029
20.5,10.1536,0.6552867993671502,1.5260493587933712,2.1123240403057213e-06,2.0,3.9215125345606094,0.2550036474923689
22.5,10.1536,0.8375904709689851,1.1939008795588706,1.6622374946715171e-06,2.0,3.424414805098526,0.2920206975250559
24.5,10.1536,0.9722498515293346,1.0285421987229053,nan,2.0,nan,nan
26.5,10.1536,1.056139591258324,0.9468445348294944,nan,2.0,nan,nan
28.5,10.1536,1.1024823471121985,0.907044001765074,nan,nan,nan,nan
Name:	69.51927961775606_8_150_1
Lambda:	69.51927961775606	Maximal Depth:	30	Filter time:	8 to 150 [us]
Chi2:	0.6193923846555139	RelRMS:	1.9675371417325167	AbsRMS:	1.156238497085526e-06	Phi model:	3.1988495952360783
depth_vector,start_model,resistivity_model,conductivity_model,E/I[V/A],modelled_thickness,rhoa,sigma
0.0,10.1536,17.451401946617604,0.0573019865715612,0.0002097317069129,1.0,14.860512212855168,0.067292431490682
1.0,10.1536,17.134223834415714,0.0583627253655578,0.0001268042819367,1.0,14.60178444993382,0.0684847802971459
2.0,10.1536,16.495476342716323,0.0606226809837811,8.41779546592782e-05,1.0,14.32201228962895,0.0698225905534331
3.0,10.1536,15.523731081943298,0.0644175034159904,6.02843628634455e-05,1.0,13.968092081471584,0.0715917388120945
4.0,10.1536,14.207998747493765,0.0703828890874864,4.0549897199640985e-05,1.0,13.468064630602642,0.0742497179385197
5.0,10.1536,12.570973820485309,0.0795483320767423,2.621743047074654e-05,1.0,12.747730843576594,0.0784453337045381
6.0,10.1536,10.67185238423609,0.0937044445514584,1.8655173771750905e-05,1.5,12.005859025687904,0.0832926655110963
7.5,10.1536,8.390488582055125,0.1191825708622876,1.4195079124797764e-05,1.5,11.29138613680906,0.0885630858677373
9.0,10.1536,5.995939141961721,0.1667795446757695,1.0398063586779194e-05,1.5,10.312403346280458,0.0969706058249444
10.5,10.1536,3.810440252397455,0.2624368665460164,7.5332673115779425e-06,1.5,9.0867187287983,0.1100507267635264
12.0,10.1536,2.1025774025880675,0.4756067475894574,5.907246157109407e-06,1.5,8.029353659895087,0.1245430257973051
13.5,10.1536,0.9950391296142832,1.00498560331757,4.8931369504303006e-06,1.5,7.151299987383989,0.1398347156131272
15.0,10.1536,0.4297681659942943,2.326835906252945,3.949572573255262e-06,1.5,6.136514516633635,0.1629589561451211
16.5,10.1536,0.2274629124290557,4.396321093936111,3.127297460558524e-06,2.0,5.097009725743725,0.1961934651506057
18.5,10.1536,0.3211543609488807,3.113767463861945,2.5866338279916773e-06,2.0,4.360473385445555,0.2293328984274535
20.5,10.1536,0.7007659662804939,1.4270099407192562,2.194718281393949e-06,2.0,3.8227401787531896,0.2615924580901431
22.5,10.1536,0.7884073664079713,1.2683798282556096,1.7810172926220549e-06,2.0,3.270415944181241,0.3057715034013366
24.5,10.1536,0.7518013001627627,1.330138694603884,nan,2.0,nan,nan
26.5,10.1536,0.7328442670488677,1.3645463913185223,nan,2.0,nan,nan
28.5,10.1536,0.7306911120531485,1.3685673515175625,nan,nan,nan,nan
Name:	88.58667904100822_8_150_1
Lambda:	88.58667904100822	Maximal Depth:	30	Filter time:	8 to 150 [us]
Chi2:	0.7536108399135246	RelRMS:	2.1702690500165023	AbsRMS:	1.857262654866028e-06	Phi model:	2.4763680909696086
depth_vector,start_model,resistivity_model,conductivity_model,E/I[V/A],modelled_thickness,rhoa,sigma
0.0,10.1536,17.081116653505944,0.0585441818755302,0.0002123767374322,1.0,14.736868560387132,0.0678570210423136
1.0,10.1536,16.79549945159276,0.0595397596172805,0.0001280765767474,1.0,14.504922245492653,0.0689421137924918
2.0,10.1536,16.21882281879172,0.0616567559293738,8.487673123611747e-05,1.0,14.24329680591595,0.0702084646291054
3.0,10.1536,15.3355465826596,0.0652079790315874,6.073600977471173e-05,1.0,13.898759348132844,0.0719488678775015
4.0,10.1536,14.134057101474744,0.0707510938169098,4.085325630239483e-05,1.0,13.401309720772598,0.0746195723280656
5.0,10.1536,12.623552381072171,0.0792170040423332,2.646821486539379e-05,1.0,12.667080604387303,0.0789447885611184
6.0,10.1536,10.847303952112672,0.0921888060309433,1.8907776385621683e-05,1.5,11.898689558610002,0.0840428683406056
7.5,10.1536,8.67240006103017,0.1153083336749588,1.4457536793087342e-05,1.5,11.154315740785275,0.0896513980094308
9.0,10.1536,6.330354674719004,0.1579690319712439,1.0665216208576288e-05,1.5,10.139466259662369,0.0986245206987156
10.5,10.1536,4.13094786263689,0.2420751927286911,7.782656693287284e-06,1.5,8.891548907956011,0.1124663442052505
12.0,10.1536,2.3591387604875056,0.4238835022122032,6.119970027280942e-06,1.5,7.842197389879999,0.1275152805118696
13.5,10.1536,1.173448868971753,0.8521888140522565,5.0621691229172935e-06,1.5,6.99120671623767,0.1430368233394408
15.0,10.1536,0.5460391036919059,1.831370671511897,4.05534537517607e-06,1.5,6.02934220327104,0.1658555720153816
16.5,10.1536,0.3118295172703672,3.206880505583968,3.157919383669618e-06,2.0,5.064006227248986,0.1974721110371241
18.5,10.1536,0.4000771729565324,2.499517762060991,2.5621195031819856e-06,2.0,4.388243186049647,0.2278816277044602
20.5,10.1536,0.7026001850161737,1.4232845668507477,2.132483562909937e-06,2.0,3.896758641089241,0.2566235407693804
22.5,10.1536,0.7466409819751767,1.3393317861478526,1.6868482870599564e-06,2.0,3.391025580557876,0.2948960355042455
24.5,10.1536,0.6821172548787484,1.4660236093540218,nan,2.0,nan,nan
26.5,10.1536,0.6363724067818559,1.5714069141636953,nan,2.0,nan,nan
28.5,10.1536,0.6130049865370003,1.631308100198694,nan,nan,nan,nan
Name:	112.88378916846884_8_150_1
Lambda:	112.88378916846884	Maximal Depth:	30	Filter time:	8 to 150 [us]
Chi2:	2.262194790532216	RelRMS:	3.7601485929184166	AbsRMS:	3.422894669881832e-07	Phi model:	1.8719321784837373
depth_vector,start_model,resistivity_model,conductivity_model,E/I[V/A],modelled_thickness,rhoa,sigma
0.0,10.1536,18.26902219430632,0.0547374670282932,0.0002054348391217,1.0,15.067011128093572,0.0663701640291102
1.0,10.1536,17.866185962102016,0.0559716551770597,0.0001248628285223,1.0,14.75275397694688,0.0677839542069658
2.0,10.1536,17.07708431905487,0.0585580056476142,8.333491876091069e-05,1.0,14.418440089435691,0.0693556302760306
3.0,10.1536,15.930530897961017,0.0627725470296782,6.000639765444538e-05,1.0,14.011194732436344,0.0713715010815579
4.0,10.1536,14.470573217301178,0.06910576277686,4.071692479138518e-05,1.0,13.431207243169077,0.0744534710763685
5.0,10.1536,12.755808198974186,0.078395659796799,2.668580847819656e-05,1.0,12.598129218727625,0.0793768648216006
6.0,10.1536,10.859516888015351,0.0920851277558772,1.9255853411311123e-05,1.5,11.754863525205655,0.0850711705717148
7.5,10.1536,8.684453322141744,0.115148295800084,1.4842847661191525e-05,1.5,10.96043147366645,0.091237284079792
9.0,10.1536,6.42290379690718,0.1556928192636996,1.1031214726477987e-05,1.5,9.913932968423456,0.1008681421576146
10.5,10.1536,4.302359330186929,0.2324306091738162,8.071412702984044e-06,1.5,8.67819959688926,0.115231274509802
12.0,10.1536,2.551157063313648,0.3919790021478017,6.323436362459203e-06,1.5,7.673058888995751,0.130326120842646
13.5,10.1536,1.3336684594476635,0.749811538929359,5.192560376144898e-06,1.5,6.873673098446028,0.1454826241629204
15.0,10.1536,0.6716317512193144,1.488911145407508,4.10627868717952e-06,1.5,5.9793808683245535,0.1672413953921961
16.5,10.1536,0.4354169531658836,2.2966492065342794,3.14093748844615e-06,2.0,5.082242633259779,0.19676352983537
18.5,10.1536,0.5041455331924996,1.9835542202814016,2.509759638188221e-06,2.0,4.449066067049671,0.2247662733997417
20.5,10.1536,0.6579846627734385,1.51979226352321,2.063214973520109e-06,2.0,3.983495351418151,0.2510358144748413
22.5,10.1536,0.8103132461395264,1.2340906492201311,1.6095512093777654e-06,2.0,3.4987417152147224,0.2858170397807226
24.5,10.1536,0.9252768161107424,1.080757652832311,nan,2.0,nan,nan
26.5,10.1536,0.9946070532861156,1.0054221882863856,nan,2.0,nan,nan
28.5,10.1536,1.0291318755210304,0.9716927672595104,nan,nan,nan,nan
Name:	143.8449888287663_8_150_1
Lambda:	143.8449888287663	Maximal Depth:	30	Filter time:	8 to 150 [us]
Chi2:	3.475779246769242	RelRMS:	4.660860466942533	AbsRMS:	3.3947475425485866e-07	Phi model:	1.7324099400441846
depth_vector,start_model,resistivity_model,conductivity_model,E/I[V/A],modelled_thickness,rhoa,sigma
0.0,10.1536,18.13374547233018,0.0551458054556834,0.0002057550176417,1.0,15.051376400945156,0.0664391065216603
1.0,10.1536,17.755159175395775,0.056321657841612,0.0001251312030264,1.0,14.731652500759475,0.0678810472856623
2.0,10.1536,17.00898523659284,0.058792455051852,8.359327172649631e-05,1.0,14.38871705799835,0.0694988994480313
3.0,10.1536,15.913748465445243,0.0628387461427694,6.0258989072894615e-05,1.0,13.972012919171243,0.0715716486797605
4.0,10.1536,14.501845584327285,0.0689567403117806,4.095103112316093e-05,1.0,13.379969881601568,0.0747385837822454
5.0,10.1536,12.822293507120076,0.0779891678072032,2.6885519661804444e-05,1.0,12.53566405690415,0.0797723994086487
6.0,10.1536,10.94311012043046,0.0913816994432898,1.941972438305661e-05,1.5,11.688642185999331,0.0855531364624884
7.5,10.1536,8.76163664937312,0.1141339272579339,1.497345971710609e-05,1.5,10.896600586268551,0.0917717403774677
9.0,10.1536,6.480810017523549,0.1543016995246098,1.1121075677619892e-05,1.5,9.860456155645636,0.1014151865000126
10.5,10.1536,4.345856056574686,0.2301042618489714,8.118693756125333e-06,1.5,8.644473834032798,0.1156808406386814
12.0,10.1536,2.595366516347817,0.3853020348768287,6.340806158219439e-06,1.5,7.659039600084632,0.1305646728852205
13.5,10.1536,1.3864187131278347,0.7212828206451041,5.1894090728629086e-06,1.5,6.876455539449892,0.1454237570886699
15.0,10.1536,0.7245592608794716,1.3801493597448438,4.0839805191491646e-06,1.5,6.001125700285901,0.1666354030798519
16.5,10.1536,0.4748304864439929,2.1060147327291543,3.1042497940226927e-06,2.0,5.122207288298574,0.1952283349181221
18.5,10.1536,0.5239254913092145,1.908668344235635,2.4667006040167184e-06,2.0,4.500692225990552,0.2221880434803362
20.5,10.1536,0.673376190831609,1.4850539915363143,2.0181017358869323e-06,2.0,4.042641823418125,0.2473629976831542
22.5,10.1536,0.8039609046723736,1.2438415776044671,1.5653472344180803e-06,2.0,3.56430304852452,0.2805597577944334
24.5,10.1536,0.8901313585614808,1.1234296942600417,nan,2.0,nan,nan
26.5,10.1536,0.9405693083658266,1.063185871690232,nan,2.0,nan,nan
28.5,10.1536,0.9658810187519944,1.0353242072114537,nan,nan,nan,nan
Name:	183.29807108324357_8_150_1
Lambda:	183.2980710832436	Maximal Depth:	30	Filter time:	8 to 150 [us]
Chi2:	4.025199680174031	RelRMS:	5.015725072318826	AbsRMS:	6.007241226853995e-07	Phi model:	1.672104402831442
depth_vector,start_model,resistivity_model,conductivity_model,E/I[V/A],modelled_thickness,rhoa,sigma
0.0,10.1536,18.30032886389142,0.0546438267551088,0.0002039407332274,1.0,15.140510624538251,0.0660479705604709
1.0,10.1536,17.913079620228302,0.0558251300837602,0.0001241821552317,1.0,14.80661385854019,0.067537386302758
2.0,10.1536,17.152019823015813,0.058302171424623,8.307711750733164e-05,1.0,14.448253129296562,0.0692125193994775
3.0,10.1536,16.04011734052241,0.0623436835760349,5.997528239759067e-05,1.0,14.016040331244522,0.0713468266619355
4.0,10.1536,14.613888362408774,0.068428057967946,4.08459012547534e-05,1.0,13.40291843891443,0.0746106159309729
5.0,10.1536,12.924346678154505,0.0773733500734903,2.6890842748793034e-05,1.0,12.534009698639212,0.0797829285315271
6.0,10.1536,11.038640814358,0.090590863206573,1.946681931744889e-05,1.5,11.669782812260385,0.0856913976967412
7.5,10.1536,8.852460589151304,0.1129629428935838,1.5033673769802314e-05,1.5,10.867485180869844,0.0920176087987965
9.0,10.1536,6.565108945457866,0.1523203968598053,1.1180127475894173e-05,1.5,9.825704526900385,0.1017738725261118
10.5,10.1536,4.420450445885494,0.2262212894911623,8.164526856482027e-06,1.5,8.612091907929823,0.1161158067854828
12.0,10.1536,2.6598890896129053,0.375955525328137,6.372646294383156e-06,1.5,7.633506681402581,0.1310013918552384
13.5,10.1536,1.4428908097057125,0.6930531356034881,5.209945405195429e-06,1.5,6.85837344170814,0.1458071667428685
15.0,10.1536,0.774132643168699,1.291768289096782,4.092751310682306e-06,1.5,5.992549001988587,0.1668738961780966
16.5,10.1536,0.5183227274756634,1.9292999264574069,3.1028437341052733e-06,2.0,5.123754597184684,0.1951693784377307
18.5,10.1536,0.5614259918815347,1.7811786672872951,2.459344979102148e-06,2.0,4.509661802205596,0.2217461184142273
20.5,10.1536,0.716960876437018,1.3947762463268047,2.007134411326178e-06,2.0,4.057354900596111,0.2464659918837957
22.5,10.1536,0.8867259471974913,1.1277441504452563,1.551433016200018e-06,2.0,3.5855825801880745,0.278894706128215
24.5,10.1536,1.0233876322310218,0.9771468488630882,nan,2.0,nan,nan
26.5,10.1536,1.1146589723153348,0.8971353793733263,nan,2.0,nan,nan
28.5,10.1536,1.168066903347481,0.8561153450493032,nan,nan,nan,nan
Name:	233.57214690901213_8_150_1
Lambda:	233.57214690901213	Maximal Depth:	30	Filter time:	8 to 150 [us]
Chi2:	7.527487332174502	RelRMS:	6.859066687683582	AbsRMS:	5.491651817721787e-07	Phi model:	1.4767684154218637
depth_vector,start_model,resistivity_model,conductivity_model,E/I[V/A],modelled_thickness,rhoa,sigma
0.0,10.1536,18.55659384926643,0.0538892001475546,0.0002043665294795,1.0,15.119473215576894,0.0661398704665018
1.0,10.1536,18.14890971309528,0.0550997286232821,0.0001251140877411,1.0,14.73299597156569,0.0678748573562345
2.0,10.1536,17.346058492192547,0.0576499843148862,8.408537597676977e-05,1.0,14.33252279616582,0.0697713873699552
3.0,10.1536,16.170769989793193,0.0618399742641314,6.091226187501911e-05,1.0,13.871935319050372,0.0720879947174131
4.0,10.1536,14.66320510461571,0.0681979139530155,4.162493776332145e-05,1.0,13.235163135054815,0.0755563032956796
5.0,10.1536,12.88405070273268,0.0776153418728709,2.74565198395278e-05,1.0,12.36125719174562,0.0808979203723519
6.0,10.1536,10.916038178286325,0.0916083274597878,1.9862161507455275e-05,1.5,11.514412028206054,0.0868476825000156
7.5,10.1536,8.673728166364636,0.115290677874578,1.530135544343956e-05,1.5,10.740368991545266,0.0931066708031346
9.0,10.1536,6.383694376698545,0.1566491033233282,1.1317952519009909e-05,1.5,9.745773010286648,0.1026085872248924
10.5,10.1536,4.295446740668203,0.232804655807335,8.19124021825262e-06,1.5,8.593357817465483,0.1163689469519772
12.0,10.1536,2.622704180222909,0.3812858528006036,6.335396212870791e-06,1.5,7.663399137036639,0.1304903975531007
13.5,10.1536,1.4777822220875896,0.6766896942279829,5.136687888775343e-06,1.5,6.923427121515509,0.1444371382046272
15.0,10.1536,0.8336361343530299,1.1995641249117424,3.994198215030232e-06,1.5,6.090721700537948,0.1641841556989342
16.5,10.1536,0.5577177678281235,1.7930215920755428,2.9952873595201315e-06,2.0,5.245689670265259,0.1906327028204535
18.5,10.1536,0.5455820530740059,1.832904866216988,2.356110502812177e-06,2.0,4.640447232423595,0.2154964704722488
20.5,10.1536,0.6357215942005077,1.5730156236986317,1.913173710774059e-06,2.0,4.189135090714365,0.2387127601152322
22.5,10.1536,0.7232246201668862,1.3826962911871654,1.472794421166471e-06,2.0,3.712105654103471,0.2693888841484267
24.5,10.1536,0.7814414544999605,1.279686397799172,nan,2.0,nan,nan
26.5,10.1536,0.8210133167864918,1.2180070402683305,nan,2.0,nan,nan
28.5,10.1536,0.8471276786610862,1.1804595991722684,nan,nan,nan,nan
Name:	297.63514416313194_8_150_1
Lambda:	297.63514416313194	Maximal Depth:	30	Filter time:	8 to 150 [us]
Chi2:	7.699065608005205	RelRMS:	6.936797535609104	AbsRMS:	1.0171196374876864e-06	Phi model:	1.423917264124979
depth_vector,start_model,resistivity_model,conductivity_model,E/I[V/A],modelled_thickness,rhoa,sigma
0.0,10.1536,18.599918391502825,0.0537636767512291,0.0002021285590601,1.0,15.23087030119892,0.0656561299666036
1.0,10.1536,18.19951914791059,0.054946506656183,0.0001236253985156,1.0,14.85103572482666,0.0673353709821253
2.0,10.1536,17.412797820078318,0.057429024923664,8.306515302967887e-05,1.0,14.449640487258316,0.0692058740756767
3.0,10.1536,16.265414777950273,0.0614801413706105,6.020158455482907e-05,1.0,13.980893408089209,0.071526187262211
4.0,10.1536,14.798205889545205,0.0675757593497527,4.120305400641228e-05,1.0,13.32535409902409,0.0750449100690868
5.0,10.1536,13.067595504293168,0.076525172490338,2.726720873517068e-05,1.0,12.418405780134744,0.0805256341035064
6.0,10.1536,11.146336540363142,0.0897155757300883,1.9800167756098275e-05,1.5,11.5384336974507,0.0866668757840971
7.5,10.1536,8.938924019365578,0.111870287501445,1.53103920581951e-05,1.5,10.73614240145654,0.0931433249119658
9.0,10.1536,6.652993412818202,0.1503082804912023,1.1378370428172143e-05,1.5,9.71124307707738,0.1029734290515722
10.5,10.1536,4.53078558174236,0.2207122764824019,8.275714174331562e-06,1.5,8.534780353441862,0.1171676315719976
12.0,10.1536,2.7997972795957247,0.3571687162094801,6.42098808154426e-06,1.5,7.595144781901605,0.1316630595881318
13.5,10.1536,1.5992651403786913,0.6252871864406481,5.214575962830638e-06,1.5,6.85431267105293,0.1458935487759685
15.0,10.1536,0.9231005358296496,1.0833056218532429,4.056197539901216e-06,1.5,6.028497705829919,0.1658788057649818
16.5,10.1536,0.6441014251119016,1.5525505161338016,3.034961351016848e-06,2.0,5.199873923349339,0.1923123550187695
18.5,10.1536,0.66291925099056,1.5084793487378148,2.377077897923281e-06,2.0,4.613119087716533,0.2167730728354108
20.5,10.1536,0.8094275485114099,1.2354410247576393,1.919524690597989e-06,2.0,4.179889814101205,0.2392407562099883
22.5,10.1536,0.9814420356748486,1.0189088745443746,1.4641718419962157e-06,2.0,3.7266652341935376,0.2683364179923189
24.5,10.1536,1.1263422074696197,0.8878296430412091,nan,2.0,nan,nan
26.5,10.1536,1.228071374736411,0.8142849190786134,nan,2.0,nan,nan
28.5,10.1536,1.2913294268177922,0.7743957345294052,nan,nan,nan,nan
Name:	379.26901907322497_8_150_1
Lambda:	379.26901907322497	Maximal Depth:	30	Filter time:	8 to 150 [us]
Chi2:	9.528499401826211	RelRMS:	7.717066882009889	AbsRMS:	1.2950540904014396e-06	Phi model:	1.3373858632570854
depth_vector,start_model,resistivity_model,conductivity_model,E/I[V/A],modelled_thickness,rhoa,sigma
0.0,10.1536,18.91488384494086,0.0528684187647004,0.0002009672331264,1.0,15.289490181473235,0.0654044044720164
1.0,10.1536,18.4886835011566,0.0540871392999638,0.000123350240394,1.0,14.873113051586987,0.0672354198163845
2.0,10.1536,17.652876955366605,0.0566479901564142,8.313602206573823e-05,1.0,14.44142762027038,0.069245231586133
3.0,10.1536,16.439357314945678,0.0608296286066402,6.0400466124595815e-05,1.0,13.95018646860046,0.071683629623936
4.0,10.1536,14.897694652196048,0.067124479548424,4.145237203710471e-05,1.0,13.271869579659102,0.0753473347517393
5.0,10.1536,13.09449991988127,0.0763679412057354,2.749679245113492e-05,1.0,12.349184469439418,0.0809770072246231
6.0,10.1536,11.112809454343996,0.0899862455221978,1.998512876341798e-05,1.5,11.467131818365605,0.0872057647753218
7.5,10.1536,8.868803595970407,0.1127547801886554,1.5452119642986338e-05,1.5,10.670393358876918,0.0937172573088019
9.0,10.1536,6.580534913624413,0.1519633302042952,1.1469041685593352e-05,1.5,9.65999235952502,0.1035197506149135
10.5,10.1536,4.486579321249982,0.22288695426907,8.31713714851562e-06,1.5,8.50641882374727,0.1175582840111648
12.0,10.1536,2.7969492776976344,0.3575324043141641,6.431161680655665e-06,1.5,7.587132715145761,0.1318020967267064
13.5,10.1536,1.6293509698611903,0.6137413108025419,5.205507069809982e-06,1.5,6.862271292856422,0.1457243465499525
15.0,10.1536,0.9666083829342234,1.0345451349846704,4.031644319447763e-06,1.5,6.052949134620977,0.1652087235097206
16.5,10.1536,0.6846218615435589,1.4606603384609786,3.0016867763933662e-06,2.0,5.238231353929153,0.1909041301220704
18.5,10.1536,0.6865958880860932,1.4564608051870662,2.34209985523446e-06,2.0,4.658935206166717,0.2146413194749666
20.5,10.1536,0.8098598500085533,1.2347815489179252,1.8858160874296348e-06,2.0,4.229552413193459,0.2364316368040857
22.5,10.1536,0.9605063864727206,1.0411174918600097,1.4341185972933637e-06,2.0,3.7785488141734938,0.2646518674706433
24.5,10.1536,1.0921178766146868,0.9156520751219356,nan,2.0,nan,nan
26.5,10.1536,1.1890802364681758,0.8409861414989246,nan,2.0,nan,nan
28.5,10.1536,1.2530402879131328,0.7980589368482661,nan,nan,nan,nan
Name:	483.2930238571752_8_150_1
Lambda:	483.2930238571752	Maximal Depth:	30	Filter time:	8 to 150 [us]
Chi2:	12.460100992248382	RelRMS:	8.824717060708087	AbsRMS:	1.523757567461174e-06	Phi model:	1.2254922403800892
depth_vector,start_model,resistivity_model,conductivity_model,E/I[V/A],modelled_thickness,rhoa,sigma
0.0,10.1536,19.18960818602299,0.0521115381984903,0.0002000696983619,1.0,15.33518295459446,0.0652095252440661
1.0,10.1536,18.74250914146424,0.0533546491802258,0.0001232113727066,1.0,14.884286300664415,0.0671849479242656
2.0,10.1536,17.867185828637265,0.0559685229442912,8.328907656609116e-05,1.0,14.423730197483057,0.0693301931129092
3.0,10.1536,16.60102015512118,0.0602372619667902,6.065678552406754e-05,1.0,13.910858892888635,0.0718862873744776
4.0,10.1536,15.00133694163176,0.0666607252334154,4.174138108411379e-05,1.0,13.21053747204122,0.0756971472293538
5.0,10.1536,13.143399560067834,0.0760838164760806,2.7753994070384063e-05,1.0,12.272771291110502,0.0814811892342788
6.0,10.1536,11.118446883415738,0.0899406194485309,2.019055583785988e-05,1.5,11.38921842468238,0.0878023375013011
7.5,10.1536,8.853426889581463,0.1129506136405531,1.560898457498475e-05,1.5,10.59878388920222,0.0943504472261931
9.0,10.1536,6.572978355033942,0.1521380333215529,1.156890302121892e-05,1.5,9.604322840852538,0.104119781953439
10.5,10.1536,4.509514720471096,0.2217533508562386,8.361549801388251e-06,1.5,8.476270675744585,0.1179764118271455
12.0,10.1536,2.856194371006066,0.3501162281360284,6.439594420603785e-06,1.5,7.580507630298574,0.1319172869113797
13.5,10.1536,1.7125730774415266,0.5839166883867726,5.191039981994758e-06,1.5,6.875015177916828,0.1454542243356917
15.0,10.1536,1.054034554854662,0.9487354996040784,3.997704899186747e-06,1.5,6.087159429763659,0.1642802380220927
16.5,10.1536,0.7623435671157204,1.3117445245631678,2.9552811602004014e-06,2.0,5.292924757922608,0.1889314595872858
18.5,10.1536,0.748819430645403,1.3354354321950566,2.291772206551528e-06,2.0,4.726895231742851,0.2115553552540428
20.5,10.1536,0.8600130052198124,1.1627731138140267,1.8355910406534776e-06,2.0,4.306356856576197,0.2322148473303854
22.5,10.1536,1.0041799869914267,0.9958374125698818,1.3870725150699793e-06,2.0,3.863512349227959,0.2588318373564481
24.5,10.1536,1.1344314144526384,0.8814988612445104,nan,2.0,nan,nan
26.5,10.1536,1.2333515366226817,0.8107988438870607,nan,2.0,nan,nan
28.5,10.1536,1.300621577965265,0.7688631473917515,nan,nan,nan,nan
Name:	615.8482110660261_8_150_1
Lambda:	615.8482110660261	Maximal Depth:	30	Filter time:	8 to 150 [us]
Chi2:	16.814818320313837	RelRMS:	10.25146889484436	AbsRMS:	1.7065816780843288e-06	Phi model:	1.097677043288925
depth_vector,start_model,resistivity_model,conductivity_model,E/I[V/A],modelled_thickness,rhoa,sigma
0.0,10.1536,19.414916559270235,0.0515067884503742,0.000199408616518,1.0,15.369057177081764,0.065065799969252
1.0,10.1536,18.953353376301177,0.0527611119861446,0.0001231885982982,1.0,14.88612072568469,0.0671766686853874
2.0,10.1536,18.05070209244909,0.0553995071703231,8.350810951818764e-05,1.0,14.398497878458777,0.069451689227671
3.0,10.1536,16.748515521117117,0.0597067840871726,6.095633855257569e-05,1.0,13.8652474443705,0.0721227662190778
4.0,10.1536,15.109833369157457,0.0661820667090362,4.205686858067202e-05,1.0,13.144389140170569,0.0760780884783683
5.0,10.1536,13.216353723765147,0.0756638344358049,2.802586353358476e-05,1.0,12.193273064890292,0.0820124337967491
6.0,10.1536,11.165118546466667,0.0895646558375738,2.0403784065518333e-05,1.5,11.309731455252605,0.0884194292284073
7.5,10.1536,8.892604729140718,0.1124529910480603,1.5768916394533193e-05,1.5,10.526998736698628,0.0949938368011631
9.0,10.1536,6.627617915248211,0.150883773444346,1.1667055183145924e-05,1.5,9.550381106825258,0.1047078633632056
10.5,10.1536,4.596012199707313,0.2175799272385923,8.399817890188033e-06,1.5,8.450506825534191,0.1183360975436862
12.0,10.1536,2.9757327790110955,0.3360516801284566,6.438783378612266e-06,1.5,7.581144187505068,0.1319062103644142
13.5,10.1536,1.8506266912021856,0.5403574933583121,5.165063185531602e-06,1.5,6.898047036193629,0.1449685678791492
15.0,10.1536,1.190593916346654,0.8399169408394991,3.94991571605824e-06,1.5,6.136159111365513,0.1629683946995084
16.5,10.1536,0.8850754735767332,1.1298471484684105,2.8930307785960174e-06,2.0,5.368581547830466,0.1862689410770181
18.5,10.1536,0.8587333316406479,1.1645058636415753,2.2246567082727384e-06,2.0,4.821493730440769,0.2074046044458057
20.5,10.1536,0.9698651554058312,1.031071169457118,1.7683423656603055e-06,2.0,4.414854557619751,0.226508028055888
22.5,10.1536,1.125036149104133,0.8888603275515197,1.3234340634079695e-06,2.0,3.986393902191475,0.2508532835779879
24.5,10.1536,1.2707795915419595,0.7869185236021955,nan,2.0,nan,nan
26.5,10.1536,1.3840967108470317,0.7224928664038408,nan,2.0,nan,nan
28.5,10.1536,1.4621486605418412,0.6839249845015221,nan,nan,nan,nan
Name:	784.7599703514607_8_150_1
Lambda:	784.7599703514607	Maximal Depth:	30	Filter time:	8 to 150 [us]
Chi2:	24.371761478568125	RelRMS:	12.341941064559125	AbsRMS:	1.6299824681659888e-06	Phi model:	0.9405866329445726
depth_vector,start_model,resistivity_model,conductivity_model,E/I[V/A],modelled_thickness,rhoa,sigma
0.0,10.1536,19.63884169861141,0.0509195000064951,0.0001999958394348,1.0,15.338958267989725,0.0651934754974111
1.0,10.1536,19.15539969889525,0.0522046010899826,0.0001239925461797,1.0,14.821704835435142,0.067468621936745
2.0,10.1536,18.21184916885636,0.0549093060637728,8.429188586893045e-05,1.0,14.309104032648232,0.069885577581822
3.0,10.1536,16.856802307784715,0.0593232323510245,6.164820770252246e-05,1.0,13.761313950595827,0.0726674795437468
4.0,10.1536,15.163024218947426,0.0659499045546876,4.260356628005546e-05,1.0,13.0316996016473,0.0767359615835215
5.0,10.1536,13.2230022664964,0.0756257905614775,2.8396310805830973e-05,1.0,12.086995333876455,0.0827335472859231
6.0,10.1536,11.143468116390226,0.0897386692863744,2.0639310037116385e-05,1.5,11.223526132652635,0.0890985585261566
7.5,10.1536,8.87676627105136,0.1126536364104988,1.5905548108110508e-05,1.5,10.466626133315284,0.0955417712702089
9.0,10.1536,6.654171189662477,0.1502816761843368,1.1705328463457465e-05,1.5,9.529551624548922,0.1049367314852375
10.5,10.1536,4.687131004437471,0.2133501280534435,8.356704428080592e-06,1.5,8.479546825900869,0.1179308305657902
12.0,10.1536,3.1275363706002683,0.3197404862818813,6.351192112205222e-06,1.5,7.650687558736163,0.1307072066821132
13.5,10.1536,2.035771125781893,0.4912143547649164,5.054346171936544e-06,1.5,6.9984186966989,0.142889421644877
15.0,10.1536,1.3750348042940443,0.7272543188558848,3.825660569028806e-06,1.5,6.268315897911108,0.1595324830921884
16.5,10.1536,1.0448442301512362,0.957080463424921,2.76852822949252e-06,2.0,5.528351135260238,0.1808857606062547
18.5,10.1536,0.9794311804299966,1.0210007808419712,2.1084971304402862e-06,2.0,4.996987532334217,0.20012057135009
20.5,10.1536,1.0507240577482964,0.9517246632222374,1.6630909653955868e-06,2.0,4.599210627291936,0.2174286156989532
22.5,10.1536,1.1704139011361323,0.8543986012378101,1.2339372691223602e-06,2.0,4.176889901318247,0.2394125829566144
24.5,10.1536,1.287806696154396,0.7765140552430466,nan,2.0,nan,nan
26.5,10.1536,1.3819935994400967,0.7235923526745288,nan,2.0,nan,nan
28.5,10.1536,1.450404956979665,0.6894626188277844,nan,nan,nan,nan
Name:	1000.0_8_150_1
Lambda:	1000.0	Maximal Depth:	30	Filter time:	8.0 to 150.0 [us]
Chi2:	29.343455080509397	RelRMS:	13.542399870524562	AbsRMS:	1.6952514440206212e-06	Phi model:	0.8592175027388571
depth_vector,start_model,resistivity_model,conductivity_model,E/I[V/A],modelled_thickness,rhoa,sigma
0.0,10.1536,19.809582957906503,0.0504806185029188,0.00020013025764562204,1.0,15.332089187736532,0.06522268346833361
1.0,10.1536,19.310744369160236,0.05178464283319011,0.0001244067405820068,1.0,14.788788726442343,0.0676187900508715
2.0,10.1536,18.338379868902134,0.054530444191298516,8.476637296744642e-05,1.0,14.255656461019406,0.07014759388558464
3.0,10.1536,16.9457357189183,0.05901189636066348,6.210391297508924e-05,1.0,13.693912961086506,0.07302514648966031
4.0,10.1536,15.211892307352494,0.06573804098762003,4.2996653948403715e-05,1.0,12.952151742235388,0.07720724864109814
5.0,10.1536,13.236140796573903,0.07555072247787241,2.869453806684291e-05,1.0,12.003101446309614,0.08331180107683357
6.0,10.1536,11.131189508443521,0.08983765834203558,2.0857222502203792e-05,1.5,11.145215132598327,0.08972460271988184
7.5,10.1536,8.858807012284128,0.11288201657552116,1.6061222836309427e-05,1.5,10.398883979293974,0.09616416549998805
9.0,10.1536,6.654591965571691,0.15027217373711518,1.1795784084043467e-05,1.5,9.480771089787217,0.1054766527458099
10.5,10.1536,4.723864874761037,0.21169106790985134,8.389152114573074e-06,1.5,8.457667829072093,0.118235903822403
12.0,10.1536,3.2045535021206115,0.3120559539225201,6.348408097955847e-06,1.5,7.652924136932943,0.13066900731107592
13.5,10.1536,2.142768420189204,0.46668598929216115,5.030249951621154e-06,1.5,7.020750402088078,0.1424349168861757
15.0,10.1536,1.4955024014862308,0.6686716109624429,3.7844504218911354e-06,1.5,6.313738901240355,0.15838475674113586
16.5,10.1536,1.1659915136727024,0.8576391751344283,2.7174965597463243e-06,2.0,5.59734730748459,0.17865605706882484
18.5,10.1536,1.095863264652277,0.9125226041018037,2.0554108670899934e-06,2.0,5.0826613759364045,0.19674731917700594
20.5,10.1536,1.1643246289537614,0.8588669990589993,1.611391362740621e-06,2.0,4.697065478152803,0.21289888434624638
22.5,10.1536,1.2863574464085554,0.7773888997898284,1.1865792681063954e-06,2.0,4.28730037100266,0.2332470117474257
24.5,10.1536,1.4108246684040784,0.7088052983445474,nan,2.0,nan,nan
26.5,10.1536,1.5139055816701639,0.6605431752862584,nan,2.0,nan,nan
28.5,10.1536,1.590180079184217,0.6288595946397548,nan,nan,nan,nan
