Name:	10.0_12_80_0.08
Lambda:	10	Maximal Depth:	20	Filter time:	12 to 80 [us]
Chi2:	0.0488276102362305	RelRMS:	1.767757634722237	AbsRMS:	4.207367496469716e-07	Phi model:	0.0181067901476514
depth_vector,start_model,resistivity_model,conductivity_model,E/I[V/A],modelled_thickness,rhoa,sigma
0.0,17.7169,16.747252888440435,0.0597112855858429,6.740938066213262e-05,1.0,16.6082062744603,0.0602111982157745
1.0,17.7169,16.749549986139805,0.0597030965505041,4.628412737001959e-05,1.0,16.659123693920915,0.0600271669970798
2.0,17.7169,16.757360071230675,0.0596752707914188,2.864194349339603e-05,1.0,16.981004397360266,0.0588893316672983
3.0,17.7169,16.778739471512246,0.0595992328087487,1.645065207161678e-05,1.0,17.39285555866943,0.05749487176656
4.0,17.7169,16.825578134590017,0.059433321815207,1.058130507201415e-05,1.0,17.52131166618566,0.0570733526719861
5.0,17.7169,16.912408167034737,0.059128185065281,7.2373883468772706e-06,1.0,17.69231052865831,0.056521730069127
6.0,17.7169,17.055194635512425,0.0586331625860073,4.496024071115104e-06,1.5,18.03470814711067,0.0554486378067731
7.5,17.7169,17.31058308038857,0.0577681292048975,2.5948299504026305e-06,1.5,18.49226333178131,0.0540766688240575
9.0,17.7169,17.709477600593353,0.0564669394859222,1.6541851947646783e-06,1.5,18.75921005946452,0.0533071486928349
10.5,17.7169,18.27454095776845,0.0547209367562747,1.1308336071742422e-06,1.5,18.989379447431087,0.0526610152147589
12.0,17.7169,19.017539424220907,0.0525830380941075,7.05221956388449e-07,1.5,19.35253885448252,0.0516728067319382
13.5,17.7169,19.937696887627983,0.0501562445068835,nan,1.5,nan,nan
15.0,17.7169,21.02088854520509,0.0475717283714965,nan,1.5,nan,nan
16.5,17.7169,22.239821621726463,0.044964389418622,nan,1.5,nan,nan
18.0,17.7169,23.555537996655847,0.0424528618341032,nan,1.5,nan,nan
19.5,17.7169,24.920470686067016,0.0401276529884765,nan,nan,nan,nan
Name:	12.742749857031335_12_80_0.08
Lambda:	12.742749857031336	Maximal Depth:	20	Filter time:	12 to 80 [us]
Chi2:	0.0509262214495078	RelRMS:	1.8053471058963992	AbsRMS:	4.500448907385341e-07	Phi model:	0.0166201908766449
depth_vector,start_model,resistivity_model,conductivity_model,E/I[V/A],modelled_thickness,rhoa,sigma
0.0,17.7169,16.60556903012952,0.060220760769208,6.750212490996126e-05,1.0,16.592990274128177,0.0602664127127948
1.0,17.7169,16.619802579340252,0.0601691864404623,4.632291323185497e-05,1.0,16.64982334806224,0.0600606972876011
2.0,17.7169,16.650991439639153,0.0600564839412151,2.8646525193150176e-05,1.0,16.97919373126791,0.0588956116425279
3.0,17.7169,16.705638200650714,0.0598600297689344,1.6443944751762097e-05,1.0,17.397584817895815,0.0574792426918569
4.0,17.7169,16.7932775122213,0.0595476373967053,1.0575937380158154e-05,1.0,17.527239654396027,0.057054049566167
5.0,17.7169,16.925583184126623,0.0590821591859731,7.233856640742593e-06,1.0,17.69806854143265,0.0565033408961501
6.0,17.7169,17.11544055553818,0.0584267753292755,4.494102571656078e-06,1.5,18.039848396647685,0.0554328383483437
7.5,17.7169,17.413943311840743,0.0574252472339244,2.594328787225906e-06,1.5,18.49464476807054,0.0540697057197019
9.0,17.7169,17.845354428375725,0.0560369929335732,1.654525505576718e-06,1.5,18.75663764787605,0.0533144595941606
10.5,17.7169,18.426786296757967,0.0542688227830558,1.1315411846183817e-06,1.5,18.981462306043817,0.0526829800505724
12.0,17.7169,19.16574209607116,0.0521764299544129,7.06039475262245e-07,1.5,19.3375971776289,0.0517127330150858
13.5,17.7169,20.05859311884289,0.0498539450935174,nan,1.5,nan,nan
15.0,17.7169,21.089953093410173,0.0474159423480397,nan,1.5,nan,nan
16.5,17.7169,22.23308877349544,0.044978005988629,nan,1.5,nan,nan
18.0,17.7169,23.45157933737929,0.0426410514027133,nan,1.5,nan,nan
19.5,17.7169,24.702298975147308,0.0404820620544706,nan,nan,nan,nan
Name:	16.237767391887218_12_80_0.08
Lambda:	16.237767391887218	Maximal Depth:	20	Filter time:	12 to 80 [us]
Chi2:	0.0532392198317134	RelRMS:	1.845890047979473	AbsRMS:	4.769367912931938e-07	Phi model:	0.0153339094837275
depth_vector,start_model,resistivity_model,conductivity_model,E/I[V/A],modelled_thickness,rhoa,sigma
0.0,17.7169,16.471970638458725,0.0607091902935524,6.758690614860193e-05,1.0,16.57911117019275,0.0603168643803945
1.0,17.7169,16.497932225634198,0.0606136566888193,4.635761256874536e-05,1.0,16.641513890410977,0.0600906868560925
2.0,17.7169,16.5505702832761,0.0604208787301107,2.8649758464323228e-05,1.0,16.977916248240238,0.0589000431724741
3.0,17.7169,16.637421627597323,0.0601054672042,1.643719375328572e-05,1.0,17.402348122062907,0.0574635096933952
4.0,17.7169,16.764323795695272,0.059650482309151,1.0570803465608789e-05,1.0,17.532914156423857,0.0570355841064568
5.0,17.7169,16.94042050137763,0.0590304119026253,7.230623824997107e-06,1.0,17.703343358970862,0.0564865053861855
6.0,17.7169,17.175455878808176,0.0582226176152822,4.4924788789647625e-06,1.5,18.04419483234481,0.0554194858397043
7.5,17.7169,17.515175535810684,0.0570933473064799,2.594064979041637e-06,1.5,18.495898644644186,0.0540660402185739
9.0,17.7169,17.977403557881328,0.055625385322209,1.6550385153162072e-06,1.5,18.75276147022161,0.0533254796413822
10.5,17.7169,18.57367048578056,0.0538396544057121,1.132375906444639e-06,1.5,18.97213313775566,0.0527088858558525
12.0,17.7169,19.30756644673597,0.0517931663091106,7.069438378810408e-07,1.5,19.32110182598667,0.0517568826564027
13.5,17.7169,20.172479994397825,0.0495724868869724,nan,1.5,nan,nan
15.0,17.7169,21.15228229008754,0.0472762223142522,nan,1.5,nan,nan
16.5,17.7169,22.22094299287957,0.0450025905885469,nan,1.5,nan,nan
18.0,17.7169,23.34482998147409,0.0428360369637978,nan,1.5,nan,nan
19.5,17.7169,24.48529339515557,0.040840842045938,nan,nan,nan,nan
Name:	20.6913808111479_12_80_0.08
Lambda:	20.6913808111479	Maximal Depth:	20	Filter time:	12 to 80 [us]
Chi2:	0.0555530295568541	RelRMS:	1.8855752150573744	AbsRMS:	4.96616939711033e-07	Phi model:	0.0142905285087329
depth_vector,start_model,resistivity_model,conductivity_model,E/I[V/A],modelled_thickness,rhoa,sigma
0.0,17.7169,16.363434984558243,0.0611118631842076,6.764896161689749e-05,1.0,16.568970764585078,0.0603537790130829
1.0,17.7169,16.398164901116477,0.060982433463144,4.63805769249168e-05,1.0,16.63602030924649,0.0601105301274601
2.0,17.7169,16.469632691687906,0.0607178082668894,2.8648895799841075e-05,1.0,16.978257068166375,0.0588988608185798
3.0,17.7169,16.58189982400568,0.0603067206178809,1.6429850416744706e-05,1.0,17.407533066056402,0.0574463938230246
4.0,17.7169,16.740695070958154,0.0597346762342505,1.0565754607230289e-05,1.0,17.53849912757717,0.0570174216576845
5.0,17.7169,16.95293977034729,0.0589868196045336,7.227655200851095e-06,1.0,17.7081905718979,0.0564710434948082
6.0,17.7169,17.226225243247203,0.0580510231277747,4.491185672953807e-06,1.5,18.04765846729712,0.0554088499520327
7.5,17.7169,17.60171807409959,0.0568126358910083,2.594066077692237e-06,1.5,18.495893422332703,0.0540660554841086
9.0,17.7169,18.091354574235364,0.0552750207783855,1.6557182948898976e-06,1.5,18.747628303671064,0.0533400803452127
10.5,17.7169,18.701578181842194,0.0534714231214413,1.1333133282387232e-06,1.5,18.9616698096586,0.0527379713937759
12.0,17.7169,19.43152480038906,0.0514627652884954,7.079049245695889e-07,1.5,19.30361034521314,0.0518037808532525
13.5,17.7169,20.271974840790712,0.0493291851363108,nan,1.5,nan,nan
15.0,17.7169,21.20517610591481,0.0471582973423676,nan,1.5,nan,nan
16.5,17.7169,22.20564048491861,0.0450336030919337,nan,1.5,nan,nan
18.0,17.7169,23.24194715560081,0.0430256550066641,nan,1.5,nan,nan
19.5,17.7169,24.279420251892525,0.0411871448998891,nan,nan,nan,nan
Name:	26.366508987303583_12_80_0.08
Lambda:	26.366508987303583	Maximal Depth:	20	Filter time:	12 to 80 [us]
Chi2:	0.0579209337434286	RelRMS:	1.9253414657092471	AbsRMS:	5.098096306876299e-07	Phi model:	0.0134030003467909
depth_vector,start_model,resistivity_model,conductivity_model,E/I[V/A],modelled_thickness,rhoa,sigma
0.0,17.7169,16.26841208461401,0.0614688142148648,6.769077957990741e-05,1.0,16.562146083570834,0.0603786486940826
1.0,17.7169,16.31144231354916,0.0613066570556636,4.639242115035169e-05,1.0,16.633188680642757,0.0601207633244593
2.0,17.7169,16.39926409290891,0.0609783459998307,2.864348881776312e-05,1.0,16.980393638524326,0.0588914498266545
3.0,17.7169,16.535017189937886,0.0604777115447169,1.6421293456012448e-05,1.0,17.41357979409517,0.0574264460165217
4.0,17.7169,16.722953211170115,0.0597980504622861,1.0560382598737845e-05,1.0,17.54444644872396,0.0569980935518619
5.0,17.7169,16.968097373212228,0.0589341266734309,7.224695582654187e-06,1.0,17.71302638399259,0.056455626402934
6.0,17.7169,17.275862063062057,0.0578842315567061,4.4900810986004695e-06,1.5,18.050618200538384,0.0553997646446354
7.5,17.7169,17.683128026149014,0.0565510806980102,2.594275024569789e-06,1.5,18.49490028397459,0.0540689587208251
9.0,17.7169,18.19642415840957,0.054955852385857,1.6565546880785254e-06,1.5,18.74131733044941,0.0533580421465506
10.5,17.7169,18.81739503117904,0.0531423184953641,1.1343646062731995e-06,1.5,18.949952784924555,0.0527705800299164
12.0,17.7169,19.541379770486383,0.0511734591796999,7.089430108495688e-07,1.5,19.28476190341084,0.0518544125672162
13.5,17.7169,20.35667235638838,0.04912394238571,nan,1.5,nan,nan
15.0,17.7169,21.24458663322857,0.0470708146627764,nan,1.5,nan,nan
16.5,17.7169,22.180399566533605,0.0450848505681938,nan,1.5,nan,nan
18.0,17.7169,23.13514317762582,0.0432242840393184,nan,1.5,nan,nan
19.5,17.7169,24.07805884828378,0.0415315871724134,nan,nan,nan,nan
Name:	33.59818286283781_12_80_0.08
Lambda:	33.59818286283781	Maximal Depth:	20	Filter time:	12 to 80 [us]
Chi2:	0.0602627144956248	RelRMS:	1.9638772180867088	AbsRMS:	5.137798157834817e-07	Phi model:	0.0126473100539757
depth_vector,start_model,resistivity_model,conductivity_model,E/I[V/A],modelled_thickness,rhoa,sigma
0.0,17.7169,16.193063590752594,0.0617548368408231,6.770382101658581e-05,1.0,16.560019161623007,0.0603864035566727
1.0,17.7169,16.243025321518402,0.0615648858636711,4.638833024151183e-05,1.0,16.634166568230242,0.0601172289515189
2.0,17.7169,16.344521175937672,0.0611825815657539,2.863141742068584e-05,1.0,16.985166080635803,0.058874902679937
3.0,17.7169,16.499932291809472,0.0606063093056689,1.6410786462141417e-05,1.0,17.421011688897764,0.0574019475939672
4.0,17.7169,16.71228488082875,0.0598362227026859,1.0554345155760302e-05,1.0,17.55113648948365,0.0569763673480166
5.0,17.7169,16.98500084831873,0.058875475422716,7.22157154424311e-06,1.0,17.718134430582072,0.0564393505376033
6.0,17.7169,17.321632779923863,0.0577312781482713,4.489108112765431e-06,1.5,18.053226344665315,0.0553917610574631
7.5,17.7169,17.755225744265942,0.0563214466773507,2.594684169708772e-06,1.5,18.492955976064792,0.054074643409863
9.0,17.7169,18.287537873391376,0.0546820466988622,1.6575455597441267e-06,1.5,18.73384761480093,0.0533793175092305
10.5,17.7169,18.915925448586982,0.0528655075702204,1.1355273964192574e-06,1.5,18.937013962670243,0.0528066358281859
12.0,17.7169,19.63233947829395,0.0509363645176178,7.100565206556948e-07,1.5,19.264595069454483,0.0519086955316064
13.5,17.7169,20.42290955642064,0.0489646197197017,nan,1.5,nan,nan
15.0,17.7169,21.268238648552533,0.0470184680793046,nan,1.5,nan,nan
16.5,17.7169,22.14446527758427,0.0451580107022159,nan,1.5,nan,nan
18.0,17.7169,23.02499146100645,0.0434310693097772,nan,1.5,nan,nan
19.5,17.7169,23.88271315038384,0.0418712896521946,nan,nan,nan,nan
Name:	42.81332398719393_12_80_0.08
Lambda:	42.81332398719393	Maximal Depth:	20	Filter time:	12 to 80 [us]
Chi2:	0.0626167130542533	RelRMS:	2.001866537877142	AbsRMS:	5.070773626378153e-07	Phi model:	0.0119772535356789
depth_vector,start_model,resistivity_model,conductivity_model,E/I[V/A],modelled_thickness,rhoa,sigma
0.0,17.7169,16.138221583840707,0.0619646963455567,6.768318408308258e-05,1.0,16.563385144419275,0.0603741319350369
1.0,17.7169,16.19376539655207,0.0617521605081988,4.6365273382231946e-05,1.0,16.639680750566644,0.060097306852834
2.0,17.7169,16.306268210431444,0.0613261101249567,2.8611108276364475e-05,1.0,16.99320289833478,0.058847058202194
3.0,17.7169,16.477500072248578,0.0606888178191667,1.6397636305946903e-05,1.0,17.430324348827767,0.0573712789267316
4.0,17.7169,16.709473619044246,0.0598462897634472,1.0547292391584498e-05,1.0,17.558959681184568,0.0569509821855538
5.0,17.7169,17.004279495727435,0.0588087251948113,7.218101675576612e-06,1.0,17.72381225536052,0.0564212701868105
6.0,17.7169,17.363878086081527,0.0575908213040021,4.488203156140246e-06,1.5,18.05565297840557,0.0553843165459589
7.5,17.7169,17.81796292569252,0.0561231384401443,2.5952904086789468e-06,1.5,18.49007599339395,0.0540830659840054
9.0,17.7169,18.36416310440116,0.0544538835946376,1.6587047011116744e-06,1.5,18.7251188327606,0.0534042004716384
10.5,17.7169,18.99612696409269,0.0526423097661035,1.1368199150226137e-06,1.5,18.922657491615816,0.0528466998064662
12.0,17.7169,19.702895314123523,0.0507539619968023,7.112640137474858e-07,1.5,19.242785584911843,0.0519675280684982
13.5,17.7169,20.46879882591218,0.0488548452942956,nan,1.5,nan,nan
15.0,17.7169,21.27397293054708,0.0470057945107239,nan,1.5,nan,nan
16.5,17.7169,22.095493997029354,0.0452580965211479,nan,1.5,nan,nan
18.0,17.7169,22.909027542794032,0.0436509143887492,nan,1.5,nan,nan
19.5,17.7169,23.690765365014904,0.0422105400392314,nan,nan,nan,nan
Name:	54.5559478116852_12_80_0.08
Lambda:	54.5559478116852	Maximal Depth:	20	Filter time:	12 to 80 [us]
Chi2:	0.0651089666925416	RelRMS:	2.041316699662908	AbsRMS:	4.885061916836133e-07	Phi model:	0.0113484867032802
depth_vector,start_model,resistivity_model,conductivity_model,E/I[V/A],modelled_thickness,rhoa,sigma
0.0,17.7169,16.104335357846615,0.0620950804723998,6.762402033794404e-05,1.0,16.57304452339799,0.0603389436737583
1.0,17.7169,16.164155876014632,0.0618652781914743,4.6320150707559554e-05,1.0,16.65048533618374,0.0600583094011599
2.0,17.7169,16.285086148613917,0.0614058771856797,2.8580866171768944e-05,1.0,17.00518806418749,0.0588055831094262
3.0,17.7169,16.468395199325812,0.0607223708136988,1.6381047100064677e-05,1.0,17.442090241222303,0.0573325780436922
4.0,17.7169,16.715267484411367,0.0598255457732039,1.0538810552672908e-05,1.0,17.56837961186882,0.0569204458289608
5.0,17.7169,17.026691480736027,0.0587313161298187,7.214066448215253e-06,1.0,17.73042091330677,0.0564002402926314
6.0,17.7169,17.4033083810931,0.057460339040271,4.487284621296256e-06,1.5,18.058116856085743,0.0553767598232697
7.5,17.7169,17.871848106276026,0.0559539222834392,2.5960863859124943e-06,1.5,18.486296347280145,0.0540941236261815
9.0,17.7169,18.42648864287473,0.0542696994191938,1.6600481281566277e-06,1.5,18.71501501917013,0.0534330321923696
10.5,17.7169,19.05777253861616,0.0524720293504254,1.138265242607519e-06,1.5,18.90663590075785,0.0528914824006271
12.0,17.7169,19.75234026322314,0.0506269123898143,7.12589766909693e-07,1.5,19.21891107155696,0.0520320842464353
13.5,17.7169,20.49311700120596,0.0487968716492055,nan,1.5,nan,nan
15.0,17.7169,21.260013540080283,0.0470366586603887,nan,1.5,nan,nan
16.5,17.7169,22.03111094257543,0.0453903574180404,nan,1.5,nan,nan
18.0,17.7169,22.784198084858712,0.043890067856483,nan,1.5,nan,nan
19.5,17.7169,23.49844552263812,0.0425560064829229,nan,nan,nan,nan
Name:	69.51927961775606_12_80_0.08
Lambda:	69.51927961775606	Maximal Depth:	20	Filter time:	12 to 80 [us]
Chi2:	0.0680053239028329	RelRMS:	2.086226433008006	AbsRMS:	4.575652981603588e-07	Phi model:	0.0107222077032548
depth_vector,start_model,resistivity_model,conductivity_model,E/I[V/A],modelled_thickness,rhoa,sigma
0.0,17.7169,16.091551255384637,0.0621444125634174,6.752221633697987e-05,1.0,16.589698583321233,0.0602783706393176
1.0,17.7169,16.154411613332428,0.0619025950270258,4.625029184987613e-05,1.0,16.667247626943613,0.0599979086159036
2.0,17.7169,16.28131270525463,0.0614201089373622,2.8539205421000965e-05,1.0,17.021733179129146,0.0587484241161839
3.0,17.7169,16.473113076469055,0.0607049800094218,1.63603200693137e-05,1.0,17.456818822169524,0.0572842056841442
4.0,17.7169,16.730320335730415,0.0597717186481081,1.0528550032711402e-05,1.0,17.57979184769055,0.0568834949050531
5.0,17.7169,17.053019004749434,0.0586406430275771,7.209294297044879e-06,1.0,17.73824441755986,0.0563753648027341
6.0,17.7169,17.440762560528526,0.0573369424948868,4.4863048860231865e-06,1.5,18.060745824411104,0.0553686990405672
7.5,17.7169,17.917668785105608,0.0558108318662117,2.5970889291162824e-06,1.5,18.481538583525964,0.0541080492557788
9.0,17.7169,18.47510730548114,0.0541268845406555,1.6616109080147662e-06,1.5,18.70327860324879,0.0534665617303213
10.5,17.7169,19.101116220685384,0.0523529613896102,1.139901949845407e-06,1.5,18.888533736930487,0.0529421718979075
12.0,17.7169,19.780453591738908,0.0505549579721285,7.140697094806522e-07,1.5,19.192347167770347,0.0521041012471521
13.5,17.7169,20.495036723237384,0.0487923009606611,nan,1.5,nan,nan
15.0,17.7169,21.224793865103862,0.0471147096341944,nan,1.5,nan,nan
16.5,17.7169,21.94886807096505,0.0455604360446653,nan,1.5,nan,nan
18.0,17.7169,22.647030370258992,0.0441558996323527,nan,1.5,nan,nan
19.5,17.7169,23.301101587694465,0.0429164259138765,nan,nan,nan,nan
Name:	88.58667904100822_12_80_0.08
Lambda:	88.58667904100822	Maximal Depth:	20	Filter time:	12 to 80 [us]
Chi2:	0.0717339769251029	RelRMS:	2.142655950731845	AbsRMS:	4.1483785456199786e-07	Phi model:	0.0100672546920827
depth_vector,start_model,resistivity_model,conductivity_model,E/I[V/A],modelled_thickness,rhoa,sigma
0.0,17.7169,16.099919155319366,0.0621121131325434,6.737408269554386e-05,1.0,16.61400657342275,0.0601901772206885
1.0,17.7169,16.164654683107155,0.0618633691596918,4.615326720627586e-05,1.0,16.690598342076818,0.0599139694997638
2.0,17.7169,16.295206375053063,0.0613677407320804,2.848475083857781e-05,1.0,17.04342001775457,0.0586736698947907
3.0,17.7169,16.49209310998532,0.0606351172850545,1.6334802741008973e-05,1.0,17.474994145453305,0.0572246257524602
4.0,17.7169,16.755269190213188,0.0596827176363184,1.0516190613639157e-05,1.0,17.593563214464552,0.0568389693327074
5.0,17.7169,17.084082076006638,0.0585340198876958,7.203635393066104e-06,1.0,17.747532865099906,0.0563458598781623
6.0,17.7169,17.47719873449168,0.057217407388432,4.485231675992887e-06,1.5,18.063626716202133,0.0553598685198167
7.5,17.7169,17.956414861268037,0.0556904041105108,2.5983260440187e-06,1.5,18.4756718315953,0.0541252306879524
9.0,17.7169,18.510894550606828,0.0540222406467772,1.6634372473702518e-06,1.5,18.68958615707455,0.0535057326361114
10.5,17.7169,19.1267502489067,0.0522827969721181,1.1417762571921632e-06,1.5,18.867856824985537,0.053000190179298
12.0,17.7169,19.78736454952179,0.0505373010891522,7.15745681870116e-07,1.5,19.162375246212825,0.0521855974090495
13.5,17.7169,20.474038174305708,0.048842343239106,nan,1.5,nan,nan
15.0,17.7169,21.16695417683228,0.0472434527729324,nan,1.5,nan,nan
16.5,17.7169,21.8463739948018,0.0457741866104619,nan,1.5,nan,nan
18.0,17.7169,22.49391865170254,0.0444564602319441,nan,1.5,nan,nan
19.5,17.7169,23.09375619102012,0.043301747525543,nan,nan,nan,nan
Name:	112.88378916846884_12_80_0.08
Lambda:	112.88378916846884	Maximal Depth:	20	Filter time:	12 to 80 [us]
Chi2:	0.0769155022312666	RelRMS:	2.218691538452577	AbsRMS:	3.632405319272069e-07	Phi model:	0.0093614234122751
depth_vector,start_model,resistivity_model,conductivity_model,E/I[V/A],modelled_thickness,rhoa,sigma
0.0,17.7169,16.12943750781147,0.0619984422591117,6.717664460594319e-05,1.0,16.64654400281248,0.0600725291586678
1.0,17.7169,16.194953239247102,0.0617476312050463,4.602709238372824e-05,1.0,16.72108722987228,0.0598047235955743
2.0,17.7169,16.326968881848178,0.061248355848327,2.841636470701544e-05,1.0,17.070753248310464,0.0585797231940525
3.0,17.7169,16.525718714234966,0.060511740354059,1.630395664230798e-05,1.0,17.497028288387998,0.0571525623390376
4.0,17.7169,16.790704328895036,0.0595567631001104,1.0501478401119736e-05,1.0,17.609991367465415,0.0567859449293942
5.0,17.7169,17.120676178812595,0.0584089080101598,7.196981910493349e-06,1.0,17.758469367401215,0.0563111594423602
6.0,17.7169,17.513588457407565,0.0570985210958887,4.484056235869761e-06,1.5,18.066783349832285,0.0553501960275226
7.5,17.7169,17.989143736517054,0.0555890827627359,2.599838078812339e-06,1.5,18.468507650247897,0.0541462265894871
9.0,17.7169,18.53485594002256,0.0539524020707755,1.6655790920553315e-06,1.5,18.67356018936216,0.053551652168057
10.5,17.7169,19.1354566060826,0.0522590090524481,1.1439397513121378e-06,1.5,18.844059898532365,0.0530671206409125
12.0,17.7169,19.77343720846548,0.0505728968341364,7.17662947094953e-07,1.5,19.12823133159865,0.0522787487595919
13.5,17.7169,20.42985916671243,0.0489479634607251,nan,1.5,nan,nan
15.0,17.7169,21.085391475975225,0.0474262003216494,nan,1.5,nan,nan
16.5,17.7169,21.72147430091296,0.046037390747366,nan,1.5,nan,nan
18.0,17.7169,22.3214646668282,0.0447999275552062,nan,1.5,nan,nan
19.5,17.7169,22.87161022199507,0.0437223260755958,nan,nan,nan,nan
Name:	143.8449888287663_12_80_0.08
Lambda:	143.8449888287663	Maximal Depth:	20	Filter time:	12 to 80 [us]
Chi2:	0.0843761399041153	RelRMS:	2.3238057048435405	AbsRMS:	3.109560582588873e-07	Phi model:	0.008592493346683
depth_vector,start_model,resistivity_model,conductivity_model,E/I[V/A],modelled_thickness,rhoa,sigma
0.0,17.7169,16.180009239909324,0.0618046618622081,6.692806154544362e-05,1.0,16.687737401619877,0.0599242411318702
1.0,17.7169,16.245275088315594,0.0615563598993315,4.587050016516547e-05,1.0,16.75912045557498,0.0596690024784293
2.0,17.7169,16.37669394356266,0.0610623855734373,2.833329715600541e-05,1.0,17.104102318492618,0.0584655061913901
3.0,17.7169,16.574258827294983,0.0603345229744554,1.6267426668260498e-05,1.0,17.52321259822661,0.0570671613092911
4.0,17.7169,16.837101520600992,0.059392645389496,1.0484259242307183e-05,1.0,17.629267648763353,0.0567238537597531
5.0,17.7169,17.163494101009746,0.0582631947850973,7.189283294045264e-06,1.0,17.771144831713144,0.0562709948891683
6.0,17.7169,17.550828795021957,0.0569773662360398,4.482796220080135e-06,1.5,18.070168642534085,0.0553398266381516
7.5,17.7169,18.01688854842702,0.0555034792668074,2.601674455388316e-06,1.5,18.459816036064904,0.0541717207823903
9.0,17.7169,18.54804371902016,0.0539140415641001,1.6680913418396568e-06,1.5,18.65480644775204,0.0536054878296795
10.5,17.7169,19.128150195996,0.052278970509617,1.1464445021516371e-06,1.5,18.816602905228656,0.0531445556371987
12.0,17.7169,19.73926316618275,0.0506604522965779,7.19865843459101e-07,1.5,19.089187916226,0.0523856753041856
13.5,17.7169,20.362562497215443,0.0491097326349151,nan,1.5,nan,nan
15.0,17.7169,20.979425806332685,0.0476657468717827,nan,1.5,nan,nan
16.5,17.7169,21.5725374193241,0.0463552330707386,nan,1.5,nan,nan
18.0,17.7169,22.126897662286137,0.0451938638331769,nan,1.5,nan,nan
19.5,17.7169,22.630604567751064,0.0441879489788361,nan,nan,nan,nan
Name:	183.29807108324357_12_80_0.08
Lambda:	183.2980710832436	Maximal Depth:	20	Filter time:	12 to 80 [us]
Chi2:	0.0951294437377596	RelRMS:	2.467444913106799	AbsRMS:	2.769473036067405e-07	Phi model:	0.0077591152895821
depth_vector,start_model,resistivity_model,conductivity_model,E/I[V/A],modelled_thickness,rhoa,sigma
0.0,17.7169,16.251300802142108,0.0615335358181413,6.662822439788124e-05,1.0,16.737764831523148,0.0597451338375029
1.0,17.7169,16.31534942351877,0.0612919756752796,4.568331468069859e-05,1.0,16.804869115511792,0.0595065628376091
2.0,17.7169,16.444234256093317,0.0608115880877491,2.823538271907528e-05,1.0,17.14362181340754,0.0583307314454363
3.0,17.7169,16.637742538071553,0.0601043078838211,1.622512594479191e-05,1.0,17.55365603354759,0.0569681893098995
4.0,17.7169,16.894706637165633,0.0591901369746285,1.0464517743467677e-05,1.0,17.651432634614853,0.0566526253534218
5.0,17.7169,17.213023149786714,0.0580955472666282,7.180562878578537e-06,1.0,17.785530000701755,0.0562254821734603
6.0,17.7169,17.589655493194613,0.056851596689139,4.481497347042475e-06,1.5,18.07365999366133,0.055329136453309
7.5,17.7169,18.040594848767853,0.0554305447454964,2.603888341603705e-06,1.5,18.44935124386904,0.054202447922515
9.0,17.7169,18.551527866380063,0.0539039160118044,1.671025185943454e-06,1.5,18.63296503685925,0.0536683237488948
10.5,17.7169,19.10589841293213,0.0523398574820817,1.149336596823035e-06,1.5,18.78502396630213,0.0532338953516305
12.0,17.7169,19.685745982953,0.0507981765520065,7.223922007827082e-07,1.5,19.044656000465043,0.0525081681693584
13.5,17.7169,20.27270184315234,0.0493274161351007,nan,1.5,nan,nan
15.0,17.7169,20.849062114870584,0.0479637882265577,nan,1.5,nan,nan
16.5,17.7169,21.39882276324617,0.0467315427144694,nan,1.5,nan,nan
18.0,17.7169,21.90855358069519,0.0456442729693097,nan,1.5,nan,nan
19.5,17.7169,22.368009215569185,0.0447067054722041,nan,nan,nan,nan
Name:	233.57214690901213_12_80_0.08
Lambda:	233.57214690901213	Maximal Depth:	20	Filter time:	12 to 80 [us]
Chi2:	0.1103060689712432	RelRMS:	2.656988598801201	AbsRMS:	2.903277061173912e-07	Phi model:	0.0068712848853348
depth_vector,start_model,resistivity_model,conductivity_model,E/I[V/A],modelled_thickness,rhoa,sigma
0.0,17.7169,16.34252852199048,0.0611900415932823,6.627942774604442e-05,1.0,16.796435301622004,0.0595364422297052
1.0,17.7169,16.404459814211677,0.0609590325634294,4.546686505788093e-05,1.0,16.858161076959394,0.0593184508935991
2.0,17.7169,16.52900763804751,0.0604996997943262,2.812325084418781e-05,1.0,17.189161149648957,0.058176195527751
3.0,17.7169,16.715784558978562,0.0598236951709735,1.617732204751197e-05,1.0,17.588219662680924,0.056856237821604
4.0,17.7169,16.963386189104803,0.0589504942499202,1.0442414591905192e-05,1.0,17.67633203435907,0.0565728228037474
5.0,17.7169,17.269426123207083,0.0579058037519947,7.17093188061883e-06,1.0,17.80145113770156,0.056175195621109
6.0,17.7169,17.63055961645166,0.05671969703485,4.480232157115949e-06,1.5,18.07706242693725,0.055318722499396
7.5,17.7169,18.06108105661557,0.0553676713406759,2.606528823772312e-06,1.5,18.43688935427274,0.0542390845215031
9.0,17.7169,18.546409134565284,0.0539187932685191,1.674419494687375e-06,1.5,18.60777524267132,0.0537409758532982
10.5,17.7169,19.069996225627587,0.0524383952764568,1.1526481543221912e-06,1.5,18.749027140522564,0.0533361007216574
12.0,17.7169,19.614247821166938,0.0509833468567088,7.252666428681847e-07,1.5,18.994303039171545,0.0526473647355063
13.5,17.7169,20.161548316702063,0.0495993653013041,nan,1.5,nan,nan
15.0,17.7169,20.695302506320207,0.0483201441338973,nan,1.5,nan,nan
16.5,17.7169,21.200880721171544,0.0471678518053914,nan,1.5,nan,nan
18.0,17.7169,21.66636052765306,0.0461544982935037,nan,1.5,nan,nan
19.5,17.7169,22.08298786055758,0.0452837272888285,nan,nan,nan,nan
Name:	297.63514416313194_12_80_0.08
Lambda:	297.63514416313194	Maximal Depth:	20	Filter time:	12 to 80 [us]
Chi2:	0.1310170078092373	RelRMS:	2.8957017283883344	AbsRMS:	3.638288109579117e-07	Phi model:	0.0059498218896845
depth_vector,start_model,resistivity_model,conductivity_model,E/I[V/A],modelled_thickness,rhoa,sigma
0.0,17.7169,16.452218316487098,0.0607820769675709,6.588694050748523e-05,1.0,16.8630732788096,0.0593011714689406
1.0,17.7169,16.51121277200267,0.0605649030031068,4.522433026342206e-05,1.0,16.91838005986986,0.0591073138480902
2.0,17.7169,16.62978313294509,0.0601330752184561,2.7998495054471706e-05,1.0,17.24018432014238,0.0580040202256805
3.0,17.7169,16.807396972049023,0.0594976129654708,1.6124700780787054e-05,1.0,17.62646375179145,0.0567328770013988
4.0,17.7169,17.04247196094098,0.0586769338563011,1.0418310369371684e-05,1.0,17.703585981013937,0.0564857312565059
5.0,17.7169,17.332425076281403,0.0576953308956432,7.160594761742769e-06,1.0,17.818579274542948,0.0561211971275779
6.0,17.7169,17.673715684212123,0.0565811976308579,4.479093905800318e-06,1.5,18.0801248571416,0.0553093525570982
7.5,17.7169,18.07901762660809,0.0553127399205714,2.6096306108233e-06,1.5,18.422277161230696,0.0542821059116665
9.0,17.7169,18.5338544029764,0.0539553175641332,1.6782908030480762e-06,1.5,18.57914923080164,0.0538237778047522
10.5,17.7169,19.02206162969953,0.0525705372775514,1.1563884658983727e-06,1.5,18.708576453515946,0.0534514211962967
12.0,17.7169,19.52674762660025,0.051211805423129,7.284934071075173e-07,1.5,18.93817306592192,0.0528034038193176
13.5,17.7169,20.03131235713973,0.0499218414735353,nan,1.5,nan,nan
15.0,17.7169,20.520430689004936,0.0487319206480305,nan,1.5,nan,nan
16.5,17.7169,20.98089601349384,0.0476624067607432,nan,1.5,nan,nan
18.0,17.7169,21.402234938717903,0.0467240922671557,nan,1.5,nan,nan
19.5,17.7169,21.777038804611912,0.0459199255221155,nan,nan,nan,nan
Name:	379.26901907322497_12_80_0.08
Lambda:	379.26901907322497	Maximal Depth:	20	Filter time:	12 to 80 [us]
Chi2:	0.158154267394861	RelRMS:	3.181489134551791	AbsRMS:	4.81981284611955e-07	Phi model:	0.0050242527000276
depth_vector,start_model,resistivity_model,conductivity_model,E/I[V/A],modelled_thickness,rhoa,sigma
0.0,17.7169,16.57800561594498,0.0603208867922076,6.54592541718749e-05,1.0,16.936444877604174,0.0590442685715197
1.0,17.7169,16.633346334256245,0.0601201934898997,4.496088049938597e-05,1.0,16.984404889840217,0.0588775412789519
2.0,17.7169,16.744506607428928,0.0597210788854379,2.7863732803406813e-05,1.0,17.295727423278613,0.057817747442879
3.0,17.7169,16.910839328932745,0.0591336704553215,1.6068379294300726e-05,1.0,17.667628226609573,0.0566006929268457
4.0,17.7169,17.13064177655655,0.0583749291499697,1.0392762699051303e-05,1.0,17.73258694965282,0.0563933510005757
5.0,17.7169,17.40121728279094,0.0574672440294712,7.149839978136616e-06,1.0,17.83644325975871,0.0560649892714949
6.0,17.7169,17.718935581309562,0.0564367986672308,4.478184413720963e-06,1.5,18.0825727500492,0.0553018651617082
7.5,17.7169,18.094921303399687,0.0552641253992146,2.6132023252375823e-06,1.5,18.405487005502003,0.0543316240260889
9.0,17.7169,18.515130893887846,0.0540098801208106,1.6826233770030309e-06,1.5,18.54724265629737,0.0539163701328115
10.5,17.7169,18.96410732107763,0.0527311928301814,1.1605357328548762e-06,1.5,18.663978805319733,0.0535791435701252
12.0,17.7169,19.425946255789302,0.0514775438391826,7.320499649749568e-07,1.5,18.876784391584906,0.0529751243249772
13.5,17.7169,19.8852772616581,0.050288461500517,nan,1.5,nan,nan
15.0,17.7169,20.32816810222218,0.0491928242117736,nan,1.5,nan,nan
16.5,17.7169,20.74286008527172,0.0482093595525932,nan,1.5,nan,nan
18.0,17.7169,21.1202636718842,0.0473478937353999,nan,1.5,nan,nan
19.5,17.7169,21.454180348790103,0.0466109627001618,nan,nan,nan,nan
Name:	483.2930238571752_12_80_0.08
Lambda:	483.2930238571752	Maximal Depth:	20	Filter time:	12 to 80 [us]
Chi2:	0.1921631349559726	RelRMS:	3.506913263424439	AbsRMS:	6.256569524995812e-07	Phi model:	0.0041288665562952
depth_vector,start_model,resistivity_model,conductivity_model,E/I[V/A],modelled_thickness,rhoa,sigma
0.0,17.7169,16.716552012037123,0.0598209486788859,6.500781378333326e-05,1.0,17.01476339315775,0.0587724893313612
1.0,17.7169,16.767652317529567,0.0596386411802301,4.4683497866400815e-05,1.0,17.054621984033037,0.0586351313407136
2.0,17.7169,16.87023372795125,0.0592760015140253,2.7722498556636e-05,1.0,17.354420535803417,0.0576222062809258
3.0,17.7169,17.02356631593396,0.0587420979506512,1.6009846366087155e-05,1.0,17.710664612595135,0.0564631549337137
4.0,17.7169,17.225884110814896,0.0580521727399856,1.0366487654939748e-05,1.0,17.76253781427772,0.0562982615691429
5.0,17.7169,17.474456956107016,0.0572263849178167,7.139013126465056e-06,1.0,17.854472245311342,0.0560083762914137
6.0,17.7169,17.765665264879946,0.0562883508774,4.47759678165009e-06,1.5,18.084154799197847,0.0552970272099394
7.5,17.7169,18.109162403528394,0.0552206655237218,2.617215839163406e-06,1.5,18.38666558711804,0.0543872403216282
9.0,17.7169,18.491616723077748,0.0540785597590279,1.68736187294848e-06,1.5,18.51250313343425,0.0540175465625695
10.5,17.7169,18.89854545935616,0.0529141251717299,1.165031658539843e-06,1.5,18.61593094098976,0.0537174317615314
12.0,17.7169,19.31525588866206,0.0517725473462142,7.358832985072227e-07,1.5,18.81117255705498,0.0531598972348461
13.5,17.7169,19.72776425285269,0.0506899812458675,nan,1.5,nan,nan
15.0,17.7169,20.123606986348506,0.0496928806390614,nan,1.5,nan,nan
16.5,17.7169,20.49246632834837,0.0487984210381082,nan,1.5,nan,nan
18.0,17.7169,20.82655754504953,0.048015616495281,nan,1.5,nan,nan
19.5,17.7169,21.12076086783154,0.0473467791363081,nan,nan,nan,nan
Name:	615.8482110660261_12_80_0.08
Lambda:	615.8482110660261	Maximal Depth:	20	Filter time:	12 to 80 [us]
Chi2:	0.2328494897325851	RelRMS:	3.8603584474612513	AbsRMS:	7.816936394038913e-07	Phi model:	0.0032974221406683
depth_vector,start_model,resistivity_model,conductivity_model,E/I[V/A],modelled_thickness,rhoa,sigma
0.0,17.7169,16.863641164512465,0.0592991744928954,6.454615454202409e-05,1.0,17.095797796728167,0.0584939066249006
1.0,17.7169,16.91007213940368,0.0591363532784588,4.44004327327443e-05,1.0,17.127030494774136,0.0583872376653456
2.0,17.7169,17.00322497035327,0.058812372461318,2.7578951977081044e-05,1.0,17.41458747360197,0.0574231230866569
3.0,17.7169,17.14231993539643,0.0583351613882286,1.5950826091376838e-05,1.0,17.754325662870414,0.0563243019751123
4.0,17.7169,17.325583610222193,0.057718113426782,1.0340286436291992e-05,1.0,17.792530781745956,0.0562033592784865
5.0,17.7169,17.55032811715287,0.0569789916931893,7.128475350893107e-06,1.0,17.87206367382887,0.0559532473837567
6.0,17.7169,17.81303671378838,0.0561386593463841,4.477396648061971e-06,1.5,18.084693686727142,0.0552953794696521
7.5,17.7169,18.12198360865093,0.0551815972023409,2.621600161594041e-06,1.5,18.36616015749709,0.0544479625258956
9.0,17.7169,18.46477255441569,0.0541571794103068,1.6924095469104e-06,1.5,18.47567532877941,0.0541252204428115
10.5,17.7169,18.828098009631265,0.053112109331939,1.169781340872303e-06,1.5,18.565505732562016,0.053863332052738
12.0,17.7169,19.198636301484616,0.0520870328650723,7.399107096492195e-07,1.5,18.74284969925121,0.0533536797256583
13.5,17.7169,19.563884670695835,0.0511145928752008,nan,1.5,nan,nan
15.0,17.7169,19.91287206503701,0.050218772898953,nan,1.5,nan,nan
16.5,17.7169,20.236678718114927,0.0494152234133581,nan,1.5,nan,nan
18.0,17.7169,20.52872814484077,0.0487122238135983,nan,1.5,nan,nan
19.5,17.7169,20.78484830658719,0.0481119700875121,nan,nan,nan,nan
Name:	784.7599703514607_12_80_0.08
Lambda:	784.7599703514607	Maximal Depth:	20	Filter time:	12 to 80 [us]
Chi2:	0.2792947355616451	RelRMS:	4.227867438312758	AbsRMS:	9.409129103819766e-07	Phi model:	0.0025577077019267
depth_vector,start_model,resistivity_model,conductivity_model,E/I[V/A],modelled_thickness,rhoa,sigma
0.0,17.7169,17.014472968509278,0.0587734925349036,6.408855257765448e-05,1.0,17.177078983558616,0.0582171160158936
1.0,17.7169,17.055983824122485,0.058630449601253,4.412036688823721e-05,1.0,17.199432972246733,0.0581414516172489
2.0,17.7169,17.13921762399272,0.0583457204370943,2.743744229800887e-05,1.0,17.474413730574007,0.0572265264756983
3.0,17.7169,17.263377530265764,0.0579260922867974,1.5893086874118984e-05,1.0,17.79730037123275,0.0561882970529835
4.0,17.7169,17.426734675113927,0.05738309664105,1.0314950897525068e-05,1.0,17.821653493924078,0.056111516270975
5.0,17.7169,17.62671162179543,0.0567320792134308,7.118556128690196e-06,1.0,17.88866215461788,0.0559013296442548
6.0,17.7169,17.8599746970388,0.0559911207581834,4.477607583367129e-06,1.5,18.08412571521376,0.055297116141961
7.5,17.7169,18.133527885167595,0.0551464671592092,2.6262431437753497e-06,1.5,18.344507199105124,0.0545122302358049
9.0,17.7169,18.436072497367945,0.0542414877215722,1.6976341800105282e-06,1.5,18.437748741867125,0.0542365564256373
10.5,17.7169,18.75561451963631,0.0533173679248442,1.1746600236232643e-06,1.5,18.51406501835668,0.0540129895303111
12.0,17.7169,19.080287037831816,0.0524101130144022,7.440262122604609e-07,1.5,18.673669758337216,0.0535513379502457
13.5,17.7169,19.399098756729902,0.051548786494686,nan,1.5,nan,nan
15.0,17.7169,19.7025433475456,0.0507548686664644,nan,1.5,nan,nan
16.5,17.7169,19.9830210960882,0.0500424833257948,nan,1.5,nan,nan
18.0,17.7169,20.23505050173419,0.0494191996167391,nan,1.5,nan,nan
19.5,17.7169,20.45527670716483,0.0488871411673317,nan,nan,nan,nan
Name:	1000.0_12_80_0.08
Lambda:	1000	Maximal Depth:	20	Filter time:	12 to 80 [us]
Chi2:	0.3299258125771724	RelRMS:	4.595133513287621	AbsRMS:	1.0964129643846322e-06	Phi model:	0.0019274567025319
depth_vector,start_model,resistivity_model,conductivity_model,E/I[V/A],modelled_thickness,rhoa,sigma
0.0,17.7169,17.164112018429833,0.0582610972782196,6.364847597868675e-05,1.0,17.256164890670615,0.0579503039253316
1.0,17.7169,17.200636979740967,0.0581373818410217,4.3851462196076575e-05,1.0,17.269674555133903,0.057904970751329
2.0,17.7169,17.273833254451958,0.0578910300492956,2.7302023442065902e-05,1.0,17.532148479639336,0.0570380750061142
3.0,17.7169,17.38291703627464,0.057527743928893,1.5838238810192724e-05,1.0,17.83836490891217,0.0560589496350303
4.0,17.7169,17.526249095826966,0.0570572741795677,1.0291170513647024e-05,1.0,17.84909725973276,0.0560252423665135
5.0,17.7169,17.701419162713517,0.0564926456352387,7.109512800682284e-06,1.0,17.90382857247765,0.0558539753635282
6.0,17.7169,17.90534076929435,0.0558492582121021,4.478205732020442e-06,1.5,18.082515362480738,0.0553020406704529
7.5,17.7169,18.14387142792617,0.0551150290042756,2.631002243740183e-06,1.5,18.322378829635493,0.0545780659431924
9.0,17.7169,18.406907834857304,0.0543274301676185,1.702881746254974e-06,1.5,18.399850996475447,0.0543482662001748
10.5,17.7169,18.683832684973943,0.0535222091131349,1.179526314801424e-06,1.5,18.463108464194462,0.0541620606269687
12.0,17.7169,18.964256072799188,0.0527307792175576,7.481119355525312e-07,1.5,18.60561838852088,0.0537472057696814
13.5,17.7169,19.23866933177616,0.0519786468988433,nan,1.5,nan,nan
15.0,17.7169,19.49895723722163,0.0512847937371284,nan,1.5,nan,nan
16.5,17.7169,19.73873297824882,0.0506618130506124,nan,1.5,nan,nan
18.0,17.7169,19.95348474419288,0.0501165592286346,nan,1.5,nan,nan
19.5,17.7169,20.14054762183956,0.0496510829187008,nan,nan,nan,nan
Name:	58.06735210785115_12_80_0.08
Lambda:	58.06735210785115	Maximal Depth:	20	Filter time:	12 to 80 [us]
Chi2:	0.0658017065223154	RelRMS:	2.0521474648348708	AbsRMS:	4.817274609154916e-07	Phi model:	0.0111884670475193
depth_vector,start_model,resistivity_model,conductivity_model,E/I[V/A],modelled_thickness,rhoa,sigma
0.0,17.7169,16.09902567210526,0.0621155603057828,6.760205288426296e-05,1.0,16.576634630086506,0.0603258756867938
1.0,17.7169,16.159743822380488,0.0618821691105676,4.630463926557875e-05,1.0,16.654203590248002,0.0600449006511219
2.0,17.7169,16.28244006807051,0.0614158563347625,2.8571293904392168e-05,1.0,17.008986028198766,0.0587924523156245
3.0,17.7169,16.468269999836977,0.0607228324535545,1.637613590665581e-05,1.0,17.44557731526104,0.0573211182369539
4.0,17.7169,16.718230613339074,0.0598149423302083,1.0536353649968063e-05,1.0,17.571110608662227,0.0569115989462281
5.0,17.7169,17.03306012664277,0.0587093565433858,7.212915341646811e-06,1.0,17.732307257471934,0.0563942404944864
6.0,17.7169,17.413098920938115,0.0574280318822266,4.487040003042381e-06,1.5,18.058773161783208,0.0553747472788597
7.5,17.7169,17.88437349600495,0.0559147347388703,2.596323769247988e-06,1.5,18.485169521826936,0.05409742111476
9.0,17.7169,18.440279062189862,0.0542291142464546,1.6604277544302073e-06,1.5,18.712162347763737,0.0534411780645708
10.5,17.7169,19.07065680035113,0.0524365789007113,1.1386664478875505e-06,1.5,18.90219451367991,0.0529039101399723
12.0,17.7169,19.76161341849511,0.0506031556646123,7.129543203201164e-07,1.5,19.212359069930745,0.0520498287774092
13.5,17.7169,20.49577680766196,0.048790539113705,nan,1.5,nan,nan
15.0,17.7169,21.253039276579823,0.0470520939140204,nan,1.5,nan,nan
16.5,17.7169,22.01174986972404,0.0454302818230478,nan,1.5,nan,nan
18.0,17.7169,22.75022092564902,0.0439556171022753,nan,1.5,nan,nan
19.5,17.7169,23.448335672419866,0.0426469500424377,nan,nan,nan,nan
Name:	172.21381097981777_12_80_0.08
Lambda:	172.21381097981777	Maximal Depth:	20	Filter time:	12 to 80 [us]
Chi2:	0.0919856074762312	RelRMS:	2.4263303316899782	AbsRMS:	2.823598239914447e-07	Phi model:	0.0079793903818532
depth_vector,start_model,resistivity_model,conductivity_model,E/I[V/A],modelled_thickness,rhoa,sigma
0.0,17.7169,16.23100692872988,0.0616104721284998,6.671020747941626e-05,1.0,16.724048842056153,0.0597941329545324
1.0,17.7169,16.295457676270377,0.0613667943463908,4.573436747390112e-05,1.0,16.792360721907816,0.0595508884403233
2.0,17.7169,16.425172671236098,0.0608821605724248,2.826198102876588e-05,1.0,17.132863829233056,0.0583673581934237
3.0,17.7169,16.619989019998716,0.0601685114711391,1.6236555753073822e-05,1.0,17.545417074776747,0.0569949403732099
4.0,17.7169,16.87880992433545,0.0592458831210738,1.0469833795656607e-05,1.0,17.64545712557453,0.056671810363623
5.0,17.7169,17.19961944332653,0.0581408212719497,7.182900213986362e-06,1.0,17.78167148462937,0.0562376827658979
6.0,17.7169,17.579479402918164,0.0568845059105676,4.481831734651515e-06,1.5,18.072761003625708,0.0553318886803949
7.5,17.7169,18.03483195166364,0.0554482571659201,2.6032796266011072e-06,1.5,18.452227093025083,0.0541940002666669
9.0,17.7169,18.551498236139462,0.0539040021065219,1.6702273951025453e-06,1.5,18.638897971794,0.0536512406212688
10.5,17.7169,19.112986214079225,0.0523204479299717,1.1485531783998505e-06,1.5,18.79356506631965,0.0532097021757793
12.0,17.7169,19.70130129457506,0.0507580684670488,7.217094553608329e-07,1.5,19.0566650828373,0.0524750787009745
13.5,17.7169,20.29792836259555,0.0492661114048846,nan,1.5,nan,nan
15.0,17.7169,20.88490805163724,0.0478814652919483,nan,1.5,nan,nan
16.5,17.7169,21.44589243794344,0.0466289758233952,nan,1.5,nan,nan
18.0,17.7169,21.96705363845404,0.045522718542894,nan,1.5,nan,nan
19.5,17.7169,22.43773675349477,0.0445677748601023,nan,nan,nan,nan
Name:	337.1817380817165_12_80_0.08
Lambda:	337.1817380817165	Maximal Depth:	20	Filter time:	12 to 80 [us]
Chi2:	0.1441410250038757	RelRMS:	3.037272724048344	AbsRMS:	4.2041224621102427e-07	Phi model:	0.005471827712398
depth_vector,start_model,resistivity_model,conductivity_model,E/I[V/A],modelled_thickness,rhoa,sigma
0.0,17.7169,16.515139511325824,0.0605505027259512,6.567054296157467e-05,1.0,16.900097758262586,0.0591712553562651
1.0,17.7169,16.57233535951722,0.0603415256996785,4.509094003882397e-05,1.0,16.951729483720364,0.0589910310308073
2.0,17.7169,16.687255339937664,0.0599259722242456,2.7930177540318424e-05,1.0,17.268285989057418,0.057909626967823
3.0,17.7169,16.859304121834786,0.0593144291587267,1.609608732922945e-05,1.0,17.64734686645086,0.0566657417439381
4.0,17.7169,17.08683024581181,0.0585246055361913,1.0405298884696218e-05,1.0,17.718341408955048,0.0564386912363359
5.0,17.7169,17.367181997295102,0.0575798652974182,7.15509045812308e-06,1.0,17.827716480207435,0.0560924334370143
6.0,17.7169,17.6967596853892,0.0565075198950472,4.478590911669999e-06,1.5,18.081478560666813,0.0553052117195399
7.5,17.7169,18.087430664088835,0.0552870122114923,2.6114111223044884e-06,1.5,18.413902428696712,0.0543067936778883
9.0,17.7169,18.52490325728124,0.053981388518558,1.6804657143642589e-06,1.5,18.5631152933854,0.0538702682278944
10.5,17.7169,18.99334012291267,0.052650033829155,1.158475062565023e-06,1.5,18.68610496916048,0.0535157006583447
12.0,17.7169,19.476325863944524,0.051344386358376,7.302854215630702e-07,1.5,18.90717936249148,0.0528899621052849
13.5,17.7169,19.957870011114053,0.0501055473075595,nan,1.5,nan,nan
15.0,17.7169,20.42335182824452,0.048963559380936,nan,1.5,nan,nan
16.5,17.7169,20.86030871477296,0.0479379290917116,nan,1.5,nan,nan
18.0,17.7169,21.258988439526654,0.0470389267506589,nan,1.5,nan,nan
19.5,17.7169,21.612621741212163,0.0462692593232751,nan,nan,nan,nan
Name:	113.6915244958074_12_80_0.08
Lambda:	113.6915244958074	Maximal Depth:	20	Filter time:	12 to 80 [us]
Chi2:	0.0770978825141487	RelRMS:	2.2213204363408527	AbsRMS:	3.616518568790101e-07	Phi model:	0.0093397382991071
depth_vector,start_model,resistivity_model,conductivity_model,E/I[V/A],modelled_thickness,rhoa,sigma
0.0,17.7169,16.1306254982435,0.0619938761896674,6.717006757191075e-05,1.0,16.647630628683608,0.0600686080983209
1.0,17.7169,16.196148276537766,0.0617430751389594,4.602292406474453e-05,1.0,16.722096839390108,0.0598011128391762
2.0,17.7169,16.32817518096208,0.0612438309190824,2.84141331400889e-05,1.0,17.071647029574173,0.0585766562691721
3.0,17.7169,16.526932821957914,0.060507295017947,1.6302964348714694e-05,1.0,17.49773826204997,0.057150243364244
4.0,17.7169,16.791910803422553,0.059552484032739,1.0501008106418513e-05,1.0,17.610517147068528,0.0567842495282122
5.0,17.7169,17.121843903242116,0.0584049244725706,7.1967704415705945e-06,1.0,17.758817240661536,0.0563100563764092
6.0,17.7169,17.51466773013463,0.057095002623399,4.48402022147034e-06,1.5,18.066880087945066,0.0553498996579514
7.5,17.7169,17.99002616055059,0.0555863560772829,2.5998872109284708e-06,1.5,18.46827497355925,0.0541469087628208
9.0,17.7169,18.535392481767783,0.0539508403171739,1.665647439602739e-06,1.5,18.67304935666187,0.0535531171636536
10.5,17.7169,19.13546546074221,0.0522589848703483,1.1440083144006176e-06,1.5,18.84330697868279,0.0530692410377482
12.0,17.7169,19.77271740126337,0.0505747378929365,7.177234648266922e-07,1.5,19.12715606747292,0.0522816876943128
13.5,17.7169,20.428208208244254,0.0489519193169584,nan,1.5,nan,nan
15.0,17.7169,21.08262459309049,0.0474324245344545,nan,1.5,nan,nan
16.5,17.7169,21.717442364216907,0.0460459377872076,nan,1.5,nan,nan
18.0,17.7169,22.316068107809777,0.0448107612492022,nan,1.5,nan,nan
19.5,17.7169,22.86480699121029,0.0437353352855513,nan,nan,nan,nan
Name:	222.5994861651886_12_80_0.08
Lambda:	222.5994861651886	Maximal Depth:	20	Filter time:	12 to 80 [us]
Chi2:	0.1068864959794441	RelRMS:	2.615480021465357	AbsRMS:	2.827814112202827e-07	Phi model:	0.0070510181690422
depth_vector,start_model,resistivity_model,conductivity_model,E/I[V/A],modelled_thickness,rhoa,sigma
0.0,17.7169,16.322890619533684,0.0612636587053579,6.63523601722434e-05,1.0,16.78412497034404,0.0595801092858224
1.0,17.7169,16.38531026808718,0.0610302755113309,4.551203941812266e-05,1.0,16.84700384338306,0.0593577356126007
2.0,17.7169,16.510855301051013,0.0605662142733662,2.814658097349777e-05,1.0,17.179661339270748,0.0582083651273214
3.0,17.7169,16.699170589286194,0.0598832136394592,1.6187223429028906e-05,1.0,17.58104670381758,0.0568794348167483
4.0,17.7169,16.948893991089047,0.0590009000307485,1.044697611275727e-05,1.0,17.671186250216692,0.0565892966007156
5.0,17.7169,17.257688267323243,0.0579451885159764,7.1729078165428905e-06,1.0,17.79818178559367,0.0561855144557196
6.0,17.7169,17.622260698557813,0.056746408256339,4.4804764057324976e-06,1.5,18.076405452513683,0.055320733020012
7.5,17.7169,18.05723606551137,0.0553794609746483,2.6059687392768823e-06,1.5,18.43953094288418,0.0542313144025987
9.0,17.7169,18.54805522870284,0.0539140081086514,1.6737078293848512e-06,1.5,18.613049588043324,0.053725747372552
10.5,17.7169,19.07813755186137,0.052416017930557,1.1519565298776273e-06,1.5,18.75653088909769,0.0533147630504132
12.0,17.7169,19.629787547550738,0.0509429863964458,7.246677647200445e-07,1.5,19.004766415052845,0.0526183788929888
13.5,17.7169,20.18521784519746,0.0495412042450621,nan,1.5,nan,nan
15.0,17.7169,20.72759924889715,0.0482448540225036,nan,1.5,nan,nan
16.5,17.7169,21.24202478639763,0.0470764915329706,nan,1.5,nan,nan
18.0,17.7169,21.71627732638846,0.0460484080660018,nan,1.5,nan,nan
19.5,17.7169,22.14131884293422,0.0451644279680802,nan,nan,nan,nan
Name:	260.8602252781483_12_80_0.08
Lambda:	260.8602252781483	Maximal Depth:	20	Filter time:	12 to 80 [us]
Chi2:	0.1189998964017124	RelRMS:	2.7597089284396645	AbsRMS:	3.169219996769989e-07	Phi model:	0.0064537732200778
depth_vector,start_model,resistivity_model,conductivity_model,E/I[V/A],modelled_thickness,rhoa,sigma
0.0,17.7169,16.39036347486593,0.0610114596624697,6.610548509877042e-05,1.0,16.8258865808238,0.059432232304459
1.0,17.7169,16.451051999530385,0.0607863861854273,4.535926962288266e-05,1.0,16.88480972515495,0.0592248308555235
2.0,17.7169,16.573067019263426,0.0603388617711897,2.806780946899685e-05,1.0,17.211789142135693,0.0580997124553384
3.0,17.7169,16.755951317770617,0.0596802879786028,1.615387331100733e-05,1.0,17.605236089939822,0.0568012831461789
4.0,17.7169,16.998212212069784,0.0588297161797955,1.0431645030599816e-05,1.0,17.688495894131815,0.0565339193329463
5.0,17.7169,17.29736319512934,0.0578122797514932,7.166291395824536e-06,1.0,17.80913511685846,0.056150958114377
6.0,17.7169,17.649956688722334,0.0566573628273525,4.479691405714126e-06,1.5,18.07851714026605,0.0553142712005241
7.5,17.7169,18.069539457733043,0.0553417535814417,2.6078843765857124e-06,1.5,18.430499924057663,0.0542578879639983
9.0,17.7169,18.54153435201703,0.0539329691391594,1.6761252595512969e-06,1.5,18.59514855100513,0.0537774676688961
10.5,17.7169,19.049524889966108,0.052494747547574,1.15430059898403e-06,1.5,18.7311293609464,0.05338706389402
12.0,17.7169,19.57619815060151,0.0510824416624161,7.266946197832724e-07,1.5,18.9694119626494,0.0527164469815401
13.5,17.7169,20.104371650174908,0.0497404254855833,nan,1.5,nan,nan
15.0,17.7169,20.618011257342303,0.0485012830538585,nan,1.5,nan,nan
16.5,17.7169,21.103131217091576,0.0473863328485629,nan,1.5,nan,nan
18.0,17.7169,21.548477144164845,0.0464069917010721,nan,1.5,nan,nan
19.5,17.7169,21.945925573697107,0.0455665447621189,nan,nan,nan,nan
Name:	201.81418341130475_12_80_0.08
Lambda:	201.81418341130475	Maximal Depth:	20	Filter time:	12 to 80 [us]
Chi2:	0.1005614609940772	RelRMS:	2.5369141695416	AbsRMS:	2.751096996462073e-07	Phi model:	0.007412195245524
depth_vector,start_model,resistivity_model,conductivity_model,E/I[V/A],modelled_thickness,rhoa,sigma
0.0,17.7169,16.2851998399515,0.0614054484948204,6.649537567101112e-05,1.0,16.760050601798014,0.0596656909790427
1.0,17.7169,16.348511442438575,0.0611676484137957,4.560074510249292e-05,1.0,16.825148792095018,0.059434838428878
2.0,17.7169,16.4758818908118,0.0606947783813427,2.8192497602269e-05,1.0,17.161002795791216,0.058271652997181
3.0,17.7169,16.667025484510685,0.0599987082835709,1.6206776118046055e-05,1.0,17.566903405798236,0.056925229045771
4.0,17.7169,16.920673378672774,0.0590993028244623,1.0456009062033912e-05,1.0,17.661007355638,0.0566219117552638
5.0,17.7169,17.234599158246677,0.0580228174045756,7.176838640310313e-06,1.0,17.791682368280615,0.0562060393896656
6.0,17.7169,17.6056299894603,0.0568000123028062,4.480986146359062e-06,1.5,18.07503455592286,0.0553249288075257
7.5,17.7169,18.049073354268124,0.055404506390547,2.604883279203201e-06,1.5,18.44465311347781,0.0542162541007227
9.0,17.7169,18.55046214165778,0.0539070127937327,1.6723162159827464e-06,1.5,18.62337402227728,0.0536959628692308
10.5,17.7169,19.09319573048684,0.0523746791325907,1.1506000876259095e-06,1.5,18.77126937494039,0.0532729023288642
12.0,17.7169,19.65941559259156,0.0508662119324055,7.234910389558019e-07,1.5,19.02536776718265,0.0525614018208323
13.5,17.7169,20.231017894063687,0.0494290502453377,nan,1.5,nan,nan
15.0,17.7169,20.79071756642228,0.0480983879851763,nan,1.5,nan,nan
16.5,17.7169,21.323049304957618,0.0468976076403621,nan,1.5,nan,nan
18.0,17.7169,21.815188551272136,0.0458396221352707,nan,1.5,nan,nan
19.5,17.7169,22.25750055256552,0.044928674611882,nan,nan,nan,nan
Name:	189.9505039074922_12_80_0.08
Lambda:	189.9505039074922	Maximal Depth:	20	Filter time:	12 to 80 [us]
Chi2:	0.0970565409145789	RelRMS:	2.492311902337477	AbsRMS:	2.752711637620273e-07	Phi model:	0.0076315598874622
depth_vector,start_model,resistivity_model,conductivity_model,E/I[V/A],modelled_thickness,rhoa,sigma
0.0,17.7169,16.26349502530331,0.0614873985231443,6.657990171519116e-05,1.0,16.745862529398483,0.0597162432358699
1.0,17.7169,16.327286939924445,0.0612471627208768,4.56532595291172e-05,1.0,16.812243798679447,0.0594804603106307
2.0,17.7169,16.455643463580227,0.0607694255294974,2.82197547711513e-05,1.0,17.149950592861142,0.058309205882859
3.0,17.7169,16.648324254898153,0.0600661054343524,1.621842833531386e-05,1.0,17.5584883736585,0.0569525108721895
4.0,17.7169,16.904123058539273,0.0591571651801742,1.04614084852473e-05,1.0,17.654929942127783,0.0566414028986783
5.0,17.7169,17.220889232791315,0.058069010634819,7.1791995536129005e-06,1.0,17.787781569234944,0.0562183651799255
6.0,17.7169,17.595533541410717,0.0568326045724343,4.481307094676137e-06,1.5,18.07417153076119,0.0553275705222813
7.5,17.7169,18.043792246118507,0.0554207223381833,2.60424891003704e-06,1.5,18.447648281410803,0.0542074515269067
9.0,17.7169,18.551287538233684,0.0539046143260422,1.6714948579741564e-06,1.5,18.62947443187694,0.053678379583747
10.5,17.7169,19.10143921726839,0.0523520761250264,1.149796844459089e-06,1.5,18.78001070979257,0.0532481059490857
12.0,17.7169,19.676317670389608,0.0508225175437614,7.227927901264409e-07,1.5,19.037618675954803,0.0525275780033894
13.5,17.7169,20.25764685681795,0.0493640750610398,nan,1.5,nan,nan
15.0,17.7169,20.827874619541003,0.0480125801728125,nan,1.5,nan,nan
16.5,17.7169,21.37119536266612,0.0467919544522495,nan,1.5,nan,nan
18.0,17.7169,21.874404338700742,0.045715530558735,nan,1.5,nan,nan
19.5,17.7169,22.32748534078926,0.0447878471192247,nan,nan,nan,nan
Name:	209.51393926784783_12_80_0.08
Lambda:	209.51393926784783	Maximal Depth:	20	Filter time:	12 to 80 [us]
Chi2:	0.1028790366186668	RelRMS:	2.565980971011804	AbsRMS:	2.768401067288668e-07	Phi model:	0.0072750937934305
depth_vector,start_model,resistivity_model,conductivity_model,E/I[V/A],modelled_thickness,rhoa,sigma
0.0,17.7169,16.299224954312898,0.0613526104954697,6.644164698636373e-05,1.0,16.76908483652034,0.0596335464784674
1.0,17.7169,16.362212402994967,0.0611164294516161,4.55673994651322e-05,1.0,16.833356076416226,0.0594058603323323
2.0,17.7169,16.488918733489985,0.0606467904999094,2.817521955481711e-05,1.0,17.168017904070254,0.0582478423302969
3.0,17.7169,16.679031151154515,0.0599555208535467,1.619940788887243e-05,1.0,17.57222982104872,0.0569079741264344
4.0,17.7169,16.931244021160403,0.0590624055001638,1.0452601116125772e-05,1.0,17.664845920920975,0.0566096078322241
5.0,17.7169,17.24328689437647,0.0579935835972275,7.175352834084085e-06,1.0,17.79413837574708,0.0561982816410471
6.0,17.7169,17.611938922631225,0.056779665452678,4.480789801828912e-06,1.5,18.07556257418248,0.0553233126712366
7.5,17.7169,18.05224525241287,0.0553947714546111,2.6052891803584487e-06,1.5,18.44273729277475,0.0542218860533119
9.0,17.7169,18.54969607726477,0.05390923904277,1.6728385796117704e-06,1.5,18.619496907964987,0.0537071439117253
10.5,17.7169,19.08769079141005,0.0523897841246477,1.1511098915430293e-06,1.5,18.76572668190673,0.0532886371495629
12.0,17.7169,19.648426251969703,0.0508946613421394,7.239336457193227e-07,1.5,19.017612346688704,0.052582836466015
13.5,17.7169,20.21391408571895,0.0494708741592255,nan,1.5,nan,nan
15.0,17.7169,20.76703996608196,0.0481532275005616,nan,1.5,nan,nan
16.5,17.7169,21.29255076027265,0.0469647817801982,nan,1.5,nan,nan
18.0,17.7169,21.77785504600072,0.0459182044277422,nan,1.5,nan,nan
19.5,17.7169,22.21354893646418,0.0450175702612954,nan,nan,nan,nan
Name:	197.19762836719565_12_80_0.08
Lambda:	197.19762836719565	Maximal Depth:	20	Filter time:	12 to 80 [us]
Chi2:	0.0991876626402535	RelRMS:	2.519525830186352	AbsRMS:	2.747525521330707e-07	Phi model:	0.0074963574566176
depth_vector,start_model,resistivity_model,conductivity_model,E/I[V/A],modelled_thickness,rhoa,sigma
0.0,17.7169,16.276764331893833,0.0614372721512303,6.652801610442901e-05,1.0,16.754568199136376,0.059685214689779
1.0,17.7169,16.34026589025414,0.0611985145600618,4.562101567140739e-05,1.0,16.820164530716962,0.059452450549684
2.0,17.7169,16.468025991541715,0.0607237321894936,2.8203011819643785e-05,1.0,17.15673739492038,0.0582861401315189
3.0,17.7169,16.659776038034245,0.0600248165231634,1.621126661602129e-05,1.0,17.563659251047046,0.05693574361165
4.0,17.7169,16.914270642604098,0.0591216743027142,1.0458088402598386e-05,1.0,17.658666298992273,0.056629418273625
5.0,17.7169,17.22931166892193,0.0580406239794124,7.17774684539532e-06,1.0,17.790181541022662,0.0562107810813557
6.0,17.7169,17.601757347236415,0.0568125091303457,4.481108319338507e-06,1.5,18.07470602248836,0.0553259344166267
7.5,17.7169,18.047078296848643,0.0554106312141738,2.6046377287343687e-06,1.5,18.44581233343627,0.054212846901154
9.0,17.7169,18.550838540984973,0.0539059190122682,1.671999019799667e-06,1.5,18.62572931727573,0.0536891728085235
10.5,17.7169,19.096442247899663,0.0523657751019033,1.1502901281510808e-06,1.5,18.77464131933538,0.0532633344622212
12.0,17.7169,19.66600100711068,0.0508491787241558,7.232217248477084e-07,1.5,19.03009059913207,0.0525483572866231
13.5,17.7169,20.241343052384966,0.049403836366588,nan,1.5,nan,nan
15.0,17.7169,20.805079940799047,0.0480651842168117,nan,1.5,nan,nan
16.5,17.7169,21.341615941152355,0.0468568079735579,nan,1.5,nan,nan
18.0,17.7169,21.837981711365103,0.0457917775194202,nan,1.5,nan,nan
19.5,17.7169,22.284397962300485,0.044874445416553,nan,nan,nan,nan
Name:	204.72125018728457_12_80_0.08
Lambda:	204.72125018728457	Maximal Depth:	20	Filter time:	12 to 80 [us]
Chi2:	0.101432710551888	RelRMS:	2.547880192497449	AbsRMS:	2.755998197784435e-07	Phi model:	0.0073599590334456
depth_vector,start_model,resistivity_model,conductivity_model,E/I[V/A],modelled_thickness,rhoa,sigma
0.0,17.7169,16.29050227504779,0.0613854614864578,6.6474985963873e-05,1.0,16.763477605715583,0.0596534933574311
1.0,17.7169,16.35369250136798,0.0611482697205142,4.558808759633449e-05,1.0,16.82826297655253,0.0594238396080058
2.0,17.7169,16.48081416535078,0.0606766140293237,2.818593651951492e-05,1.0,17.16366583524909,0.0582626118219043
3.0,17.7169,16.671571133170705,0.059982349114676,1.6203976557775198e-05,1.0,17.568926702925907,0.0569186733435151
4.0,17.7169,16.924680337985247,0.059085310920504,1.045471363937826e-05,1.0,17.662466218908953,0.0566172349662827
5.0,17.7169,17.237898294900855,0.0580117125006944,7.176273462263206e-06,1.0,17.792616496219882,0.0562030885234026
6.0,17.7169,17.60803350348136,0.0567922590448436,4.480910941219099e-06,1.5,18.075236796303457,0.0553243097874385
7.5,17.7169,18.050293008037684,0.0554007627219517,2.6050370607336447e-06,1.5,18.44392721852227,0.0542183878819339
9.0,17.7169,18.55019227491292,0.0539077970287342,1.6725144063265615e-06,1.5,18.621902766071216,0.0537002052132923
10.5,17.7169,19.091129562532792,0.0523803474657961,1.1507936057378824e-06,1.5,18.769164924349223,0.0532788754337546
12.0,17.7169,19.65526647809019,0.0508769494992451,7.23659099751989e-07,1.5,19.022422050312496,0.0525695412158922
13.5,17.7169,20.22454248647725,0.0494448762274167,nan,1.5,nan,nan
15.0,17.7169,20.781737233356584,0.0481191725586304,nan,1.5,nan,nan
16.5,17.7169,21.311466292447783,0.0469230969975244,nan,1.5,nan,nan
18.0,17.7169,21.80099431957316,0.0458694674812235,nan,1.5,nan,nan
19.5,17.7169,22.240775179485134,0.044962461601716,nan,nan,nan,nan
Name:	200.0381951897964_12_80_0.08
Lambda:	200.0381951897964	Maximal Depth:	20	Filter time:	12 to 80 [us]
Chi2:	0.1000315166903712	RelRMS:	2.530220754832226	AbsRMS:	2.749103879087018e-07	Phi model:	0.0074443952239009
depth_vector,start_model,resistivity_model,conductivity_model,E/I[V/A],modelled_thickness,rhoa,sigma
0.0,17.7169,16.281956705229458,0.0614176795887695,6.650789455449403e-05,1.0,16.75794735570997,0.059673179463669
1.0,17.7169,16.34534180589405,0.0611795098490632,4.560851846570193e-05,1.0,16.823236989761217,0.0594415926381236
2.0,17.7169,16.47286297421212,0.0607059016738909,2.819652858311856e-05,1.0,17.159367196766844,0.0582772073429618
3.0,17.7169,16.66424100995993,0.0600087336352323,1.620849708865545e-05,1.0,17.565659915657957,0.0569292588380698
4.0,17.7169,16.918215963107766,0.0591078871543324,1.0456805747150944e-05,1.0,17.660110304108567,0.0566247878852349
5.0,17.7169,17.232572123729113,0.0580296425176719,7.177186465808957e-06,1.0,17.791107542215983,0.0562078553922025
6.0,17.7169,17.604148397580524,0.0568047926781529,4.4810327444915935e-06,1.5,18.074909247857576,0.0553253123590941
7.5,17.7169,18.04831448753172,0.0554068359508489,2.6047890111872338e-06,1.5,18.445098122103413,0.0542149460729441
9.0,17.7169,18.55061474383442,0.0539065693406395,1.6721945504813034e-06,1.5,18.624277344068044,0.0536933584871955
10.5,17.7169,19.0944499389244,0.0523712389306109,1.150481233173323e-06,1.5,18.772562173390845,0.0532692336167861
12.0,17.7169,19.661949735568296,0.0508596560081225,7.233877891062929e-07,1.5,19.0271780637364,0.0525564009886408
13.5,17.7169,20.234984040446857,0.0494193619328358,nan,1.5,nan,nan
15.0,17.7169,20.79622810380761,0.0480856429833498,nan,1.5,nan,nan
16.5,17.7169,21.33016673817821,0.0468819588836186,nan,1.5,nan,nan
18.0,17.7169,21.823920145893453,0.0458212820297625,nan,1.5,nan,nan
19.5,17.7169,22.26779853469112,0.0449078968647077,nan,nan,nan,nan
Name:	198.94839733887682_12_80_0.08
Lambda:	198.9483973388768	Maximal Depth:	20	Filter time:	12 to 80 [us]
Chi2:	0.0997072160232708	RelRMS:	2.5261159564614872	AbsRMS:	2.7482625145416026e-07	Phi model:	0.0074642633845117
depth_vector,start_model,resistivity_model,conductivity_model,E/I[V/A],modelled_thickness,rhoa,sigma
0.0,17.7169,16.27996534119035,0.0614251921943515,6.651559995465304e-05,1.0,16.756653131161972,0.0596777884087319
1.0,17.7169,16.34339528497131,0.061186796413078,4.56133037219713e-05,1.0,16.822060360702494,0.0594457503158215
2.0,17.7169,16.471008439107568,0.0607127367882146,2.819901066554006e-05,1.0,17.158360268095397,0.0582806273079264
3.0,17.7169,16.66252964079949,0.060014896990876,1.6209557156762363e-05,1.0,17.564894071218617,0.0569317410025588
4.0,17.7169,16.916704477603595,0.0591131683670375,1.045729661541671e-05,1.0,17.65955765295613,0.0566265599428876
5.0,17.7169,17.231323915247575,0.0580338460885831,7.177400865090276e-06,1.0,17.790753243147453,0.0562089747596929
6.0,17.7169,17.603234192634496,0.0568077427736783,4.481061585860331e-06,1.5,18.07483169098528,0.0553255497531821
7.5,17.7169,18.047843523968623,0.0554082818078481,2.6047310446853464e-06,1.5,18.44537177642219,0.0542141417435809
9.0,17.7169,18.55070360894917,0.0539063111071206,1.6721196708838152e-06,1.5,18.624833352112613,0.0536917555767858
10.5,17.7169,19.09521635027648,0.0523691369427988,1.1504080619165895e-06,1.5,18.773358179289907,0.0532669749572649
12.0,17.7169,19.66350435609848,0.0508556349819638,7.233242127144579e-07,1.5,19.02829297328574,0.0525533215934778
13.5,17.7169,20.2374214961536,0.0494134097167499,nan,1.5,nan,nan
15.0,17.7169,20.799618617066383,0.0480778046179887,nan,1.5,nan,nan
16.5,17.7169,21.334549741748955,0.0468723273799929,nan,1.5,nan,nan
18.0,17.7169,21.829300893777905,0.0458099874506303,nan,1.5,nan,nan
19.5,17.7169,22.27414816066237,0.0448950951024949,nan,nan,nan,nan
Name:	200.71471006743633_12_80_0.08
Lambda:	200.7147100674364	Maximal Depth:	20	Filter time:	12 to 80 [us]
Chi2:	0.1002331740533898	RelRMS:	2.532769855201406	AbsRMS:	2.749772608368395e-07	Phi model:	0.0074321035660557
depth_vector,start_model,resistivity_model,conductivity_model,E/I[V/A],modelled_thickness,rhoa,sigma
0.0,17.7169,16.28319240531244,0.0614130187194586,6.650312023944273e-05,1.0,16.758749390889953,0.0596703236426221
1.0,17.7169,16.34654956924217,0.0611749896064677,4.560555377237228e-05,1.0,16.823966070527277,0.0594390166865487
2.0,17.7169,16.474013442207248,0.0607016622578411,2.8194991055004404e-05,1.0,17.159991013710176,0.0582750887923564
3.0,17.7169,16.665302336357314,0.0600049119912083,1.620784057369996e-05,1.0,17.566134255655452,0.0569277215718676
4.0,17.7169,16.919152894642345,0.0591046139382464,1.0456501796695133e-05,1.0,17.66045253281157,0.056623690595815
5.0,17.7169,17.233345304104,0.0580270389964191,7.177053742221969e-06,1.0,17.791326879418175,0.0562071624436761
6.0,17.7169,17.604713968066218,0.0568029677627216,4.481014935236814e-06,1.5,18.074957138860743,0.0553251657703808
7.5,17.7169,18.04860480977704,0.0554059446998525,2.6048249486457685e-06,1.5,18.44492846989102,0.0542154447295565
9.0,17.7169,18.550557738957306,0.0539067349926594,1.6722409484673408e-06,1.5,18.62393284309285,0.0536943516938676
10.5,17.7169,19.093972932333948,0.0523725472715313,1.1505265643035769e-06,1.5,18.77206907334678,0.0532706328797731
12.0,17.7169,19.66098450586888,0.0508621528948103,7.23427171338635e-07,1.5,19.026487517794404,0.0525583084668022
13.5,17.7169,20.233472351137785,0.0494230541671591,nan,1.5,nan,nan
15.0,17.7169,20.79412684682848,0.0480905020617646,nan,1.5,nan,nan
16.5,17.7169,21.32745184965409,0.0468879267457457,nan,1.5,nan,nan
18.0,17.7169,21.820588670672056,0.0458282778293717,nan,1.5,nan,nan
19.5,17.7169,22.26386856533376,0.0449158239083868,nan,nan,nan,nan
Name:	199.6212265980814_12_80_0.08
Lambda:	199.6212265980814	Maximal Depth:	20	Filter time:	12 to 80 [us]
Chi2:	0.0999073553360573	RelRMS:	2.5286499839850647	AbsRMS:	2.748747490980812e-07	Phi model:	0.0074519871360194
depth_vector,start_model,resistivity_model,conductivity_model,E/I[V/A],modelled_thickness,rhoa,sigma
0.0,17.7169,16.281194898130995,0.0614205533596797,6.651084061751373e-05,1.0,16.75745249569408,0.0596749416569705
1.0,17.7169,16.344597179820838,0.0611822970611112,4.561034798173469e-05,1.0,16.822787112501274,0.0594431822332748
2.0,17.7169,16.472153588711567,0.060708516018531,2.8197477484958552e-05,1.0,17.15898222979147,0.0582785148098001
3.0,17.7169,16.663586464934877,0.060011090775944,1.6208902319065997e-05,1.0,17.56536714776622,0.0569302076972054
4.0,17.7169,16.91763796999328,0.059109906582331,1.0456993378267332e-05,1.0,17.65989905179148,0.0566254652457119
5.0,17.7169,17.232094938460286,0.0580312494546499,7.177268410040059e-06,1.0,17.79097212566483,0.0562082832200846
6.0,17.7169,17.60379907008961,0.056805919905044,4.481043756693363e-06,1.5,18.07487963502033,0.0553254030008855
7.5,17.7169,18.0481347726414,0.055407387666224,2.604766843179336e-06,1.5,18.445202773952754,0.0542146384756551
9.0,17.7169,18.550649179585527,0.0539064692733487,1.6721659207380703e-06,1.5,18.624489925347653,0.0536927456273052
10.5,17.7169,19.094743470785613,0.052370433859453,1.1504532586520353e-06,1.5,18.77286648899165,0.0532683701014119
12.0,17.7169,19.662544592357968,0.0508581173358741,7.233634838952956e-07,1.5,19.027604273609263,0.052555223748634
13.5,17.7169,20.23591630804608,0.0494170851854326,nan,1.5,nan,nan
15.0,17.7169,20.797524535829616,0.0480826455224138,nan,1.5,nan,nan
16.5,17.7169,21.331842324067583,0.0468782763723953,nan,1.5,nan,nan
18.0,17.7169,21.825976823493715,0.0458169642571776,nan,1.5,nan,nan
19.5,17.7169,22.27022521847036,0.0449030034582059,nan,nan,nan,nan
Name:	200.29633131774858_12_80_0.08
Lambda:	200.29633131774855	Maximal Depth:	20	Filter time:	12 to 80 [us]
Chi2:	0.1001084321015436	RelRMS:	2.5311933261801225	AbsRMS:	2.749345853208275e-07	Phi model:	0.0074397013476758
depth_vector,start_model,resistivity_model,conductivity_model,E/I[V/A],modelled_thickness,rhoa,sigma
0.0,17.7169,16.28242825285644,0.0614159009006883,6.65060720202631e-05,1.0,16.758253511145853,0.0596720892982615
1.0,17.7169,16.345802702649994,0.0611777847922928,4.560738670673229e-05,1.0,16.823515303896873,0.0594406092862392
2.0,17.7169,16.473302026181933,0.0607042837198422,2.8195941617010777e-05,1.0,17.159605338178995,0.0582763985704884
3.0,17.7169,16.664646072345743,0.0600072750215473,1.620824644458972e-05,1.0,17.56584100524863,0.0569286719435296
4.0,17.7169,16.918573588361234,0.0591066377302592,1.0456689700186553e-05,1.0,17.660240963584922,0.0566243689461531
5.0,17.7169,17.23286729503494,0.0580286485632089,7.177135789226649e-06,1.0,17.791191288851707,0.0562075908107749
6.0,17.7169,17.60436437566869,0.0568040957719619,4.481025940376775e-06,1.5,18.0749275448173,0.0553252563541663
7.5,17.7169,18.04842544817296,0.0554064953129321,2.604802727979582e-06,1.5,18.445033367921937,0.0542151364030122
9.0,17.7169,18.550593157508764,0.0539066320688094,1.6722122622490794e-06,1.5,18.62414583386642,0.0536937376307258
10.5,17.7169,19.094268039307583,0.0523717378399315,1.150498538438752e-06,1.5,18.77237392746977,0.0532697677908861
12.0,17.7169,19.661581448910777,0.0508606086747614,7.234028237358607e-07,1.5,19.02691443232161,0.0525571291949087
13.5,17.7169,20.23440710026821,0.0494207710186252,nan,1.5,nan,nan
15.0,17.7169,20.795426018019427,0.0480874976609515,nan,1.5,nan,nan
16.5,17.7169,21.32913028756187,0.0468842370278525,nan,1.5,nan,nan
18.0,17.7169,21.82264817538705,0.0458239528018355,nan,1.5,nan,nan
19.5,17.7169,22.26629793232381,0.044910923362267,nan,nan,nan,nan
Name:	200.45603474503287_12_80_0.08
Lambda:	200.45603474503287	Maximal Depth:	20	Filter time:	12.0 to 80.0 [us]
Chi2:	0.10015603708455088	RelRMS:	2.531795089143522	AbsRMS:	2.749503714509834e-07	Phi model:	0.007436799680354991
depth_vector,start_model,resistivity_model,conductivity_model,E/I[V/A],modelled_thickness,rhoa,sigma
0.0,17.7169,16.282719962118705,0.06141480061847604,6.650494495642254e-05,1.0,16.758442846121646,0.059671415129802875
1.0,17.7169,16.346087816942028,0.06117671770755705,4.5606686836746627e-05,1.0,16.823687416717995,0.05944000118584481
2.0,17.7169,16.473573614867355,0.060703282929303375,2.8195578655285818e-05,1.0,17.159752601612663,0.058275898447744556
3.0,17.7169,16.66489661754715,0.0600063728536461,1.6208091462157826e-05,1.0,17.565952981929126,0.05692830904356538
4.0,17.7169,16.91879476790859,0.059105865028683396,1.0456617947070092e-05,1.0,17.660321752987628,0.05662410991072845
5.0,17.7169,17.233049818166716,0.058028033955186575,7.177104457261639e-06,1.0,17.791243067632475,0.05620742722689767
6.0,17.7169,17.60449788874043,0.05680366496789351,4.481021735944334e-06,1.5,18.074938850988726,0.055325221747308896
7.5,17.7169,18.048493983937483,0.055406284917177265,2.60481121155361e-06,1.5,18.444993318982174,0.05421525411835615
9.0,17.7169,18.550579700448797,0.053906671174044594,1.6722232153893428e-06,1.5,18.624064507760192,0.05369397209633399
10.5,17.7169,19.09415543328338,0.05237204669743503,1.1505092397757064e-06,1.5,18.772257521155467,0.05327009811542625
12.0,17.7169,19.66135358903496,0.05086119810986437,7.234121206794721e-07,1.5,19.02675141548846,0.05255757949231229
13.5,17.7169,20.234050238773754,0.04942164263701082,nan,1.5,nan,nan
15.0,17.7169,20.794929978476947,0.04808864473383726,nan,1.5,nan,nan
16.5,17.7169,21.32848938926541,0.046885645849035054,nan,1.5,nan,nan
18.0,17.7169,21.821861720724584,0.04582560428610376,nan,1.5,nan,nan
19.5,17.7169,22.26537019237445,0.044912794683399634,nan,nan,nan,nan
