Name:	26.7_5_110_1
Lambda:	26.7	Maximal Depth:	30	Filter time:	5.0 to 110.0 [us]
Chi2:	0.9596283374005423	RelRMS:	15.436109502941783	AbsRMS:	1.1221889276286083e-05	Phi model:	0.2680731033126597
depth_vector,start_model,resistivity_model,conductivity_model,E/I[V/A],modelled_thickness,rhoa,sigma
0.0,18.4121,11.863997233063754,0.08428862383860826,0.0009358294983892281,1.0,13.234525276034587,0.07555994485203223
1.0,18.4121,12.510246158187373,0.07993447829526093,0.0005720369239186877,1.0,13.612010019542309,0.07346453599169656
2.0,18.4121,13.726106885229568,0.07285386951751652,0.00037421371630271287,1.0,13.976042828825767,0.07155101141629927
3.0,18.4121,15.303251004092393,0.06534559223609285,0.0002282862171554597,1.0,14.27141388405495,0.07007014218242749
4.0,18.4121,16.93834590340081,0.059037641910431427,0.0001297141457743146,1.0,14.615508897681003,0.06842047081635774
5.0,18.4121,18.30452911430894,0.054631287904493765,8.093499752678781e-05,1.0,14.940174570246976,0.06693362218079284
6.0,18.4121,19.181073457797446,0.05213472552514949,5.437022884488338e-05,1.5,15.20581566437491,0.06576431163392699
7.5,18.4121,19.251333851792413,0.0519444526648679,3.347790522570731e-05,1.5,15.551411107164512,0.06430284641753838
9.0,18.4121,18.85615972417199,0.05303306795381486,1.9019618704617672e-05,1.5,16.04483985747967,0.062325333807169606
10.5,18.4121,18.526448571053834,0.05397688586480757,1.1817730901492511e-05,1.5,16.540437660328227,0.060457892380832934
12.0,18.4121,18.716181786988276,0.05342970117415789,7.870577728917978e-06,1.5,17.001152074242437,0.058819543265838325
13.5,18.4121,19.7627552926901,0.050600231859870407,4.7433641624185905e-06,1.5,17.684013896086228,0.05654824780596429
15.0,18.4121,21.91580784547741,0.045629164439236584,2.634696661349358e-06,1.5,18.60169612981594,0.05375853863117023
16.5,18.4121,25.3794457971194,0.03940196362024191,1.6028307657607227e-06,2.0,19.468051001629906,0.051366210203387996
18.5,18.4121,30.544918420351653,0.03273866985788752,1.0466752928067479e-06,2.0,20.31790309263451,0.04921767740700133
20.5,18.4121,37.3163455098627,0.02679790816428421,6.193618316717695e-07,2.0,21.443836886009155,0.04663344555901007
22.5,18.4121,45.41075820521098,0.02202121346402113,3.3560180759940065e-07,2.0,22.936246740984615,0.04359911241332729
24.5,18.4121,54.422653061056636,0.018374701411158743,nan,2.0,nan,nan
26.5,18.4121,63.87170183565537,0.01565638571167311,nan,2.0,nan,nan
28.5,18.4121,73.2892627340035,0.013644563510338563,nan,nan,nan,nan
