Name:	10.0_8_150_1
Lambda:	10	Maximal Depth:	30	Filter time:	8 to 150 [us]
Chi2:	7.984568898711885	RelRMS:	80.5225868506641	AbsRMS:	2.707395538766533e-06	Phi model:	1.5620095003886545
depth_vector,start_model,resistivity_model,conductivity_model,E/I[V/A],modelled_thickness,rhoa,sigma
0.0,14.8329,15.554336041647352,0.0642907545087402,0.0003107589188937,1.0,11.619061784511626,0.0860654688430191
1.0,14.8329,14.626954613121722,0.0683669312204543,0.0001784090145941,1.0,11.817555174949684,0.0846198714705182
2.0,14.8329,13.218016016485445,0.0756543189804585,0.0001101664542596,1.0,12.164109736990074,0.0822090577626968
3.0,14.8329,11.712114998916388,0.0853816753073651,7.304107481136909e-05,1.0,12.48932762872417,0.0800683615425463
4.0,14.8329,10.4738031787476,0.095476302440846,4.391353844212314e-05,1.0,12.978057601360875,0.0770531331202552
5.0,14.8329,9.769265483131464,0.102361840992723,2.3895188920618326e-05,1.0,13.780435580689138,0.0725666466886812
6.0,14.8329,9.864706534583153,0.1013714900178991,1.4202039558223204e-05,1.5,14.633085691788256,0.0683382863370489
7.5,14.8329,11.790737068823391,0.0848123399040218,9.10059064839555e-06,1.5,15.432503130054576,0.0647983021012653
9.0,14.8329,16.59226092119935,0.060269061868617,5.192499105450855e-06,1.5,16.64897646031444,0.0600637524104658
10.5,14.8329,25.72066825484584,0.03887923867653,2.692634943119057e-06,1.5,18.33389084686546,0.0545437958779475
12.0,14.8329,40.9257131576822,0.0244345161719506,1.5331879104839025e-06,1.5,20.05321443622566,0.0498673169421418
13.5,14.8329,64.01223429893871,0.015622013681478,9.500224847123886e-07,1.5,21.67359449393493,0.0461390933691149
15.0,14.8329,96.87835068822314,0.0103222236226773,5.205419363294497e-07,1.5,24.0784377168426,0.0415309336826496
16.5,14.8329,141.7486562412726,0.0070547405987248,2.576896542166252e-07,2.0,27.35314227073789,0.0365588710102162
18.5,14.8329,198.84910140881985,0.0050289389940167,nan,2.0,nan,nan
20.5,14.8329,269.34624383991763,0.0037126933189918,nan,2.0,nan,nan
22.5,14.8329,354.1766437159016,0.0028234498737927,nan,2.0,nan,nan
24.5,14.8329,455.0146872301,0.0021977312558579,nan,2.0,nan,nan
26.5,14.8329,572.8337677909611,0.0017457071426782,nan,2.0,nan,nan
28.5,14.8329,708.929704157792,0.0014105770912618,nan,nan,nan,nan
Name:	12.742749857031335_8_150_1
Lambda:	12.742749857031336	Maximal Depth:	30	Filter time:	8 to 150 [us]
Chi2:	7.972995486387435	RelRMS:	80.55098494161345	AbsRMS:	2.6402349800712016e-06	Phi model:	1.5922111021635097
depth_vector,start_model,resistivity_model,conductivity_model,E/I[V/A],modelled_thickness,rhoa,sigma
0.0,14.8329,15.048788368928244,0.066450532460456,0.0003109724632957,1.0,11.613741978736272,0.0861048921037604
1.0,14.8329,14.266367365494071,0.0700949284692254,0.0001783549998411,1.0,11.819941016330349,0.0846027910476378
2.0,14.8329,13.05387319187699,0.0766056162260154,0.0001100653703795,1.0,12.171556264894155,0.0821587624652611
3.0,14.8329,11.735473695240511,0.0852117286416452,7.296133284182255e-05,1.0,12.498425984610993,0.0800100749671419
4.0,14.8329,10.629264488191277,0.0940798868172829,4.38683142385235e-05,1.0,12.98697552662302,0.0770002221032927
5.0,14.8329,10.006732541843409,0.0999327198781894,2.387252803566104e-05,1.0,13.78915487736809,0.0725207606190052
6.0,14.8329,10.13126061271681,0.0987043999978437,1.4191179420822368e-05,1.5,14.640550284367462,0.068303443557566
7.5,14.8329,11.95886237813251,0.08361999397439,9.096114448498234e-06,1.5,15.437565607000217,0.0647770526427137
9.0,14.8329,16.420791465056958,0.0608984044482859,5.191719518417568e-06,1.5,16.650643088787334,0.0600577403928264
10.5,14.8329,24.820658073716203,0.0402890204212171,2.693011777141481e-06,1.5,18.33218049539724,0.0545488846921988
12.0,14.8329,38.77805880620273,0.0257877787281101,1.5337416455766918e-06,1.5,20.04838753165876,0.0498793231336376
13.5,14.8329,60.25663550512305,0.0165956826433659,9.504894323369148e-07,1.5,21.666495511069925,0.0461542107485299
15.0,14.8329,91.65212691464134,0.010910821534249,5.208077320877896e-07,1.5,24.070244685500843,0.0415450699843682
16.5,14.8329,135.8822890082076,0.0073593108218805,2.577588434485237e-07,2.0,27.34824718467858,0.0365654147136798
18.5,14.8329,194.93412301937025,0.0051299381786565,nan,2.0,nan,nan
20.5,14.8329,271.10609199762297,0.0036885928775394,nan,2.0,nan,nan
22.5,14.8329,367.1775829627308,0.0027234778112843,nan,2.0,nan,nan
24.5,14.8329,485.4967588837788,0.0020597459853267,nan,2.0,nan,nan
26.5,14.8329,628.7603341154497,0.0015904311161848,nan,2.0,nan,nan
28.5,14.8329,799.3038666923219,0.001251088655605,nan,nan,nan,nan
Name:	16.237767391887218_8_150_1
Lambda:	16.237767391887218	Maximal Depth:	30	Filter time:	8 to 150 [us]
Chi2:	7.960493561321905	RelRMS:	80.25923069982824	AbsRMS:	2.475544321994499e-06	Phi model:	1.6047837252679835
depth_vector,start_model,resistivity_model,conductivity_model,E/I[V/A],modelled_thickness,rhoa,sigma
0.0,14.8329,14.691769088039528,0.0680653224269699,0.0003117486571671,1.0,11.594456655941862,0.0862481123242222
1.0,14.8329,14.000771434332387,0.0714246357559856,0.0001785607234156,1.0,11.810860603298607,0.084667835273639
2.0,14.8329,12.91088764206786,0.0774540084092805,0.0001100812440106,1.0,12.170386150703722,0.0821666615682673
3.0,14.8329,11.710038069889638,0.0853968188687045,7.293102675353298e-05,1.0,12.501888179782323,0.0799879174745115
4.0,14.8329,10.698120484306182,0.0934743632273509,4.383074343631633e-05,1.0,12.994395910424846,0.0769562515174516
5.0,14.8329,10.147824070777002,0.0985432929291443,2.3839837709507583e-05,1.0,13.801757564196532,0.0724545403256556
6.0,14.8329,10.326813059059898,0.0968352960667456,1.4167208976806578e-05,1.5,14.657059845406543,0.0682265072632145
7.5,14.8329,12.157828233265937,0.0822515321662322,9.079604281852484e-06,1.5,15.456274175600004,0.0646986452646296
9.0,14.8329,16.491291191524372,0.0606380657758287,5.1816117304478895e-06,1.5,16.672289699716536,0.0599797639083132
10.5,14.8329,24.51198778458494,0.0407963649781548,2.6872862086543804e-06,1.5,18.358210452697268,0.0544715402722205
12.0,14.8329,37.78031727958373,0.0264688089461968,1.5303091409653754e-06,1.5,20.078355542906102,0.0498048755966626
13.5,14.8329,58.3524881918086,0.0171372298078006,9.482976277160314e-07,1.5,21.69986791011031,0.046083229821601
15.0,14.8329,88.9047144922215,0.011247997428612,5.195292427043935e-07,1.5,24.10971752869369,0.0414770516829934
16.5,14.8329,132.821231339188,0.0075289167998019,2.570564857462717e-07,2.0,27.39804043136965,0.0364989606649036
18.5,14.8329,192.9812447211688,0.0051818507101291,nan,2.0,nan,nan
20.5,14.8329,272.4669125068972,0.0036701704100481,nan,2.0,nan,nan
22.5,14.8329,374.7523371902023,0.0026684289883226,nan,2.0,nan,nan
24.5,14.8329,502.7177624417199,0.0019891877206465,nan,2.0,nan,nan
26.5,14.8329,659.6935566220383,0.0015158553391373,nan,2.0,nan,nan
28.5,14.8329,848.866767177405,0.001178041170495,nan,nan,nan,nan
Name:	20.6913808111479_8_150_1
Lambda:	20.6913808111479	Maximal Depth:	30	Filter time:	8 to 150 [us]
Chi2:	8.189477662114815	RelRMS:	81.16541664172348	AbsRMS:	2.1096099949763128e-06	Phi model:	1.3447914325770816
depth_vector,start_model,resistivity_model,conductivity_model,E/I[V/A],modelled_thickness,rhoa,sigma
0.0,14.8329,14.15393609971926,0.0706517249304124,0.0003136276508112,1.0,11.54810078935934,0.0865943256159853
1.0,14.8329,13.557388290318226,0.0737605192523793,0.0001790404212118,1.0,11.78975484127266,0.0848194057860539
2.0,14.8329,12.609494702309126,0.079305319016223,0.0001101002479216,1.0,12.168985659824578,0.0821761178749236
3.0,14.8329,11.570045188453792,0.0864300859427878,7.284332698550582e-05,1.0,12.511920604639128,0.0799237808166096
4.0,14.8329,10.727274828560732,0.0932203207227952,4.373470345586613e-05,1.0,13.013412467398146,0.0768437950080542
5.0,14.8329,10.353461041787025,0.0965860590930854,2.3765563700692973e-05,1.0,13.830498831916932,0.0723039719791074
6.0,14.8329,10.704529100539116,0.0934184017445136,1.4119010539366022e-05,1.5,14.690397689317086,0.0680716765569392
7.5,14.8329,12.669639557654165,0.0789288436698947,9.051414341408587e-06,1.5,15.488349133136069,0.0645646602749017
9.0,14.8329,17.008007875494805,0.0587958335461969,5.1692608515256485e-06,1.5,16.698835792706188,0.0598844142438232
10.5,14.8329,24.676534367604475,0.0405243291097151,2.684210025757887e-06,1.5,18.372233804396167,0.0544299626624997
12.0,14.8329,36.85726868041314,0.0271316903233099,1.5310120348074334e-06,1.5,20.07220970287571,0.0498201251781826
13.5,14.8329,54.988280021481984,0.0181856933806501,9.504052106542324e-07,1.5,21.66777549967498,0.0461514842635784
15.0,14.8329,80.81407230048143,0.0123740825271348,5.220363336831353e-07,1.5,24.032463978084287,0.0416103817283122
16.5,14.8329,116.46307954587378,0.0085864121393605,2.5922337727438376e-07,2.0,27.245143720940742,0.036703788764799
18.5,14.8329,163.19363492386063,0.0061276899706692,nan,2.0,nan,nan
20.5,14.8329,222.4679976062422,0.0044950285468472,nan,2.0,nan,nan
22.5,14.8329,295.5317840337356,0.0033837307999529,nan,2.0,nan,nan
24.5,14.8329,383.61899962575086,0.0026067530570059,nan,2.0,nan,nan
26.5,14.8329,487.8333483844612,0.0020498803603969,nan,2.0,nan,nan
28.5,14.8329,609.365533983158,0.0016410511330751,nan,nan,nan,nan
Name:	26.366508987303583_8_150_1
Lambda:	26.366508987303583	Maximal Depth:	30	Filter time:	8 to 150 [us]
Chi2:	8.526062902445158	RelRMS:	82.56009921069473	AbsRMS:	1.8009362519755758e-06	Phi model:	1.1023879480914935
depth_vector,start_model,resistivity_model,conductivity_model,E/I[V/A],modelled_thickness,rhoa,sigma
0.0,14.8329,13.619524086941633,0.073424004658048,0.0003156849449786,1.0,11.497874088194832,0.0869725996588122
1.0,14.8329,13.107793482982764,0.076290490943289,0.0001795723205422,1.0,11.766462229245487,0.0849873122878433
2.0,14.8329,12.298266834196152,0.0813122705403848,0.0001101300814531,1.0,12.16678789390908,0.082190961880795
3.0,14.8329,11.4330535930152,0.0874656968817963,7.275681221901113e-05,1.0,12.521837215368212,0.0798604855502104
4.0,14.8329,10.781821638628273,0.092748705507915,4.36386136962724e-05,1.0,13.03250866245248,0.0767311977993205
5.0,14.8329,10.596373152696986,0.0943719125015411,2.3692103039797617e-05,1.0,13.85907300182568,0.07215489808505
6.0,14.8329,11.126923196381284,0.0898721041163671,1.4072872488434726e-05,1.5,14.722488579129664,0.0679232994221902
7.5,14.8329,13.223787139366712,0.0756213019357395,9.026132489323137e-06,1.5,15.51725716450026,0.0644443788872532
9.0,14.8329,17.552827654242503,0.0569708778379249,5.1601516969974265e-06,1.5,16.71848218632885,0.0598140422590351
10.5,14.8329,24.90007664693782,0.0401605189485623,2.6841194585083705e-06,1.5,18.372647077936254,0.0544287383172401
12.0,14.8329,36.14220465796494,0.0276684836872457,1.5342802389473769e-06,1.5,20.043695402979647,0.0498909996332982
13.5,14.8329,52.21321642563143,0.0191522390011028,9.54669448468301e-07,1.5,21.603204829303536,0.0462894282538837
15.0,14.8329,74.09985118455404,0.0134953037558656,5.262053322780114e-07,1.5,23.905360141063056,0.0418316224519983
16.5,14.8329,102.88125130178058,0.0097199439873326,2.62559078658224e-07,2.0,27.013893686953303,0.037017988283672
18.5,14.8329,138.64300602736355,0.0072127691735321,nan,2.0,nan,nan
20.5,14.8329,181.6246108827269,0.005505861761464,nan,2.0,nan,nan
22.5,14.8329,232.0234950112201,0.0043099083562707,nan,2.0,nan,nan
24.5,14.8329,289.995978262767,0.0034483236836267,nan,2.0,nan,nan
26.5,14.8329,355.69684419493126,0.0028113828287213,nan,2.0,nan,nan
28.5,14.8329,429.3324986216637,0.0023291970750185,nan,nan,nan,nan
Name:	33.59818286283781_8_150_1
Lambda:	33.59818286283781	Maximal Depth:	30	Filter time:	8 to 150 [us]
Chi2:	8.668034015155982	RelRMS:	83.16630683636046	AbsRMS:	1.6868667244724763e-06	Phi model:	1.031332127763186
depth_vector,start_model,resistivity_model,conductivity_model,E/I[V/A],modelled_thickness,rhoa,sigma
0.0,14.8329,13.220296439200656,0.0756412690592029,0.0003166138751764,1.0,11.475373595954531,0.0871431323466919
1.0,14.8329,12.79136609535577,0.0781777327413899,0.0001797545739181,1.0,11.758507531305316,0.0850448066931662
2.0,14.8329,12.113726207616194,0.082550982485577,0.0001100906054334,1.0,12.1696962114521,0.0821713198608003
3.0,14.8329,11.402484172216974,0.0877001875114702,7.268450722803553e-05,1.0,12.530140142792108,0.0798075670825792
4.0,14.8329,10.901989179056994,0.0917263797987459,4.3581639557538576e-05,1.0,13.043864427197905,0.0766643969340013
5.0,14.8329,10.845737318930825,0.0922021224185964,2.3655121023899303e-05,1.0,13.873513934138272,0.0720797920950164
6.0,14.8329,11.468098135890262,0.0871984166991409,1.4051942871525117e-05,1.5,14.737103858421204,0.0678559376120954
7.5,14.8329,13.549238788678997,0.0738048842150117,9.016060530815728e-06,1.5,15.528811367169006,0.0643964290862724
9.0,14.8329,17.68157214587248,0.0565560568794464,5.157649432024579e-06,1.5,16.723889131356657,0.0597947039797721
10.5,14.8329,24.566815835182283,0.0407053159314156,2.6851510386888984e-06,1.5,18.367941179441463,0.0544426830547161
12.0,14.8329,34.99267428739428,0.0285774099969329,1.5363922589087972e-06,1.5,20.025322321786064,0.0499367742466783
13.5,14.8329,49.814687181121286,0.0200744008762736,9.569409006937232e-07,1.5,21.569005517032306,0.0463628236920953
15.0,14.8329,69.95552186845305,0.0142947972267355,5.281845417106951e-07,1.5,23.84560411666865,0.0419364506391757
16.5,14.8329,96.41692714917252,0.0103716228007644,2.640088061375879e-07,2.0,26.91491033820828,0.0371541271151999
18.5,14.8329,129.37351852221212,0.0077295571104708,nan,2.0,nan,nan
20.5,14.8329,169.09439715802662,0.0059138565014987,nan,2.0,nan,nan
22.5,14.8329,215.7591813268124,0.004634796970634,nan,2.0,nan,nan
24.5,14.8329,269.4914416450693,0.0037106929774676,nan,2.0,nan,nan
26.5,14.8329,330.3703442098562,0.0030269060692832,nan,2.0,nan,nan
28.5,14.8329,398.4297187973639,0.0025098529372217,nan,nan,nan,nan
Name:	42.81332398719393_8_150_1
Lambda:	42.81332398719393	Maximal Depth:	30	Filter time:	8 to 150 [us]
Chi2:	8.978502186750744	RelRMS:	84.17844284605758	AbsRMS:	1.573431418287907e-06	Phi model:	0.8967610732173051
depth_vector,start_model,resistivity_model,conductivity_model,E/I[V/A],modelled_thickness,rhoa,sigma
0.0,14.8329,12.730801357066188,0.0785496507213156,0.0003182827224217,1.0,11.435226019041876,0.0874490804409817
1.0,14.8329,12.39125749412174,0.0807020595346669,0.0001801045294383,1.0,11.74327086701154,0.0851551506666798
2.0,14.8329,11.862318546191194,0.0843005518782906,0.0001100300164272,1.0,12.174163369100018,0.0821411681182265
3.0,14.8329,11.33278041228672,0.0882395990763065,7.254826593261712e-05,1.0,12.545822471754416,0.0797078073001107
4.0,14.8329,11.02133959373435,0.0907330721002827,4.346121013122537e-05,1.0,13.067949360694929,0.0765231003272591
5.0,14.8329,11.145026191361705,0.0897261238179126,2.357049698512912e-05,1.0,13.906700375873356,0.0719077835123918
6.0,14.8329,11.926665111173282,0.0838457348033666,1.3999189128695036e-05,1.5,14.774103617038373,0.0676860015281563
7.5,14.8329,14.087804223917717,0.0709833827973162,8.985891708879512e-06,1.5,15.563549094934276,0.0642526967274762
9.0,14.8329,18.142146224506057,0.0551202700951235,5.144857974727513e-06,1.5,16.751597621120393,0.0596957987302179
10.5,14.8329,24.65955514560727,0.0405522319480339,2.682260877300471e-06,1.5,18.381133230941217,0.0544036098012001
12.0,14.8329,34.251057218737415,0.0291961790730634,1.5374411270661726e-06,1.5,20.016213545094743,0.0499594989705265
13.5,14.8329,47.54144773877785,0.0210342774055729,9.594096934251449e-07,1.5,21.53198812475547,0.0464425297936279
15.0,14.8329,65.18674703690952,0.0153405415280776,5.310119836807479e-07,1.5,23.76088281858736,0.0420859783550522
16.5,14.8329,87.86947051930477,0.0113805169655631,2.664240111904301e-07,2.0,26.75200299955635,0.0373803785838609
18.5,14.8329,115.5457303480988,0.0086545820168979,nan,2.0,nan,nan
20.5,14.8329,148.24218530905668,0.0067457181497641,nan,2.0,nan,nan
22.5,14.8329,185.93143460858977,0.0053783267047077,nan,2.0,nan,nan
24.5,14.8329,228.5330276310778,0.0043757351415056,nan,2.0,nan,nan
26.5,14.8329,275.95373122393903,0.0036237959007283,nan,2.0,nan,nan
28.5,14.8329,328.0343810387271,0.0030484609473966,nan,nan,nan,nan
Name:	54.5559478116852_8_150_1
Lambda:	54.5559478116852	Maximal Depth:	30	Filter time:	8 to 150 [us]
Chi2:	9.306972004200476	RelRMS:	85.17846566093284	AbsRMS:	1.6004566366142615e-06	Phi model:	0.7893246769284653
depth_vector,start_model,resistivity_model,conductivity_model,E/I[V/A],modelled_thickness,rhoa,sigma
0.0,14.8329,12.274521583283144,0.0814695703791759,0.0003199906272545,1.0,11.394500466877064,0.0877616357914875
1.0,14.8329,12.01948118819364,0.0831982665759541,0.0001804839244497,1.0,11.726808086796128,0.0852746964560591
2.0,14.8329,11.632922364356611,0.0859629221857449,0.0001099911750109,1.0,12.177029259154816,0.0821218360174498
3.0,14.8329,11.280097250268696,0.0886517179606922,7.242798266050931e-05,1.0,12.559708773179166,0.0796196805243976
4.0,14.8329,11.15556144940011,0.0896413869024741,4.335114991877078e-05,1.0,13.090058015149458,0.0763938554621128
5.0,14.8329,11.45891286769232,0.0872683134557586,2.3491796972453204e-05,1.0,13.937742340969733,0.071747631397986
6.0,14.8329,12.39596718640515,0.0806713977991742,1.394992805660977e-05,1.5,14.808864155546658,0.0675271235860077
7.5,14.8329,14.628928198517777,0.0683577078532193,8.957837212148033e-06,1.5,15.596027168657658,0.0641188931761824
9.0,14.8329,18.59930322159424,0.053765454978925,5.133124810283031e-06,1.5,16.77711481970236,0.0596050042421859
10.5,14.8329,24.76734803753273,0.0403757398040592,2.679789551286316e-06,1.5,18.392432325566595,0.0543701878195816
12.0,14.8329,33.609894899033826,0.02975314272788,1.5386453588402446e-06,1.5,20.00576829400907,0.04998558342293
13.5,14.8329,45.605700261190165,0.0219270835503645,9.61923837907279e-07,1.5,21.49445352586058,0.0465236298655777
15.0,14.8329,61.23657201348841,0.0163301107021427,5.338253757219355e-07,1.5,23.677325488416205,0.042234499858915
16.5,14.8329,80.99152241884069,0.0123469712648267,2.688084591362329e-07,2.0,26.59356691907692,0.0376030790846131
18.5,14.8329,104.73244478728328,0.0095481395667889,nan,2.0,nan,nan
20.5,14.8329,132.38647329026614,0.0075536418120862,nan,2.0,nan,nan
22.5,14.8329,163.81623190648335,0.0061044011839489,nan,2.0,nan,nan
24.5,14.8329,198.8455906796877,0.0050290277827224,nan,2.0,nan,nan
26.5,14.8329,237.2839586937851,0.0042143598981779,nan,2.0,nan,nan
28.5,14.8329,278.96394079458184,0.0035846926923661,nan,nan,nan,nan
Name:	69.51927961775606_8_150_1
Lambda:	69.51927961775606	Maximal Depth:	30	Filter time:	8 to 150 [us]
Chi2:	9.677043274100368	RelRMS:	86.24129828730295	AbsRMS:	1.7522274138558636e-06	Phi model:	0.6956225809611087
depth_vector,start_model,resistivity_model,conductivity_model,E/I[V/A],modelled_thickness,rhoa,sigma
0.0,14.8329,11.855613733009728,0.0843482271369628,0.0003216818291937,1.0,11.354528618095534,0.0880705869556148
1.0,14.8329,11.677410315363147,0.0856354254062966,0.0001808502702107,1.0,11.710966185653168,0.0853900510126206
2.0,14.8329,11.424321047782826,0.0875325540850477,0.0001099422749227,1.0,12.180639721540812,0.0820974942910061
3.0,14.8329,11.240110277056983,0.0889670986628283,7.230000887846306e-05,1.0,12.574525181115591,0.0795258656368034
4.0,14.8329,11.297968890665294,0.088511484646256,4.323592076429449e-05,1.0,13.11330546140418,0.076258423396241
5.0,14.8329,11.779497301866868,0.0848932661873028,2.341017381448538e-05,1.0,13.970120926508825,0.0715813417264314
6.0,14.8329,12.874747788907706,0.0776714244345473,1.3899001665892762e-05,1.5,14.845015538833303,0.067362677889025
7.5,14.8329,15.184177506705227,0.065858028830235,8.92883237550772e-06,1.5,15.629784151491473,0.0639804101136339
9.0,14.8329,19.08149673268105,0.0524067904111154,5.121004591173593e-06,1.5,16.803576057618994,0.0595111419480608
10.5,14.8329,24.938060254798177,0.0400993497402267,2.6772816596501e-06,1.5,18.40391636914768,0.0543362608230713
12.0,14.8329,33.123567525653826,0.030189984796339,1.539951985450847e-06,1.5,19.994450292998835,0.0500138781184774
13.5,14.8329,43.99605908241272,0.0227293085075373,9.645904755979164e-07,1.5,21.45482056702757,0.0466095718151486
15.0,14.8329,57.90457747599505,0.0172697918470186,5.368050245659278e-07,1.5,23.58962692496943,0.0423915139981085
16.5,14.8329,75.19204461719767,0.0132992792667228,2.713410559473345e-07,2.0,26.42783210059228,0.0378388963647755
18.5,14.8329,95.65613463221798,0.010454112575684,nan,2.0,nan,nan
20.5,14.8329,119.1590445939585,0.0083921451653758,nan,2.0,nan,nan
22.5,14.8329,145.4995496760046,0.0068728735052911,nan,2.0,nan,nan
24.5,14.8329,174.4516462663854,0.0057322474244411,nan,2.0,nan,nan
26.5,14.8329,205.78378629806545,0.0048594693391031,nan,2.0,nan,nan
28.5,14.8329,239.27857583578856,0.004179229153747,nan,nan,nan,nan
Name:	88.58667904100822_8_150_1
Lambda:	88.58667904100822	Maximal Depth:	30	Filter time:	8 to 150 [us]
Chi2:	10.100684418943349	RelRMS:	87.39963343682689	AbsRMS:	1.9854378202230484e-06	Phi model:	0.6123754068588874
depth_vector,start_model,resistivity_model,conductivity_model,E/I[V/A],modelled_thickness,rhoa,sigma
0.0,14.8329,11.464035640091598,0.0872293170916912,0.0003233184922812,1.0,11.316177885019982,0.0883690597797839
1.0,14.8329,11.35918969114019,0.0880344485117603,0.0001811787713298,1.0,11.696806215562018,0.0854934228686758
2.0,14.8329,11.234749105775537,0.0890095533585099,0.0001098667626949,1.0,12.186220310783469,0.0820598983521666
3.0,14.8329,11.215619338152884,0.0891613712849754,7.215309869699502e-05,1.0,12.591587968340386,0.0794181006013178
4.0,14.8329,11.45380121499942,0.0873072599418297,4.310884219951424e-05,1.0,13.139063554891704,0.0761089247968282
5.0,14.8329,12.113266556644376,0.0825541149716943,2.3322181464968883e-05,1.0,14.00523748357084,0.0714018595666851
6.0,14.8329,13.367422157657648,0.074808739351973,1.3844565828067064e-05,1.5,14.883903105550004,0.0671866776415061
7.5,14.8329,15.75458635395178,0.0634735801710951,8.897871884188046e-06,1.5,15.666019452679114,0.0638324242492234
9.0,14.8329,19.587467628714847,0.0510530518265678,5.108092263837449e-06,1.5,16.83188172822022,0.0594110638457853
10.5,14.8329,25.1635586337874,0.0397400071489605,2.674661409766406e-06,1.5,18.41593408706266,0.054300802515497
12.0,14.8329,32.76381859023412,0.0305214728633026,1.541403810283071e-06,1.5,19.98189334196295,0.0500453076636111
13.5,14.8329,42.64863609490314,0.0234474086762063,9.67491120531542e-07,1.5,21.41191650064149,0.0467029656112305
15.0,14.8329,55.05773751582479,0.0181627514155041,5.400417492179748e-07,1.5,23.49527668749968,0.042561746060732
16.5,14.8329,70.21368598452733,0.0142422376204599,2.7409977008123185e-07,2.0,26.250208989151364,0.0380949348027392
18.5,14.8329,87.86926142218336,0.0113805440470851,nan,2.0,nan,nan
20.5,14.8329,107.83207329724254,0.0092736786878192,nan,2.0,nan,nan
22.5,14.8329,129.87320306950986,0.0076998177943204,nan,2.0,nan,nan
24.5,14.8329,153.7426460243638,0.0065043761497478,nan,2.0,nan,nan
26.5,14.8329,179.19466974239026,0.0055805231340731,nan,2.0,nan,nan
28.5,14.8329,206.0007295347944,0.0048543517406868,nan,nan,nan,nan
Name:	112.88378916846884_8_150_1
Lambda:	112.88378916846884	Maximal Depth:	30	Filter time:	8 to 150 [us]
Chi2:	10.59494949489348	RelRMS:	88.60976207431577	AbsRMS:	2.2499505413079715e-06	Phi model:	0.5372772180898241
depth_vector,start_model,resistivity_model,conductivity_model,E/I[V/A],modelled_thickness,rhoa,sigma
0.0,14.8329,11.097667047895042,0.0901090288331974,0.0003248609962422,1.0,11.280328517366485,0.0886499004404404
1.0,14.8329,11.062142285930715,0.0903984033248099,0.0001814312895709,1.0,11.685950526451093,0.0855728421694499
2.0,14.8329,11.061911783604966,0.090400286999406,0.0001097323623519,1.0,12.196168746530894,0.0819929619524526
3.0,14.8329,11.20422082904171,0.0892520787708831,7.196130456310138e-05,1.0,12.61395110953472,0.0792773010864227
4.0,14.8329,11.621910217145764,0.086044374919082,4.29512704433733e-05,1.0,13.171178732125178,0.0759233490288116
5.0,14.8329,12.46124112070902,0.0802488283721695,2.3215863212156984e-05,1.0,14.04796338959736,0.0711846957645482
6.0,14.8329,13.879151468245674,0.0720505142038341,1.377874234118802e-05,1.5,14.931267467574536,0.0669735507833911
7.5,14.8329,16.353735084861157,0.0611481104965257,8.859609490840382e-06,1.5,15.711092076448564,0.0636492991788287
9.0,14.8329,20.1444466295476,0.0496414728282093,5.091184596786202e-06,1.5,16.869126572497077,0.0592798919198561
10.5,14.8329,25.48395792851691,0.0392403724258619,2.670232085371033e-06,1.5,18.43629376841353,0.054240836719215
12.0,14.8329,32.57657254915765,0.0306969064499039,1.542050980113195e-06,1.5,19.976302267311663,0.0500593146128127
13.5,14.8329,41.59572908513076,0.0240409297299099,9.700654811459386e-07,1.5,21.374017750604164,0.0467857756865451
15.0,14.8329,52.68595534983464,0.0189803903784225,5.432607190426276e-07,1.5,23.40237412085176,0.0427307073562673
16.5,14.8329,65.96740042079769,0.0151590026834637,2.769783982724846e-07,2.0,26.06801405874291,0.0383611884567252
18.5,14.8329,81.14367640490916,0.0123238192340457,nan,2.0,nan,nan
20.5,14.8329,97.98629742791816,0.0102055085889497,nan,2.0,nan,nan
22.5,14.8329,116.2471664221352,0.0086023602189892,nan,2.0,nan,nan
24.5,14.8329,135.67865114705435,0.007370356290734,nan,2.0,nan,nan
26.5,14.8329,156.04970847694312,0.0064082144706329,nan,2.0,nan,nan
28.5,14.8329,177.15396144003995,0.0056448074424712,nan,nan,nan,nan
Name:	143.8449888287663_8_150_1
Lambda:	143.8449888287663	Maximal Depth:	30	Filter time:	8 to 150 [us]
Chi2:	11.602866463045306	RelRMS:	92.15711243890703	AbsRMS:	2.691175915736649e-06	Phi model:	0.4340857147790807
depth_vector,start_model,resistivity_model,conductivity_model,E/I[V/A],modelled_thickness,rhoa,sigma
0.0,14.8329,10.6991332945519,0.0934655146795123,0.0003268929400574,1.0,11.233534796495112,0.0890191750073184
1.0,14.8329,10.74093762260527,0.0931017416855126,0.0001818882825765,1.0,11.66636840946938,0.0857164770476747
2.0,14.8329,10.880219171183668,0.0919099132348828,0.000109699837206,1.0,12.19857934000767,0.0819767591067183
3.0,14.8329,11.20211024928881,0.0892688946766514,7.183896343761868e-05,1.0,12.62826801336272,0.079187422926235
4.0,14.8329,11.818743165533252,0.0846113656921049,4.284763641307456e-05,1.0,13.19240794959991,0.0758011732066189
5.0,14.8329,12.85643197404718,0.0777820784194762,2.315279434142812e-05,1.0,14.073463189373417,0.0710557157498432
6.0,14.8329,14.456255402304102,0.0691742067479394,1.374987235528166e-05,1.5,14.95216049904881,0.0668799669494997
7.5,14.8329,17.03545654976548,0.0587010977415669,8.853529931851725e-06,1.5,15.718283602205185,0.0636201779601244
9.0,14.8329,20.796334784963115,0.0480853963133472,5.100461813750899e-06,1.5,16.848664892255094,0.0593518837483482
10.5,14.8329,25.887156389230697,0.0386291945304587,2.685465897603874e-06,1.5,18.366505445192058,0.0544469389119299
12.0,14.8329,32.39290860186229,0.0308709542662837,1.5577029321216513e-06,1.5,19.842261263672945,0.0503974817542994
13.5,14.8329,40.336825781767615,0.0247912417652854,9.843371238865074e-07,1.5,21.16691779831431,0.0472435339678806
15.0,14.8329,49.69541902210446,0.0201225790963791,5.548936169932429e-07,1.5,23.07414590950931,0.0433385488642455
16.5,14.8329,60.41660649473504,0.016551740622624,2.854455968990397e-07,2.0,25.54992604302241,0.039139056540365
18.5,14.8329,72.0735467838762,0.0138747161007443,nan,2.0,nan,nan
20.5,14.8329,84.39724465574136,0.011848728048872,nan,2.0,nan,nan
22.5,14.8329,97.15874352822776,0.0102924344602034,nan,2.0,nan,nan
24.5,14.8329,110.17143729926812,0.0090767627664111,nan,2.0,nan,nan
26.5,14.8329,123.2982247052012,0.0081104168562924,nan,2.0,nan,nan
28.5,14.8329,136.4368266544087,0.0073293994335779,nan,nan,nan,nan
Name:	183.29807108324357_8_150_1
Lambda:	183.2980710832436	Maximal Depth:	30	Filter time:	8 to 150 [us]
Chi2:	12.011476168345045	RelRMS:	93.0759012355247	AbsRMS:	2.7901679364557416e-06	Phi model:	0.4015496169204015
depth_vector,start_model,resistivity_model,conductivity_model,E/I[V/A],modelled_thickness,rhoa,sigma
0.0,14.8329,10.479063918614235,0.0954283710612427,0.0003275056405057,1.0,11.219519893532526,0.0891303736246725
1.0,14.8329,10.567973829163702,0.0946255182086437,0.0001818354566887,1.0,11.668627801716502,0.0856998797967397
2.0,14.8329,10.792116850568917,0.0926602272609088,0.0001094852658169,1.0,12.214512149950304,0.0818698272778801
3.0,14.8329,11.22677986294486,0.0890727361013466,7.163560098475975e-05,1.0,12.65215652664356,0.0790379092998216
4.0,14.8329,11.970969236108608,0.0835354247660792,4.2703083183983127e-05,1.0,13.22216272370851,0.0756305924300047
5.0,14.8329,13.134887328105677,0.0761331235678152,2.3064496817890448e-05,1.0,14.109358485697935,0.0708749445280349
6.0,14.8329,14.843272198548773,0.0673705896263069,1.3697842227888435e-05,1.5,14.989999604294011,0.0667111425215476
7.5,14.8329,17.461671243966055,0.0572682869828713,8.824019218127094e-06,1.5,15.753309183205632,0.0634787261755825
9.0,14.8329,21.15642363879741,0.0472669680411468,5.087837574842518e-06,1.5,16.876523971659932,0.0592539080724952
10.5,14.8329,26.04472025863932,0.0383954978233367,2.6824105143887315e-06,1.5,18.38044963564163,0.0544056331495228
12.0,14.8329,32.18910110325009,0.0310664158279036,1.5583985904191464e-06,1.5,19.8363558592673,0.0504124853927145
13.5,14.8329,39.60205558300595,0.0252512144957728,9.863985482217992e-07,1.5,21.13741707115185,0.0473094700565278
15.0,14.8329,48.254095833077606,0.0207236294191323,5.573735748015049e-07,1.5,23.005651540807804,0.043467580052066
16.5,14.8329,58.09045348219133,0.0172145325101751,2.876290491742539e-07,2.0,25.420458672096828,0.0393383932563603
18.5,14.8329,68.72005611723613,0.0145517925406522,nan,2.0,nan,nan
20.5,14.8329,79.89454951644525,0.0125164983850889,nan,2.0,nan,nan
22.5,14.8329,91.3911467345056,0.010941978908581,nan,2.0,nan,nan
24.5,14.8329,103.03248733003186,0.0097056765871993,nan,2.0,nan,nan
26.5,14.8329,114.68265991209292,0.0087197140419181,nan,2.0,nan,nan
28.5,14.8329,126.23418479267386,0.0079217844329758,nan,nan,nan,nan
Name:	233.57214690901213_8_150_1
Lambda:	233.57214690901213	Maximal Depth:	30	Filter time:	8 to 150 [us]
Chi2:	12.548245493368304	RelRMS:	94.30556696793352	AbsRMS:	2.9034482281747425e-06	Phi model:	0.366909974937291
depth_vector,start_model,resistivity_model,conductivity_model,E/I[V/A],modelled_thickness,rhoa,sigma
0.0,14.8329,10.259779981027483,0.0974679770764297,0.000328160219057,1.0,11.204595271675297,0.0892490960854207
1.0,14.8329,10.393901552667714,0.0962102628096702,0.0001817672378857,1.0,11.671547176507998,0.0856784439009729
2.0,14.8329,10.70374227678777,0.0934252688584074,0.0001092423162678,1.0,12.232615094389107,0.0817486688074313
3.0,14.8329,11.254179386889202,0.0888558788359968,7.140623728289182e-05,1.0,12.679235338681842,0.0788691094761209
4.0,14.8329,12.129184490377206,0.0824457737280984,4.253999344861828e-05,1.0,13.25593523315293,0.0754379062971741
5.0,14.8329,13.426999851075154,0.0744768013027069,2.29654548760502e-05,1.0,14.149895189236265,0.0706719015672069
6.0,14.8329,15.25802880110284,0.0655392654605371,1.3640013560071826e-05,1.5,15.03233779957685,0.0665232522933425
7.5,14.8329,17.937468244003593,0.0557492276165726,8.79169614082911e-06,1.5,15.791897408397416,0.063323612998413
9.0,14.8329,21.59183565680743,0.0463138019339602,5.074625648672038e-06,1.5,16.905803602504037,0.0591512845832352
10.5,14.8329,26.30164455557608,0.0380204362463713,2.679966633517151e-06,1.5,18.391622114281343,0.0543725830047087
12.0,14.8329,32.09921922158413,0.0311534057291829,1.5600764265379463e-06,1.5,19.82213086261688,0.0504486630085733
13.5,14.8329,38.97060999418601,0.0256603630312481,9.894964831238725e-07,1.5,21.093275726044784,0.0474084733441973
15.0,14.8329,46.87069127600921,0.021335294461762,5.607923791014012e-07,1.5,22.912055460335164,0.0436451457500693
16.5,14.8329,55.73399394441383,0.0179423710598839,2.905520536896929e-07,2.0,25.2496820183096,0.0396044591482323
18.5,14.8329,65.19725825613996,0.0153380682983831,nan,2.0,nan,nan
20.5,14.8329,75.03587770986964,0.0133269581235066,nan,2.0,nan,nan
22.5,14.8329,85.05277641868543,0.0117574057203887,nan,2.0,nan,nan
24.5,14.8329,95.09036933072672,0.0105163120833191,nan,2.0,nan,nan
26.5,14.8329,105.02396045467356,0.0095216367357578,nan,2.0,nan,nan
28.5,14.8329,114.75208704745305,0.0087144384536245,nan,nan,nan,nan
Name:	297.63514416313194_8_150_1
Lambda:	297.63514416313194	Maximal Depth:	30	Filter time:	8 to 150 [us]
Chi2:	13.158297998361707	RelRMS:	95.76778915992612	AbsRMS:	2.9778026636806114e-06	Phi model:	0.3356163691948959
depth_vector,start_model,resistivity_model,conductivity_model,E/I[V/A],modelled_thickness,rhoa,sigma
0.0,14.8329,10.064395996813875,0.0993601603431118,0.0003286392298266,1.0,11.193705059394896,0.0893359253878766
1.0,14.8329,10.240672804565042,0.0976498340572139,0.000181633278912,1.0,11.677285171828023,0.0856363431469966
2.0,14.8329,10.6293380702385,0.0940792355452442,0.0001089765012868,1.0,12.252498842142789,0.0816160044480456
3.0,14.8329,11.286889672807646,0.0885983675741243,7.116960848574649e-05,1.0,12.707324220469571,0.0786947733960507
4.0,14.8329,12.285715449678364,0.0813953411257119,4.237753999696546e-05,1.0,13.289791200101073,0.0752457269601342
5.0,14.8329,13.71074629385163,0.0729354900577829,2.2870424379654915e-05,1.0,14.189064905662182,0.0704768077846305
6.0,14.8329,15.657726697300935,0.0638662316268669,1.3586505683094828e-05,1.5,15.071779947056475,0.0663491640345572
7.5,14.8329,18.39392815001486,0.0543657663466078,8.76317385549494e-06,1.5,15.826145047169376,0.0631865812564922
9.0,14.8329,22.008850715227013,0.0454362662066739,5.064437169223985e-06,1.5,16.92846972520797,0.0590720848507005
10.5,14.8329,26.54803635718052,0.0376675693277603,2.679721213483799e-06,1.5,18.392745018061024,0.0543692634795967
12.0,14.8329,32.01622553913524,0.0312341627771719,1.5633697428077368e-06,1.5,19.794283542296697,0.0505196360284112
13.5,14.8329,38.37683948982431,0.0260573828719051,9.93813308985035e-07,1.5,21.0321495266634,0.0475462576344018
15.0,14.8329,45.571099524136656,0.0219437321118475,5.650633306999072e-07,1.5,22.796457835949592,0.0438664641321169
16.5,14.8329,53.52404118476241,0.0186831931570347,2.940295882286632e-07,2.0,25.050199506282546,0.0399198417461386
18.5,14.8329,61.89691874652515,0.0161558930598001,nan,2.0,nan,nan
20.5,14.8329,70.49524573351064,0.0141853537723699,nan,2.0,nan,nan
22.5,14.8329,79.14482139952582,0.0126350654700699,nan,2.0,nan,nan
24.5,14.8329,87.7108182694214,0.0114011021642541,nan,2.0,nan,nan
26.5,14.8329,96.0855936721196,0.0104073874322135,nan,2.0,nan,nan
28.5,14.8329,104.17946413801974,0.0095988207299201,nan,nan,nan,nan
Name:	379.26901907322497_8_150_1
Lambda:	379.26901907322497	Maximal Depth:	30	Filter time:	8 to 150 [us]
Chi2:	13.859643139182614	RelRMS:	97.49516973437206	AbsRMS:	2.9862880131223668e-06	Phi model:	0.3072515375429325
depth_vector,start_model,resistivity_model,conductivity_model,E/I[V/A],modelled_thickness,rhoa,sigma
0.0,14.8329,9.892565247464262,0.1010860151017278,0.0003288583116622,1.0,11.188733090754242,0.0893756238430913
1.0,14.8329,10.107533171380148,0.0989361086473143,0.0001813907730018,1.0,11.687690625977494,0.0855601018200604
2.0,14.8329,10.56923370702625,0.0946142386212178,0.0001086646697762,1.0,12.27592804682676,0.081460236341031
3.0,14.8329,11.326610753462498,0.0882876636061943,7.091216984143783e-05,1.0,12.738060647730205,0.0785048860776298
4.0,14.8329,12.441608609298733,0.0803754587853382,4.220891114526444e-05,1.0,13.325163709741044,0.0750459823070671
5.0,14.8329,13.986544386183374,0.0714972885645614,2.277663290691645e-05,1.0,14.227990811643489,0.0702839925354498
6.0,14.8329,16.042809725327263,0.0623332207463179,1.3536172139252136e-05,1.5,15.109119243995178,0.0661851947721857
7.5,14.8329,18.8296857177566,0.0531076309498352,8.737992188239637e-06,1.5,15.85653628101998,0.0630654754782091
9.0,14.8329,22.400593842064243,0.0446416736560877,5.05722454691636e-06,1.5,16.94456151003803,0.0590159857136223
10.5,14.8329,26.76863461911268,0.0373571537819865,2.681793420406364e-06,1.5,18.383269149336865,0.054397288745352
12.0,14.8329,31.91259511867101,0.0313355901104681,1.5684244863329356e-06,1.5,19.751731776612875,0.0506284720403126
13.5,14.8329,37.77960940211246,0.0264693048929215,9.994833940607069e-07,1.5,20.952530316625005,0.0477269324939976
15.0,14.8329,44.29929294412107,0.0225737237219879,5.702949516158372e-07,1.5,22.65682773081759,0.0441368055528713
16.5,14.8329,51.39194648831386,0.0194583017054509,2.9813876877573493e-07,2.0,24.8194932705806,0.0402909112244178
18.5,14.8329,58.74733625110597,0.0170220483823413,nan,2.0,nan,nan
20.5,14.8329,66.19598500509895,0.0151066563919695,nan,2.0,nan,nan
22.5,14.8329,73.59287117009649,0.0135882726696269,nan,2.0,nan,nan
24.5,14.8329,80.82620486105218,0.0123722250935707,nan,2.0,nan,nan
26.5,14.8329,87.8053376927488,0.0113888292702572,nan,2.0,nan,nan
28.5,14.8329,94.46003627232868,0.0105864875714952,nan,nan,nan,nan
Name:	483.2930238571752_8_150_1
Lambda:	483.2930238571752	Maximal Depth:	30	Filter time:	8 to 150 [us]
Chi2:	14.6210262739808	RelRMS:	99.4022878690394	AbsRMS:	2.873292290245979e-06	Phi model:	0.2831108905822811
depth_vector,start_model,resistivity_model,conductivity_model,E/I[V/A],modelled_thickness,rhoa,sigma
0.0,14.8329,9.760605095420226,0.102452664586257,0.0003286127353715,1.0,11.194306714168206,0.0893311238948222
1.0,14.8329,10.00805888887915,0.0999194760046016,0.0001809709561006,1.0,11.70575906829272,0.0854280353940216
2.0,14.8329,10.532011865951985,0.0949486207125166,0.0001082877284312,1.0,12.304399259536444,0.0812717450813339
3.0,14.8329,11.374082620115516,0.087919178486664,7.063040697293951e-05,1.0,12.771915098114905,0.0782967935754284
4.0,14.8329,12.586716761304569,0.079448836337869,4.203646903135911e-05,1.0,13.361580520960352,0.0748414454735573
5.0,14.8329,14.231633583356546,0.0702660024334429,2.268775930318803e-05,1.0,14.265122984366394,0.0701010430191125
6.0,14.8329,16.376381727574298,0.0610635497288278,1.3491853256885904e-05,1.5,15.142188741499863,0.066040650864384
7.5,14.8329,19.194575095489377,0.0520980534877792,8.717930809390612e-06,1.5,15.88085260956283,0.0629689113415635
9.0,14.8329,22.70879186505987,0.0440358080668578,5.053815299598736e-06,1.5,16.952181061398072,0.058989459608658
10.5,14.8329,26.907185734194204,0.03716479344509,2.686388113505815e-06,1.5,18.362301820120315,0.0544594032815787
12.0,14.8329,31.74708662754984,0.0314989533285932,1.5751664965429538e-06,1.5,19.6953307316146,0.0507734555782207
13.5,14.8329,37.16448808796432,0.0269074068135449,1.006319050375175e-06,1.5,20.8575392797546,0.0479442942231757
15.0,14.8329,43.08509021660588,0.0232098852520118,5.762612925589452e-07,1.5,22.500171132069728,0.0444441064083592
16.5,14.8329,49.42804424417925,0.0202314296527676,3.026758629210004e-07,2.0,24.570840912314136,0.0406986477820883
18.5,14.8329,55.90714982537267,0.017886799865912,nan,2.0,nan,nan
20.5,14.8329,62.37803119380394,0.016031285067223,nan,2.0,nan,nan
22.5,14.8329,68.72080610644338,0.0145516337286712,nan,2.0,nan,nan
24.5,14.8329,74.83919089719372,0.0133619830467394,nan,2.0,nan,nan
26.5,14.8329,80.66318011196354,0.0123972300448849,nan,2.0,nan,nan
28.5,14.8329,86.14391582850185,0.0116084808820489,nan,nan,nan,nan
Name:	615.8482110660261_8_150_1
Lambda:	615.8482110660261	Maximal Depth:	30	Filter time:	8 to 150 [us]
Chi2:	15.482443814237277	RelRMS:	101.52997290068062	AbsRMS:	2.61138316238677e-06	Phi model:	0.2617041106799262
depth_vector,start_model,resistivity_model,conductivity_model,E/I[V/A],modelled_thickness,rhoa,sigma
0.0,14.8329,9.666002933483096,0.1034553793208559,0.0003277997735727,1.0,11.212807410736358,0.0891837310112444
1.0,14.8329,9.941048902179617,0.1005930068185004,0.0001803162938837,1.0,11.734074825262578,0.0852218871015783
2.0,14.8329,10.517103742037827,0.0950832115502396,0.000107811474925,1.0,12.340608808594162,0.0810332792741624
3.0,14.8329,11.430113954376674,0.0874881916305911,7.030273097362457e-05,1.0,12.811570321223115,0.0780544441412807
4.0,14.8329,12.724023791744033,0.0785914908968379,4.184827322415937e-05,1.0,13.4016094519234,0.0746179034381933
5.0,14.8329,14.449334564165662,0.0692073393109741,2.259813313976452e-05,1.0,14.30281590930849,0.0699163022401193
6.0,14.8329,16.659887939753265,0.0600244133463727,1.3450694308530836e-05,1.5,15.173062941860673,0.0659062711221687
7.5,14.8329,19.488887616188464,0.0513112918342937,8.701486796085011e-06,1.5,15.900854001284268,0.0628897039064211
9.0,14.8329,22.93154474643968,0.0436080521856365,5.053627212226454e-06,1.5,16.952601679603355,0.0589879959961046
10.5,14.8329,26.954832934835167,0.0370990984220735,2.693401101198112e-06,1.5,18.33041387380045,0.0545541419241653
12.0,14.8329,31.50215550992801,0.0317438595490663,1.583652312901349e-06,1.5,19.624910992152447,0.0509556451185881
13.5,14.8329,36.500728820292494,0.0273967132251905,1.0144247362993109e-06,1.5,20.746283701692363,0.0482014038937694
15.0,14.8329,41.87450834720615,0.0238808773994052,5.830761177671036e-07,1.5,22.32451083704052,0.0447938146237369
16.5,14.8329,47.54546284244325,0.0210325011098075,3.077361706563265e-07,2.0,24.300740960541333,0.0411510085895637
18.5,14.8329,53.25052662719259,0.0187791570025402,nan,2.0,nan,nan
20.5,14.8329,58.86876514177311,0.0169869369196331,nan,2.0,nan,nan
22.5,14.8329,64.30043539116633,0.0155519942270465,nan,2.0,nan,nan
24.5,14.8329,69.4701334435597,0.0143946750989393,nan,2.0,nan,nan
26.5,14.8329,74.32589845391976,0.0134542605040956,nan,2.0,nan,nan
28.5,14.8329,78.83187200853479,0.0126852245737832,nan,nan,nan,nan
Name:	784.7599703514607_8_150_1
Lambda:	784.7599703514607	Maximal Depth:	30	Filter time:	8 to 150 [us]
Chi2:	16.47041014523676	RelRMS:	103.87725136604378	AbsRMS:	2.185167045202692e-06	Phi model:	0.2424866956978323
depth_vector,start_model,resistivity_model,conductivity_model,E/I[V/A],modelled_thickness,rhoa,sigma
0.0,14.8329,9.615301741917971,0.1040008963671408,0.0003263112871525,1.0,11.246880087288137,0.0889135468893508
1.0,14.8329,9.911221764489774,0.1008957345281921,0.0001793841291448,1.0,11.774690233150787,0.0849279242340127
2.0,14.8329,10.52729887858673,0.0949911284492996,0.0001072190992206,1.0,12.38602087870866,0.0807361791000192
3.0,14.8329,11.49386318197914,0.0870029496756032,6.992193853183264e-05,1.0,12.858042447749062,0.0777723361906509
4.0,14.8329,12.8474690133218,0.0778363426261686,4.164214025441682e-05,1.0,13.445799294495904,0.0743726704599372
5.0,14.8329,14.62800258789768,0.0683620332981988,2.250786729344956e-05,1.0,14.341030528695862,0.0697299959022496
6.0,14.8329,16.877109494088113,0.0592518523595696,1.3413264638243624e-05,1.5,15.201276751321297,0.065783948043251
7.5,14.8329,19.69342555992859,0.0507783674788788,8.68917388388596e-06,1.5,15.915871893012648,0.0628303624659744
9.0,14.8329,23.0490772857809,0.0433856847109843,5.057025359267896e-06,1.5,16.94500645213543,0.0590144360714586
10.5,14.8329,26.893277118131152,0.0371840142652533,2.7030438153245432e-06,1.5,18.28679386339817,0.0546842714731719
12.0,14.8329,31.15855742236806,0.03209391200127,1.5939941189803658e-06,1.5,19.53993488497421,0.0511772432143046
13.5,14.8329,35.77167471497484,0.0279550792063245,1.0238553392250966e-06,1.5,20.61869305245532,0.0484996792694829
15.0,14.8329,40.6551318509081,0.0245971407414747,5.90755137786067e-07,1.5,22.1306302587932,0.0451862413454162
16.5,14.8329,45.73492125606556,0.0218651300261586,3.133152255664921e-07,2.0,24.011403516927228,0.0416468782965991
18.5,14.8329,50.77137635596107,0.0196961373075439,nan,2.0,nan,nan
20.5,14.8329,55.65903661228503,0.0179665344724863,nan,2.0,nan,nan
22.5,14.8329,60.32088202554842,0.0165780069259673,nan,2.0,nan,nan
24.5,14.8329,64.69761354067067,0.0154565206546818,nan,2.0,nan,nan
26.5,14.8329,68.74912193665755,0.0145456403199062,nan,2.0,nan,nan
28.5,14.8329,72.45329582023065,0.0138019946322549,nan,nan,nan,nan
Name:	1000.0_8_150_1
Lambda:	1000.0	Maximal Depth:	30	Filter time:	8.0 to 150.0 [us]
Chi2:	17.645123437892867	RelRMS:	106.4773003948895	AbsRMS:	1.6288068424414012e-06	Phi model:	0.2245700597935584
depth_vector,start_model,resistivity_model,conductivity_model,E/I[V/A],modelled_thickness,rhoa,sigma
0.0,14.8329,9.6099559381837,0.10405874974167695,0.00032407694546293756,1.0,11.29851512001712,0.08850720553786229
1.0,14.8329,9.920362270324835,0.10080277037778537,0.00017814001071377527,1.0,11.829449072882252,0.08453479057553011
2.0,14.8329,10.56344258812769,0.0946661082935127,0.00010649256818619717,1.0,12.44229164266344,0.08037104648560839
3.0,14.8329,11.565293262483397,0.0864655981741419,6.947771062759374e-05,1.0,12.912792204851916,0.07744258438730665
4.0,14.8329,12.955487261588967,0.07718737086522763,4.14130180167466e-05,1.0,13.495347286601485,0.0740996121672856
5.0,14.8329,14.765119922959697,0.06772718441961344,2.2415042747935333e-05,1.0,14.3805957009243,0.06953814854385525
6.0,14.8329,17.02460153284501,0.058738526013118866,1.3378866209334918e-05,1.5,15.227321620076196,0.06567143092857299
7.5,14.8329,19.80306812158819,0.050497225675341505,8.680782650615147e-06,1.5,15.926126904330001,0.06278990529254917
9.0,14.8329,23.054289311186718,0.04337587624159667,5.064078617738402e-06,1.5,16.92926877235334,0.05906929669833518
10.5,14.8329,26.71488612072035,0.037432313784949635,2.715480897475488e-06,1.5,18.2309146701772,0.054851883083838725
12.0,14.8329,30.71119434794068,0.032561416813379464,1.6063560141900489e-06,1.5,19.43955800582412,0.05144149880878971
13.5,14.8329,34.96632428387964,0.028598945427644656,1.0347523163666946e-06,1.5,20.47368080565371,0.04884319578352783
15.0,14.8329,39.4048602117564,0.025377580192548203,5.994077265213451e-07,1.5,21.91714072223801,0.045626389531065056
16.5,14.8329,43.95912985617693,0.02274840296593097,3.1948862162624765e-07,2.0,23.70108797994024,0.042192155940113996
18.5,14.8329,48.40976701604877,0.020656988488882436,nan,2.0,nan,nan
20.5,14.8329,52.66915293527744,0.01898644546702415,nan,2.0,nan,nan
22.5,14.8329,56.67381814238589,0.017644832001394804,nan,2.0,nan,nan
24.5,14.8329,60.381564692789105,0.016561346250098453,nan,2.0,nan,nan
26.5,14.8329,63.76627856087777,0.01568227004254762,nan,2.0,nan,nan
28.5,14.8329,66.81463511423175,0.014966780830132776,nan,nan,nan,nan
