Name:	26.7_5_110_1
Lambda:	26.7	Maximal Depth:	30	Filter time:	5.0 to 110.0 [us]
Chi2:	0.8102300388405158	RelRMS:	10.879125114422942	AbsRMS:	1.8246324028156796e-05	Phi model:	0.2944421459706725
depth_vector,start_model,resistivity_model,conductivity_model,E/I[V/A],modelled_thickness,rhoa,sigma
0.0,18.4121,8.739473984476147,0.11442336252459719,0.0014127777603147715,1.0,10.056733808140555,0.09943586248554545
1.0,18.4121,9.457693999734108,0.10573401931042745,0.0008578822632825261,1.0,10.389305314745227,0.09625282631560843
2.0,18.4121,10.780856942305434,0.0927570048792573,0.0005582284790516255,1.0,10.705066383998545,0.0934137131082863
3.0,18.4121,12.432504031650987,0.08043431938201463,0.000337328229298655,1.0,11.000649763760556,0.09090372127783763
4.0,18.4121,14.047149139275492,0.07118882202254292,0.00018881007291510131,1.0,11.37947069327345,0.08787754957628326
5.0,18.4121,15.327359121314029,0.06524281137312252,0.0001164092212767414,1.0,11.725237669465159,0.08528611770524687
6.0,18.4121,16.143818703499118,0.06194321296381093,7.746620355650768e-05,1.5,12.009059046921127,0.08327047074153401
7.5,18.4121,16.41900684567814,0.060905023635045435,4.6978690311568483e-05,1.5,12.407226650656346,0.08059818911642914
9.0,18.4121,16.617668313395466,0.06017691418199159,2.6277745883497713e-05,1.5,12.934347316692019,0.07731352618848275
10.5,18.4121,17.193535196652643,0.05816139546419092,1.6157949512555046e-05,1.5,13.426997147313074,0.07447681629992106
12.0,18.4121,18.48531902638398,0.05409698358858218,1.0631668573289386e-05,1.5,13.912819172486453,0.07187615878581734
13.5,18.4121,20.73419419283223,0.04822950873806796,6.3384121155102545e-06,1.5,14.57644139346272,0.06860385007608802
15.0,18.4121,24.11077582520707,0.041475231126927525,3.474746124424274e-06,1.5,15.467646576667528,0.06465107636403261
16.5,18.4121,28.717229371609502,0.03482230082365197,2.0877858007719633e-06,2.0,16.32263599058881,0.061264614402757794
18.5,18.4121,34.64249196947964,0.02886628366345612,1.353606456017451e-06,2.0,17.116905577136382,0.058421774630557824
20.5,18.4121,41.63359621645035,0.024019063710015953,7.905619285916528e-07,2.0,18.22390837785015,0.054872971223638725
22.5,18.4121,49.36299862027188,0.020258088607877447,4.237380302831577e-07,2.0,19.633915484441154,0.05093227587703774
24.5,18.4121,57.48003713826623,0.017397344361391672,2.517886599594793e-07,2.0,20.93998920827232,0.04775551649305297
26.5,18.4121,65.67047495922135,0.015227543285181942,nan,2.0,nan,nan
28.5,18.4121,73.6906922064566,0.013570234856775878,nan,nan,nan,nan
