Name:	10.0_12_80_0.08
Lambda:	10.0	Maximal Depth:	20	Filter time:	12.0 to 80.0 [us]
Chi2:	0.5487678265669493	RelRMS:	5.926309214028977	AbsRMS:	8.132705499785287e-07	Phi model:	0.03861541216626496
depth_vector,start_model,resistivity_model,conductivity_model,E/I[V/A],modelled_thickness,rhoa,sigma
0.0,15.01,11.33043797511342,0.08825784159415867,0.00010207005047903866,1.0,12.79914691746559,0.07813020714961946
1.0,15.01,11.494428903700646,0.08699866764829427,6.904251778064698e-05,1.0,12.96699713900534,0.07711885714788606
2.0,15.01,11.827234937069257,0.08455061604177419,4.183212381001117e-05,1.0,13.40505838380503,0.07459870530725354
3.0,15.01,12.331985851163184,0.08108994058776653,2.346681720378e-05,1.0,13.947631477550583,0.07169676095970491
4.0,15.01,13.009542114895174,0.07686665611813176,1.488745880138527e-05,1.0,14.180428227207349,0.0705197321249682
5.0,15.01,13.857205324089309,0.07216462314097376,1.0070285542077725e-05,1.0,14.425190934009791,0.0693231725371713
6.0,15.01,14.866936411239394,0.06726335354767514,6.163683152379272e-06,1.5,14.850632667309386,0.06733719851554165
7.5,15.01,16.04394260279538,0.06232881934056329,3.5013398884913648e-06,1.5,15.38922604141529,0.06498052581129243
9.0,15.01,17.312050848917046,0.05776323144652471,2.2118743814174162e-06,1.5,15.70630221069402,0.06366870996020474
10.5,15.01,18.57724431331228,0.05382929691479641,1.5026430477373085e-06,1.5,15.965516836018645,0.06263499079115137
12.0,15.01,19.738659357776207,0.05066200200704319,9.292724783085055e-07,1.5,16.362013144943127,0.06111717373293162
13.5,15.01,20.704078928378838,0.04829966131114926,nan,1.5,nan,nan
15.0,15.01,21.405491699610685,0.04671698338133422,nan,1.5,nan,nan
16.5,15.01,21.80968508486426,0.045851189327533744,nan,1.5,nan,nan
18.0,15.01,21.920680242072848,0.045619022263765234,nan,1.5,nan,nan
19.5,15.01,21.774053807586938,0.045926220667809714,nan,nan,nan,nan
Name:	12.742749857031335_12_80_0.08
Lambda:	12.742749857031335	Maximal Depth:	20	Filter time:	12.0 to 80.0 [us]
Chi2:	0.5314750291395782	RelRMS:	5.832186713826385	AbsRMS:	8.615951626289582e-07	Phi model:	0.038931478659417165
depth_vector,start_model,resistivity_model,conductivity_model,E/I[V/A],modelled_thickness,rhoa,sigma
0.0,15.01,11.3385930305114,0.08819436391350023,0.0001022073699191071,1.0,12.787680259139895,0.07820026617300332
1.0,15.01,11.500794377237769,0.08695051552083982,6.913991411581492e-05,1.0,12.954816671663794,0.07719136637319696
2.0,15.01,11.829900586026177,0.08453156412668666,4.189208351289447e-05,1.0,13.39226431694203,0.07466997188331619
3.0,15.01,12.328949998173172,0.08110990799282776,2.3496702112599983e-05,1.0,13.935802523824577,0.07175761842853363
4.0,15.01,12.998791670969007,0.07693022746363117,1.490121320575447e-05,1.0,14.17170082320201,0.07056316051795229
5.0,15.01,13.83688740102205,0.07227058882665591,1.0075459579031382e-05,1.0,14.420252012211858,0.06934691565398061
6.0,15.01,14.83565648689066,0.06740517353469577,6.16300042201811e-06,1.5,14.85172940482055,0.06733222594773519
7.5,15.01,16.002219292847006,0.062491332089605854,3.4977485396681963e-06,1.5,15.399758268966147,0.0649360842251152
9.0,15.01,17.26409361189591,0.05792368962312305,2.2076437759203126e-06,1.5,15.726361595468305,0.06358749885848734
10.5,15.01,18.532223602395423,0.05396006552989911,1.4985368103689835e-06,1.5,15.994668960831202,0.06252083131253706
12.0,15.01,19.711205856385067,0.05073256335943897,9.257228483916643e-07,1.5,16.403812579667417,0.06096143778425654
13.5,15.01,20.713487449707234,0.048277722543247255,nan,1.5,nan,nan
15.0,15.01,21.47352326182157,0.04656897649292282,nan,1.5,nan,nan
16.5,15.01,21.95743568068842,0.045542658739494826,nan,1.5,nan,nan
18.0,15.01,22.16539669755846,0.04511536669723357,nan,1.5,nan,nan
19.5,15.01,22.126788445228712,0.04519408690851537,nan,nan,nan,nan
Name:	16.237767391887218_12_80_0.08
Lambda:	16.237767391887218	Maximal Depth:	20	Filter time:	12.0 to 80.0 [us]
Chi2:	0.5139176931776813	RelRMS:	5.735044233776372	AbsRMS:	8.948378655301355e-07	Phi model:	0.03927467973284205
depth_vector,start_model,resistivity_model,conductivity_model,E/I[V/A],modelled_thickness,rhoa,sigma
0.0,15.01,11.354357951346655,0.08807191073991089,0.00010229723675333578,1.0,12.780189951469572,0.07824609835983007
1.0,15.01,11.514264117216234,0.08684879813593913,6.92079277515148e-05,1.0,12.94632777364375,0.07724198069786314
2.0,15.01,11.838657193222069,0.08446903932420016,4.1936685163885554e-05,1.0,13.38276709470554,0.07472296221874904
3.0,15.01,12.330510165483089,0.08109964523603486,2.351965350604562e-05,1.0,13.926734982958319,0.07180433900865255
4.0,15.01,12.990718326547785,0.07697803730809893,1.4911315547664648e-05,1.0,14.16529926247946,0.07059504931524915
5.0,15.01,13.816998738248397,0.07237461759562783,1.007862319592001e-05,1.0,14.417234236278441,0.06936143116019267
6.0,15.01,14.802365019450507,0.0675567720891889,6.1614964030652825e-06,1.5,14.85414617421019,0.06732127099544791
7.5,15.01,15.956251833985394,0.06267135981584905,3.4939797886333764e-06,1.5,15.410830156374322,0.06488943099449927
9.0,15.01,17.210258779122455,0.05810487877225223,2.203439582541763e-06,1.5,15.746359317323682,0.063506743358754
10.5,15.01,18.480512474513816,0.05411105354243202,1.4945276466092091e-06,1.5,16.02326065285037,0.06240926997727584
12.0,15.01,19.677017774437882,0.0508207092895492,9.223003218950514e-07,1.5,16.444369013187732,0.060811089753461486
13.5,15.01,20.716558957174783,0.04827056472395813,nan,1.5,nan,nan
15.0,15.01,21.535576329665133,0.046434791653219225,nan,1.5,nan,nan
16.5,15.01,22.099081550744234,0.04525074934466328,nan,1.5,nan,nan
18.0,15.01,22.403146189026515,0.04463658771685465,nan,1.5,nan,nan
19.5,15.01,22.47095719113298,0.04450188710228147,nan,nan,nan,nan
Name:	20.6913808111479_12_80_0.08
Lambda:	20.6913808111479	Maximal Depth:	20	Filter time:	12.0 to 80.0 [us]
Chi2:	0.4962189990597151	RelRMS:	5.63542508954043	AbsRMS:	9.126851493790253e-07	Phi model:	0.03963536812767173
depth_vector,start_model,resistivity_model,conductivity_model,E/I[V/A],modelled_thickness,rhoa,sigma
0.0,15.01,11.376030628824166,0.08790412338256517,0.00010234081174584516,1.0,12.776561967684021,0.07826831682336119
1.0,15.01,11.533334821623946,0.08670519112348075,6.924665721311067e-05,1.0,12.941500093626413,0.07727079494381739
2.0,15.01,11.852403071782009,0.08437107597030533,4.1965486043195426e-05,1.0,13.376643339256855,0.0747571699893701
3.0,15.01,12.3361628442548,0.08106248374191333,2.3535240200992842e-05,1.0,13.92058546036924,0.07183605911166004
4.0,15.01,12.98559323456257,0.07700841863261135,1.491754053022993e-05,1.0,14.161358269899802,0.07061469535203528
5.0,15.01,13.798721635116532,0.0724704814288802,1.007968533128991e-05,1.0,14.416221418724424,0.06936630417601355
6.0,15.01,14.769225542570982,0.06770835729453713,6.159173624095548e-06,1.5,14.857880520424402,0.06730435061887521
7.5,15.01,15.909033842506988,0.06285736832918934,3.4900920420051093e-06,1.5,15.422272506978567,0.06484128714153513
9.0,15.01,17.15395554863913,0.05829559235854105,2.199340531439726e-06,1.5,15.7659182404648,0.06342795800078427
10.5,15.01,18.425285461238907,0.05427324326147837,1.4906965284080336e-06,1.5,16.050702295087383,0.06230256979509667
12.0,15.01,19.638253693606607,0.05092102462886291,9.190768173840696e-07,1.5,16.482797110110326,0.060669314396075015
13.5,15.01,20.713681404975354,0.04827727048847066,nan,1.5,nan,nan
15.0,15.01,21.58969523065681,0.04631839353526518,nan,1.5,nan,nan
16.5,15.01,22.230027427305938,0.04498420000920306,nan,1.5,nan,nan
18.0,15.01,22.626684024750844,0.0441956054588521,nan,1.5,nan,nan
19.5,15.01,22.796879726391253,0.04386565231742353,nan,nan,nan,nan
Name:	26.366508987303583_12_80_0.08
Lambda:	26.366508987303583	Maximal Depth:	20	Filter time:	12.0 to 80.0 [us]
Chi2:	0.47413888352808314	RelRMS:	5.508619477309838	AbsRMS:	8.233012679384539e-07	Phi model:	0.039085675428417066
depth_vector,start_model,resistivity_model,conductivity_model,E/I[V/A],modelled_thickness,rhoa,sigma
0.0,15.01,11.437918780466006,0.08742849282229802,0.00010205905135967805,1.0,12.800066494999212,0.07812459414884168
1.0,15.01,11.591192587203517,0.08627239971010259,6.908339870686299e-05,1.0,12.961881050727394,0.077149296162063
2.0,15.01,11.901976499177968,0.0840196584213611,4.18887979843453e-05,1.0,13.392964585171141,0.07466606766863347
3.0,15.01,12.372999198163315,0.08082114804860271,2.3504101869539717e-05,1.0,13.9328774467835,0.07177268326801058
4.0,15.01,13.005127357814489,0.07689274948923298,1.4900239671439472e-05,1.0,14.17231810574796,0.07056008710349392
5.0,15.01,13.796478621668316,0.07248226358495793,1.0068647255595964e-05,1.0,14.426755656252164,0.06931565376354226
6.0,15.01,14.741179259228398,0.06783717790922131,6.152728437667237e-06,1.5,14.868254790386011,0.06725738925637807
7.5,15.01,15.85317374316248,0.06307885198263867,3.4861646481964213e-06,1.5,15.433853136276417,0.06479263416402191
9.0,15.01,17.072811055879942,0.058572662505721115,2.196331328630372e-06,1.5,15.780315588086435,0.06337008879308875
10.5,15.01,18.327151842394535,0.05456385196126279,1.488234561707954e-06,1.5,16.068399060713375,0.0622339535022479
12.0,15.01,19.53748635239844,0.05118365699471054,9.172148017684136e-07,1.5,16.50509712144544,0.06058734417870693
13.5,15.01,20.62965900118785,0.048473898669019216,nan,1.5,nan,nan
15.0,15.01,21.544498266895022,0.04641556222901631,nan,1.5,nan,nan
16.5,15.01,22.245368443064002,0.04495317767199289,nan,1.5,nan,nan
18.0,15.01,22.720900097568908,0.044012340871433964,nan,1.5,nan,nan
19.5,15.01,22.98272695645973,0.04351093766612108,nan,nan,nan,nan
Name:	33.59818286283781_12_80_0.08
Lambda:	33.59818286283781	Maximal Depth:	20	Filter time:	12.0 to 80.0 [us]
Chi2:	0.4559545826181807	RelRMS:	5.401952729112275	AbsRMS:	8.077070200918276e-07	Phi model:	0.03936837880335927
depth_vector,start_model,resistivity_model,conductivity_model,E/I[V/A],modelled_thickness,rhoa,sigma
0.0,15.01,11.468402995744137,0.08719609873938809,0.00010200369827193258,1.0,12.804696779001159,0.0780963436510213
1.0,15.01,11.618913860032231,0.0860665645727772,6.905794606001718e-05,1.0,12.965065757068816,0.07713034540181794
2.0,15.01,11.924062683445136,0.08386403414235298,4.1881716434158324e-05,1.0,13.394474238012393,0.07465765226992516
3.0,15.01,12.386554407313016,0.0807327015339795,2.3502388163957157e-05,1.0,13.933554727166989,0.0717691945509244
4.0,15.01,13.007362963959686,0.07687953375105797,1.4897347139005697e-05,1.0,14.174152551524257,0.07055095508284637
5.0,15.01,13.784927123136493,0.07254300230007088,1.0064829940382216e-05,1.0,14.430403208741383,0.0692981329443545
6.0,15.01,14.714015170051436,0.0679624146395728,6.148577195278776e-06,1.5,14.874946288203347,0.06722713350521844
7.5,15.01,15.810882336267076,0.06324757712643243,3.4821261899172474e-06,1.5,15.445783956112292,0.06474258625145889
9.0,15.01,17.019705333345037,0.058755423811057306,2.1926275733354025e-06,1.5,15.798081178555256,0.06329882652821325
10.5,15.01,18.272090421005302,0.0547282755809054,1.4849677396706052e-06,1.5,16.09195664197366,0.06214284702903296
12.0,15.01,19.4938034997397,0.05129835232069273,9.145835321503385e-07,1.5,16.536738891479935,0.06047141498468119
13.5,15.01,20.61407490241446,0.048510544602846734,nan,1.5,nan,nan
15.0,15.01,21.575122324024566,0.046349679273265075,nan,1.5,nan,nan
16.5,15.01,22.33925173008169,0.04476425674783975,nan,1.5,nan,nan
18.0,15.01,22.89175758388412,0.04368384543369459,nan,1.5,nan,nan
19.5,15.01,23.239362566095714,0.043030440148944374,nan,nan,nan,nan
Name:	42.81332398719393_12_80_0.08
Lambda:	42.81332398719393	Maximal Depth:	20	Filter time:	12.0 to 80.0 [us]
Chi2:	0.43451562335477284	RelRMS:	5.273423925184231	AbsRMS:	6.896937304935731e-07	Phi model:	0.03864909276631763
depth_vector,start_model,resistivity_model,conductivity_model,E/I[V/A],modelled_thickness,rhoa,sigma
0.0,15.01,11.538015875547881,0.08667001421962553,0.00010161996130453892,1.0,12.836911894681972,0.07790035549081523
1.0,15.01,11.684553404765715,0.08558307411151336,6.882771330258538e-05,1.0,12.993962267969293,0.07695881974854163
2.0,15.01,11.981550440793034,0.08346165255836556,4.176698057180212e-05,1.0,13.41899318841576,0.07452123910930009
3.0,15.01,12.431531416232422,0.08044061238458956,2.3452665804479243e-05,1.0,13.953241604760915,0.07166793411351775
4.0,15.01,13.035363275394136,0.07671439444174324,1.4870285884260946e-05,1.0,14.191343617957171,0.07046549128263226
5.0,15.01,13.791545987492304,0.07250818732772311,1.004862942267968e-05,1.0,14.445908953895533,0.06922375069589073
6.0,15.01,14.695202390007008,0.06804942003929237,6.140267160606935e-06,1.5,14.888364103314576,0.06716654650979226
7.5,15.01,15.764143856288003,0.06343509733965794,3.478145570770958e-06,1.5,15.457566491829098,0.06469323619138899
9.0,15.01,16.946361752156623,0.059009716340602626,2.190152445075489e-06,1.5,15.809981390018688,0.06325118134745748
10.5,15.01,18.17825205268076,0.05501078965689274,1.483213018187335e-06,1.5,16.104645912710268,0.06209388305835213
12.0,15.01,19.390605981189786,0.05157136403937393,9.134405595502748e-07,1.5,16.55053077586127,0.0604210229594864
13.5,15.01,20.516883716113732,0.04874034545580678,nan,1.5,nan,nan
15.0,15.01,21.501746232853446,0.04650785053318399,nan,1.5,nan,nan
16.5,15.01,22.307561736679222,0.044827848592513334,nan,1.5,nan,nan
18.0,15.01,22.917309213284895,0.04363514017694153,nan,1.5,nan,nan
19.5,15.01,23.33357496182527,0.04285669905430449,nan,nan,nan,nan
Name:	54.5559478116852_12_80_0.08
Lambda:	54.5559478116852	Maximal Depth:	20	Filter time:	12.0 to 80.0 [us]
Chi2:	0.4152361331496819	RelRMS:	5.155105481130297	AbsRMS:	6.30080801618252e-07	Phi model:	0.038569907717447574
depth_vector,start_model,resistivity_model,conductivity_model,E/I[V/A],modelled_thickness,rhoa,sigma
0.0,15.01,11.58094653244016,0.08634872781761262,0.00010141534729983855,1.0,12.854172461099166,0.07779575099263057
1.0,15.01,11.724711692423815,0.08528994368758529,6.870552385745553e-05,1.0,13.00936379326841,0.07686770974284246
2.0,15.01,12.016050469606173,0.08322202062395091,4.170590322697196e-05,1.0,13.432091199236142,0.07444857134806143
3.0,15.01,12.457435539184956,0.08027334332611977,2.3424968132256042e-05,1.0,13.964238309628742,0.07161149629697106
4.0,15.01,13.049778949061539,0.07662965050238756,1.4853702638958421e-05,1.0,14.201904161666109,0.07041309310474068
5.0,15.01,13.791788922180636,0.07250691013634573,1.0037464649232998e-05,1.0,14.4566191894135,0.06917246604464025
6.0,15.01,14.679045500524348,0.06812432047875859,6.133316616822769e-06,1.5,14.899610078673472,0.06711585032895244
7.5,15.01,15.731020392100868,0.06356866719860953,3.473802630035591e-06,1.5,15.470447153590106,0.06463937273900566
9.0,15.01,16.898793982732975,0.05917582053617497,2.1869580015866055e-06,1.5,15.825373182333305,0.06318966311115826
10.5,15.01,18.12244973234217,0.055180177888166704,1.480711385561507e-06,1.5,16.122779796317182,0.06202404378359266
12.0,15.01,19.33646789836424,0.05171575311769294,9.11624853337834e-07,1.5,16.57249956030591,0.06034092783415594
13.5,15.01,20.477224557749402,0.04883474306685571,nan,1.5,nan,nan
15.0,15.01,21.490820223953495,0.04653149528864459,nan,1.5,nan,nan
16.5,15.01,22.339204725415662,0.044764350937805966,nan,1.5,nan,nan
18.0,15.01,23.00314877426768,0.04347230937003909,nan,1.5,nan,nan
19.5,15.01,23.481709901137474,0.04258633652362595,nan,nan,nan,nan
Name:	69.51927961775606_12_80_0.08
Lambda:	69.51927961775606	Maximal Depth:	20	Filter time:	12.0 to 80.0 [us]
Chi2:	0.4062635991486115	RelRMS:	5.099104857277514	AbsRMS:	9.070269391268011e-07	Phi model:	0.04229526500304278
depth_vector,start_model,resistivity_model,conductivity_model,E/I[V/A],modelled_thickness,rhoa,sigma
0.0,15.01,11.479220847161125,0.0871139263992212,0.00010230484448419056,1.0,12.77955635846629,0.07824997769484486
1.0,15.01,11.625599013062391,0.08601707308814034,6.925585223081142e-05,1.0,12.940354583156212,0.07727763513541183
2.0,15.01,11.922459970213756,0.0838753078222389,4.198976348811117e-05,1.0,13.371486812257581,0.07478599904711453
3.0,15.01,12.372844976981852,0.08082215544285702,2.3545525692608174e-05,1.0,13.916531172992734,0.07185698702997632
4.0,15.01,12.978505953454944,0.07705047126274153,1.490961142057395e-05,1.0,14.166378611440686,0.07058967061577796
5.0,15.01,13.739245231584817,0.07278420198084275,1.0062105259033116e-05,1.0,14.433008129229993,0.06928562577157991
6.0,15.01,14.651950625159198,0.06825029824239764,6.1369951534269e-06,1.5,14.89365556438996,0.06714268338465901
7.5,15.01,15.73973380097943,0.06353347601963723,3.4677212856044112e-06,1.5,15.488528891415417,0.06456391094406999
9.0,15.01,16.95525863374259,0.05897875235060727,2.1790027215643203e-06,1.5,15.863867487742427,0.06303633088039044
10.5,15.01,18.23943849762099,0.05482624918143353,1.4729459755512422e-06,1.5,16.17939660148775,0.06180700211700396
12.0,15.01,19.526419188533865,0.05121266681538883,9.048995742955753e-07,1.5,16.654510194149747,0.0600437952448023
13.5,15.01,20.750864776864905,0.04819076268642538,nan,1.5,nan,nan
15.0,15.01,21.855864753051872,0.045754309486215304,nan,1.5,nan,nan
16.5,15.01,22.799429026199363,0.043860747514811727,nan,1.5,nan,nan
18.0,15.01,23.55802068601893,0.04244838788996708,nan,1.5,nan,nan
19.5,15.01,24.126617195569423,0.04144799877637378,nan,nan,nan,nan
Name:	88.58667904100822_12_80_0.08
Lambda:	88.58667904100822	Maximal Depth:	20	Filter time:	12.0 to 80.0 [us]
Chi2:	0.37518153312968816	RelRMS:	4.900165111534513	AbsRMS:	6.049397988954709e-07	Phi model:	0.03971511523082536
depth_vector,start_model,resistivity_model,conductivity_model,E/I[V/A],modelled_thickness,rhoa,sigma
0.0,15.01,11.611183490050209,0.08612386505276697,0.00010133826989475022,1.0,12.860689516672723,0.07775632859370334
1.0,15.01,11.752196087188123,0.08509047947984537,6.865751898323309e-05,1.0,13.015427126448312,0.07683190035061746
2.0,15.01,12.037986213332376,0.08307037259209307,4.167739505990748e-05,1.0,13.438215712824537,0.07441464115252047
3.0,15.01,12.471160140419054,0.0801850019357059,2.3404952114266902e-05,1.0,13.972198693952693,0.07157069706092928
4.0,15.01,13.052982592307831,0.07661084299532457,1.483570519231189e-05,1.0,14.213387555212325,0.07035620439641643
5.0,15.01,13.78280912532235,0.07255414994921161,1.0021167414240778e-05,1.0,14.47228862838344,0.069097571619652
6.0,15.01,14.65725331690133,0.0682256066930969,6.119572926487211e-06,1.5,14.92191000672626,0.06701554958776966
7.5,15.01,15.699159818665914,0.06369767628016786,3.4629057247622834e-06,1.5,15.502884595966773,0.06450412462337234
9.0,15.01,16.864088685599565,0.059297600875042315,2.1782020726259544e-06,1.5,15.867754672448228,0.0630208886287067
10.5,15.01,18.09708836538093,0.05525750771670892,1.4735976078839543e-06,1.5,16.17462650908488,0.06182522974724178
12.0,15.01,19.337211696019132,0.05171376389316076,9.062784895831863e-07,1.5,16.637612528546523,0.060104777550518
13.5,15.01,20.523987834334385,0.04872347460307443,nan,1.5,nan,nan
15.0,15.01,21.604404442957208,0.04628685797103695,nan,1.5,nan,nan
16.5,15.01,22.538668483485562,0.0443681933000042,nan,1.5,nan,nan
18.0,15.01,23.303422242813557,0.04291215211140869,nan,1.5,nan,nan
19.5,15.01,23.891961492180908,0.04185508169043671,nan,nan,nan,nan
Name:	112.88378916846884_12_80_0.08
Lambda:	112.88378916846884	Maximal Depth:	20	Filter time:	12.0 to 80.0 [us]
Chi2:	0.35412385424915926	RelRMS:	4.760664519995732	AbsRMS:	4.0072355528007196e-07	Phi model:	0.036819702697379955
depth_vector,start_model,resistivity_model,conductivity_model,E/I[V/A],modelled_thickness,rhoa,sigma
0.0,15.01,11.756103414796582,0.08506219830810353,0.00010026863981300666,1.0,12.95198983400254,0.07720821378153994
1.0,15.01,11.891543884634615,0.0840933700200297,6.799326318178631e-05,1.0,13.100058615784619,0.07633553630020194
2.0,15.01,12.165843881717274,0.08219733951236967,4.132903930474513e-05,1.0,13.513622385478289,0.073999403821924
3.0,15.01,12.58115746152974,0.07948394279761364,2.3247667492911543e-05,1.0,14.035148131017758,0.07124969331745022
4.0,15.01,13.138229740722192,0.07611375502899612,1.4753323839516873e-05,1.0,14.266249363822565,0.07009550825151534
5.0,15.01,13.835914512357778,0.07227567061843533,9.975923568136414e-06,1.0,14.516013105005404,0.06888943904681241
6.0,15.01,14.670463651710957,0.06816417147684177,6.100768667346478e-06,1.5,14.952556583636188,0.06687819533780479
7.5,15.01,15.66401848390348,0.06384057839484876,3.458238779107832e-06,1.5,15.516829045943412,0.06444615694605667
9.0,15.01,16.77467255100956,0.05961368229151016,2.17799417245112e-06,1.5,15.868764426141716,0.06301687851340403
10.5,15.01,17.951185411949133,0.05570662755977965,1.474946787827149e-06,1.5,16.164761380318115,0.06186296082400447
12.0,15.01,19.137120652949356,0.05225446492891724,9.083291678958924e-07,1.5,16.612561960888296,0.060195411301059105
13.5,15.01,20.276623088271634,0.04931787683021134,nan,1.5,nan,nan
15.0,15.01,21.320584182271222,0.046903030022579464,nan,1.5,nan,nan
16.5,15.01,22.23172089712897,0.044980773401538214,nan,1.5,nan,nan
18.0,15.01,22.98744712907675,0.04350200326225452,nan,1.5,nan,nan
19.5,15.01,23.58015016612947,0.04240855096149473,nan,nan,nan,nan
Name:	143.8449888287663_12_80_0.08
Lambda:	143.8449888287663	Maximal Depth:	20	Filter time:	12.0 to 80.0 [us]
Chi2:	0.34705933469994293	RelRMS:	4.712939361035356	AbsRMS:	5.496397143722865e-07	Phi model:	0.0336061158359037
depth_vector,start_model,resistivity_model,conductivity_model,E/I[V/A],modelled_thickness,rhoa,sigma
0.0,15.01,11.916901317691583,0.08391443155742348,9.90862674034931e-05,1.0,13.054821300714543,0.07660005272881568
1.0,15.01,12.046426337913578,0.08301217074251403,6.725741676209177e-05,1.0,13.19543484997321,0.07578378517794965
2.0,15.01,12.308538633730944,0.08124441330992367,4.0942056726943776e-05,1.0,13.59864225723066,0.07353675323492541
3.0,15.01,12.704919563080333,0.07870966793886162,2.3072734257667866e-05,1.0,14.10600006542553,0.07089181875527188
4.0,15.01,13.235762029639742,0.07555288450794385,1.4662108073153973e-05,1.0,14.32535688551317,0.06980628880605913
5.0,15.01,13.899368716352047,0.07194571353615077,9.926270608851775e-06,1.0,14.564380611847447,0.06866066100926711
6.0,15.01,14.691557442977663,0.06806630296898744,6.080638898480833e-06,1.5,14.98553838991732,0.06673100251592078
7.5,15.01,15.633356315087829,0.06396579082860762,3.4538334525188548e-06,1.5,15.53002060586737,0.06439141488467773
9.0,15.01,16.68513784135452,0.05993357738534683,2.1784870205921966e-06,1.5,15.866370965023538,0.06302638468522134
10.5,15.01,17.799083658266394,0.05618266755747125,1.4770870486170462e-06,1.5,16.149142727214578,0.06192279162378059
12.0,15.01,18.92301087417282,0.052845712907392324,9.111264268279188e-07,1.5,16.57854293690206,0.06031893175449738
13.5,15.01,20.005542527894203,0.04998614751915257,nan,1.5,nan,nan
15.0,15.01,21.00153572619982,0.047615565501359064,nan,1.5,nan,nan
16.5,15.01,21.876516258617382,0.045711117262836116,nan,1.5,nan,nan
18.0,15.01,22.609182939210275,0.04422981594198775,nan,1.5,nan,nan
19.5,15.01,23.191665809033626,0.04311893799411682,nan,nan,nan,nan
Name:	183.29807108324357_12_80_0.08
Lambda:	183.29807108324357	Maximal Depth:	20	Filter time:	12.0 to 80.0 [us]
Chi2:	0.3588485743180087	RelRMS:	4.792317681075886	AbsRMS:	9.502750927432696e-07	Phi model:	0.030109151374988662
depth_vector,start_model,resistivity_model,conductivity_model,E/I[V/A],modelled_thickness,rhoa,sigma
0.0,15.01,12.095848388937188,0.08267299389388807,9.778993474737211e-05,1.0,13.169940302562454,0.07593048844765315
1.0,15.01,12.21898878089274,0.08183983289711624,6.644966729188065e-05,1.0,13.302153491714867,0.07517579770996038
2.0,15.01,12.467962961268306,0.0802055639005744,4.0516708122544146e-05,1.0,13.693649810878533,0.0730265498103784
3.0,15.01,12.843962809357745,0.07785759074850548,2.2880593468369172e-05,1.0,14.184860453238928,0.07049769740749638
4.0,15.01,13.346606139976851,0.07492541470934082,1.4562456019482708e-05,1.0,14.39063561881469,0.06948963384859624
5.0,15.01,13.973612929865316,0.0715634535620158,9.87254673362978e-06,1.0,14.617169896811847,0.06841269596367695
6.0,15.01,14.720322746027108,0.06793329312496844,6.05945055207679e-06,1.5,15.02045178850079,0.06657589359366475
7.5,15.01,15.606288587574468,0.06407673383639641,3.4498820049921027e-06,1.5,15.541876924961436,0.0643422930723331
9.0,15.01,16.594018351157917,0.06026267892672427,2.1798203507481078e-06,1.5,15.859900319217443,0.06305209868111844
10.5,15.01,17.63895149928636,0.05669271215131229,1.4801236286395789e-06,1.5,16.127047749877285,0.062007629388187886
12.0,15.01,18.69301819400183,0.05349590898707184,9.147444604847062e-07,1.5,16.534799327665738,0.06047850839815258
13.5,15.01,19.70926479895217,0.050737559731460116,nan,1.5,nan,nan
15.0,15.01,20.646602700430268,0.04843411841208919,nan,1.5,nan,nan
16.5,15.01,21.473628098753025,0.046568749137369574,nan,1.5,nan,nan
18.0,15.01,22.170745035843645,0.04510448333528219,nan,1.5,nan,nan
19.5,15.01,22.73035018087871,0.04399404285646347,nan,nan,nan,nan
Name:	233.57214690901213_12_80_0.08
Lambda:	233.57214690901213	Maximal Depth:	20	Filter time:	12.0 to 80.0 [us]
Chi2:	0.39463176410478396	RelRMS:	5.025577867539829	AbsRMS:	1.4411223229027892e-06	Phi model:	0.026404086933438983
depth_vector,start_model,resistivity_model,conductivity_model,E/I[V/A],modelled_thickness,rhoa,sigma
0.0,15.01,12.2941220053088,0.08133968408383974,9.638904235759023e-05,1.0,13.297238762524948,0.07520358307908692
1.0,15.01,12.410311292744348,0.08057815605194747,6.557637265653418e-05,1.0,13.419991330415039,0.0745156964247512
2.0,15.01,12.645005404558123,0.0790826075597826,4.0056821069527713e-05,1.0,13.798260261377159,0.07247290463125337
3.0,15.01,12.998900987365237,0.07692958050622795,2.267334298302169e-05,1.0,14.271169109205252,0.07007134400467413
4.0,15.01,13.471037574982427,0.07423333165198334,1.4455652768823857e-05,1.0,14.461430542244182,0.06914945219830347
5.0,15.01,14.058550148781288,0.0711310902914614,9.815589830977381e-06,1.0,14.67366136499319,0.0681493170058899
6.0,15.01,14.756295647462595,0.06776768532500595,6.0376914933023045e-06,1.5,15.056517990077683,0.06641641850121022
7.5,15.01,15.58205955931224,0.06417636873954664,3.4466442344839856e-06,1.5,15.551608739838802,0.06430202924526285
9.0,15.01,16.5004473679104,0.060604417425964556,2.182149640396873e-06,1.5,15.848612099475027,0.06309700772051353
10.5,15.01,17.47009812365622,0.057240663041606056,1.4841577519190154e-06,1.5,16.097810962360644,0.0621202474260734
12.0,15.01,18.447000805630935,0.054209354167467194,9.19243129638269e-07,1.5,16.4808089717375,0.06067663315040381
13.5,15.01,19.388616274759478,0.05157665641677698,nan,1.5,nan,nan
15.0,15.01,20.25799084063546,0.049363236851410856,nan,1.5,nan,nan
16.5,15.01,21.02698875126361,0.04755792718726334,nan,1.5,nan,nan
18.0,15.01,21.67803106014837,0.046129650669167174,nan,1.5,nan,nan
19.5,15.01,22.20417267030842,0.04503658005403675,nan,nan,nan,nan
Name:	297.63514416313194_12_80_0.08
Lambda:	297.63514416313194	Maximal Depth:	20	Filter time:	12.0 to 80.0 [us]
Chi2:	0.4588928328265895	RelRMS:	5.41933033694217	AbsRMS:	1.9785619151667202e-06	Phi model:	0.022603435156362026
depth_vector,start_model,resistivity_model,conductivity_model,E/I[V/A],modelled_thickness,rhoa,sigma
0.0,15.01,12.511390819201695,0.0799271651290169,9.490452980408192e-05,1.0,13.435544840109669,0.07442943415399575
1.0,15.01,12.620011683008052,0.07923922933814942,6.465109225092108e-05,1.0,13.547731608631192,0.07381309498063167
2.0,15.01,12.839189367617779,0.07788653717672699,3.9570024058129596e-05,1.0,13.911195150958088,0.07188454975639734
3.0,15.01,13.169137226676627,0.0759351188150965,2.245480113638055e-05,1.0,14.363615867754561,0.06962035250782074
4.0,15.01,13.608341473571459,0.0734843406113878,1.434387515645268e-05,1.0,14.536462426803373,0.06879252810203176
5.0,15.01,14.153388204904193,0.07065445994433311,9.756717735558748e-06,1.0,14.73262947098512,0.06787654586504262
6.0,15.01,14.798695299177147,0.06757352454277527,6.016038230458534e-06,1.5,15.092624529302588,0.066257528507284
7.5,15.01,15.560076921678956,0.06426703447762253,3.4444144170628567e-06,1.5,15.558319799825433,0.06427429265281076
9.0,15.01,16.40428980239868,0.06095966433449483,2.1856176630433415e-06,1.5,15.831842502378265,0.0631638421017503
10.5,15.01,17.29319316217988,0.05782622044533653,1.4892628663922492e-06,1.5,16.061001614872623,0.0622626174866947
12.0,15.01,18.18682986741699,0.05498484382875169,9.246495753755573e-07,1.5,16.41650377691607,0.06091430998883829
13.5,15.01,19.047072337558998,0.052501506912854844,nan,1.5,nan,nan
15.0,15.01,19.841138532503383,0.05040033354748361,nan,1.5,nan,nan
16.5,15.01,20.544268641744765,0.04867537596193899,nan,1.5,nan,nan
18.0,15.01,21.141090788904304,0.04730124902187357,nan,1.5,nan,nan
19.5,15.01,21.6255758283934,0.04624154325116491,nan,nan,nan,nan
Name:	379.26901907322497_12_80_0.08
Lambda:	379.26901907322497	Maximal Depth:	20	Filter time:	12.0 to 80.0 [us]
Chi2:	0.5543703376599559	RelRMS:	5.956483997312271	AbsRMS:	2.5415700441481026e-06	Phi model:	0.018845821833469605
depth_vector,start_model,resistivity_model,conductivity_model,E/I[V/A],modelled_thickness,rhoa,sigma
0.0,15.01,12.745520428590218,0.07845893822874755,9.336798014542495e-05,1.0,13.582548614471575,0.07362388520623783
1.0,15.01,12.845966919402935,0.07784544412064225,6.369396943306235e-05,1.0,13.683114209069432,0.07308277813958322
2.0,15.01,13.048425335440598,0.07663759988601211,3.9067357531600514e-05,1.0,14.03026782040474,0.07127447692378779
3.0,15.01,13.35265995453416,0.07489144510569448,2.223027231909276e-05,1.0,14.4601701208301,0.06915547961358245
4.0,15.01,13.756661761632703,0.07269205402643522,1.4230030829520148e-05,1.0,14.61388999325042,0.06842805033169544
5.0,15.01,14.256546680308272,0.07014321367047752,9.697610310557802e-06,1.0,14.792432903554072,0.06760213188188517
6.0,15.01,14.846387002736945,0.06735645513050745,5.995275114634319e-06,1.5,15.127450766465865,0.06610499121350795
7.5,15.01,15.53992333874923,0.06435038180056347,3.4434683023750464e-06,1.5,15.56116950049605,0.06426252216892327
9.0,15.01,16.30618442107399,0.06132642524928195,2.190316738483568e-06,1.5,15.80919078649485,0.06325434448259422
10.5,15.01,17.11031456489484,0.05844427910470423,1.4954562670667851e-06,1.5,16.016626749727823,0.062435119181196715
12.0,15.01,17.916414871793116,0.05581473789013224,9.309383153870218e-07,1.5,16.342488340018363,0.0611901920438437
13.5,15.01,18.690733439437807,0.05350244832500691,nan,1.5,nan,nan
15.0,15.01,19.404621712737526,0.051534114645666235,nan,1.5,nan,nan
16.5,15.01,20.036695198319908,0.04990843001314162,nan,1.5,nan,nan
18.0,15.01,20.573851768638395,0.04860538567330124,nan,1.5,nan,nan
19.5,15.01,21.011107365609718,0.047593874163756204,nan,nan,nan,nan
Name:	483.2930238571752_12_80_0.08
Lambda:	483.2930238571752	Maximal Depth:	20	Filter time:	12.0 to 80.0 [us]
Chi2:	0.6811179009096303	RelRMS:	6.602389390078136	AbsRMS:	3.1121868590475625e-06	Phi model:	0.015277474799474753
depth_vector,start_model,resistivity_model,conductivity_model,E/I[V/A],modelled_thickness,rhoa,sigma
0.0,15.01,12.992506719995326,0.07696744142999064,9.181869199882423e-05,1.0,13.73491078368675,0.07280717113850653
1.0,15.01,13.084256221554641,0.07642772986611403,6.272984145361051e-05,1.0,13.822959494534865,0.07234340810991788
2.0,15.01,13.268971896904324,0.07536378912923178,3.85622089459372e-05,1.0,14.152528896804153,0.0706587499161238
3.0,15.01,13.546026506142866,0.07382238618435591,2.20060026406974e-05,1.0,14.558249243469975,0.06868957820931282
4.0,15.01,13.913006629307308,0.07187519036277404,1.4117434054470982e-05,1.0,14.691491313883832,0.0680666093478866
5.0,15.01,14.365676541431567,0.06961036586866852,9.640101537501552e-06,1.0,14.851204835510853,0.06733460423418919
6.0,15.01,14.897900135999485,0.06712355371369329,5.9761757639297134e-06,1.5,15.159664322502701,0.0659645212932334
7.5,15.01,15.521346831168366,0.06442739865795044,3.4440004760176043e-06,1.5,15.559566431119764,0.06426914300130879
9.0,15.01,16.207471859153177,0.061699937454171766,2.196250399502283e-06,1.5,15.780703242529585,0.06336853210096256
10.5,15.01,16.924775325267596,0.05908497931473658,1.5026733257888843e-06,1.5,15.965302370968343,0.06263583217931544
12.0,15.01,17.641392121593547,0.05668486892119883,9.38015361344374e-07,1.5,16.26018516533664,0.06149991465852392
13.5,15.01,18.327845929992723,0.05456178559224701,nan,1.5,nan,nan
15.0,15.01,18.959489001734635,0.05274403755863401,nan,1.5,nan,nan
16.5,15.01,19.51819696851764,0.05123424062237792,nan,1.5,nan,nan
18.0,15.01,19.993078963320762,0.05001730858136442,nan,1.5,nan,nan
19.5,15.01,20.380211389078713,0.04906720450092471,nan,nan,nan,nan
Name:	615.8482110660261_12_80_0.08
Lambda:	615.8482110660261	Maximal Depth:	20	Filter time:	12.0 to 80.0 [us]
Chi2:	0.8360440533506801	RelRMS:	7.314835569884229	AbsRMS:	3.6731481959399106e-06	Phi model:	0.012029975977793362
depth_vector,start_model,resistivity_model,conductivity_model,E/I[V/A],modelled_thickness,rhoa,sigma
0.0,15.01,13.246718758207244,0.07549039262122417,9.029911178121411e-05,1.0,13.888571905487568,0.0720016432794567
1.0,15.01,13.329403442001789,0.07502211215611773,6.178534048667059e-05,1.0,13.96347566353519,0.07161540751715866
2.0,15.01,13.495674906005506,0.0740978133338856,3.8068731361447114e-05,1.0,14.274570498785858,0.07005464718430977
3.0,15.01,13.74459199696099,0.07275588829563699,2.1788417154809965e-05,1.0,14.655010587660595,0.06823604759739936
4.0,15.01,14.073453793919558,0.07105576318672041,1.4009378966616886e-05,1.0,14.766938703795974,0.06771884275126984
5.0,15.01,14.477820838779511,0.0690711683157077,9.585924866959678e-06,1.0,14.907108524797174,0.06708209028843881
6.0,15.01,14.951515061231541,0.06688285407229032,5.959375345407439e-06,1.5,15.18814260781265,0.06584083556639826
7.5,15.01,15.504232596954521,0.0644985163726471,3.446070241298745e-06,1.5,15.553335589849121,0.06429488994326397
9.0,15.01,16.110005133462273,0.062073226651113145,2.2033071516283853e-06,1.5,15.746990273038314,0.06350419874915274
10.5,15.01,16.740727827491742,0.059734559351582846,1.510753731565229e-06,1.5,15.908323573686816,0.06286017476122067
12.0,15.01,17.368486040397094,0.05757554214420966,9.457128547901666e-07,1.5,16.171833416822995,0.06183590779260283
13.5,15.01,17.967896663513674,0.05565481696200089,nan,1.5,nan,nan
15.0,15.01,18.5180817821159,0.05400127355338522,nan,1.5,nan,nan
16.5,15.01,19.0039569733505,0.052620620084665164,nan,1.5,nan,nan
18.0,15.01,19.41668233026421,0.05150210437554152,nan,1.5,nan,nan
19.5,15.01,19.75332053026354,0.05062440000747856,nan,nan,nan,nan
Name:	784.7599703514607_12_80_0.08
Lambda:	784.7599703514607	Maximal Depth:	20	Filter time:	12.0 to 80.0 [us]
Chi2:	1.0326057232399057	RelRMS:	8.129376746550374	AbsRMS:	4.312827846068945e-06	Phi model:	0.008903169700046721
depth_vector,start_model,resistivity_model,conductivity_model,E/I[V/A],modelled_thickness,rhoa,sigma
0.0,15.01,13.497003211533317,0.07409052100880369,8.858364954744323e-05,1.0,14.067303738180703,0.0710868279104442
1.0,15.01,13.575296321035227,0.07366321709313096,6.0702014812468976e-05,1.0,14.129119266144208,0.07077581986275475
2.0,15.01,13.732112133944298,0.07282200948010815,3.74871776716682e-05,1.0,14.421822838032863,0.06933936238370822
3.0,15.01,13.965095537373854,0.07160710052600548,2.1521123147412247e-05,1.0,14.776105020417695,0.06767683355107419
4.0,15.01,14.269593163223519,0.07007908274338627,1.3871570993313624e-05,1.0,14.864579517141951,0.06727401867283175
5.0,15.01,14.638976974926287,0.06831078440199784,9.51317020501194e-06,1.0,14.98301619669712,0.0667422358003218
6.0,15.01,15.065006812485448,0.06637899421135532,5.9326165771690255e-06,1.5,15.233778579032291,0.06564359556705096
7.5,15.01,15.550772840661471,0.06430548566597567,3.4437138732346256e-06,1.5,15.560429714840346,0.06426557738609728
9.0,15.01,16.071115617691508,0.06222343387905029,2.2083797174719103e-06,1.5,15.722867532746516,0.0636016297865048
10.5,15.01,16.601505584676005,0.060235500623693344,1.5180084895439818e-06,1.5,15.857597831662412,0.06306125370409689
12.0,15.01,17.11997527490556,0.058411299312201626,9.533261305489337e-07,1.5,16.085619418915858,0.062167329336665245
13.5,15.01,17.60846703585715,0.05679086078098915,nan,1.5,nan,nan
15.0,15.01,18.05353924333846,0.05539080102362688,nan,1.5,nan,nan
16.5,15.01,18.446480015080876,0.05421088463394926,nan,1.5,nan,nan
18.0,15.01,18.782951929649926,0.053239767835504326,nan,1.5,nan,nan
19.5,15.01,19.06232591977751,0.05245949545760739,nan,nan,nan,nan
Name:	1000.0_12_80_0.08
Lambda:	1000.0	Maximal Depth:	20	Filter time:	12.0 to 80.0 [us]
Chi2:	1.2199649814669378	RelRMS:	8.83616199567912	AbsRMS:	4.741210457939179e-06	Phi model:	0.0066613787693128
depth_vector,start_model,resistivity_model,conductivity_model,E/I[V/A],modelled_thickness,rhoa,sigma
0.0,15.01,13.7440346404345,0.07275883873706436,8.741268542449134e-05,1.0,14.1926535734794,0.07045898744887387
1.0,15.01,13.81083944081415,0.0724068949092822,5.999010734245111e-05,1.0,14.24068027491517,0.07022136447803627
2.0,15.01,13.944624141824683,0.07171222327898097,3.7131046567879795e-05,1.0,14.513891063143989,0.06889951120959982
3.0,15.01,14.143420076414216,0.07070425643848445,2.1377196876034093e-05,1.0,14.842352884264818,0.06737476246506402
4.0,15.01,14.403339466583743,0.0694283434977031,1.3808058784103955e-05,1.0,14.910125867207556,0.06706851497473543
5.0,15.01,14.71882712647731,0.06794019600930881,9.48768650423264e-06,1.0,15.00983355112108,0.06662299062772153
6.0,15.01,15.082941160130156,0.06630006637189392,5.9321791268268156e-06,1.5,15.234527481991309,0.06564036864169874
7.5,15.01,15.499369388489379,0.06451875395283184,3.4542222581968635e-06,1.5,15.528855215991658,0.06439624725009975
9.0,15.01,15.946651659917247,0.06270908911326839,2.220326886600645e-06,1.5,15.66641559868369,0.06383081016209101
10.5,15.01,16.403581301868527,0.06096229729334107,1.5291625803928815e-06,1.5,15.780390947274892,0.06336978616950485
12.0,15.01,16.85089538287167,0.05934402755929896,9.627325469046437e-07,1.5,15.98067126642843,0.0625755941867574
13.5,15.01,17.272532096244404,0.05789539104214093,nan,1.5,nan,nan
15.0,15.01,17.65636903671051,0.056636786301919415,nan,1.5,nan,nan
16.5,15.01,17.994442118396453,0.05557271480940546,nan,1.5,nan,nan
18.0,15.01,18.28272058125407,0.05469645480582009,nan,1.5,nan,nan
19.5,15.01,18.52056277521437,0.05399403960544203,nan,nan,nan,nan
