Name:	10.0_12_80_0.08
Lambda:	10	Maximal Depth:	20	Filter time:	12 to 80 [us]
Chi2:	0.4189932084591816	RelRMS:	5.1783747779962415	AbsRMS:	1.6079189060982085e-06	Phi model:	0.0958049800382402
depth_vector,start_model,resistivity_model,conductivity_model,E/I[V/A],modelled_thickness,rhoa,sigma
0.0,13.7266,11.410876241839569,0.0876356888643977,0.0001133850400005,1.0,11.93281036336417,0.083802555269811
1.0,13.7266,11.470120648285206,0.0871830411085955,7.704947565845033e-05,1.0,12.052321374925352,0.0829715677911213
2.0,13.7266,11.593792834691245,0.0862530505985732,4.690392314453232e-05,1.0,12.42040830435119,0.0805126510736103
3.0,13.7266,11.792729719644663,0.0847980089235973,2.63260430445725e-05,1.0,12.918523102413465,0.0774082294138699
4.0,13.7266,12.082810866387945,0.0827621992149035,1.6597622500918705e-05,1.0,13.188815899161028,0.075821818095407
5.0,13.7266,12.484353138677172,0.0801002654195953,1.1135396095840646e-05,1.0,13.490011308618708,0.0741289222909031
6.0,13.7266,13.021610248767294,0.076795417839715,6.729750834231945e-06,1.5,14.005732785229569,0.0713993344964141
7.5,13.7266,13.79570154507567,0.0724863463255297,3.748081947223126e-06,1.5,14.706192324238868,0.0679985667229301
9.0,13.7266,14.85601201271066,0.0673128157909679,2.3191741668658585e-06,1.5,15.218038509961191,0.0657114909615608
10.5,13.7266,16.247133899689153,0.0615493173241547,1.5446000748629572e-06,1.5,15.675070349997531,0.0637955669526011
12.0,13.7266,18.002825563734415,0.0555468360485833,9.302133854149998e-07,1.5,16.350977876973946,0.0611584216873192
13.5,13.7266,20.13862599086113,0.0496558206331354,nan,1.5,nan,nan
15.0,13.7266,22.64383689618635,0.0441621269657007,nan,1.5,nan,nan
16.5,13.7266,25.474871391737445,0.0392543689278188,nan,1.5,nan,nan
18.0,13.7266,28.552677708336898,0.0350229848918168,nan,1.5,nan,nan
19.5,13.7266,31.766474208969463,0.0314797290193962,nan,nan,nan,nan
Name:	12.742749857031335_12_80_0.08
Lambda:	12.742749857031336	Maximal Depth:	20	Filter time:	12 to 80 [us]
Chi2:	0.4422621280008936	RelRMS:	5.320223321633895	AbsRMS:	1.7628330338225388e-06	Phi model:	0.0906975959232149
depth_vector,start_model,resistivity_model,conductivity_model,E/I[V/A],modelled_thickness,rhoa,sigma
0.0,13.7266,11.273685707609,0.0887021357465256,0.0001138332861908,1.0,11.901464210800306,0.0840232749759078
1.0,13.7266,11.347328695068017,0.0881264680765472,7.728721013346047e-05,1.0,12.027593495501678,0.0831421514514936
2.0,13.7266,11.494672368433593,0.0869968249592025,4.699479491247438e-05,1.0,12.404391941720592,0.0806166077868458
3.0,13.7266,11.730212817364878,0.0852499452115348,2.63486798651532e-05,1.0,12.911122954851727,0.0774525967645766
4.0,13.7266,12.06518446798044,0.0828831090526531,1.6606147315915146e-05,1.0,13.184301834371755,0.0758477781047896
5.0,13.7266,12.517492920928646,0.079888201760278,1.1139494807011194e-05,1.0,13.486702059126369,0.0741471114002482
6.0,13.7266,13.10854082933362,0.0762861414568928,6.7313238013830695e-06,1.5,14.00355080574085,0.0714104596664185
7.5,13.7266,13.933411160576547,0.0717699340438196,3.74938935948243e-06,1.5,14.702773425519704,0.0680143787201599
9.0,13.7266,15.033510692516174,0.0665180622446232,2.3211044973712027e-06,1.5,15.20960002239082,0.0657479485672108
10.5,13.7266,16.444621698921587,0.0608101553388472,1.5467946213669828e-06,1.5,15.660240624188596,0.0638559792277657
12.0,13.7266,18.19173247803763,0.0549700255985663,9.322709516881036e-07,1.5,16.326910762100617,0.061248573877263
13.5,13.7266,20.27939902395608,0.0493111259765981,nan,1.5,nan,nan
15.0,13.7266,22.68745308447498,0.0440772261336068,nan,1.5,nan,nan
16.5,13.7266,25.3637987983358,0.0394262708023694,nan,1.5,nan,nan
18.0,13.7266,28.225256649895822,0.0354292615441529,nan,1.5,nan,nan
19.5,13.7266,31.16320047875441,0.0320891302766464,nan,nan,nan,nan
Name:	16.237767391887218_12_80_0.08
Lambda:	16.237767391887218	Maximal Depth:	20	Filter time:	12 to 80 [us]
Chi2:	0.4682481803201115	RelRMS:	5.474292971744126	AbsRMS:	1.9117700814444253e-06	Phi model:	0.0859021462975418
depth_vector,start_model,resistivity_model,conductivity_model,E/I[V/A],modelled_thickness,rhoa,sigma
0.0,13.7266,11.150622564399836,0.0896810912775993,0.0001142647720999,1.0,11.871483833141651,0.0842354682915287
1.0,13.7266,11.231176779007406,0.089037864836135,7.751471777534103e-05,1.0,12.00404777572555,0.0833052332582505
2.0,13.7266,11.40118540906576,0.0877101778561412,4.7080573851773774e-05,1.0,12.389320489196232,0.0807146768761065
3.0,13.7266,11.667523107149224,0.085707993960368,2.636936873512245e-05,1.0,12.904368868627094,0.0774931350909524
4.0,13.7266,12.043405742981069,0.0830329909446755,1.661396441180276e-05,1.0,13.180165914616833,0.0758715790437052
5.0,13.7266,12.544961924631265,0.079713275018919,1.1143478475452913e-05,1.0,13.483487637877849,0.0741647878395199
6.0,13.7266,13.191476391964926,0.0758065261451031,6.733162394917505e-06,1.5,14.001001433111837,0.0714234624414106
7.5,13.7266,14.071031790983085,0.07106799379423,3.7511033100519794e-06,1.5,14.698294432853595,0.0680351046557349
9.0,13.7266,15.215562952871323,0.0657221821563487,2.323427978175181e-06,1.5,15.199458367720093,0.0657918180902915
10.5,13.7266,16.650337158618058,0.0600588438824741,1.5493373130617206e-06,1.5,15.643102086780065,0.0639259396539447
12.0,13.7266,18.387581570052085,0.0543845310048116,9.346106740845536e-07,1.5,16.299650644625242,0.0613510081781873
13.5,13.7266,20.42180046503524,0.0489672789484026,nan,1.5,nan,nan
15.0,13.7266,22.722709342080808,0.0440088364880006,nan,1.5,nan,nan
16.5,13.7266,25.23375417989289,0.0396294579423633,nan,1.5,nan,nan
18.0,13.7266,27.873198936374425,0.0358767575362512,nan,1.5,nan,nan
19.5,13.7266,30.540715903480088,0.0327431748214537,nan,nan,nan,nan
Name:	20.6913808111479_12_80_0.08
Lambda:	20.6913808111479	Maximal Depth:	20	Filter time:	12 to 80 [us]
Chi2:	0.4933739270474513	RelRMS:	5.619246509189368	AbsRMS:	2.031581413567084e-06	Phi model:	0.0816935380241013
depth_vector,start_model,resistivity_model,conductivity_model,E/I[V/A],modelled_thickness,rhoa,sigma
0.0,13.7266,11.034095012048748,0.090628184632092,0.0001146152852887,1.0,11.847268125031428,0.0844076448212694
1.0,13.7266,11.127786519950815,0.0898651315971165,7.769421503488492e-05,1.0,11.985551982548698,0.083433787735102
2.0,13.7266,11.319840956166257,0.0883404637814518,4.714319605462348e-05,1.0,12.378346570413102,0.0807862337923397
3.0,13.7266,11.618192887359085,0.086071905475767,2.638090474245213e-05,1.0,12.900606658881197,0.0775157344489352
4.0,13.7266,12.03393809649086,0.0830983167755868,1.6617442645051994e-05,1.0,13.17832667088896,0.0758821681214663
5.0,13.7266,12.5811717660443,0.0794838524261253,1.114531382069916e-05,1.0,13.482007342536894,0.0741729309733361
6.0,13.7266,13.276744191929838,0.0753196706620168,6.734303565344398e-06,1.5,13.999419682808064,0.071431532353305
7.5,13.7266,14.202599903238612,0.0704096437844433,3.752776730325099e-06,1.5,14.693924645893016,0.0680553374335904
9.0,13.7266,15.382293180655685,0.0650098127929046,2.32583988824912e-06,1.5,15.188948597056855,0.0658373417758335
10.5,13.7266,16.831918974056585,0.0594109323803971,1.551985342103274e-06,1.5,15.625303303069494,0.0639987576947422
12.0,13.7266,18.554503170563244,0.0538952722585696,9.370506430975216e-07,1.5,16.27134344304014,0.0614577403212355
13.5,13.7266,20.53456420986828,0.0486983794630241,nan,1.5,nan,nan
15.0,13.7266,22.734142165108043,0.0439867047868989,nan,1.5,nan,nan
16.5,13.7266,25.09184744883503,0.0398535820066301,nan,1.5,nan,nan
18.0,13.7266,27.52610201909581,0.0363291540264678,nan,1.5,nan,nan
19.5,13.7266,29.942684945811816,0.0333971386270045,nan,nan,nan,nan
Name:	26.366508987303583_12_80_0.08
Lambda:	26.366508987303583	Maximal Depth:	20	Filter time:	12 to 80 [us]
Chi2:	0.5168705949738535	RelRMS:	5.751497029324333	AbsRMS:	2.1179501921482338e-06	Phi model:	0.0778662672808047
depth_vector,start_model,resistivity_model,conductivity_model,E/I[V/A],modelled_thickness,rhoa,sigma
0.0,13.7266,10.93712734838648,0.091431686597992,0.0001148733710785,1.0,11.82951665029082,0.0845343076612868
1.0,13.7266,11.040294425670778,0.0905772945397914,7.781828504010033e-05,1.0,11.972809108355548,0.083522587802901
2.0,13.7266,11.25126247142372,0.0888789149253098,4.717844564364933e-05,1.0,12.372180110623416,0.0808264987301103
3.0,13.7266,11.577331455409794,0.0863756906202011,2.638109607684292e-05,1.0,12.900544282582342,0.0775161092505336
4.0,13.7266,12.028434310155456,0.0831363396278194,1.6615271144344732e-05,1.0,13.179474856480352,0.0758755573260416
5.0,13.7266,12.617006030777228,0.0792581058898327,1.114418834170486e-05,1.0,13.482915047982765,0.0741679374557517
6.0,13.7266,13.357723676566184,0.0748630548297931,6.734346050579871e-06,1.5,13.999360803617458,0.0714318327835081
7.5,13.7266,14.326294128269517,0.0698017219977872,3.754267766125866e-06,1.5,14.690033852880246,0.0680733625269306
9.0,13.7266,15.537797871348284,0.0643591845047747,2.3283008784120737e-06,1.5,15.178243668684622,0.0658837756085821
10.5,13.7266,16.998934782050636,0.0588272155179929,1.5547444838921167e-06,1.5,15.606811437485614,0.0640745871766044
12.0,13.7266,18.703045499618604,0.0534672281057324,9.396233080584824e-07,1.5,16.241629520924878,0.0615701767308293
13.5,13.7266,20.62577206446518,0.0484830335986712,nan,1.5,nan,nan
15.0,13.7266,22.72261872259945,0.0440090119984903,nan,1.5,nan,nan
16.5,13.7266,24.929645750647097,0.0401128844750649,nan,1.5,nan,nan
18.0,13.7266,27.167940640549777,0.0368080898449638,nan,1.5,nan,nan
19.5,13.7266,29.3514607758711,0.0340698545682628,nan,nan,nan,nan
Name:	33.59818286283781_12_80_0.08
Lambda:	33.59818286283781	Maximal Depth:	20	Filter time:	12 to 80 [us]
Chi2:	0.5364540563770148	RelRMS:	5.859441919511529	AbsRMS:	2.1574577708110328e-06	Phi model:	0.0743481610241149
depth_vector,start_model,resistivity_model,conductivity_model,E/I[V/A],modelled_thickness,rhoa,sigma
0.0,13.7266,10.860205807557897,0.0920792863155571,0.0001150022387545,1.0,11.820677824287758,0.0845975175759647
1.0,13.7266,10.972165911259829,0.0911397082479205,7.786447729093534e-05,1.0,11.968073481215416,0.0835556367171005
2.0,13.7266,11.199021476652204,0.0892935156955281,4.717483371260234e-05,1.0,12.372811618113252,0.0808223733509402
3.0,13.7266,11.549256122143836,0.0865856631305163,2.636483246073448e-05,1.0,12.905849024172964,0.0774842475010343
4.0,13.7266,12.03085777819268,0.0831195928367315,1.6604692261367122e-05,1.0,13.185072042289606,0.0758433474457033
5.0,13.7266,12.655249712328288,0.0790185909192954,1.1138489719071883e-05,1.0,13.487513367066594,0.0741426512645222
6.0,13.7266,13.43469707982324,0.0744341308224835,6.732501288201702e-06,1.5,14.001917982469354,0.0714187871441625
7.5,13.7266,14.439196134251208,0.0692559329967061,3.7552393353806457e-06,1.5,14.687499970753947,0.0680851065185512
9.0,13.7266,15.675688182449166,0.0637930525512507,2.3306298875687825e-06,1.5,15.16813019137779,0.0659277041654377
10.5,13.7266,17.141843748917385,0.0583367818915719,1.55750289659351e-06,1.5,15.588379050497,0.0641503517947953
12.0,13.7266,18.822758505208828,0.053127175792181,9.422683817078354e-07,1.5,16.211220328637427,0.0616856707717111
13.5,13.7266,20.685461486189013,0.0483431322365066,nan,1.5,nan,nan
15.0,13.7266,22.68123373650647,0.0440893124076603,nan,1.5,nan,nan
16.5,13.7266,24.74453629830216,0.0404129617926449,nan,1.5,nan,nan
18.0,13.7266,26.80076105753741,0.0373123732513842,nan,1.5,nan,nan
19.5,13.7266,28.77222873538168,0.0347557364845457,nan,nan,nan,nan
Name:	42.81332398719393_12_80_0.08
Lambda:	42.81332398719393	Maximal Depth:	20	Filter time:	12 to 80 [us]
Chi2:	0.5501504164015713	RelRMS:	5.933770019953634	AbsRMS:	2.1363086280578733e-06	Phi model:	0.071010940186951
depth_vector,start_model,resistivity_model,conductivity_model,E/I[V/A],modelled_thickness,rhoa,sigma
0.0,13.7266,10.808955314647765,0.0925158788143798,0.0001149638487648,1.0,11.823309204802076,0.0845786896610846
1.0,13.7266,10.926837197323968,0.0915177907331596,7.780954197679943e-05,1.0,11.973705974086814,0.0835163317158592
2.0,13.7266,11.167225653226588,0.0895477561798051,4.712041581483296e-05,1.0,12.382335768195537,0.0807602070175269
3.0,13.7266,11.536472920811052,0.0866816059695389,2.632675528329968e-05,1.0,12.91829010461736,0.0774096255697626
4.0,13.7266,12.042665364812734,0.0830380957791855,1.6582791275055815e-05,1.0,13.196678554619345,0.0757766430288598
5.0,13.7266,12.695449556531743,0.0787683803985897,1.1126509428453656e-05,1.0,13.497193272972916,0.0740894776992208
6.0,13.7266,13.505656037668189,0.0740430525707845,6.727943531036491e-06,1.5,14.008240879256975,0.0713865508609844
7.5,13.7266,14.537392249548509,0.0687881280792335,3.755356200999997e-06,1.5,14.68719525528592,0.0680865190813133
9.0,13.7266,15.790438600577309,0.0633294631830834,2.332661793031321e-06,1.5,15.159320603741316,0.0659660169568021
10.5,13.7266,17.254644663703694,0.0579554096586855,1.5601696850889772e-06,1.5,15.570610572219689,0.0642235572819572
12.0,13.7266,18.906626571482764,0.0528915084993702,9.449478076492448e-07,1.5,16.180560915461648,0.0618025546348291
13.5,13.7266,20.70785738890664,0.0482908483103475,nan,1.5,nan,nan
15.0,13.7266,22.60507242674617,0.0442378587036424,nan,1.5,nan,nan
16.5,13.7266,24.53349091092315,0.0407606077598506,nan,1.5,nan,nan
18.0,13.7266,26.42261796764626,0.0378463633400926,nan,1.5,nan,nan
19.5,13.7266,28.20358963022865,0.0354564795868465,nan,nan,nan,nan
Name:	54.5559478116852_12_80_0.08
Lambda:	54.5559478116852	Maximal Depth:	20	Filter time:	12 to 80 [us]
Chi2:	0.5577047702587447	RelRMS:	5.97437070297447	AbsRMS:	2.046991376258867e-06	Phi model:	0.0676809214962025
depth_vector,start_model,resistivity_model,conductivity_model,E/I[V/A],modelled_thickness,rhoa,sigma
0.0,13.7266,10.78273302033872,0.0927408661712916,0.0001147373771976,1.0,11.838862191027324,0.0844675766863728
1.0,13.7266,10.905715098578836,0.0916950416328328,7.76399593402936e-05,1.0,11.991135093266472,0.083394940697611
2.0,13.7266,11.156282796610157,0.0896355908353139,4.700758699451514e-05,1.0,12.402141451148196,0.0806312364633947
3.0,13.7266,11.540389560995294,0.0866521874945923,2.6263106834876536e-05,1.0,12.939153271410524,0.0772848098344682
4.0,13.7266,12.065336474825088,0.0828820648381045,1.6547488085098562e-05,1.0,13.215441497068207,0.075669057308592
5.0,13.7266,12.739551518059956,0.0784956988935105,1.1107039063474276e-05,1.0,13.512962165626767,0.0740030193042146
6.0,13.7266,13.572141644652977,0.0736803391964281,6.720102520969073e-06,1.5,14.019135297263816,0.0713310756188489
7.5,13.7266,14.62190396857282,0.0683905462755959,3.754417047002753e-06,1.5,14.689644452761176,0.068075167048174
9.0,13.7266,15.882088772739344,0.0629640102324853,2.3343331362106467e-06,1.5,15.15208386131502,0.0659975227930933
10.5,13.7266,17.33549350877476,0.057685118655193,1.5627385927408655e-06,1.5,15.55354206283278,0.0642940364297873
12.0,13.7266,18.9520795124232,0.0527646583238791,9.476872872313944e-07,1.5,16.149363775493452,0.0619219440407611
13.5,13.7266,20.688239473937656,0.0483366407885874,nan,1.5,nan,nan
15.0,13.7266,22.48839099671529,0.0444673876466334,nan,1.5,nan,nan
16.5,13.7266,24.28904476352024,0.0411708245316383,nan,1.5,nan,nan
18.0,13.7266,26.02479212347088,0.0384248986603099,nan,1.5,nan,nan
19.5,13.7266,27.63504460697528,0.0361859376100877,nan,nan,nan,nan
Name:	69.51927961775606_12_80_0.08
Lambda:	69.51927961775606	Maximal Depth:	20	Filter time:	12 to 80 [us]
Chi2:	0.5598418248982848	RelRMS:	5.98580627764466	AbsRMS:	1.880592857746984e-06	Phi model:	0.0642097706542863
depth_vector,start_model,resistivity_model,conductivity_model,E/I[V/A],modelled_thickness,rhoa,sigma
0.0,13.7266,10.784214922590458,0.0927281222766832,0.0001142969200995,1.0,11.869257687707808,0.0842512671231017
1.0,13.7266,10.910750184490327,0.0916527262645518,7.733941815673405e-05,1.0,12.02218006325278,0.0831795892873555
2.0,13.7266,11.168462274203062,0.0895378410606984,4.682758483089776e-05,1.0,12.433903136530075,0.0804252686400667
3.0,13.7266,11.562796242001852,0.0864842706790508,2.616978263640375e-05,1.0,12.969896605169405,0.0771016169551753
4.0,13.7266,12.100309745787872,0.0826425125479205,1.649656678591611e-05,1.0,13.242622979783878,0.0755137408598428
5.0,13.7266,12.788357159492534,0.0781961269558162,1.1078819930465217e-05,1.0,13.53589856632026,0.0738776221689618
6.0,13.7266,13.634279025694434,0.073344545620304,6.708415148060772e-06,1.5,14.035413292359358,0.071248347246346
7.5,13.7266,14.691900379791807,0.0680647141724065,3.752246646030928e-06,1.5,14.69530849864877,0.0680489286830521
9.0,13.7266,15.948867091450682,0.0627003782943332,2.335602465445081e-06,1.5,15.146593564684508,0.0660214453982299
10.5,13.7266,17.381842948130153,0.0575312987802352,1.5652203278129627e-06,1.5,15.537097102911453,0.0643620872918798
12.0,13.7266,18.95548707986413,0.0527551729895809,9.50525352528739e-07,1.5,16.11720206127303,0.0620455086558004
13.5,13.7266,20.6225656302279,0.0484905718294445,nan,1.5,nan,nan
15.0,13.7266,22.32626140831172,0.0447903024026994,nan,1.5,nan,nan
16.5,13.7266,24.00539873909624,0.0416572959636515,nan,1.5,nan,nan
18.0,13.7266,25.59997275159552,0.0390625415778098,nan,1.5,nan,nan
19.5,13.7266,27.0569629076992,0.0369590631221749,nan,nan,nan,nan
Name:	88.58667904100822_12_80_0.08
Lambda:	88.58667904100822	Maximal Depth:	20	Filter time:	12 to 80 [us]
Chi2:	0.55930742777919	RelRMS:	5.98294871930791	AbsRMS:	1.6317965337759197e-06	Phi model:	0.0604659249128367
depth_vector,start_model,resistivity_model,conductivity_model,E/I[V/A],modelled_thickness,rhoa,sigma
0.0,13.7266,10.81483421197808,0.092465587580847,0.0001136240130859,1.0,11.91607316757279,0.0839202634909376
1.0,13.7266,10.943492921469383,0.091378502931012,7.689607352243324e-05,1.0,12.068345059720851,0.0828614027069533
2.0,13.7266,11.205240658363916,0.0892439556176395,4.657389046286005e-05,1.0,12.479015026854109,0.0801345296762652
3.0,13.7266,11.605193347073843,0.0861683187942872,2.6043685296513345e-05,1.0,13.011727667474116,0.0768537449872806
4.0,13.7266,12.149114434887323,0.0823105260354125,1.642839276911379e-05,1.0,13.279233562424304,0.0753055509792115
5.0,13.7266,12.843104355585329,0.0778627948752211,1.1040965691559712e-05,1.0,13.566819701701212,0.073709242253334
6.0,13.7266,13.693037254836367,0.0730298166425276,6.692531076503392e-06,1.5,14.057612309132072,0.0711358357315333
7.5,13.7266,14.747911032519651,0.0678062132186019,3.748788021205528e-06,1.5,14.704345685502195,0.0680071062927984
9.0,13.7266,15.990452618093377,0.0625373167278885,2.3365088186724552e-06,1.5,15.142676309575458,0.0660385244692611
10.5,13.7266,17.392592765834152,0.057495740483523,1.5676855447955045e-06,1.5,15.520804566306047,0.064429649618222
12.0,13.7266,18.914831386145032,0.0528685653910979,9.535417058030868e-07,1.5,16.083194919356604,0.0621767008989283
13.5,13.7266,20.50750230638687,0.0487626423276597,nan,1.5,nan,nan
15.0,13.7266,22.11409856481067,0.0452200209323142,nan,1.5,nan,nan
16.5,13.7266,23.67623592274828,0.0422364434643597,nan,1.5,nan,nan
18.0,13.7266,25.13932146878292,0.0397783210355046,nan,1.5,nan,nan
19.5,13.7266,26.45776521736564,0.0377960871518977,nan,nan,nan,nan
Name:	112.88378916846884_12_80_0.08
Lambda:	112.88378916846884	Maximal Depth:	20	Filter time:	12 to 80 [us]
Chi2:	0.5610104510639352	RelRMS:	5.992050472759041	AbsRMS:	1.300143049550756e-06	Phi model:	0.056352000671986
depth_vector,start_model,resistivity_model,conductivity_model,E/I[V/A],modelled_thickness,rhoa,sigma
0.0,13.7266,10.875931886598762,0.0919461440570616,0.0001127064004975,1.0,11.980663140138915,0.0834678338171191
1.0,13.7266,11.005215516331733,0.0908660078956201,7.630198327103075e-05,1.0,12.130907123283457,0.0824340661285461
2.0,13.7266,11.268036351600571,0.0887466075540264,4.6242097973310815e-05,1.0,12.538636137004408,0.0797534906566727
3.0,13.7266,11.6690184509305,0.0856970107815931,2.588275250079609e-05,1.0,13.065607812111722,0.0765368143893778
4.0,13.7266,12.213101778400366,0.081879281622672,1.6341940995428305e-05,1.0,13.326025371241204,0.075041129829911
5.0,13.7266,12.905202644911398,0.0774881284327841,1.0992980103720684e-05,1.0,13.606271491579172,0.0734955201076865
6.0,13.7266,13.749622240933222,0.0727292708466532,6.672322070386304e-06,1.5,14.085982957801653,0.0709925606892872
7.5,13.7266,14.79074556016197,0.0676098440022822,3.744102899259767e-06,1.5,14.716609823671236,0.0679504323333713
9.0,13.7266,16.007304127136635,0.0624714812723982,2.3371660596638613e-06,1.5,15.139837300322109,0.0660509079565025
10.5,13.7266,17.367449697692887,0.0575789777662543,1.5702567528025123e-06,1.5,15.50385697018302,0.0645000790398929
12.0,13.7266,18.828885393397115,0.0531098882969821,9.568490552878288e-07,1.5,16.046112485948665,0.0623203907411022
13.5,13.7266,20.340886996438066,0.0491620645734432,nan,1.5,nan,nan
15.0,13.7266,21.84814922133319,0.04577046732286,nan,1.5,nan,nan
16.5,13.7266,23.29584053415488,0.0429261180138086,nan,1.5,nan,nan
18.0,13.7266,24.634863754333125,0.0405928772317283,nan,1.5,nan,nan
19.5,13.7266,25.826254962354007,0.0387202868343731,nan,nan,nan,nan
Name:	143.8449888287663_12_80_0.08
Lambda:	143.8449888287663	Maximal Depth:	20	Filter time:	12 to 80 [us]
Chi2:	0.572077013491568	RelRMS:	6.050861828158064	AbsRMS:	8.983002001345137e-07	Phi model:	0.0518171564182538
depth_vector,start_model,resistivity_model,conductivity_model,E/I[V/A],modelled_thickness,rhoa,sigma
0.0,13.7266,10.968590655891598,0.0911694155951445,0.0001115403492436,1.0,12.064016169419473,0.0828911355850844
1.0,13.7266,11.097055134442083,0.0901139976223319,7.555464060327868e-05,1.0,12.210770419601449,0.0818949145415707
2.0,13.7266,11.357993093517022,0.0880437231970836,4.583080131810853e-05,1.0,12.613540874329884,0.0792798794536055
3.0,13.7266,11.755468968703395,0.0850667891397869,2.568640861179647e-05,1.0,13.132104589556372,0.0761492564409877
4.0,13.7266,12.293537035591948,0.0813435545120028,1.623704866895097e-05,1.0,13.38335504818763,0.0747196795123073
5.0,13.7266,12.975889100432076,0.0770660100637498,1.09349042458203e-05,1.0,13.654404702189096,0.073236440680543
6.0,13.7266,13.805260202124574,0.0724361573312543,6.6479512106547314e-06,1.5,14.120387353067306,0.0708195869557908
7.5,13.7266,14.82153449345616,0.0674693973448909,3.738395083026684e-06,1.5,14.731585651857737,0.0678813553158749
9.0,13.7266,16.000262348381273,0.0624989752184387,2.3377688051776475e-06,1.5,15.1372348584346,0.0660622636400987
10.5,13.7266,17.306891377399655,0.0577804516243661,1.5731070734866492e-06,1.5,15.48512363211552,0.0645781088841964
12.0,13.7266,18.697564875389435,0.0534829004025141,9.605881193665151e-07,1.5,16.004446044208738,0.0624826374644721
13.5,13.7266,20.12171900882693,0.0496975432149372,nan,1.5,nan,nan
15.0,13.7266,21.526225500080347,0.0464549625755926,nan,1.5,nan,nan
16.5,13.7266,22.86033587874056,0.0437438892107429,nan,1.5,nan,nan
18.0,13.7266,24.08042233111674,0.0415275108654468,nan,1.5,nan,nan
19.5,13.7266,25.153579290429,0.039755773460857,nan,nan,nan,nan
Name:	183.29807108324357_12_80_0.08
Lambda:	183.2980710832436	Maximal Depth:	20	Filter time:	12 to 80 [us]
Chi2:	0.6014822592442869	RelRMS:	6.204422986195763	AbsRMS:	5.073243911371242e-07	Phi model:	0.0468663273371797
depth_vector,start_model,resistivity_model,conductivity_model,E/I[V/A],modelled_thickness,rhoa,sigma
0.0,13.7266,11.09350362431906,0.0901428470089296,0.000110133068361,1.0,12.166567910091024,0.0821924479762772
1.0,13.7266,11.219723827309156,0.0891287535586187,7.465852466525363e-05,1.0,12.308285447736996,0.0812460845376201
2.0,13.7266,11.475861856918458,0.0871394246870556,4.53424454926779e-05,1.0,12.703947575075322,0.0787156900711683
3.0,13.7266,11.86535420538648,0.0842789842334443,2.545596654775969e-05,1.0,13.211238408165638,0.075693131037732
4.0,13.7266,12.391307123329067,0.0807017363097476,1.6114625457491082e-05,1.0,13.45105196722441,0.0743436277279023
5.0,13.7266,13.056149824900617,0.0765922583159091,1.0867429326718209e-05,1.0,13.71086571285572,0.0729348548036882
6.0,13.7266,13.861064068778695,0.0721445334238405,6.61991662930664e-06,1.5,14.160224739921157,0.0706203480782868
7.5,13.7266,14.84150975966524,0.0673785899274007,3.732016917375719e-06,1.5,14.748365452570075,0.0678041240038392
9.0,13.7266,15.970647239438836,0.0626148699553354,2.338587002971007e-06,1.5,15.13370395866284,0.0660776768682315
10.5,13.7266,17.21225414995555,0.0580981428282351,1.5764510772488203e-06,1.5,15.463217619434875,0.0646695936519159
12.0,13.7266,18.52208097750166,0.0539896138676143,9.649175739622269e-07,1.5,15.95653698326918,0.0626702398552094
13.5,13.7266,19.85084206701657,0.0503756967399163,nan,1.5,nan,nan
15.0,13.7266,21.14844602235696,0.0472847980860085,nan,1.5,nan,nan
16.5,13.7266,22.368658727485805,0.0447054073372417,nan,1.5,nan,nan
18.0,13.7266,23.47324774506968,0.0426016889891191,nan,1.5,nan,nan
19.5,13.7266,24.434825715558755,0.0409251947053281,nan,nan,nan,nan
Name:	233.57214690901213_12_80_0.08
Lambda:	233.57214690901213	Maximal Depth:	20	Filter time:	12 to 80 [us]
Chi2:	0.6591594088197851	RelRMS:	6.4950906201889325	AbsRMS:	5.659246418002006e-07	Phi model:	0.0415665464385191
depth_vector,start_model,resistivity_model,conductivity_model,E/I[V/A],modelled_thickness,rhoa,sigma
0.0,13.7266,11.250633040654634,0.0888838873676226,0.0001085052279649,1.0,12.287950921655344,0.0813805333676647
1.0,13.7266,11.373206836182726,0.0879259486267848,7.362668701491569e-05,1.0,12.423014421183208,0.080495761020356
2.0,13.7266,11.621680729310723,0.0860460739966748,4.4784171260873786e-05,1.0,12.80930671061479,0.0780682376175224
3.0,13.7266,11.998806083615351,0.0833416252443251,2.519500669147872e-05,1.0,13.302306152071912,0.0751749349750339
4.0,13.7266,12.506695308424154,0.0799571729653019,1.5976840542132534e-05,1.0,13.528276176612245,0.0739192478734877
5.0,13.7266,13.146499219853792,0.0760658775599974,1.079198847590382e-05,1.0,13.774688241936769,0.0725969243322342
6.0,13.7266,13.917886326049242,0.0718499904779623,6.589077561831531e-06,1.5,14.204373377107403,0.070400852853647
7.5,13.7266,14.851964771494195,0.0673311588995503,3.725462247328971e-06,1.5,14.765659475439197,0.0677247095981979
9.0,13.7266,15.920280096077173,0.062812965222038,2.339950271134558e-06,1.5,15.127825400502836,0.0661033541520621
10.5,13.7266,17.085924394022275,0.0585277083603309,1.5805276625218097e-06,1.5,15.436617112961734,0.0647810328313659
12.0,13.7266,18.30533063676897,0.0546288958032449,9.699982115836716e-07,1.5,15.900770338896828,0.0628900348025137
13.5,13.7266,19.531481892827813,0.0511993921140828,nan,1.5,nan,nan
15.0,13.7266,20.71804458510833,0.0482671033886459,nan,1.5,nan,nan
16.5,13.7266,21.823614830710863,0.0458219230754003,nan,1.5,nan,nan
18.0,13.7266,22.81522331275207,0.0438303840506821,nan,1.5,nan,nan
19.5,13.7266,23.670478412316285,0.0422467168842551,nan,nan,nan,nan
Name:	297.63514416313194_12_80_0.08
Lambda:	297.63514416313194	Maximal Depth:	20	Filter time:	12 to 80 [us]
Chi2:	0.7545480985252069	RelRMS:	6.949178246786683	AbsRMS:	1.1255896045437745e-06	Phi model:	0.0360464070185071
depth_vector,start_model,resistivity_model,conductivity_model,E/I[V/A],modelled_thickness,rhoa,sigma
0.0,13.7266,11.43879836086461,0.0874217700542117,0.0001066924302787,1.0,12.426748400170249,0.080471573721272
1.0,13.7266,11.556365114682183,0.0865323992515185,7.248163839602879e-05,1.0,12.553509652972132,0.0796589979729886
2.0,13.7266,11.794406468411037,0.0847859536364377,4.41682452747536e-05,1.0,12.928115458766014,0.0773507943357623
3.0,13.7266,12.15495406706242,0.0822709814025383,2.490953105784398e-05,1.0,13.403747041225545,0.0746060035991672
4.0,13.7266,12.63911322183265,0.0791194747961124,1.5827171528570684e-05,1.0,13.613428721719956,0.0734568800000046
5.0,13.7266,13.246781791337185,0.0754900334097717,1.071075780453028e-05,1.0,13.844245573087136,0.0722321772407717
6.0,13.7266,13.976201843884365,0.071550197340458,6.556626964404204e-06,1.5,14.251202437022346,0.0701695175841555
7.5,13.7266,14.854233201289157,0.0673208765776757,3.7193303342417697e-06,1.5,14.78188405923803,0.0676503750125846
9.0,13.7266,15.851570738188448,0.0630852308907705,2.342214427137404e-06,1.5,15.11807471982449,0.0661459887275652
10.5,13.7266,16.93154414763357,0.059061358567214,1.58557106656541e-06,1.5,15.403865746615024,0.0649187688629231
12.0,13.7266,18.05222773676132,0.0553948252028536,9.759698855894343e-07,1.5,15.835842574612483,0.0631478871609375
13.5,13.7266,19.16970571931882,0.0521656416974738,nan,1.5,nan,nan
15.0,13.7266,20.24195459628048,0.0494023437926173,nan,1.5,nan,nan
16.5,13.7266,21.23257666865236,0.0470974397316739,nan,1.5,nan,nan
18.0,13.7266,22.113655738420743,0.0452209264641204,nan,1.5,nan,nan
19.5,13.7266,22.86727381290097,0.0437306173084713,nan,nan,nan,nan
Name:	379.26901907322497_12_80_0.08
Lambda:	379.26901907322497	Maximal Depth:	20	Filter time:	12 to 80 [us]
Chi2:	0.8947809159667603	RelRMS:	7.567428798599472	AbsRMS:	1.8189864377546647e-06	Phi model:	0.0304853252835979
depth_vector,start_model,resistivity_model,conductivity_model,E/I[V/A],modelled_thickness,rhoa,sigma
0.0,13.7266,11.6552764641613,0.0857980506146628,0.0001047446434791,1.0,12.580329862406185,0.0794891716622074
1.0,13.7266,11.766553963797575,0.0849866497087186,7.125491918358693e-05,1.0,12.697179544202925,0.07875764822563
2.0,13.7266,11.991569453680382,0.0833919199536542,4.3511750163348666e-05,1.0,13.0578282248345,0.0765824134596987
3.0,13.7266,12.331632553106449,0.0810922637934172,2.4607744426070724e-05,1.0,13.513112296264524,0.0740021971308884
4.0,13.7266,12.786873681113228,0.0782051989359247,1.5670236950840805e-05,1.0,13.70416836197744,0.0729704987261047
5.0,13.7266,13.356018804067803,0.0748726109681301,1.0626523282602956e-05,1.0,13.917309805429472,0.0718529668434826
6.0,13.7266,14.03603074910128,0.0712452129719101,6.523992044117938e-06,1.5,14.29868869613091,0.0699364830755837
7.5,13.7266,14.849686662872898,0.0673414882551154,3.714255426003536e-06,1.5,14.79534564152767,0.0675888231494365
9.0,13.7266,15.76757909114536,0.0634212769264986,2.345709206817679e-06,1.5,15.103055106373988,0.0662117692716334
10.5,13.7266,16.754118498595684,0.0596868167121904,1.5917705758362566e-06,1.5,15.36384385476107,0.0650878783625565
12.0,13.7266,17.769834342977788,0.0562751447593081,9.82922588293702e-07,1.5,15.761077706703894,0.0634474379613429
13.5,13.7266,18.77455468392552,0.0532635802465229,nan,1.5,nan,nan
15.0,13.7266,19.730921307812668,0.0506818705725636,nan,1.5,nan,nan
16.5,13.7266,20.6075564626348,0.0485258891229137,nan,1.5,nan,nan
18.0,13.7266,21.381292346296856,0.0467698576776251,nan,1.5,nan,nan
19.5,13.7266,22.038148359699964,0.0453758629662666,nan,nan,nan,nan
Name:	483.2930238571752_12_80_0.08
Lambda:	483.2930238571752	Maximal Depth:	20	Filter time:	12 to 80 [us]
Chi2:	1.1267039956400176	RelRMS:	8.491705112694454	AbsRMS:	2.9758611365084745e-06	Phi model:	0.0237351114548061
depth_vector,start_model,resistivity_model,conductivity_model,E/I[V/A],modelled_thickness,rhoa,sigma
0.0,13.7266,11.90222571425174,0.0840178991734797,0.0001016731993851,1.0,12.832430397690278,0.0779275607978353
1.0,13.7266,12.018024421948091,0.0832083514636345,6.925827595204967e-05,1.0,12.940052679451208,0.0772794380959514
2.0,13.7266,12.250860447021518,0.0816269195396087,4.2385175987955215e-05,1.0,13.288194985216704,0.0752547656858221
3.0,13.7266,12.59873851925157,0.0793730259955744,2.404715167948396e-05,1.0,13.722318516000726,0.0728739825441279
4.0,13.7266,13.056751887628865,0.0765887265536147,1.535703766551329e-05,1.0,13.8898672440829,0.0719949285639141
5.0,13.7266,13.617401246361643,0.0734354508549995,1.0442722811298007e-05,1.0,14.080138498793302,0.0710220286601372
6.0,13.7266,14.27095368903496,0.0700724017322224,6.435856472313531e-06,1.5,14.428934414753796,0.0693051871507216
7.5,13.7266,15.023501456334044,0.0665623791435378,3.682090358491456e-06,1.5,14.881384287509732,0.0671980496356996
9.0,13.7266,15.84028975268347,0.0631301583249506,2.334810803139432e-06,1.5,15.1500171995935,0.0660065257237352
10.5,13.7266,16.686722033775638,0.0599278874530238,1.5898854070877697e-06,1.5,15.375986330519522,0.0650364782137662
12.0,13.7266,17.530994339402596,0.0570418300662161,9.862408979100122e-07,1.5,15.725704666861295,0.0635901551748771
13.5,13.7266,18.34597188070516,0.0545078781599856,nan,1.5,nan,nan
15.0,13.7266,19.11022946974617,0.0523279954112075,nan,1.5,nan,nan
16.5,13.7266,19.808338767477025,0.0504837892636349,nan,1.5,nan,nan
18.0,13.7266,20.43057712261684,0.048946243368377,nan,1.5,nan,nan
19.5,13.7266,20.97225748094572,0.0476820390417458,nan,nan,nan,nan
Name:	615.8482110660261_12_80_0.08
Lambda:	615.8482110660261	Maximal Depth:	20	Filter time:	12 to 80 [us]
Chi2:	1.374966373416778	RelRMS:	9.380716811559434	AbsRMS:	3.559813012034084e-06	Phi model:	0.0189266141268152
depth_vector,start_model,resistivity_model,conductivity_model,E/I[V/A],modelled_thickness,rhoa,sigma
0.0,13.7266,12.16075914725286,0.0822317083901708,0.0001000483274239,1.0,12.97099689897898,0.0770950766381507
1.0,13.7266,12.263911306214728,0.0815400548023574,6.82750125173749e-05,1.0,13.063993922970768,0.0765462695326023
2.0,13.7266,12.471152819546438,0.0801850490062689,4.189765807607634e-05,1.0,13.391076379753647,0.0746765959390634
3.0,13.7266,12.780508879892166,0.0782441457846268,2.385341804431892e-05,1.0,13.79651861471365,0.0724820534749632
4.0,13.7266,13.187388604222235,0.0758300244280226,1.527331324898951e-05,1.0,13.940581459092767,0.0717330193818959
5.0,13.7266,13.684882425560646,0.0730733351520944,1.041054646483223e-05,1.0,14.109135654736356,0.0708760638830703
6.0,13.7266,14.264087395787014,0.0701061324326543,6.437263978387423e-06,1.5,14.426831082959966,0.0693152913657618
7.5,13.7266,14.931329706731916,0.0669732716135215,3.697718828545458e-06,1.5,14.839423749652472,0.0673880614820652
9.0,13.7266,15.65546435805506,0.063875460805829,2.351889444040646e-06,1.5,15.07658521397008,0.0663280169751829
10.5,13.7266,16.40529549864337,0.0609559273152193,1.605564413349423e-06,1.5,15.275720749371336,0.065463359562995
12.0,13.7266,17.151936610813113,0.0583024542761876,9.992830730724751e-07,1.5,15.588575594128017,0.0641495429753495
13.5,13.7266,17.870574643826473,0.0559579095765371,nan,1.5,nan,nan
15.0,13.7266,18.54153715100192,0.0539329609975709,nan,1.5,nan,nan
16.5,13.7266,19.15068547019413,0.0522174520361888,nan,1.5,nan,nan
18.0,13.7266,19.68924654497833,0.0507891451161215,nan,1.5,nan,nan
19.5,13.7266,20.15324163245467,0.0496198089735402,nan,nan,nan,nan
Name:	784.7599703514607_12_80_0.08
Lambda:	784.7599703514607	Maximal Depth:	20	Filter time:	12 to 80 [us]
Chi2:	1.6454720663461904	RelRMS:	10.262076410071998	AbsRMS:	4.1574467443599445e-06	Phi model:	0.0147779949533611
depth_vector,start_model,resistivity_model,conductivity_model,E/I[V/A],modelled_thickness,rhoa,sigma
0.0,13.7266,12.427561557535704,0.0804663083236654,9.84033069652239e-05,1.0,13.11515561978726,0.0762476656008006
1.0,13.7266,12.517964875396563,0.0798851898015347,6.727180995525742e-05,1.0,13.193552623068724,0.0757945966919869
2.0,13.7266,12.699504998553545,0.0787432266150451,4.13924686535728e-05,1.0,13.49981344289457,0.0740750977211715
3.0,13.7266,12.970408969301548,0.0770985712452712,2.36460749393892e-05,1.0,13.87705202602604,0.0720614146379596
4.0,13.7266,13.326641340219494,0.0750376613634842,1.5179470800069018e-05,1.0,13.997978016483817,0.0714388891611641
5.0,13.7266,13.762144996959275,0.0726630914164142,1.0370703619875604e-05,1.0,14.145249486459337,0.0706951122323617
6.0,13.7266,14.269097501007296,0.070081517063669,6.433321906445242e-06,1.5,14.43272392239218,0.0692869901327852
7.5,13.7266,14.854298261440336,0.0673205817198284,3.7099183423022977e-06,1.5,14.806874404925416,0.0675361978938212
9.0,13.7266,15.490272400938045,0.0645566439451021,2.36666894567786e-06,1.5,15.013752322491396,0.0666056012194864
10.5,13.7266,16.14913321650438,0.0619228280919747,1.6196272248925495e-06,1.5,15.187168826156404,0.0658450571957645
12.0,13.7266,16.804708239233715,0.0595071325109539,1.011287210653604e-06,1.5,15.464971026196476,0.0646622614621182
13.5,13.7266,17.434243963903192,0.0573583805567052,nan,1.5,nan,nan
15.0,13.7266,18.019547872694123,0.0554952880652098,nan,1.5,nan,nan
16.5,13.7266,18.54752181069102,0.0539155586501905,nan,1.5,nan,nan
18.0,13.7266,19.010135292829823,0.0526035183125275,nan,1.5,nan,nan
19.5,13.7266,19.403958113103464,0.0515358770706014,nan,nan,nan,nan
Name:	1000.0_12_80_0.08
Lambda:	1000	Maximal Depth:	20	Filter time:	12 to 80 [us]
Chi2:	1.9448805263425648	RelRMS:	11.156717872471464	AbsRMS:	4.777646422329561e-06	Phi model:	0.0111410233081076
depth_vector,start_model,resistivity_model,conductivity_model,E/I[V/A],modelled_thickness,rhoa,sigma
0.0,13.7266,12.69614505127053,0.078764065467252,9.671247100729406e-05,1.0,13.267576206463604,0.0753717170671178
1.0,13.7266,12.775152631410135,0.0782769512703363,6.623052018919794e-05,1.0,13.33148058669775,0.0750104231481841
2.0,13.7266,12.933667492693893,0.0773175899693486,4.0858405795814215e-05,1.0,13.617196599773775,0.0734365544826321
3.0,13.7266,13.16992078637185,0.0759306009672278,2.3419393167542604e-05,1.0,13.966454337655994,0.0716001338509965
4.0,13.7266,13.480097918351785,0.0741834373946647,1.5072660922917107e-05,1.0,14.064029703767227,0.0711033765615652
5.0,13.7266,13.858568086411688,0.0721575269367474,1.032186129288534e-05,1.0,14.189837256856768,0.0704729717401644
6.0,13.7266,14.298131963316454,0.0699392062239751,6.42373280399195e-06,1.5,14.447083429878974,0.0692181231494679
7.5,13.7266,14.80476725710093,0.0675458102538128,3.718936089104177e-06,1.5,14.782928727715673,0.067645594348646
9.0,13.7266,15.354172608993482,0.0651288757438004,2.3795573816039387e-06,1.5,14.959490442314026,0.0668471966913676
10.5,13.7266,15.921789335187782,0.0628070111309638,1.6325067192580843e-06,1.5,15.107185016635531,0.0661936687012724
12.0,13.7266,16.484692742926892,0.0606623378181599,1.0226459251082108e-06,1.5,15.350243151051664,0.0651455478691546
13.5,13.7266,17.023095698722116,0.0587437219233319,nan,1.5,nan,nan
15.0,13.7266,17.521340274590354,0.0570732594840482,nan,1.5,nan,nan
16.5,13.7266,17.96833871017946,0.0556534477744165,nan,1.5,nan,nan
18.0,13.7266,18.35751077380398,0.0544736164026656,nan,1.5,nan,nan
19.5,13.7266,18.68632922900617,0.0535150584015041,nan,nan,nan,nan
Name:	58.06735210785115_12_80_0.08
Lambda:	58.06735210785115	Maximal Depth:	20	Filter time:	12 to 80 [us]
Chi2:	0.5586988869057999	RelRMS:	5.979693032419908	AbsRMS:	2.0118075724552687e-06	Phi model:	0.0668068763307961
depth_vector,start_model,resistivity_model,conductivity_model,E/I[V/A],modelled_thickness,rhoa,sigma
0.0,13.7266,10.780402688029826,0.0927609133850226,0.0001146453162843,1.0,11.845199130537337,0.0844223882587136
1.0,13.7266,10.904451480121503,0.0917056673435587,7.757566816551615e-05,1.0,11.99775931565501,0.0833488965473054
2.0,13.7266,11.15714159097486,0.089628691349486,4.696797825598608e-05,1.0,12.409113068522403,0.0805859366804104
3.0,13.7266,11.544324759061965,0.0866226497322876,2.624206672103934e-05,1.0,12.946068501435969,0.0772435276307305
4.0,13.7266,12.073105807467083,0.0828287282450147,1.6535951566198267e-05,1.0,13.221587397526616,0.0756338834312037
5.0,13.7266,12.751609258083656,0.0784214744790793,1.1100654998520053e-05,1.0,13.518142602364373,0.0739746597898069
6.0,13.7266,13.588513524625874,0.073591566744055,6.717480214106351e-06,1.5,14.022783498882186,0.0713125179519254
7.5,13.7266,14.64129863015492,0.0682999524332097,3.753980564516601e-06,1.5,14.690783092697488,0.0680698907396625
9.0,13.7266,15.901669279856836,0.062886479551347,2.3346980345796125e-06,1.5,15.1505050376615,0.0660044003493068
10.5,13.7266,17.35077818073777,0.0576343025991863,1.5633837485991204e-06,1.5,15.549262819573286,0.0643117305047547
12.0,13.7266,18.95707819848101,0.0527507451058638,9.484056904605654e-07,1.5,16.141207476708182,0.0619532337616627
13.5,13.7266,20.675877541565864,0.0483655408574385,nan,1.5,nan,nan
15.0,13.7266,22.451206333379588,0.0445410364659665,nan,1.5,nan,nan
16.5,13.7266,24.220057998864256,0.0412880927059255,nan,1.5,nan,nan
18.0,13.7266,25.91838245978759,0.0385826546680334,nan,1.5,nan,nan
19.5,13.7266,27.487646381847448,0.0363799790679928,nan,nan,nan,nan
Name:	172.21381097981777_12_80_0.08
Lambda:	172.21381097981777	Maximal Depth:	20	Filter time:	12 to 80 [us]
Chi2:	0.5916154926944501	RelRMS:	6.15332361674931	AbsRMS:	5.930393585780434e-07	Phi model:	0.0481775853067815
depth_vector,start_model,resistivity_model,conductivity_model,E/I[V/A],modelled_thickness,rhoa,sigma
0.0,13.7266,11.058260034500794,0.0904301397218087,0.0001105173975992,1.0,12.138345010504247,0.082383553864602
1.0,13.7266,11.18519291084372,0.0894039117582432,7.490279820376939e-05,1.0,12.28151096961987,0.0814232061896657
2.0,13.7266,11.442842529155293,0.0873908731551704,4.547518163194749e-05,1.0,12.679214753122745,0.078869237525432
3.0,13.7266,11.834813102349091,0.0844964758929323,2.551837366550908e-05,1.0,13.189690229054502,0.0758167919514274
4.0,13.7266,12.364460191414151,0.0808769638560037,1.6147709562343618e-05,1.0,13.432672967951914,0.0744453469823787
5.0,13.7266,13.034540696986094,0.0767192357020469,1.0885626295797231e-05,1.0,13.695581596835677,0.0730162492866346
6.0,13.7266,13.84663375250934,0.072219719093731,6.627440138399921e-06,1.5,14.149506197619049,0.0706738444461242
7.5,13.7266,14.83733137772087,0.0673975645985476,3.733697256565138e-06,1.5,14.74394014900242,0.0678244749974558
9.0,13.7266,15.98033441210486,0.0625769132367164,2.338338341646362e-06,1.5,15.134776828832443,0.0660729927708583
10.5,13.7266,17.239754045889157,0.0580054679050628,1.5755302373615506e-06,1.5,15.469242156676763,0.0646444079077516
12.0,13.7266,18.57133502784155,0.0538464250685711,9.637378683698338e-07,1.5,15.96955586058444,0.0626191491316404
13.5,13.7266,19.92536249294817,0.0501872927207177,nan,1.5,nan,nan
15.0,13.7266,21.25088854114917,0.0470568559081023,nan,1.5,nan,nan
16.5,13.7266,22.500482062626308,0.0444434922423736,nan,1.5,nan,nan
18.0,13.7266,23.634532091674885,0.0423109709183641,nan,1.5,nan,nan
19.5,13.7266,24.62428148775182,0.0406103219904062,nan,nan,nan,nan
Name:	337.1817380817165_12_80_0.08
Lambda:	337.1817380817165	Maximal Depth:	20	Filter time:	12 to 80 [us]
Chi2:	0.8208195016734934	RelRMS:	7.247927159340358	AbsRMS:	1.4736588015945336e-06	Phi model:	0.0331764029806808
depth_vector,start_model,resistivity_model,conductivity_model,E/I[V/A],modelled_thickness,rhoa,sigma
0.0,13.7266,11.546927104356037,0.0866031274781975,0.0001057030979281,1.0,12.504167042916254,0.0799733398128674
1.0,13.7266,11.661409927859395,0.085752924062036,7.185813622110235e-05,1.0,12.62602164452906,0.0792015116205116
2.0,13.7266,11.893055442537264,0.0840826821023092,4.38341684486666e-05,1.0,12.993719017677222,0.0769602604642717
3.0,13.7266,12.243521621274157,0.081675847107781,2.4755646911166267e-05,1.0,13.459235879646334,0.0742984229522454
4.0,13.7266,12.71340474180209,0.0786571355438694,1.574697689846376e-05,1.0,13.659608986117178,0.0732085377419178
5.0,13.7266,13.30198549062845,0.0751767471633857,1.0667583764368936e-05,1.0,13.881574211110834,0.0720379392705762
6.0,13.7266,14.006825035826722,0.0713937667845636,6.539757589404678e-06,1.5,14.275699332808824,0.0700491076960251
7.5,13.7266,14.852656233669151,0.0673280243121174,3.716547468818147e-06,1.5,14.789262028976978,0.0676166260385862
9.0,13.7266,15.810029380978248,0.0632509893500352,2.343841534278368e-06,1.5,15.1110772119733,0.0661766190439188
10.5,13.7266,16.84273116990264,0.0593727935162299,1.588608741282478e-06,1.5,15.384223041953623,0.0650016576900208
12.0,13.7266,17.910008292266916,0.0558347033502923,9.79423136956774e-07,1.5,15.798597977430877,0.0632967559164776
13.5,13.7266,18.96980478092803,0.052715355352807,nan,1.5,nan,nan
15.0,13.7266,19.98246734397616,0.0500438700980265,nan,1.5,nan,nan
16.5,13.7266,20.9141911842994,0.0478144237655585,nan,1.5,nan,nan
18.0,13.7266,21.73954855125164,0.0459991152825676,nan,1.5,nan,nan
19.5,13.7266,22.442716235942203,0.0445578863755578,nan,nan,nan,nan
Name:	113.6915244958074_12_80_0.08
Lambda:	113.6915244958074	Maximal Depth:	20	Filter time:	12 to 80 [us]
Chi2:	0.5611622321779055	RelRMS:	5.992860991161562	AbsRMS:	1.2892007046190605e-06	Phi model:	0.0562247277714515
depth_vector,start_model,resistivity_model,conductivity_model,E/I[V/A],modelled_thickness,rhoa,sigma
0.0,13.7266,10.878202429502524,0.0919269526818073,0.0001126756393923,1.0,11.98284356810635,0.0834526458028384
1.0,13.7266,11.00748247966161,0.0908472942698467,7.628218324026552e-05,1.0,12.13300618874809,0.0824198046587481
2.0,13.7266,11.270289938123245,0.0887288619450124,4.623113215800839e-05,1.0,12.540618797123852,0.0797408817042861
3.0,13.7266,11.671233398736602,0.0856807473414291,2.5877480765969817e-05,1.0,13.06738222701513,0.0765264214842226
4.0,13.7266,12.215227699407327,0.0818650314679372,1.6339117005488916e-05,1.0,13.327560806218369,0.0750324845288584
5.0,13.7266,12.907153742222818,0.0774764150153978,1.0991414044646147e-05,1.0,13.607563877247076,0.0734885398312977
6.0,13.7266,13.75126656883759,0.0727205741372324,6.67166298365782e-06,1.5,14.086910635713144,0.0709878855527626
7.5,13.7266,14.791817410569292,0.0676049448315569,3.7439482303889047e-06,1.5,14.71701513300642,0.0679485609658212
9.0,13.7266,16.007432715220155,0.0624709794375198,2.337183420302518e-06,1.5,15.139762327581328,0.066051235043381
10.5,13.7266,17.366169521413678,0.0575832222970604,1.5703356532697578e-06,1.5,15.503337645200746,0.064502239639318
12.0,13.7266,18.825667697819025,0.0531189658742277,9.569521377399102e-07,1.5,16.044960145266472,0.0623248665591118
13.5,13.7266,20.33519078597682,0.0491758356498726,nan,1.5,nan,nan
15.0,13.7266,21.83948414006399,0.0457886273131115,nan,1.5,nan,nan
16.5,13.7266,23.28382923141813,0.0429482620775557,nan,1.5,nan,nan
18.0,13.7266,24.619290377821304,0.0406185549889312,nan,1.5,nan,nan
19.5,13.7266,25.807089844005443,0.0387490416798112,nan,nan,nan,nan
Name:	222.5994861651886_12_80_0.08
Lambda:	222.5994861651886	Maximal Depth:	20	Filter time:	12 to 80 [us]
Chi2:	0.6449880705474864	RelRMS:	6.424891945787037	AbsRMS:	4.955702051780412e-07	Phi model:	0.0426411086327605
depth_vector,start_model,resistivity_model,conductivity_model,E/I[V/A],modelled_thickness,rhoa,sigma
0.0,13.7266,11.216913254608029,0.0891510861590366,0.000108844450102,1.0,12.2624067428794,0.0815500595411814
1.0,13.7266,11.340320908009156,0.0881809261053402,7.38413866086097e-05,1.0,12.398922147482024,0.0806521718666553
2.0,13.7266,11.590540472251854,0.086277253627131,4.490005001586331e-05,1.0,12.78725824654077,0.0782028469840688
3.0,13.7266,11.970462948433216,0.0835389578755504,2.524898789060628e-05,1.0,13.283339568744244,0.0752822733187521
4.0,13.7266,12.482400346483162,0.0801127965969897,1.6005267760859075e-05,1.0,13.512252902186738,0.0740069037516435
5.0,13.7266,13.12775680423371,0.0761744763338013,1.080750481537426e-05,1.0,13.761500867800466,0.0726664925291562
6.0,13.7266,13.906496068595116,0.0719088399455481,6.595370076690536e-06,1.5,14.195337194821368,0.0704456672128093
7.5,13.7266,14.850583447241773,0.0673374216947504,3.7267499416480633e-06,1.5,14.762257985982938,0.0677403145880203
9.0,13.7266,15.93182391770546,0.0627674524376756,2.339619279232818e-06,1.5,15.12925214820408,0.066097120347003
10.5,13.7266,17.11337006715386,0.0584338441859167,1.5796485438595533e-06,1.5,15.442343855074473,0.0647570089997311
12.0,13.7266,18.351439008677687,0.0544916395671826,9.689226395036515e-07,1.5,15.91253547634041,0.0628435362476867
13.5,13.7266,19.59849170895109,0.0510243346707785,nan,1.5,nan,nan
15.0,13.7266,20.807398848292976,0.0480598275301498,nan,1.5,nan,nan
16.5,13.7266,21.93577883218329,0.0455876222882426,nan,1.5,nan,nan
18.0,13.7266,22.949631450088003,0.043573684491398,nan,1.5,nan,nan
19.5,13.7266,23.82561462130317,0.0419716349775032,nan,nan,nan,nan
Name:	260.8602252781483_12_80_0.08
Lambda:	260.8602252781483	Maximal Depth:	20	Filter time:	12 to 80 [us]
Chi2:	0.6974630725750063	RelRMS:	6.681140370086562	AbsRMS:	7.921362532192973e-07	Phi model:	0.0390675668120675
depth_vector,start_model,resistivity_model,conductivity_model,E/I[V/A],modelled_thickness,rhoa,sigma
0.0,13.7266,11.332687668864237,0.088240321203542,0.0001076990617556,1.0,12.34919449609352,0.0809769414771412
1.0,13.7266,11.453143992924987,0.0873122699424485,7.311702512094909e-05,1.0,12.480677271345929,0.0801238569236843
2.0,13.7266,11.697197042083925,0.0854905663640803,4.450961070440227e-05,1.0,12.861929420824932,0.077748832798047
3.0,13.7266,12.067272617252172,0.0828687667642756,2.506745808388078e-05,1.0,13.347391298233765,0.0749210072332507
4.0,13.7266,12.565023168991244,0.0795860052584593,1.590982912041426e-05,1.0,13.566236518046743,0.0737124108568895
5.0,13.7266,13.191022073594048,0.0758091370343328,1.0755519525267153e-05,1.0,13.80580807544576,0.0724332827557225
6.0,13.7266,13.944273375502396,0.0717140271903175,6.574401924260306e-06,1.5,14.225503893117672,0.0702962796617561
7.5,13.7266,14.853932573370708,0.0673222390811672,3.722576044469372e-06,1.5,14.7732906038177,0.0676897264676822
9.0,13.7266,15.891063333429802,0.0629284509801376,2.3408495516167454e-06,1.5,15.123950730497388,0.0661202894547589
10.5,13.7266,17.018755851216177,0.0587587017959681,1.5826939575655765e-06,1.5,15.42252809715053,0.0648402125579372
12.0,13.7266,18.19408045114408,0.0549629316351142,9.726031067632335e-07,1.5,15.872366597301337,0.0630025770807248
13.5,13.7266,19.37134141001534,0.0516226511542965,nan,1.5,nan,nan
15.0,13.7266,20.506112791315484,0.0487659465339285,nan,1.5,nan,nan
16.5,13.7266,21.559260427397497,0.0463837803419824,nan,1.5,nan,nan
18.0,13.7266,22.500150044919145,0.0444441480613954,nan,1.5,nan,nan
19.5,13.7266,23.30849480052221,0.0429028132686455,nan,nan,nan,nan
Name:	201.81418341130475_12_80_0.08
Lambda:	201.81418341130475	Maximal Depth:	20	Filter time:	12 to 80 [us]
Chi2:	0.6204425911774935	RelRMS:	6.3014542635299335	AbsRMS:	4.395661851777592e-07	Phi model:	0.044798012288823
depth_vector,start_model,resistivity_model,conductivity_model,E/I[V/A],modelled_thickness,rhoa,sigma
0.0,13.7266,11.152069820458758,0.0896694529445533,0.0001095115043784,1.0,12.21256103666254,0.08188290703301
1.0,13.7266,11.277008372290108,0.0886760004947058,7.42640479608786e-05,1.0,12.351833155266831,0.0809596427857835
2.0,13.7266,11.530442262153436,0.0867269422338045,4.512858846126285e-05,1.0,12.744050568869916,0.0784679874421335
3.0,13.7266,11.915541789472146,0.0839240059468835,2.5355726965793617e-05,1.0,13.246034439002049,0.0754942926205572
4.0,13.7266,12.435022616847924,0.0804180282426767,1.6061592724976e-05,1.0,13.480644468610974,0.0741804297508514
5.0,13.7266,13.090806367868453,0.0763894883094835,1.0838324304522656e-05,1.0,13.73540066555926,0.0728045744240605
6.0,13.7266,13.88346697595648,0.0720281181733503,6.60794820359431e-06,1.5,14.177317739067544,0.0705352040777334
7.5,13.7266,14.846726896121,0.0673549131062193,3.7294039290738833e-06,1.5,14.755253560941702,0.067772471402801
9.0,13.7266,15.953013184903956,0.0626840828381112,2.339043304648252e-06,1.5,15.131735701233977,0.0660862719085459
10.5,13.7266,17.16571655477673,0.058255651420606,1.5779684117827449e-06,1.5,15.45330333735335,0.0647110833308257
12.0,13.7266,18.440735646461263,0.0542277715581209,9.668363258807886e-07,1.5,15.935418778205564,0.062753292769919
13.5,13.7266,19.729575104043565,0.050685328737518,nan,1.5,nan,nan
15.0,13.7266,20.98355795326525,0.0476563603859368,nan,1.5,nan,nan
16.5,13.7266,22.1583372917794,0.045129739963431,nan,1.5,nan,nan
18.0,13.7266,23.217790060251254,0.0430704213193828,nan,1.5,nan,nan
19.5,13.7266,24.13657453145077,0.0414308997615617,nan,nan,nan,nan
Name:	189.9505039074922_12_80_0.08
Lambda:	189.9505039074922	Maximal Depth:	20	Filter time:	12 to 80 [us]
Chi2:	0.6079522441504401	RelRMS:	6.237703393527795	AbsRMS:	4.705198050421967e-07	Phi model:	0.0461062756403056
depth_vector,start_model,resistivity_model,conductivity_model,E/I[V/A],modelled_thickness,rhoa,sigma
0.0,13.7266,11.114607669451685,0.0899716867873333,0.0001099067881795,1.0,12.183261506678829,0.0820798272656138
1.0,13.7266,11.240378785203031,0.0889649734327825,7.451483747366926e-05,1.0,12.324103103518205,0.081141807367266
2.0,13.7266,11.495567543024936,0.0869900504048415,4.5264481033780726e-05,1.0,12.718531081657323,0.0786254319449044
3.0,13.7266,11.883512831643436,0.0841502015580105,2.5419380582281844e-05,1.0,13.223911941225897,0.0756205882528961
4.0,13.7266,12.407176986083789,0.0805985117421655,1.609525392053763e-05,1.0,13.461842531595671,0.0742840363533406
5.0,13.7266,13.068801388266555,0.0765181113623642,1.085678859708486e-05,1.0,13.719822922283306,0.0728872380980829
6.0,13.7266,13.869341788959874,0.0721014749810268,6.615531396952862e-06,1.5,14.166481633859568,0.0705891572689355
7.5,13.7266,14.843613117706862,0.0673690422992166,3.731050440868637e-06,1.5,14.75091224801789,0.0677924173899395
9.0,13.7266,15.964489865996113,0.0626390199996286,2.3387448765753182e-06,1.5,15.133022898408306,0.0660806506877869
10.5,13.7266,17.195588409232332,0.0581544507929195,1.576998888010363e-06,1.5,15.459636383543655,0.0646845744098141
12.0,13.7266,18.492694666073312,0.0540754075085984,9.656140230027737e-07,1.5,15.94886362662707,0.0627003919157269
13.5,13.7266,19.806797976462203,0.0504877164490883,nan,1.5,nan,nan
15.0,13.7266,21.08831814016356,0.0474196184519551,nan,1.5,nan,nan
16.5,13.7266,22.29171474761849,0.0448597163260773,nan,1.5,nan,nan
18.0,13.7266,23.379539413715,0.0427724422754614,nan,1.5,nan,nan
19.5,13.7266,24.32517213635532,0.041109678254052,nan,nan,nan,nan
Name:	209.51393926784783_12_80_0.08
Lambda:	209.51393926784783	Maximal Depth:	20	Filter time:	12 to 80 [us]
Chi2:	0.6291603210840179	RelRMS:	6.345570151639422	AbsRMS:	4.4520349114728934e-07	Phi model:	0.0439796633575535
depth_vector,start_model,resistivity_model,conductivity_model,E/I[V/A],modelled_thickness,rhoa,sigma
0.0,13.7266,11.176223744401115,0.0894756603724011,0.0001092606285999,1.0,12.23124824663067,0.0817578042597139
1.0,13.7266,11.300604258178767,0.0884908432463913,7.410500972389642e-05,1.0,12.36949918352062,0.0808440168161585
2.0,13.7266,11.552864846925436,0.0865586166937744,4.504252630464255e-05,1.0,12.760278662554402,0.0783681944920641
3.0,13.7266,11.936070019554004,0.0837796693854654,2.531548718556205e-05,1.0,13.2600673878829,0.075414398037962
4.0,13.7266,12.45278183307564,0.0803033421290587,1.604034085991438e-05,1.0,13.49254885457353,0.0741149808518968
5.0,13.7266,13.104724156998197,0.0763083593381841,1.0826684325900616e-05,1.0,13.745243699719008,0.0727524387232539
6.0,13.7266,13.892236621986113,0.0719826495337245,6.603185646314735e-06,1.5,14.184133860608696,0.0705013087036028
7.5,13.7266,14.848368899232844,0.0673474646802226,3.7283871424589744e-06,1.5,14.757936090394566,0.0677601524952303
9.0,13.7266,15.945295593193087,0.0627144222040569,2.3392487808844683e-06,1.5,15.130849588380247,0.0660901421403297
10.5,13.7266,17.14629808690545,0.0583216269151237,1.5785932868427978e-06,1.5,15.449225013902488,0.0647281659177154
12.0,13.7266,18.407377112152325,0.0543260451452267,9.676170088592174e-07,1.5,15.926846389519437,0.0627870687983808
13.5,13.7266,19.68038512592866,0.0508120137691062,nan,1.5,nan,nan
15.0,13.7266,20.91722416561745,0.0478074907111118,nan,1.5,nan,nan
16.5,13.7266,22.07429338704793,0.0453015633373229,nan,1.5,nan,nan
18.0,13.7266,23.116283936237853,0.0432595482370056,nan,1.5,nan,nan
19.5,13.7266,24.018627897068367,0.0416343516492903,nan,nan,nan,nan
Name:	197.19762836719565_12_80_0.08
Lambda:	197.19762836719565	Maximal Depth:	20	Filter time:	12 to 80 [us]
Chi2:	0.6154420972248293	RelRMS:	6.276009418602642	AbsRMS:	4.459423033043417e-07	Phi model:	0.0453001115678501
depth_vector,start_model,resistivity_model,conductivity_model,E/I[V/A],modelled_thickness,rhoa,sigma
0.0,13.7266,11.137523667823215,0.0897865656518461,0.0001096640624483,1.0,12.201232153747693,0.0819589355729817
1.0,13.7266,11.262790517932215,0.0887879427756234,7.436080812772312e-05,1.0,12.341115818059771,0.0810299501878604
2.0,13.7266,11.516915705461034,0.0868288025695824,4.5180991938109496e-05,1.0,12.734194481236518,0.078528720562064
3.0,13.7266,11.903134315092268,0.084011485843025,2.5380256346043464e-05,1.0,13.237498423946995,0.0755429740555037
4.0,13.7266,12.424256521041968,0.0804877135550429,1.6074557967609903e-05,1.0,13.47339477915298,0.0742203443446393
5.0,13.7266,13.08232613900755,0.0764390055235132,1.0845432237999438e-05,1.0,13.729398692906138,0.0728364018241156
6.0,13.7266,13.878062576129023,0.0720561673875178,6.610863351317773e-06,1.5,14.173149648723182,0.0705559473218493
7.5,13.7266,14.84560502436861,0.0673600030688227,3.730033014269997e-06,1.5,14.75359449206649,0.0677800925420401
9.0,13.7266,15.957545754886004,0.0626662780956659,2.33892457084125e-06,1.5,15.132247797949464,0.066084035455427
10.5,13.7266,17.177354525322816,0.0582161821557447,1.5775921741078183e-06,1.5,15.45576019700632,0.0647007968067266
12.0,13.7266,18.46087919716229,0.0541686010357358,9.663635762240228e-07,1.5,15.940615476316763,0.0627328349702504
13.5,13.7266,19.75942056616614,0.050608771479478,nan,1.5,nan,nan
15.0,13.7266,21.023951648467307,0.0475647973663838,nan,1.5,nan,nan
16.5,13.7266,22.209667588780302,0.045025437503854,nan,1.5,nan,nan
18.0,13.7266,23.279940207022456,0.0429554367883791,nan,1.5,nan,nan
19.5,13.7266,24.208943345895864,0.0413070486271153,nan,nan,nan,nan
Name:	204.72125018728457_12_80_0.08
Lambda:	204.72125018728457	Maximal Depth:	20	Filter time:	12 to 80 [us]
Chi2:	0.62367960905068	RelRMS:	6.317871079663111	AbsRMS:	4.39343084286578e-07	Phi model:	0.0444862785483058
depth_vector,start_model,resistivity_model,conductivity_model,E/I[V/A],modelled_thickness,rhoa,sigma
0.0,13.7266,11.161205818572856,0.0895960540693502,0.0001094162615587,1.0,12.21964706482525,0.0818354241079957
1.0,13.7266,11.285935129385114,0.0886058610594266,7.420365898189619e-05,1.0,12.358533754359614,0.080915747763948
2.0,13.7266,11.538928834597597,0.0866631568956091,4.509589943112547e-05,1.0,12.750208413892135,0.078430090516045
3.0,13.7266,11.923316962963192,0.08386927925394,2.534043619249069e-05,1.0,13.251362464777015,0.0754639383427979
4.0,13.7266,12.441756599943652,0.0803745027454185,1.6053514667506326e-05,1.0,13.485166356486598,0.0741555553386987
5.0,13.7266,13.09609383420802,0.0763586465292362,1.0833898212141134e-05,1.0,13.739141394416002,0.0727847520665614
6.0,13.7266,13.886812939417496,0.0720107633308371,6.606135571798076e-06,1.5,14.179910993129193,0.0705223044407362
7.5,13.7266,14.847379165436893,0.0673519540962416,3.729015304382879e-06,1.5,14.756278703111372,0.0677677631413365
9.0,13.7266,15.95012097252546,0.0626954492522363,2.3391197880114705e-06,1.5,15.131405852843786,0.0660877125182694
10.5,13.7266,17.15838461254076,0.0582805446189332,1.5782047077015855e-06,1.5,15.451760806729531,0.064717543360138
12.0,13.7266,18.428104830514823,0.0542649398403744,9.671322001371335e-07,1.5,15.932168536155894,0.0627660947554399
13.5,13.7266,19.710916522642247,0.0507333080555277,nan,1.5,nan,nan
15.0,13.7266,20.95836205098413,0.0477136523153555,nan,1.5,nan,nan
16.5,13.7266,22.12637876170903,0.0451949237048476,nan,1.5,nan,nan
18.0,13.7266,23.179155057218715,0.0431422110741939,nan,1.5,nan,nan
19.5,13.7266,24.09164624054125,0.0415081638679056,nan,nan,nan,nan
Name:	206.53881572110797_12_80_0.08
Lambda:	206.538815721108	Maximal Depth:	20	Filter time:	12 to 80 [us]
Chi2:	0.625737252481404	RelRMS:	6.328284456217961	AbsRMS:	4.406702091988332e-07	Phi model:	0.0442930881758928
depth_vector,start_model,resistivity_model,conductivity_model,E/I[V/A],modelled_thickness,rhoa,sigma
0.0,13.7266,11.16690782397767,0.0895503048617265,0.0001093570366127,1.0,12.224058563477255,0.0818058908019122
1.0,13.7266,11.29150539855936,0.0885621504575985,7.416611438292854e-05,1.0,12.362704185907804,0.0808884516657687
2.0,13.7266,11.544222121883896,0.0866234198755013,4.507558249551544e-05,1.0,12.754039397216802,0.0784065321468444
3.0,13.7266,11.928163048180163,0.0838352054680009,2.5330936665138683e-05,1.0,13.254675246961185,0.0754450774061223
4.0,13.7266,12.445949000435943,0.0803474287067199,1.604849766444047e-05,1.0,13.487976654698764,0.0741401045983893
5.0,13.7266,13.099379382498231,0.0763394944752937,1.0831150311696956e-05,1.0,13.741465074755014,0.0727724441724295
6.0,13.7266,13.888883155038318,0.0720000297242936,6.605011243503127e-06,1.5,14.181520117099575,0.0705143025389947
7.5,13.7266,14.847766744162294,0.0673501959742983,3.7287752526589008e-06,1.5,14.756912017787249,0.0677648547876852
9.0,13.7266,15.948299014615412,0.0627026116756135,2.3391682817145528e-06,1.5,15.131196724256284,0.0660886259179312
10.5,13.7266,17.15380041112666,0.0582961195789219,1.5783522122822776e-06,1.5,15.450798097653175,0.0647215757839648
12.0,13.7266,18.42022978310301,0.0542881392781161,9.673164893605438e-07,1.5,15.93014491704274,0.0627740679829069
13.5,13.7266,19.69930413961005,0.0507632144218366,nan,1.5,nan,nan
15.0,13.7266,20.94270253456745,0.0477493293116983,nan,1.5,nan,nan
16.5,13.7266,22.1065384393648,0.04523548554392,nan,1.5,nan,nan
18.0,13.7266,23.15519246687097,0.0431868576100474,nan,1.5,nan,nan
19.5,13.7266,24.063802592123483,0.041556191968069,nan,nan,nan,nan
Name:	203.60593929238343_12_80_0.08
Lambda:	203.60593929238345	Maximal Depth:	20	Filter time:	12 to 80 [us]
Chi2:	0.6224297872927658	RelRMS:	6.311537561223653	AbsRMS:	4.390844978565612e-07	Phi model:	0.0446054759857548
depth_vector,start_model,resistivity_model,conductivity_model,E/I[V/A],modelled_thickness,rhoa,sigma
0.0,13.7266,11.157703032581422,0.0896241813462786,0.0001094527267323,1.0,12.21693285622683,0.0818536053008027
1.0,13.7266,11.28251283750885,0.0886327376181206,7.422677814156818e-05,1.0,12.355967441084111,0.0809325538261745
2.0,13.7266,11.535675843480764,0.0866875953839442,4.510841253977527e-05,1.0,12.747850359722598,0.0784445982484658
3.0,13.7266,11.920337481738445,0.0838902423301325,2.534628843671369e-05,1.0,13.249322634390207,0.0754755565695396
4.0,13.7266,12.439177226599986,0.0803911691089661,1.605660601996807e-05,1.0,13.483435449388557,0.0741650748990197
5.0,13.7266,13.094070019226203,0.0763704484955163,1.0835591779710058e-05,1.0,13.737709768534147,0.0727923370670177
6.0,13.7266,13.885534357083188,0.0720173940940117,6.60682890372334e-06,1.5,14.178918933035614,0.0705272386930776
7.5,13.7266,14.84713370137094,0.067353067609788,3.729163719686028e-06,1.5,14.755887181531952,0.0677695612400433
9.0,13.7266,15.951233856293134,0.0626910751236636,2.3390902878927767e-06,1.5,15.131533075332149,0.0660871568678145
10.5,13.7266,17.16119766118124,0.0582709913225932,1.5781141066261682e-06,1.5,15.452352201544924,0.0647150664803006
12.0,13.7266,18.432945646804324,0.0542506889111002,9.67018850004265e-07,1.5,15.933413515776817,0.0627611904385603
13.5,13.7266,19.71806257552198,0.0507149217206258,nan,1.5,nan,nan
15.0,13.7266,20.96800676119601,0.0476917053389465,nan,1.5,nan,nan
16.5,13.7266,22.138606869369365,0.0451699605987215,nan,1.5,nan,nan
18.0,13.7266,23.19393240095364,0.0431147242611987,nan,1.5,nan,nan
19.5,13.7266,24.10882541663413,0.0414785864810336,nan,nan,nan,nan
Name:	202.9196794409719_12_80_0.08
Lambda:	202.9196794409719	Maximal Depth:	20	Filter time:	12 to 80 [us]
Chi2:	0.6216656499462486	RelRMS:	6.307662133989099	AbsRMS:	4.3913781546789683e-07	Phi model:	0.0446790665788561
depth_vector,start_model,resistivity_model,conductivity_model,E/I[V/A],modelled_thickness,rhoa,sigma
0.0,13.7266,11.155546314018183,0.0896415085241848,0.0001094752105785,1.0,12.21526006935476,0.0818648145288995
1.0,13.7266,11.280405514120098,0.0886492953421101,7.424103408719236e-05,1.0,12.35438564165695,0.0809429160627919
2.0,13.7266,11.533672433761652,0.0867026531005662,4.511612939523269e-05,1.0,12.746396687100171,0.0784535445230601
3.0,13.7266,11.918502010836011,0.0839031615794354,2.534989810936276e-05,1.0,13.248064855432853,0.0754827222626339
4.0,13.7266,12.437587547906295,0.0804014441022637,1.6058512996942232e-05,1.0,13.482367973636215,0.0741709469698072
5.0,13.7266,13.092821817592304,0.0763777292574424,1.083663664245632e-05,1.0,13.736826699225997,0.0727970165086486
6.0,13.7266,13.884744483242631,0.072021491011728,6.607256810418154e-06,1.5,14.17830674555734,0.0705302839010266
7.5,13.7266,14.84697972401584,0.0673537661254054,3.7292554627035778e-06,1.5,14.755645175197472,0.067770672724015
9.0,13.7266,15.951916619511293,0.062688391862384,2.339072233217245e-06,1.5,15.131610939414225,0.066086816797228
10.5,13.7266,17.162928504685837,0.0582651148215748,1.578058325120104e-06,1.5,15.45271634119101,0.0647135414848963
12.0,13.7266,18.435927387010512,0.0542419146597732,9.669490039055591e-07,1.5,15.934180790556304,0.0627581683140352
13.5,13.7266,19.72246728020804,0.0507035953358393,nan,1.5,nan,nan
15.0,13.7266,20.973954719529942,0.0476781805516557,nan,1.5,nan,nan
16.5,13.7266,22.14615126829409,0.0451545728142689,nan,1.5,nan,nan
18.0,13.7266,23.20305290111101,0.0430977770150288,nan,1.5,nan,nan
19.5,13.7266,24.1194315593436,0.0414603469215099,nan,nan,nan,nan
Name:	204.03123114745412_12_80_0.08
Lambda:	204.0312311474541	Maximal Depth:	20	Filter time:	12 to 80 [us]
Chi2:	0.6229052147493005	RelRMS:	6.313947556319677	AbsRMS:	4.391328264537186e-07	Phi model:	0.0445599648484448
depth_vector,start_model,resistivity_model,conductivity_model,E/I[V/A],modelled_thickness,rhoa,sigma
0.0,13.7266,11.159039060842597,0.0896134509923018,0.0001094388107405,1.0,12.217968485995216,0.081846667156348
1.0,13.7266,11.283818203051432,0.0886224841631686,7.421795506516568e-05,1.0,12.3569466783838,0.0809261402535074
2.0,13.7266,11.536916711809011,0.0866782715850254,4.510363688661752e-05,1.0,12.748750187197611,0.078439061501433
3.0,13.7266,11.921474138093629,0.0838822437910275,2.534405477787829e-05,1.0,13.250101095246382,0.075471122281381
4.0,13.7266,12.440161406507375,0.0803848091132407,1.6055426072641417e-05,1.0,13.484096058816318,0.0741614414224058
5.0,13.7266,13.094842437612726,0.0763659436731876,1.0834945322822842e-05,1.0,13.738256194844022,0.0727894418197923
6.0,13.7266,13.886022653120044,0.0720148616332057,6.606564214370951e-06,1.5,14.179297645650134,0.0705253549922323
7.5,13.7266,14.847227996103848,0.0673526398505105,3.729107025516708e-06,1.5,14.756036738452837,0.0677688743749257
9.0,13.7266,15.950809960477674,0.0626927411509361,2.3391015138484382e-06,1.5,15.13148466185536,0.0660873683149465
10.5,13.7266,17.160124992157325,0.0582746338069815,1.5781486628125205e-06,1.5,15.452126630776016,0.0647160111934559
12.0,13.7266,18.43109898956436,0.0542561244213487,9.670620967932666e-07,1.5,15.932938486571958,0.0627630616187205
13.5,13.7266,19.715335808903472,0.0507219359433075,nan,1.5,nan,nan
15.0,13.7266,20.964325828459422,0.0477000790858956,nan,1.5,nan,nan
16.5,13.7266,22.13393921055005,0.0451794861496391,nan,1.5,nan,nan
18.0,13.7266,23.18829088214892,0.0431252137159376,nan,1.5,nan,nan
19.5,13.7266,24.10226618976625,0.0414898745257654,nan,nan,nan,nan
Name:	204.29452002555936_12_80_0.08
Lambda:	204.29452002555936	Maximal Depth:	20	Filter time:	12 to 80 [us]
Chi2:	0.6232002546996158	RelRMS:	6.315442684466024	AbsRMS:	4.3919384363722645e-07	Phi model:	0.0445318261370311
depth_vector,start_model,resistivity_model,conductivity_model,E/I[V/A],modelled_thickness,rhoa,sigma
0.0,13.7266,11.159865956561044,0.089606811039884,0.0001094302024766,1.0,12.218609223899064,0.0818423751570713
1.0,13.7266,11.28462609668211,0.0886161394655352,7.421249736906648e-05,1.0,12.357552502968524,0.0809221728784709
2.0,13.7266,11.537684638938932,0.0866725024382331,4.510068294065468e-05,1.0,12.749306848510509,0.0784356366885019
3.0,13.7266,11.92217749827751,0.083877295078393,2.534267324956663e-05,1.0,13.250582634119644,0.0754683795884602
4.0,13.7266,12.440770314008375,0.0803808747175401,1.6054696302903637e-05,1.0,13.484504670747771,0.0741591941578189
5.0,13.7266,13.095320195533196,0.0763631576065699,1.0834545525562154e-05,1.0,13.738594156007332,0.0727876512432489
6.0,13.7266,13.886324485412448,0.0720132963226156,6.606400540808447e-06,1.5,14.17953183940031,0.0705241901725785
7.5,13.7266,14.84728594216478,0.0673523769862949,3.729071989194296e-06,1.5,14.756129164745962,0.0677684498987113
9.0,13.7266,15.9505472440038,0.0626937737434635,2.3391084775283062e-06,1.5,15.131454630223391,0.0660874994795683
10.5,13.7266,17.15946092107689,0.0582768890351155,1.5781700504785465e-06,1.5,15.451987023653135,0.0647165958960002
12.0,13.7266,18.429956227350207,0.0542594886099616,9.67088854906837e-07,1.5,15.932644589176412,0.0627642193612562
13.5,13.7266,19.7136488540313,0.0507262763684414,nan,1.5,nan,nan
15.0,13.7266,20.962049020515664,0.0477052600640946,nan,1.5,nan,nan
16.5,13.7266,22.131052545149853,0.0451853791391027,nan,1.5,nan,nan
18.0,13.7266,23.184802423759923,0.0431317024714083,nan,1.5,nan,nan
19.5,13.7266,24.098210735737872,0.0414968567984589,nan,nan,nan,nan
Name:	203.8686793593325_12_80_0.08
Lambda:	203.8686793593325	Maximal Depth:	20	Filter time:	12.0 to 80.0 [us]
Chi2:	0.6227233321826505	RelRMS:	6.313025681849364	AbsRMS:	4.391070203200534e-07	Phi model:	0.04457735122247301
depth_vector,start_model,resistivity_model,conductivity_model,E/I[V/A],modelled_thickness,rhoa,sigma
0.0,13.7266,11.158528463729636,0.08961755156609236,0.00010944412799647189,1.0,12.217572749268227,0.08184931823384438
1.0,13.7266,11.283319330208313,0.08862640245612352,7.422132629795906e-05,1.0,12.356572496089537,0.08092859086259302
2.0,13.7266,11.536442499501792,0.08668183454675786,4.5105461597154295e-05,1.0,12.748406356911538,0.07844117703840299
3.0,13.7266,11.921039769086672,0.08388530022298674,2.5344908207973213e-05,1.0,13.24980364961074,0.07547281653712495
4.0,13.7266,12.43978532957058,0.08038723928964456,1.605587689604969e-05,1.0,13.483843649698242,0.07416282967819633
5.0,13.7266,13.094547311019054,0.07636766481866086,1.0835192310018044e-05,1.0,13.738047419207575,0.07279054799315003
6.0,13.7266,13.885836129137248,0.07201582898574303,6.606665336755839e-06,1.5,14.179152958632942,0.07052607464757989
7.5,13.7266,14.847192056958871,0.06735280288445522,3.7291286797239793e-06,1.5,14.755979615084401,0.06776913672188481
9.0,13.7266,15.950972047709266,0.06269210409302993,2.3390972196877327e-06,1.5,15.131503180967897,0.06608728743207615
10.5,13.7266,17.16053498097127,0.05827324154572487,1.5781354562347476e-06,1.5,15.452212837751752,0.0647156501466813
12.0,13.7266,18.43180469589217,0.05425404709408984,9.670455709024346e-07,1.5,15.933120005251155,0.06276234658814
13.5,13.7266,19.71637774735938,0.050719255474496586,nan,1.5,nan,nan
15.0,13.7266,20.965732260420165,0.04769687924937564,nan,1.5,nan,nan
16.5,13.7266,22.135722544764352,0.04517584632612432,nan,1.5,nan,nan
18.0,13.7266,23.19044617757509,0.04312120570439861,nan,1.5,nan,nan
19.5,13.7266,24.10477197618141,0.04148556148915773,nan,nan,nan,nan
