Name:	10.0_8_150_1
Lambda:	10	Maximal Depth:	30	Filter time:	8 to 150 [us]
Chi2:	21.17827570152924	RelRMS:	11.521112061707178	AbsRMS:	1.6607353959455874e-06	Phi model:	2.809576136633668
depth_vector,start_model,resistivity_model,conductivity_model,E/I[V/A],modelled_thickness,rhoa,sigma
0.0,11.5767,19.745701131366403,0.0506439347657036,0.0001625439519674,1.0,17.898072072670967,0.0558719394993903
1.0,11.5767,19.53879939443601,0.0511802173620128,9.654658948426506e-05,1.0,17.79566453858038,0.0561934620554368
2.0,11.5767,19.11216427407388,0.0523226980293657,6.320968238330489e-05,1.0,17.616684309855543,0.0567643707755242
3.0,11.5767,18.43762034566228,0.054236934119064,4.486672615104384e-05,1.0,17.283601377820915,0.0578583119420495
4.0,11.5767,17.45730521176916,0.0572826096507628,2.998887948554212e-05,1.0,16.735363890204027,0.0597537051814777
5.0,11.5767,16.106450800967256,0.0620869248202059,1.9440204169229968e-05,1.0,15.812579053343992,0.0632407905520335
6.0,11.5767,14.394772095421024,0.0694696653320478,1.3995250681021037e-05,1.5,14.776875238478334,0.0676733060177732
7.5,11.5767,12.074047842695965,0.0828222658240448,1.08100836336438e-05,1.5,13.759312181619029,0.0726780515479467
9.0,11.5767,9.314395433939644,0.1073606985114907,8.084340184490196e-06,1.5,12.393922404212576,0.0806847071803603
10.5,11.5767,6.451427905865431,0.1550044446890326,5.97364474820487e-06,1.5,10.778211429546776,0.0927797720926736
12.0,11.5767,3.888837305368196,0.2571462680168153,4.72393980371656e-06,1.5,9.470611439603276,0.1055898034015309
13.5,11.5767,1.9592925549969915,0.5103883018641571,3.914456453175556e-06,1.5,8.432814665725868,0.1185843682850491
15.0,11.5767,0.7994571194941972,1.250848826804723,3.1383964555361e-06,1.5,7.268758683209968,0.1375750721109905
16.5,11.5767,0.3275801541333677,3.052687983023752,2.4531269667664243e-06,2.0,6.089643400132578,0.1642132279828124
18.5,11.5767,0.2767272339292194,3.613666735294213,2.007654303090443e-06,2.0,5.246559573334442,0.1906010950647515
20.5,11.5767,0.3031905244483827,3.2982561108048314,1.6925157283764267e-06,2.0,4.6193668030789485,0.2164798862332105
22.5,11.5767,0.443393197856697,2.255334553696054,1.3694789409216771e-06,2.0,3.959634800174532,0.2525485431019856
24.5,11.5767,0.5358918218287987,1.866048256880229,nan,2.0,nan,nan
26.5,11.5767,0.5818615653833811,1.71862185009782,nan,2.0,nan,nan
28.5,11.5767,0.6133432502147927,1.6304084208146092,nan,nan,nan,nan
Name:	12.742749857031335_8_150_1
Lambda:	12.742749857031336	Maximal Depth:	30	Filter time:	8 to 150 [us]
Chi2:	21.48946672315129	RelRMS:	11.609308291801328	AbsRMS:	1.6453269142401778e-06	Phi model:	2.6262538410252345
depth_vector,start_model,resistivity_model,conductivity_model,E/I[V/A],modelled_thickness,rhoa,sigma
0.0,11.5767,19.64147237017952,0.0509126801266813,0.0001630604658765,1.0,17.860255873329358,0.0559902392828142
1.0,11.5767,19.449525704657333,0.0514151355249008,9.668180690560064e-05,1.0,17.779068206113962,0.0562459173004417
2.0,11.5767,19.030341859213216,0.0525476634838205,6.323531448422131e-05,1.0,17.611923434860625,0.0567797153842165
3.0,11.5767,18.369516497922465,0.054438014202121,4.4881620094547256e-05,1.0,17.27977746324268,0.0578711156510659
4.0,11.5767,17.40130928840846,0.0574669401839854,3.003028167800845e-05,1.0,16.719978529694703,0.0598086892410775
5.0,11.5767,16.10138169623342,0.062106471287115,1.951240769141571e-05,1.0,15.773546480893163,0.0633972836236493
6.0,11.5767,14.46658831670907,0.0691247983358307,1.4074168497600508e-05,1.5,14.72158475910448,0.0679274695193094
7.5,11.5767,12.26171220087749,0.0815546787934263,1.088068961177139e-05,1.5,13.69972383718484,0.0729941721369392
9.0,11.5767,9.613964851985644,0.1040153584286781,8.135825270673586e-06,1.5,12.341579665151569,0.0810269047505855
10.5,11.5767,6.794564481839757,0.1471764677004332,6.001856178115142e-06,1.5,10.74440994588096,0.0930716535423488
12.0,11.5767,4.182615092152624,0.2390848734506288,4.7372643111884845e-06,1.5,9.452844439490292,0.1057882636703922
13.5,11.5767,2.148852384290472,0.4653646789843079,3.919186172653701e-06,1.5,8.426028754471467,0.1186798703326673
15.0,11.5767,0.9022445357816274,1.1083469728455442,3.1365473198751284e-06,1.5,7.271615242603942,0.1375210275347163
16.5,11.5767,0.390650936454558,2.559830034136686,2.446490891981588e-06,2.0,6.100650480229056,0.1639169467650691
18.5,11.5767,0.3071982365416673,3.255227019717489,1.9977140770875664e-06,2.0,5.2639490600542045,0.1899714432247379
20.5,11.5767,0.3404393145673247,2.9373810755991334,1.679732766843495e-06,2.0,4.642773123542299,0.2153885131559109
22.5,11.5767,0.5007366787586967,1.9970576201426955,1.3532332276397394e-06,2.0,3.99126229466095,0.2505473021248652
24.5,11.5767,0.6063685894836689,1.649161941009368,nan,2.0,nan,nan
26.5,11.5767,0.6627132972365413,1.5089481441973716,nan,2.0,nan,nan
28.5,11.5767,0.6971132309965147,1.434487190223764,nan,nan,nan,nan
Name:	16.237767391887218_8_150_1
Lambda:	16.237767391887218	Maximal Depth:	30	Filter time:	8 to 150 [us]
Chi2:	21.72433463265336	RelRMS:	11.67891258394636	AbsRMS:	1.6485693707955169e-06	Phi model:	2.554985258001784
depth_vector,start_model,resistivity_model,conductivity_model,E/I[V/A],modelled_thickness,rhoa,sigma
0.0,11.5767,19.73395428860515,0.0506740810977465,0.0001625475950211,1.0,17.897804647892777,0.0558727743247402
1.0,11.5767,19.530595702863646,0.0512017152581462,9.641166711207233e-05,1.0,17.812263315312887,0.0561410968554634
2.0,11.5767,19.10572113424123,0.0523403431345913,6.30782149002949e-05,1.0,17.641153585927505,0.0566856353882496
3.0,11.5767,18.43846691775582,0.0542344439188175,4.478283362840502e-05,1.0,17.305179773993196,0.0577861665154633
4.0,11.5767,17.478144911817378,0.0572143099307911,2.997596597506673e-05,1.0,16.740169891192853,0.0597365502560466
5.0,11.5767,16.191901710707903,0.0617592681740828,1.9478600842644527e-05,1.0,15.791792136626528,0.0633240351283918
6.0,11.5767,14.574164360075963,0.0686145685813294,1.4040026060041907e-05,1.5,14.745441661289762,0.0678175685049322
7.5,11.5767,12.398735355600095,0.0806533869237182,1.0840379112905744e-05,1.5,13.733664901655851,0.0728137760139634
9.0,11.5767,9.785299717945122,0.1021941104334407,8.087289339313387e-06,1.5,12.39090913104771,0.08070432842529
10.5,11.5767,6.998645537907358,0.1428847902902947,5.948188062991494e-06,1.5,10.808941481937646,0.0925159972112955
12.0,11.5767,4.392311195502516,0.2276705714804417,4.6840514825639416e-06,1.5,9.52430180409858,0.1049945728903373
13.5,11.5767,2.320430842445373,0.4309544510907102,3.868945258451571e-06,1.5,8.498816969246667,0.117663435230873
15.0,11.5767,1.00871106260033,0.9913641647015607,3.091866846714123e-06,1.5,7.341502183955552,0.1362119052672142
16.5,11.5767,0.4389026160567365,2.2784097506284424,2.409045261487612e-06,2.0,6.163705873756996,0.1622400582509406
18.5,11.5767,0.3222653568832647,3.103032884674084,1.9659732837165603e-06,2.0,5.320455600622186,0.1879538285937501
20.5,11.5767,0.3553806804062072,2.813883970442569,1.6523042083067884e-06,2.0,4.694012608499264,0.2130373485127286
22.5,11.5767,0.5121275435695419,1.9526385810651283,1.3302406424458168e-06,2.0,4.037122209404706,0.2477011960823091
24.5,11.5767,0.6641266390674708,1.5057369200008957,nan,2.0,nan,nan
26.5,11.5767,0.7613985321977977,1.3133726395734866,nan,2.0,nan,nan
28.5,11.5767,0.8072750423192817,1.23873518637096,nan,nan,nan,nan
Name:	20.6913808111479_8_150_1
Lambda:	20.6913808111479	Maximal Depth:	30	Filter time:	8 to 150 [us]
Chi2:	20.921305714876183	RelRMS:	11.44705291352926	AbsRMS:	1.674566162859802e-06	Phi model:	2.822058309851533
depth_vector,start_model,resistivity_model,conductivity_model,E/I[V/A],modelled_thickness,rhoa,sigma
0.0,11.5767,19.864223703393574,0.0503417608929344,0.0001619175567987,1.0,17.944202749035245,0.0557283047893428
1.0,11.5767,19.63383716112696,0.0509324790561011,9.595122112453024e-05,1.0,17.869202243705743,0.0559622072861277
2.0,11.5767,19.17913518402084,0.0521399943430793,6.268609669120471e-05,1.0,17.714643840569224,0.0564504716549732
3.0,11.5767,18.47525934734136,0.0541264391042988,4.4428425939825865e-05,1.0,17.397087352214907,0.0574808862974804
4.0,11.5767,17.488622883404314,0.0571800310788873,2.966799254196213e-05,1.0,16.855819753173776,0.0593266904038713
5.0,11.5767,16.189524549402798,0.0617683364911966,1.923295674649124e-05,1.0,15.92596979214242,0.0627905247248039
6.0,11.5767,14.567073937338806,0.0686479662491975,1.3851036076962218e-05,1.5,14.879267589174262,0.0672076091115917
7.5,11.5767,12.396669610189678,0.0806668267724124,1.0699080323125567e-05,1.5,13.85431725035994,0.0721796665926658
9.0,11.5767,9.792970855990438,0.1021140586146329,7.99956413636756e-06,1.5,12.481332218418707,0.0801196524938499
10.5,11.5767,7.010398594851108,0.1426452414181505,5.911967645865469e-06,1.5,10.85304475521069,0.0921400420393444
12.0,11.5767,4.402664302299497,0.227135191633326,4.6819800971990506e-06,1.5,9.52711073600942,0.1049636167469242
13.5,11.5767,2.324045581940011,0.4302841595581976,3.889479930777682e-06,1.5,8.468877345642126,0.1180794052371741
15.0,11.5767,1.0001564420756848,0.99984358239461,3.1327924657834487e-06,1.5,7.277424416200047,0.1374112519497875
16.5,11.5767,0.410096045253928,2.438453166210877,2.464369032372072e-06,2.0,6.071109290915412,0.1647145442590473
18.5,11.5767,0.3122604942852201,3.202454419631436,2.0266467609929454e-06,2.0,5.213729859846112,0.1918012683590622
20.5,11.5767,0.3829875714470364,2.611050787422982,1.7134980190012709e-06,2.0,4.581579075926821,0.2182653586084197
22.5,11.5767,0.5933054016105531,1.6854726036295251,1.3879459216846346e-06,2.0,3.924433804116051,0.2548138279084165
24.5,11.5767,0.846110739328316,1.1818783919393918,nan,2.0,nan,nan
26.5,11.5767,1.022756918973032,0.9777494353243952,nan,2.0,nan,nan
28.5,11.5767,1.1100489138038188,0.9008612031097686,nan,nan,nan,nan
Name:	26.366508987303583_8_150_1
Lambda:	26.366508987303583	Maximal Depth:	30	Filter time:	8 to 150 [us]
Chi2:	21.041618649609926	RelRMS:	11.482446608868283	AbsRMS:	1.6852147579989e-06	Phi model:	2.7270125765772573
depth_vector,start_model,resistivity_model,conductivity_model,E/I[V/A],modelled_thickness,rhoa,sigma
0.0,11.5767,19.892241990662185,0.0502708543596754,0.0001617036237693,1.0,17.96002598414995,0.0556792067496181
1.0,11.5767,19.66441265965371,0.0508532859489742,9.593180164952672e-05,1.0,17.87161367080871,0.0559546562733385
2.0,11.5767,19.20959211956874,0.0520573260366785,6.27418944625155e-05,1.0,17.70413959701824,0.0564839649235719
3.0,11.5767,18.503398838184903,0.0540441250142827,4.450810541828013e-05,1.0,17.376318029984276,0.0575495912468002
4.0,11.5767,17.514505641383924,0.0570955310115726,2.9748264540504767e-05,1.0,16.825483875392173,0.0594336547706977
5.0,11.5767,16.213603517605893,0.061676603779914,1.92951442920461e-05,1.0,15.891732171780196,0.0629258024984686
6.0,11.5767,14.58733344076842,0.068552625060672,1.3894193596782932e-05,1.5,14.848440074614842,0.0673471418529423
7.5,11.5767,12.404017779713994,0.0806190395530904,1.0727767788368608e-05,1.5,13.829607382155237,0.0723086326579545
9.0,11.5767,9.776499798152376,0.1022860963173124,8.014876802715597e-06,1.5,12.465429841723372,0.0802218625989834
10.5,11.5767,6.9695022419320205,0.1434822696495452,5.917998117785723e-06,1.5,10.845670628480985,0.0922026893730275
12.0,11.5767,4.356810219587378,0.2295257194137566,4.683712043313912e-06,1.5,9.524761963730263,0.1049895003998988
13.5,11.5767,2.302572765423652,0.4342968070396721,3.888674612269195e-06,1.5,8.470046537200208,0.1180631057465892
15.0,11.5767,1.0077447621284978,0.9923147582408268,3.1291861745965192e-06,1.5,7.283014681879939,0.1373057784008027
16.5,11.5767,0.4139441317910055,2.4157849410095897,2.4573971690705394e-06,2.0,6.082586734217088,0.1644037386881115
18.5,11.5767,0.309374167437866,3.232331930883782,2.017158781515874e-06,2.0,5.230066059551079,0.1912021738566404
20.5,11.5767,0.3926896532380513,2.546540230317178,1.7024361442715988e-06,2.0,4.601404049397397,0.2173249706534597
22.5,11.5767,0.5701277675676236,1.7539928010634716,1.3760410258539071e-06,2.0,3.94703626326947,0.2533546522756456
24.5,11.5767,0.7582555202370789,1.3188166433491133,nan,2.0,nan,nan
26.5,11.5767,0.9080400681133938,1.1012729890627715,nan,2.0,nan,nan
28.5,11.5767,1.0084384302529918,0.9916321810039758,nan,nan,nan,nan
Name:	33.59818286283781_8_150_1
Lambda:	33.59818286283781	Maximal Depth:	30	Filter time:	8 to 150 [us]
Chi2:	21.33184235938109	RelRMS:	11.565684947079918	AbsRMS:	1.677176287193104e-06	Phi model:	2.570098501249358
depth_vector,start_model,resistivity_model,conductivity_model,E/I[V/A],modelled_thickness,rhoa,sigma
0.0,11.5767,19.80157755244327,0.0505010268677614,0.0001617096982493,1.0,17.959576213134405,0.0556806011529753
1.0,11.5767,19.58541000813166,0.0510584154013018,9.583786388923884e-05,1.0,17.88328995515306,0.0559181225886152
2.0,11.5767,19.15497210839668,0.0522057664370936,6.265525868970666e-05,1.0,17.720455956182327,0.0564319565180894
3.0,11.5767,18.486591184729203,0.0540932608942013,4.445603565605563e-05,1.0,17.38988355532197,0.0575046978790126
4.0,11.5767,17.547065127700918,0.0569895873026273,2.9740588426679788e-05,1.0,16.828378881420843,0.0594234303283982
5.0,11.5767,16.307690403830943,0.061320761875948,1.931906419013917e-05,1.0,15.878611898588565,0.0629777972020897
6.0,11.5767,14.7517375101029,0.0677886248528445,1.3926738284491346e-05,1.5,14.825298678544014,0.0674522666748869
7.5,11.5767,12.648694446646974,0.0790595428024659,1.0759720248721566e-05,1.5,13.802214539881597,0.0724521414379187
9.0,11.5767,10.090956772068347,0.0990986308422198,8.042334834768478e-06,1.5,12.43704080287647,0.0804049786319521
10.5,11.5767,7.3163023903486595,0.1366810646480598,5.939724273560197e-06,1.5,10.819207153926904,0.0924282145422313
12.0,11.5767,4.678587539261645,0.2137397220011866,4.7011276555426405e-06,1.5,9.50122404395612,0.1052495968281177
13.5,11.5767,2.547673953197007,0.3925149051137909,3.90240555954478e-06,1.5,8.450166479379096,0.1183408637498794
15.0,11.5767,1.1596253756978767,0.86234746234161,3.137788614824673e-06,1.5,7.269697370792439,0.1375573079586109
16.5,11.5767,0.4929619200075248,2.02855425422056,2.4587517903910394e-06,2.0,6.080352441061437,0.1644641506710804
18.5,11.5767,0.3556829490387024,2.81149265856764,2.011616143751644e-06,2.0,5.23966864236372,0.1908517633948852
20.5,11.5767,0.4421485217062059,2.261683463604271,1.690805306097171e-06,2.0,4.622481585659473,0.2163340148508852
22.5,11.5767,0.64795420076791,1.5433189549737774,1.3574670258262354e-06,2.0,3.982959087341608,0.2510696138401566
24.5,11.5767,0.8898328958278581,1.1238065087149287,nan,2.0,nan,nan
26.5,11.5767,1.0849406261627823,0.9217094243551368,nan,2.0,nan,nan
28.5,11.5767,1.2080056800913566,0.8278106771189802,nan,nan,nan,nan
Name:	42.81332398719393_8_150_1
Lambda:	42.81332398719393	Maximal Depth:	30	Filter time:	8 to 150 [us]
Chi2:	21.489033197426355	RelRMS:	11.610803313178607	AbsRMS:	1.6887207386487227e-06	Phi model:	2.499866510359128
depth_vector,start_model,resistivity_model,conductivity_model,E/I[V/A],modelled_thickness,rhoa,sigma
0.0,11.5767,19.84059371823344,0.0504017175192193,0.0001615229990188,1.0,17.973412812122184,0.055637736163582
1.0,11.5767,19.621926265250583,0.0509633960744694,9.576877266696192e-05,1.0,17.891890043393627,0.0558912444450908
2.0,11.5767,19.18548809878273,0.0521227291612897,6.263705675833985e-05,1.0,17.723888758000186,0.0564210266524394
3.0,11.5767,18.508385184265787,0.0540295649806398,4.4460421501115537e-05,1.0,17.38873990761152,0.0575084799308702
4.0,11.5767,17.56000423403754,0.0569475944693477,2.975862483602257e-05,1.0,16.821578517930654,0.0594474530992479
5.0,11.5767,16.310372717671285,0.061310677402029,1.9342679153222368e-05,1.0,15.865685417159645,0.0630291080219227
6.0,11.5767,14.743688457004808,0.0678256328405321,1.3950875343067257e-05,1.5,14.808193784458505,0.0675301805578422
7.5,11.5767,12.630429026796884,0.0791738742902863,1.0782761571393167e-05,1.5,13.782545203419769,0.0725555392883367
9.0,11.5767,10.06431659844246,0.0993609442050698,8.062636285525294e-06,1.5,12.416154660804326,0.0805402338581387
10.5,11.5767,7.284767647345495,0.137272737911468,5.955388061125756e-06,1.5,10.80022779861975,0.0925906396277862
12.0,11.5767,4.64793528570471,0.2151492950161379,4.711954020666984e-06,1.5,9.48666488215105,0.1054111231315314
13.5,11.5767,2.5249963854143296,0.3960401708994561,3.908745327771453e-06,1.5,8.441026873232643,0.1184689985019597
15.0,11.5767,1.1482912865101682,0.8708591728838699,3.138623923320267e-06,1.5,7.2684074829294625,0.1375817195649245
16.5,11.5767,0.4900196979992745,2.040734289015216,2.45408147492538e-06,2.0,6.0880642645211145,0.1642558219740901
18.5,11.5767,0.3572066041740361,2.799500312465628,2.00368335146277e-06,2.0,5.2534891309451,0.1903496847665697
20.5,11.5767,0.4435052252655544,2.2547648664144537,1.681229959262777e-06,2.0,4.6400163494328055,0.2155164819887412
22.5,11.5767,0.6232902705160398,1.604388913647042,1.347298974351225e-06,2.0,4.002973532575023,0.2498142922660601
24.5,11.5767,0.8192081276767118,1.2206910139380782,nan,2.0,nan,nan
26.5,11.5767,0.9778038481564904,1.0227000045922885,nan,2.0,nan,nan
28.5,11.5767,1.0839446937583388,0.922556294392402,nan,nan,nan,nan
Name:	54.5559478116852_8_150_1
Lambda:	54.5559478116852	Maximal Depth:	30	Filter time:	8 to 150 [us]
Chi2:	22.39829724483729	RelRMS:	11.868598353180811	AbsRMS:	1.7384879059396664e-06	Phi model:	2.287251911344478
depth_vector,start_model,resistivity_model,conductivity_model,E/I[V/A],modelled_thickness,rhoa,sigma
0.0,11.5767,19.46855134797289,0.0513648900797193,0.0001608267893819,1.0,18.025246018871467,0.0554777448781033
1.0,11.5767,19.31065815381768,0.0517848740335296,9.525823591662046e-05,1.0,17.95576082804349,0.0556924326168451
2.0,11.5767,18.985067266898746,0.0526729763946394,6.232600322800002e-05,1.0,17.782810152960696,0.0562340817563925
3.0,11.5767,18.45626948359568,0.0541821304077089,4.429810944701452e-05,1.0,17.431189895382428,0.0573684301531763
4.0,11.5767,17.671763211273365,0.0565874490306699,2.971513871694697e-05,1.0,16.837986021442173,0.0593895254887704
5.0,11.5767,16.575849523912215,0.0603287329893654,1.936259866684973e-05,1.0,15.854802203430948,0.0630723730999054
6.0,11.5767,15.126490416709306,0.0661091880834011,1.3983384623620623e-05,1.5,14.785233656461427,0.0676350488085104
7.5,11.5767,13.052497551639547,0.0766136899121186,1.081057364357052e-05,1.5,13.758896400384163,0.0726802478120322
9.0,11.5767,10.436800702004524,0.0958148026921637,8.076734852921293e-06,1.5,12.401701546334374,0.0806340965603687
10.5,11.5767,7.553740470757316,0.1323847442033897,5.9515647842538575e-06,1.5,10.804852671001727,0.0925510074453693
12.0,11.5767,4.821561764787616,0.2074016778760582,4.694206068575245e-06,1.5,9.510561426649137,0.1051462637313863
13.5,11.5767,2.6489389356438857,0.3775096460488724,3.880667040452952e-06,1.5,8.481694225798137,0.1179009727747994
15.0,11.5767,1.250380465967984,0.7997565758721674,3.1001347116884192e-06,1.5,7.328443491067876,0.1364546238527771
16.5,11.5767,0.5617098502635023,1.780278554009499,2.4072087461729406e-06,2.0,6.166840431264576,0.1621575928785528
18.5,11.5767,0.3917569095253971,2.552603350918489,1.953129032407777e-06,2.0,5.343755848700874,0.1871342981066605
20.5,11.5767,0.4638532948987399,2.1558540404855853,1.629871510287835e-06,2.0,4.736985028896404,0.2111047414969294
22.5,11.5767,0.6081639914015948,1.644293338866326,1.2976102653313791e-06,2.0,4.104521387464734,0.2436337652068312
24.5,11.5767,0.7694366372558328,1.2996521761252011,nan,2.0,nan,nan
26.5,11.5767,0.9157562853201489,1.0919935970195385,nan,2.0,nan,nan
28.5,11.5767,1.0302235080105595,0.9706631543780986,nan,nan,nan,nan
Name:	69.51927961775606_8_150_1
Lambda:	69.51927961775606	Maximal Depth:	30	Filter time:	8 to 150 [us]
Chi2:	22.275359856021787	RelRMS:	11.831744102797174	AbsRMS:	1.7460960201876558e-06	Phi model:	2.2634089724160296
depth_vector,start_model,resistivity_model,conductivity_model,E/I[V/A],modelled_thickness,rhoa,sigma
0.0,11.5767,19.714344457250963,0.0507244865366141,0.0001607361014283,1.0,18.032025325592738,0.0554568875067353
1.0,11.5767,19.52524391116728,0.0512157494446489,9.531001574427796e-05,1.0,17.949256926718217,0.0557126127328122
2.0,11.5767,19.14365029404772,0.0522366416352124,6.240269595947124e-05,1.0,17.768237152343303,0.0562802033440958
3.0,11.5767,18.54060594758468,0.0539356697848525,4.436907556001636e-05,1.0,17.41259806055929,0.0574296837566742
4.0,11.5767,17.676396149006475,0.0565726176065705,2.9776956607751733e-05,1.0,16.814673827819856,0.0594718642918604
5.0,11.5767,16.510830613646082,0.0605663048334774,1.941723588707724e-05,1.0,15.825046197334316,0.0631909687675001
6.0,11.5767,15.017401590978762,0.0665894158814211,1.4035884655444144e-05,1.5,14.748342028870823,0.0678042316921072
7.5,11.5767,12.9520854800073,0.0772076436295598,1.0863661806582447e-05,1.5,13.714035483682244,0.0729179971270934
9.0,11.5767,10.395632263856813,0.0961942452963411,8.131630928718872e-06,1.5,12.345823205531373,0.080999053959558
10.5,11.5767,7.58894225601834,0.1317706692532756,6.007778284674844e-06,1.5,10.737347989876222,0.0931328667882289
12.0,11.5767,4.903206645505597,0.2039481654146935,4.749623656403174e-06,1.5,9.43643869117433,0.1059721821681812
13.5,11.5767,2.72601239365843,0.3668361898597077,3.933613760246003e-06,1.5,8.405412986516614,0.1189709537894367
15.0,11.5767,1.2949065175432004,0.7722565192561387,3.147727347893186e-06,1.5,7.254386926422003,0.1378476238092277
16.5,11.5767,0.5829495033563517,1.715414447121862,2.4458818609741146e-06,2.0,6.101663156867367,0.1638897419098773
18.5,11.5767,0.4157422860810314,2.4053362707614787,1.982986163961348e-06,2.0,5.2899809554536175,0.1890365973754719
20.5,11.5767,0.5088741601895785,1.96512237844314,1.65186681573335e-06,2.0,4.694841180407076,0.2129997504864036
22.5,11.5767,0.6886225340077784,1.4521743780006833,1.310425550455836e-06,2.0,4.077717513913614,0.2452352318638777
24.5,11.5767,0.8842351779414116,1.1309208510886215,nan,2.0,nan,nan
26.5,11.5767,1.0508968114821715,0.9515682120964972,nan,2.0,nan,nan
28.5,11.5767,1.1684695027611096,0.8558203681285529,nan,nan,nan,nan
Name:	88.58667904100822_8_150_1
Lambda:	88.58667904100822	Maximal Depth:	30	Filter time:	8 to 150 [us]
Chi2:	22.96906278879768	RelRMS:	12.023004034234477	AbsRMS:	1.7425720447287387e-06	Phi model:	2.1236211801561
depth_vector,start_model,resistivity_model,conductivity_model,E/I[V/A],modelled_thickness,rhoa,sigma
0.0,11.5767,19.81873955606164,0.0504572955899279,0.0001607558165325,1.0,18.030550996254647,0.0554614221277942
1.0,11.5767,19.61765340398932,0.0509744962563487,9.536594104128772e-05,1.0,17.94223893790212,0.0557344043550522
2.0,11.5767,19.214117331463367,0.0520450657581072,6.24670245109323e-05,1.0,17.756036568813034,0.0563188747739129
3.0,11.5767,18.583399191756897,0.0538114684876152,4.443423149856272e-05,1.0,17.395571973814793,0.0574858936231174
4.0,11.5767,17.692420068156295,0.0565213801248055,2.984185370486939e-05,1.0,16.790287062662465,0.0595582431835699
5.0,11.5767,16.508805287507272,0.0605737352027969,1.947932771015692e-05,1.0,15.791399288980548,0.0633256104604874
6.0,11.5767,15.013564098230722,0.0666064362503934,1.4093954552975324e-05,1.5,14.707803422984997,0.0679911181323802
7.5,11.5767,12.979129033029416,0.077046772357004,1.091754167560419e-05,1.5,13.668877604207948,0.0731588963597238
9.0,11.5767,10.481518225344743,0.0954060259688294,8.178888460603958e-06,1.5,12.2982212663532,0.0813125718217404
10.5,11.5767,7.734986017584255,0.1292827159256215,6.044969737885186e-06,1.5,10.69326194793906,0.09351683376584
12.0,11.5767,5.074731292115376,0.197054768506404,4.776432950024812e-06,1.5,9.401095509339,0.1063705819185227
13.5,11.5767,2.8719736560870057,0.348192608898257,3.950752006875471e-06,1.5,8.381087087343687,0.1193162640572133
15.0,11.5767,1.3873923175677192,0.7207766594477986,3.1527443471785414e-06,1.5,7.246688889505715,0.1379940570441969
16.5,11.5767,0.6347741923538897,1.575363352898404,2.437974700137703e-06,2.0,6.114849180876174,0.1635363310557912
18.5,11.5767,0.4582384381604271,2.1822700077593766,1.966279405128076e-06,2.0,5.319903374036942,0.1879733389294931
20.5,11.5767,0.5535578049851282,1.8064960714028155,1.62949591999377e-06,2.0,4.737712901132675,0.2110723087000319
22.5,11.5767,0.7316164767671854,1.3668363572383286,1.2836978129107444e-06,2.0,4.134124047756077,0.2418892100111946
24.5,11.5767,0.9185684289741218,1.0886505223316054,nan,2.0,nan,nan
26.5,11.5767,1.0724765985783935,0.9324212773738242,nan,2.0,nan,nan
28.5,11.5767,1.1766764790751565,0.8498512698970405,nan,nan,nan,nan
Name:	112.88378916846884_8_150_1
Lambda:	112.88378916846884	Maximal Depth:	30	Filter time:	8 to 150 [us]
Chi2:	23.62367515821104	RelRMS:	12.199608316099818	AbsRMS:	1.7494080644446903e-06	Phi model:	2.0264570161518805
depth_vector,start_model,resistivity_model,conductivity_model,E/I[V/A],modelled_thickness,rhoa,sigma
0.0,11.5767,19.70183907958204,0.050756682965518,0.0001606429865662,1.0,18.03899269019153,0.0554354678875022
1.0,11.5767,19.52720091252796,0.0512106166408333,9.539913410329313e-05,1.0,17.938076828907423,0.0557473362132382
2.0,11.5767,19.17103690139616,0.0521620194642248,6.2576237831443e-05,1.0,17.73537100104469,0.0563844985222522
3.0,11.5767,18.596336530725864,0.05377403223198,4.457652874767668e-05,1.0,17.358532139248165,0.057608557680921
4.0,11.5767,17.755285302196956,0.0563212577539525,2.999064840045304e-05,1.0,16.734705824499674,0.059756054900947
5.0,11.5767,16.602616057712094,0.060231471746616,1.960810853236263e-05,1.0,15.72218091912392,0.0636044073747831
6.0,11.5767,15.11311514702448,0.066167695426901,1.419637141318387e-05,1.5,14.636980439785145,0.0683201022310499
7.5,11.5767,13.048601967795332,0.0766365624814102,1.099641844916388e-05,1.5,13.60343508321294,0.0735108444214969
9.0,11.5767,10.501180708208276,0.0952273870707079,8.231213728403693e-06,1.5,12.246046583892491,0.0816590066965222
10.5,11.5767,7.712269606220018,0.1296635168450919,6.07230002294139e-06,1.5,10.661152251688984,0.0937984916069063
12.0,11.5767,5.038784403955371,0.198460565055138,4.787601278870508e-06,1.5,9.386469480755713,0.1065363289200711
13.5,11.5767,2.8535689780028672,0.3504383485062526,3.951346733197183e-06,1.5,8.380246095064809,0.1193282379367006
15.0,11.5767,1.397554094221847,0.7155358094076468,3.1437479279301027e-06,1.5,7.260507469142302,0.1377314194978897
16.5,11.5767,0.6593177727631097,1.5167193139798707,2.4218630708387627e-06,2.0,6.1419388680474825,0.1628150363401287
18.5,11.5767,0.4722104071654865,2.117700043933062,1.947031897402758e-06,2.0,5.354906023698812,0.1867446404426845
20.5,11.5767,0.5553326463925583,1.800722515587732,1.609248840152871e-06,2.0,4.77736900901934,0.2093202342360553
22.5,11.5767,0.7251340678404818,1.379055328317555,1.2639390074483352e-06,2.0,4.177097635513989,0.2394006765601855
24.5,11.5767,0.8813774092509731,1.1345877367674273,nan,2.0,nan,nan
26.5,11.5767,0.9957022959313422,1.0043162540512554,nan,2.0,nan,nan
28.5,11.5767,1.0709740924074371,0.9337294030634348,nan,nan,nan,nan
Name:	143.8449888287663_8_150_1
Lambda:	143.8449888287663	Maximal Depth:	30	Filter time:	8 to 150 [us]
Chi2:	25.243915190200024	RelRMS:	12.625140243414872	AbsRMS:	1.7681290347909769e-06	Phi model:	1.846165394806788
depth_vector,start_model,resistivity_model,conductivity_model,E/I[V/A],modelled_thickness,rhoa,sigma
0.0,11.5767,19.689332297945743,0.0507889239141102,0.0001604800050055,1.0,18.05120407965992,0.0553979665615103
1.0,11.5767,19.527560611898966,0.0512096733368046,9.547950487669716e-05,1.0,17.928009052609646,0.055778642071493
2.0,11.5767,19.19565856754721,0.052095112886131,6.276326622214319e-05,1.0,17.700120366076327,0.0564967909436694
3.0,11.5767,18.65057428929392,0.0536176519011553,4.480240246729467e-05,1.0,17.300140357753946,0.0578029992428239
4.0,11.5767,17.837489335220816,0.0560617013530856,3.0218540245385148e-05,1.0,16.650463665627285,0.0600583875669702
5.0,11.5767,16.705092717044717,0.0598619844222516,1.9803406001393244e-05,1.0,15.618644144520944,0.0640260441781563
6.0,11.5767,15.226724021350492,0.0656740083157629,1.4353337638103538e-05,1.5,14.530072919806576,0.0688227791779941
7.5,11.5767,13.162135486299196,0.0759755133231173,1.1120278399158965e-05,1.5,13.502234726764025,0.0740618142282631
9.0,11.5767,10.60966393871482,0.0942536922730403,8.317624204617272e-06,1.5,12.161084225673786,0.0822295102511384
10.5,11.5767,7.818853627954537,0.127895986749864,6.12203744040574e-06,1.5,10.603330675293147,0.094309989061277
12.0,11.5767,5.149776157950372,0.1941831973524075,4.811850267744723e-06,1.5,9.354907956101586,0.1068957604599162
13.5,11.5767,2.96834440612157,0.3368881312888477,3.957544631802017e-06,1.5,8.371494291102733,0.1194529871522226
15.0,11.5767,1.5045727311418655,0.6646405184022375,3.1319595947032927e-06,1.5,7.278714532402745,0.1373868964840271
16.5,11.5767,0.7441856088585137,1.3437507902549648,2.3948436942229592e-06,2.0,6.188049284860647,0.1616018156879498
18.5,11.5767,0.5308473897648641,1.8837805728741448,1.9117782522510173e-06,2.0,5.420535835410208,0.1844836064854321
20.5,11.5767,0.6023106278556605,1.6602728787306789,1.5699377628807836e-06,2.0,4.856789718270159,0.2058973227187957
22.5,11.5767,0.7726157610196754,1.2943044271841275,1.223006266220244e-06,2.0,4.26978738620648,0.2342036990484569
24.5,11.5767,0.9180186199353976,1.0893025242455012,nan,2.0,nan,nan
26.5,11.5767,1.0097656080054618,0.9903288367834676,nan,2.0,nan,nan
28.5,11.5767,1.0678798188316538,0.936434964277235,nan,nan,nan,nan
Name:	183.29807108324357_8_150_1
Lambda:	183.2980710832436	Maximal Depth:	30	Filter time:	8 to 150 [us]
Chi2:	27.513243467369623	RelRMS:	13.192593689810405	AbsRMS:	1.8746403583018875e-06	Phi model:	1.7005428246621677
depth_vector,start_model,resistivity_model,conductivity_model,E/I[V/A],modelled_thickness,rhoa,sigma
0.0,11.5767,20.03501671136738,0.0499126112249571,0.0001598229982369,1.0,18.10064065472337,0.0552466633129391
1.0,11.5767,19.85693901889618,0.0503602291898254,9.563585229467978e-05,1.0,17.908464344594595,0.0558395170438963
2.0,11.5767,19.48687450246796,0.0513165926056204,6.318397676257742e-05,1.0,17.621462072912717,0.0567489800711358
3.0,11.5767,18.88001177240227,0.0529660686685451,4.527708463640398e-05,1.0,17.17901235043126,0.058210564123315
4.0,11.5767,17.981110712391448,0.0556139170708104,3.065814304353446e-05,1.0,16.49091507512526,0.0606394487779753
5.0,11.5767,16.743551110488138,0.0597244869622431,2.014204629224917e-05,1.0,15.443089831931616,0.0647538809191088
6.0,11.5767,15.15046537918987,0.0660045731250977,1.4597533738288646e-05,1.5,14.36757267942973,0.0696011791491902
7.5,11.5767,12.976107930103254,0.0770647104190696,1.1291072085969585e-05,1.5,13.365728662352604,0.0748182179409874
9.0,11.5767,10.357834623607674,0.0965452757587759,8.41276522465097e-06,1.5,12.069223046344508,0.0828553748787397
10.5,11.5767,7.573287241396565,0.1320430571461585,6.15215969908904e-06,1.5,10.568691622514692,0.0946190915316026
12.0,11.5767,4.978842690256828,0.2008498886612575,4.804384053821338e-06,1.5,9.364597393249014,0.1067851566924708
13.5,11.5767,2.902215840570384,0.3445643104902446,3.928719592427499e-06,1.5,8.412392184087105,0.1188722515685373
15.0,11.5767,1.5192213862531332,0.6582319134318582,3.0877287488334514e-06,1.5,7.348059986451765,0.1360903424636957
16.5,11.5767,0.7863526921885242,1.271693999313294,2.344247618424666e-06,2.0,6.276770127332866,0.1593176075774056
18.5,11.5767,0.5511824573395232,1.814281254209093,1.8624562027551408e-06,2.0,5.515817038178446,0.1812968039147001
20.5,11.5767,0.5804332393298187,1.7228510227198954,1.5247534316128975e-06,2.0,4.952272245362149,0.2019275093239289
22.5,11.5767,0.7008920316636494,1.4267532727207397,1.185027377141559e-06,2.0,4.360535054878548,0.229329655057171
24.5,11.5767,0.8011918581611379,1.2481404919605128,nan,2.0,nan,nan
26.5,11.5767,0.8580710876213609,1.165404608576286,nan,2.0,nan,nan
28.5,11.5767,0.8957442337511505,1.1163901059259436,nan,nan,nan,nan
Name:	233.57214690901213_8_150_1
Lambda:	233.57214690901213	Maximal Depth:	30	Filter time:	8 to 150 [us]
Chi2:	27.05033700708401	RelRMS:	13.078518123106273	AbsRMS:	2.432496474406581e-06	Phi model:	1.693983985524455
depth_vector,start_model,resistivity_model,conductivity_model,E/I[V/A],modelled_thickness,rhoa,sigma
0.0,11.5767,20.79546861434379,0.0480873991610963,0.0001563075583958,1.0,18.371028723080588,0.0544335330957074
1.0,11.5767,20.54477928211332,0.0486741661357549,9.380043631025792e-05,1.0,18.141321891439627,0.0551227747340656
2.0,11.5767,20.042465233646205,0.0498940618502984,6.213025111138599e-05,1.0,17.820142448603104,0.0561162742039914
3.0,11.5767,19.27303714763134,0.05188595820887,4.461911187668764e-05,1.0,17.347486076883175,0.0576452400980782
4.0,11.5767,18.21656998022995,0.0548950763554982,3.0300127879953173e-05,1.0,16.62056099042473,0.0601664408665934
5.0,11.5767,16.857012263213726,0.0593224934754454,1.997635989034604e-05,1.0,15.528363489909657,0.0643982864420839
6.0,11.5767,15.193034580138727,0.0658196356182366,1.4518378406133096e-05,1.5,14.419747425946657,0.0693493422915727
7.5,11.5767,13.01627309746775,0.076826906789052,1.125565198025771e-05,1.5,13.3937541422443,0.0746616661303323
9.0,11.5767,10.435194959974597,0.09582954643738,8.407535887876532e-06,1.5,12.07422708810988,0.0828210363034129
10.5,11.5767,7.68431539095248,0.1301352103763727,6.162890327722586e-06,1.5,10.55642014652317,0.0947290829769935
12.0,11.5767,5.093564209699066,0.1963261792392485,4.820414876979557e-06,1.5,9.343823865130496,0.1070225653259394
13.5,11.5767,2.992836977626132,0.334131129585676,3.94627037524936e-06,1.5,8.387431278278456,0.1192260141182644
15.0,11.5767,1.5785545104333656,0.6334909522544564,3.105225086239951e-06,1.5,7.320432322618755,0.1366039539646024
16.5,11.5767,0.8252335261002515,1.2117782038323506,2.360219655165079e-06,2.0,6.248420727510032,0.1600404395941653
18.5,11.5767,0.5898559878487458,1.69532906438245,1.87626923408882e-06,2.0,5.488712205429095,0.1821920994529212
20.5,11.5767,0.6234673735869753,1.6039331685421343,1.536188835828492e-06,2.0,4.927665145144808,0.2029358673012294
22.5,11.5767,0.7577479018267776,1.31970012399797,1.1930611736788918e-06,2.0,4.34093780026484,0.2303649685878913
24.5,11.5767,0.9186220991672576,1.0885869182839305,nan,2.0,nan,nan
26.5,11.5767,1.066052508902663,0.9380400980711036,nan,2.0,nan,nan
28.5,11.5767,1.1807503754781683,0.8469190616137048,nan,nan,nan,nan
Name:	297.63514416313194_8_150_1
Lambda:	297.63514416313194	Maximal Depth:	30	Filter time:	8 to 150 [us]
Chi2:	29.854216130913443	RelRMS:	13.753997771982998	AbsRMS:	2.667923142518828e-06	Phi model:	1.530241360084457
depth_vector,start_model,resistivity_model,conductivity_model,E/I[V/A],modelled_thickness,rhoa,sigma
0.0,11.5767,21.295471661596007,0.046958340058905,0.0001551347633904,1.0,18.463500560058,0.0541609104268827
1.0,11.5767,21.010820938116293,0.0475945229815305,9.360082119113728e-05,1.0,18.16710511403281,0.0550445430751413
2.0,11.5767,20.442395243885912,0.0489179466530023,6.228818559129286e-05,1.0,17.790007192713126,0.0562113319667237
3.0,11.5767,19.58050979614764,0.0510711932636577,4.489195238098221e-05,1.0,17.277125964102147,0.0578799970595669
4.0,11.5767,18.414992107715506,0.0543035801563564,3.059786763637223e-05,1.0,16.51256517982242,0.0605599426321691
5.0,11.5767,16.942884238615303,0.0590218280380417,2.0226126350613887e-05,1.0,15.400262149488336,0.0649339595841376
6.0,11.5767,15.177554571300636,0.0658867668900303,1.4706809030244818e-05,1.5,14.296314465204404,0.069948097632707
7.5,11.5767,12.931193939705048,0.0773323797216832,1.139233036152106e-05,1.5,13.286411938380349,0.0752648649340239
9.0,11.5767,10.333678804047793,0.0967709582388308,8.488075255044898e-06,1.5,11.997728003172496,0.0833491140768965
10.5,11.5767,7.621275598454064,0.1312116307935176,6.192670729181812e-06,1.5,10.522549252626147,0.0950340051628103
12.0,11.5767,5.1014176364589225,0.1960239430022702,4.8190289504664205e-06,1.5,9.345615267883112,0.1070020508373132
13.5,11.5767,3.06643274697264,0.3261118317325752,3.92575884311991e-06,1.5,8.416621320521914,0.1188125213096779
15.0,11.5767,1.682350792320658,0.5944063536360251,3.068973899014181e-06,1.5,7.377966133591934,0.1355387083503938
16.5,11.5767,0.9210156970344504,1.08575782499676,2.314407117197569e-06,2.0,6.330607317386497,0.1579627277233862
18.5,11.5767,0.6566242833586572,1.5229409349361305,1.8279539000251164e-06,2.0,5.585007216332202,0.1790507981933678
20.5,11.5767,0.6624271150466224,1.5096000409488353,1.4886477143535229e-06,2.0,5.032027059419487,0.1987270712561238
22.5,11.5767,0.7735278692142877,1.2927782434209536,1.1490569157502463e-06,2.0,4.451069177780324,0.2246651220322492
24.5,11.5767,0.91273415426982,1.0956092694920485,nan,2.0,nan,nan
26.5,11.5767,1.041746698934738,0.9599262479281891,nan,2.0,nan,nan
28.5,11.5767,1.145077456190123,0.8733033687757494,nan,nan,nan,nan
Name:	379.26901907322497_8_150_1
Lambda:	379.26901907322497	Maximal Depth:	30	Filter time:	8 to 150 [us]
Chi2:	32.63256426810242	RelRMS:	14.39351228685308	AbsRMS:	2.950795577605014e-06	Phi model:	1.3802604131789074
depth_vector,start_model,resistivity_model,conductivity_model,E/I[V/A],modelled_thickness,rhoa,sigma
0.0,11.5767,21.540151774984203,0.0464249282199281,0.0001538336907026,1.0,18.56745967204364,0.0538576637656935
1.0,11.5767,21.24396530717672,0.0470721913513093,9.300509767500744e-05,1.0,18.24459943909684,0.0548107402049657
2.0,11.5767,20.65456743106352,0.0484154414435252,6.202919925220459e-05,1.0,17.839491077574586,0.0560554107542375
3.0,11.5767,19.768198454610825,0.0505862991155248,4.480259106158928e-05,1.0,17.30009180832888,0.0578031614559735
4.0,11.5767,18.582197473688147,0.0538149484965904,3.0627800318268725e-05,1.0,16.50180489235763,0.0605994317908293
5.0,11.5767,17.100138022460744,0.0584790601506559,2.031909492947297e-05,1.0,15.353251049117162,0.0651327850238925
6.0,11.5767,15.338797185842536,0.0651941601342107,1.4816759032785238e-05,1.5,14.22550139423857,0.0702962920101366
7.5,11.5767,13.118906931905371,0.0762258628093462,1.1502420229610737e-05,1.5,13.20149980435882,0.0757489690428828
9.0,11.5767,10.560640409838433,0.0946912271597077,8.587306507063336e-06,1.5,11.90512198909234,0.0839974593218125
10.5,11.5767,7.880247411377965,0.1268995689851236,6.270789191729056e-06,1.5,10.434976906827096,0.095831548927123
12.0,11.5767,5.366043203246709,0.186357053442088,4.875840510278642e-06,1.5,9.272879034670597,0.1078413722707991
13.5,11.5767,3.304712998320288,0.3025981380253831,3.963646335876197e-06,1.5,8.362900605535643,0.119575736597667
15.0,11.5767,1.874973495173629,0.5333408725905198,3.084166972448401e-06,1.5,7.353716211040641,0.1359856664714136
16.5,11.5767,1.0712469986532724,0.9334915302046668,2.306256242504348e-06,2.0,6.345514490079227,0.1575916344629629
18.5,11.5767,0.7941007050579337,1.2592861253372705,1.804253148052704e-06,2.0,5.633810696569449,0.177499751741556
20.5,11.5767,0.8201841948022335,1.21923832029112,1.4550220024649874e-06,2.0,5.109258593060105,0.1957231135958352
22.5,11.5767,0.9730029038862344,1.027746161913739,1.1077424980530736e-06,2.0,4.561063931143647,0.2192470912700534
24.5,11.5767,1.1612190865078909,0.8611639367789574,nan,2.0,nan,nan
26.5,11.5767,1.3355078873496244,0.7487788050316536,nan,2.0,nan,nan
28.5,11.5767,1.4738300156665898,0.678504297897418,nan,nan,nan,nan
Name:	483.2930238571752_8_150_1
Lambda:	483.2930238571752	Maximal Depth:	30	Filter time:	8 to 150 [us]
Chi2:	36.78601614018204	RelRMS:	15.294823591442402	AbsRMS:	3.23496064021472e-06	Phi model:	1.2324863669434325
depth_vector,start_model,resistivity_model,conductivity_model,E/I[V/A],modelled_thickness,rhoa,sigma
0.0,11.5767,22.190729369234447,0.0450638635333192,0.0001525490338314,1.0,18.67155499245384,0.053557403248104
1.0,11.5767,21.847713294719675,0.0457713805792978,9.282229561095303e-05,1.0,18.268545242748512,0.0547388961032317
2.0,11.5767,21.167909819217044,0.0472413199291014,6.223875664211891e-05,1.0,17.799424958072102,0.0561815902679764
3.0,11.5767,20.156945962511266,0.049610690124379,4.512959730540584e-05,1.0,17.216420301197235,0.0580840838284169
4.0,11.5767,18.82608990745908,0.0531177745838656,3.0970211540695364e-05,1.0,16.37994873128543,0.0610502521347955
5.0,11.5767,17.196359717957804,0.0581518423899751,2.0596460070656696e-05,1.0,15.21510199695046,0.0657241732720837
6.0,11.5767,15.303429154576914,0.0653448315341089,1.5018592473043065e-05,1.5,14.097764101091611,0.0709332340099639
7.5,11.5767,12.992450920496848,0.0769677719869161,1.1642230137100343e-05,1.5,13.095597159322498,0.0763615425729646
9.0,11.5767,10.40895827442937,0.0960710931521935,8.661403495076402e-06,1.5,11.837127139588205,0.0844799576964574
10.5,11.5767,7.771961574350795,0.1286676459261228,6.287475437945011e-06,1.5,10.41650656816996,0.0960014754904231
12.0,11.5767,5.345351157813572,0.1870784482583991,4.859031772027899e-06,1.5,9.29425169738915,0.1075933848747511
13.5,11.5767,3.3730231153736154,0.2964699516710054,3.9276027088353045e-06,1.5,8.413986917270059,0.1188497212834332
15.0,11.5767,1.9952949342715136,0.5011790401628529,3.033949144868751e-06,1.5,7.434639636439848,0.1345055105426549
16.5,11.5767,1.1963233357185377,0.8358944192954143,2.249674617552887e-06,2.0,6.451470869636053,0.1550034124321192
18.5,11.5767,0.8905685693196318,1.12287816396212,1.7482358050487156e-06,2.0,5.753523492956614,0.1738065380673576
20.5,11.5767,0.8810835544497841,1.1349661390791437,1.4023148516642867e-06,2.0,5.236493499439333,0.1909674861827039
22.5,11.5767,1.0034831252817162,0.9965289647688512,1.0612526921872936e-06,2.0,4.69331281447906,0.2130691133382287
24.5,11.5767,1.1676616704452325,0.8564124568880448,nan,2.0,nan,nan
26.5,11.5767,1.3250794395304162,0.7546717352692316,nan,2.0,nan,nan
28.5,11.5767,1.4537240530568127,0.6878884599159337,nan,nan,nan,nan
Name:	615.8482110660261_8_150_1
Lambda:	615.8482110660261	Maximal Depth:	30	Filter time:	8 to 150 [us]
Chi2:	42.61000696897996	RelRMS:	16.47867339362569	AbsRMS:	3.4957484030966657e-06	Phi model:	1.0792373508876751
depth_vector,start_model,resistivity_model,conductivity_model,E/I[V/A],modelled_thickness,rhoa,sigma
0.0,11.5767,22.55938503003549,0.0443274494703026,0.0001514277821598,1.0,18.76361102221449,0.053294645621042
1.0,11.5767,22.197419850330533,0.0450502809219563,9.250344279280576e-05,1.0,18.31050141716375,0.0546134689169477
2.0,11.5767,21.48150547260628,0.0465516721477097,6.224953246584769e-05,1.0,17.797370763259703,0.0561880748174537
3.0,11.5767,20.42261466258484,0.0489653267479039,4.527229701862937e-05,1.0,17.1802234677627,0.058206460578142
4.0,11.5767,19.03958927571446,0.0525221413928045,3.1174111019059014e-05,1.0,16.30844678434149,0.0613179178387574
5.0,11.5767,17.36170403192205,0.0575980328982312,2.079635846657164e-05,1.0,15.11744490133252,0.0661487444820689
6.0,11.5767,15.431963335079088,0.0648005686824602,1.5187045411803856e-05,1.5,13.993323257053756,0.0714626526973083
7.5,11.5767,13.108169545210163,0.0762883022340375,1.1777137521773428e-05,1.5,12.99539833678292,0.0769503153412037
9.0,11.5767,10.540417127246585,0.0948729056855859,8.753802003095587e-06,1.5,11.753684077046094,0.0850797072173236
10.5,11.5767,7.939700961189732,0.1259493279265966,6.33464783680395e-06,1.5,10.364729579750282,0.0964810506926986
12.0,11.5767,5.552543240645131,0.1800976519516151,4.873336724052805e-06,1.5,9.276054862718931,0.1078044507928758
13.5,11.5767,3.604351447031268,0.277442423330736,3.918331473722796e-06,1.5,8.427254013407234,0.1186626151779764
15.0,11.5767,2.225834451619421,0.4492697106347883,3.0014694023418296e-06,1.5,7.488178246706616,0.1335438296276949
16.5,11.5767,1.4067781690599668,0.7108441273781048,2.198606277896091e-06,2.0,6.550989505610194,0.1526486951541612
18.5,11.5767,1.084044885921969,0.922471027709808,1.688331313325006e-06,2.0,5.888826796468851,0.1698131112634583
20.5,11.5767,1.0793484139503178,0.9264848931774404,1.339175889725327e-06,2.0,5.399818676174644,0.1851914036321721
22.5,11.5767,1.23167347997599,0.8119034924901476,9.987077165113664e-07,2.0,4.887271146195052,0.2046131614323348
24.5,11.5767,1.4395503525283238,0.6946613560572378,nan,2.0,nan,nan
26.5,11.5767,1.6414769063768455,0.609207474144277,nan,2.0,nan,nan
28.5,11.5767,1.8066954947467688,0.5534967031841538,nan,nan,nan,nan
Name:	784.7599703514607_8_150_1
Lambda:	784.7599703514607	Maximal Depth:	30	Filter time:	8 to 150 [us]
Chi2:	45.773289040396605	RelRMS:	17.080435158433655	AbsRMS:	3.723934409780417e-06	Phi model:	1.0072854311114108
depth_vector,start_model,resistivity_model,conductivity_model,E/I[V/A],modelled_thickness,rhoa,sigma
0.0,11.5767,23.225517630316755,0.0430560909736056,0.0001504580087043,1.0,18.844151590213457,0.0530668624274568
1.0,11.5767,22.81021857247717,0.0438400007795892,9.243367109395202e-05,1.0,18.31971446768064,0.0545860036063435
2.0,11.5767,21.99208813851024,0.0454708981567286,6.248259750899748e-05,1.0,17.753086134380318,0.0563282345633088
3.0,11.5767,20.793229469994017,0.0480925775114955,4.55836248423984e-05,1.0,17.101908962245098,0.0584730045170771
4.0,11.5767,19.24862807676297,0.0519517544841133,3.1480575458670255e-05,1.0,16.202432129606336,0.0617191290789438
5.0,11.5767,17.406832896588895,0.0574487045369386,2.1035394076118232e-05,1.0,15.00270221864974,0.0666546589691627
6.0,11.5767,15.330810494828974,0.0652281234796618,1.5356692269248667e-05,1.5,13.89007551333752,0.0719938490643755
7.5,11.5767,12.901387765752949,0.0775110413047598,1.18922152472552e-05,1.5,12.911427258415584,0.0774507713195074
9.0,11.5767,10.29515940130112,0.0971330273792184,8.813198409313883e-06,1.5,11.700815406789776,0.0854641292280978
10.5,11.5767,7.72735057715485,0.1294104609355244,6.3479439701616375e-06,1.5,10.350251508217298,0.0966160096888541
12.0,11.5767,5.4230482758795775,0.1843981371967055,4.861867891830753e-06,1.5,9.290636876184609,0.1076352475429726
13.5,11.5767,3.5689535245136463,0.2801941782462055,3.894199053943793e-06,1.5,8.462034046839488,0.1181748967759699
15.0,11.5767,2.259514892090892,0.4425728741600052,2.969886410776573e-06,1.5,7.541172836476673,0.1326053681150228
16.5,11.5767,1.4696931555977053,0.6804141369177928,2.166141630737308e-06,2.0,6.616281583321319,0.1511422975891555
18.5,11.5767,1.1387294799442074,0.8781716971523347,1.6589063515369585e-06,2.0,5.95825817970628,0.1678342847589219
20.5,11.5767,1.1018564054739286,0.9075592745407526,1.3137095200267017e-06,2.0,5.469379095555887,0.182836110375407
22.5,11.5767,1.2111788037364803,0.8256419257957662,9.786285309645602e-07,2.0,4.953894909357367,0.2018613673275767
24.5,11.5767,1.3760628442480831,0.72671099592579,nan,2.0,nan,nan
26.5,11.5767,1.5446733203833467,0.6473860762687522,nan,2.0,nan,nan
28.5,11.5767,1.690273377830938,0.5916202746346636,nan,nan,nan,nan
Name:	1000.0_8_150_1
Lambda:	1000.0	Maximal Depth:	30	Filter time:	8.0 to 150.0 [us]
Chi2:	55.53241544491846	RelRMS:	18.828023584797563	AbsRMS:	3.6458273186108316e-06	Phi model:	0.8461087856436013
depth_vector,start_model,resistivity_model,conductivity_model,E/I[V/A],modelled_thickness,rhoa,sigma
0.0,11.5767,23.56171954705598,0.042441724085666294,0.0001509195446008387,1.0,18.805713046079692,0.05317533015364518
1.0,11.5767,23.11954752977938,0.04325344164767669,9.312928806309239e-05,1.0,18.22837605892213,0.05485952214105964
2.0,11.5767,22.25015550918399,0.04494350610660853,6.316868654539908e-05,1.0,17.624305518806917,0.05673982438246425
3.0,11.5767,20.982486531202156,0.04765879384757106,4.618554532609877e-05,1.0,16.95299542338575,0.05898662596348923
4.0,11.5767,19.361557728869933,0.051648736842537436,3.194718643095029e-05,1.0,16.04428034439162,0.062327507282030035
5.0,11.5767,17.447946047115682,0.057313336326215304,2.134135555062961e-05,1.0,14.858966037328475,0.06729943372155335
6.0,11.5767,15.316824046539624,0.06528768607392339,1.554407132061613e-05,1.5,13.778222941452588,0.0725783001370548
7.5,11.5767,12.868725185028595,0.0777077749055823,1.1995570005717083e-05,1.5,12.83715644463766,0.07789887147614534
9.0,11.5767,10.29209442791878,0.09716195347832768,8.835466896572436e-06,1.5,11.681147022923106,0.08560803130356959
10.5,11.5767,7.7963030631492956,0.1282659219248017,6.30502913886552e-06,1.5,10.397163999345535,0.0961800737261571
12.0,11.5767,5.582575809848049,0.17912878106123178,4.7840394750384074e-06,1.5,9.391127833592426,0.10648348289147566
13.5,11.5767,3.805143216806063,0.26280219771579943,3.7984637421482783e-06,1.5,8.603626386439254,0.11623005870828682
15.0,11.5767,2.5338259359358193,0.39466010108175387,2.8639046432401743e-06,1.5,7.726089799268249,0.12943157871329838
16.5,11.5767,1.740040248974395,0.5746993499658497,2.060514947535911e-06,2.0,6.840502930456333,0.14618808151483234
18.5,11.5767,1.3764190535089071,0.7265229273386608,1.5604159784215576e-06,2.0,6.206407760991371,0.16112379954878545
20.5,11.5767,1.2990866850860896,0.7697715721978404,1.224377581969801e-06,2.0,5.732279328736708,0.1744506753163374
22.5,11.5767,1.3729959883321137,0.7283342475128268,9.02467735032594e-07,2.0,5.228826706545002,0.19124749319924578
24.5,11.5767,1.508631689953689,0.6628523095857131,nan,2.0,nan,nan
26.5,11.5767,1.653390521422031,0.6048177892902944,nan,2.0,nan,nan
28.5,11.5767,1.7807881627412248,0.5615491055716968,nan,nan,nan,nan
