Name:	10.0_12_80_0.08
Lambda:	10	Maximal Depth:	20	Filter time:	12 to 80 [us]
Chi2:	0.7806631598376281	RelRMS:	7.068411577547547	AbsRMS:	3.111392261637682e-06	Phi model:	0.0259026552650681
depth_vector,start_model,resistivity_model,conductivity_model,E/I[V/A],modelled_thickness,rhoa,sigma
0.0,15.4594,12.21847188248031,0.0818432951041831,9.167287275580916e-05,1.0,13.749471861180352,0.0727300662960993
1.0,15.4594,12.39072232710302,0.0807055451329609,6.231056880917833e-05,1.0,13.88489771502637,0.0720206961926547
2.0,15.4594,12.737875818718464,0.0785060251985254,3.806757765106224e-05,1.0,14.274858909345104,0.0700532317937899
3.0,15.4594,13.25693927160219,0.0754321928698963,2.163145797105132e-05,1.0,14.725816900008455,0.0679079474361402
4.0,15.4594,13.938383830624696,0.0717443293391628,1.389250711376685e-05,1.0,14.849641736065276,0.0673416919932353
5.0,15.4594,14.76451385182884,0.0677299645647413,9.511369092671553e-06,1.0,14.98490763444052,0.0667338114051269
6.0,15.4594,15.707703510698195,0.0636630300106518,5.9223551454378776e-06,1.5,15.251370147261566,0.0655678794983251
7.5,15.4594,16.71843892049484,0.0598141970524603,3.439807605565334e-06,1.5,15.572207835787196,0.0642169697800882
9.0,15.4594,17.679806138303157,0.0565617061735483,2.2137292216218697e-06,1.5,15.697527650457747,0.0637042993181693
10.5,15.4594,18.472065536315352,0.05413579753894,1.528173905571062e-06,1.5,15.78719645256694,0.0633424688800527
12.0,15.4594,18.995887178722302,0.0526429742707737,9.650099215961146e-07,1.5,15.955518982033752,0.0626742383701853
13.5,15.4594,19.193049559555483,0.0521021944374722,nan,1.5,nan,nan
15.0,15.4594,19.05646145491736,0.0524756394237062,nan,1.5,nan,nan
16.5,15.4594,18.626110473115205,0.0536880741389026,nan,1.5,nan,nan
18.0,15.4594,17.973937824873524,0.0556361110037965,nan,1.5,nan,nan
19.5,15.4594,17.184569577361138,0.0581917397173214,nan,nan,nan,nan
Name:	12.742749857031335_12_80_0.08
Lambda:	12.742749857031336	Maximal Depth:	20	Filter time:	12 to 80 [us]
Chi2:	0.7173088361818921	RelRMS:	6.775526954830974	AbsRMS:	2.7810902866750625e-06	Phi model:	0.0264375274774719
depth_vector,start_model,resistivity_model,conductivity_model,E/I[V/A],modelled_thickness,rhoa,sigma
0.0,15.4594,12.119635551972236,0.0825107319202572,9.258055709452108e-05,1.0,13.659455388273948,0.0732093609572792
1.0,15.4594,12.292694938187363,0.0813491268617991,6.288749651926621e-05,1.0,13.799847627913907,0.0724645682302484
2.0,15.4594,12.641715379410254,0.0791031889255088,3.83794389243717e-05,1.0,14.19742462557613,0.070435309668666
3.0,15.4594,13.164289030416931,0.0759630845000011,2.177442123716848e-05,1.0,14.661289770382272,0.0682068232509892
4.0,15.4594,13.85181374424596,0.0721927119771878,1.3964281630568644e-05,1.0,14.798714615289772,0.0675734363420196
5.0,15.4594,14.68785134858229,0.0680834777168767,9.547224286771058e-06,1.0,14.947366277181391,0.0669014180462411
6.0,15.4594,15.64631272885538,0.0639128219747117,5.933009927342946e-06,1.5,15.23310525293066,0.0656464971124395
7.5,15.4594,16.681930226342626,0.0599451014619932,3.4373793346097008e-06,1.5,15.579540765055036,0.0641867443386395
9.0,15.4594,17.68021025591029,0.056560413339299,2.207629923739678e-06,1.5,15.726427380701416,0.0635872328655613
10.5,15.4594,18.52252189860335,0.0539883286668109,1.5212981389523346e-06,1.5,15.83472931139394,0.0631523267834105
12.0,15.4594,19.108602752989206,0.0523324500973032,9.58491758309356e-07,1.5,16.027773582028292,0.0623916974420755
13.5,15.4594,19.37709080201573,0.0516073341564758,nan,1.5,nan,nan
15.0,15.4594,19.31611223883068,0.0517702520898447,nan,1.5,nan,nan
16.5,15.4594,18.96032859238656,0.0527417019767023,nan,1.5,nan,nan
18.0,15.4594,18.37698384051774,0.0544158937439554,nan,1.5,nan,nan
19.5,15.4594,17.647446958640067,0.0566654203491121,nan,nan,nan,nan
Name:	16.237767391887218_12_80_0.08
Lambda:	16.237767391887218	Maximal Depth:	20	Filter time:	12 to 80 [us]
Chi2:	0.6668807479037392	RelRMS:	6.533021342827476	AbsRMS:	2.4907887907524585e-06	Phi model:	0.0265756144193944
depth_vector,start_model,resistivity_model,conductivity_model,E/I[V/A],modelled_thickness,rhoa,sigma
0.0,15.4594,12.051204457842076,0.0829792576748849,9.338207738379608e-05,1.0,13.581181605235,0.0736312957934779
1.0,15.4594,12.223135437309434,0.0818120690168938,6.340371880677947e-05,1.0,13.724841608596163,0.0728605858280855
2.0,15.4594,12.570050085661196,0.0795541778421958,3.866379305954667e-05,1.0,14.127728736665738,0.070782786011788
3.0,15.4594,13.09004876837707,0.0763939094265102,2.1907294721002112e-05,1.0,14.601946637188552,0.068484019620588
4.0,15.4594,13.775442548076612,0.0725929491201445,1.4031169311672402e-05,1.0,14.751646082705578,0.0677890449915533
5.0,15.4594,14.611172355772538,0.0684407777590087,9.580453376959949e-06,1.0,14.912783714359698,0.0670565616154607
6.0,15.4594,15.57302727685902,0.064213590731069,5.942582306568112e-06,1.5,15.216742418494638,0.0657170879612568
7.5,15.4594,16.621210295538944,0.0601640904735075,3.4345655929847845e-06,1.5,15.588048550167915,0.06415171192094
9.0,15.4594,17.64589020723567,0.0566704194719488,2.2012801677313542e-06,1.5,15.756655557686797,0.0634652446605114
10.5,15.4594,18.531978444853305,0.0539607793617804,1.5142156313608226e-06,1.5,15.884067218294,0.062956167728142
12.0,15.4594,19.18024891811314,0.052136966744766,9.518207326803788e-07,1.5,16.102575608041985,0.0621018664554866
13.5,15.4594,19.52708732060133,0.0512109145404899,nan,1.5,nan,nan
15.0,15.4594,19.55537318712112,0.0511368405210791,nan,1.5,nan,nan
16.5,15.4594,19.292821618744377,0.0518327500124931,nan,1.5,nan,nan
18.0,15.4594,18.79973936924756,0.0531922267835154,nan,1.5,nan,nan
19.5,15.4594,18.15198767356324,0.0550903855811014,nan,nan,nan,nan
Name:	20.6913808111479_12_80_0.08
Lambda:	20.6913808111479	Maximal Depth:	20	Filter time:	12 to 80 [us]
Chi2:	0.6277665376432737	RelRMS:	6.338537560760329	AbsRMS:	2.23742479373816e-06	Phi model:	0.026549893194871
depth_vector,start_model,resistivity_model,conductivity_model,E/I[V/A],modelled_thickness,rhoa,sigma
0.0,15.4594,12.006520464074114,0.0832880769238846,9.408737356933318e-05,1.0,13.513225175556483,0.0740015789723432
1.0,15.4594,12.175903301958115,0.0821294301704236,6.386376047372324e-05,1.0,13.65885109166237,0.0732125998950541
2.0,15.4594,12.51779862497122,0.0798862507665799,3.892167148220476e-05,1.0,14.065256747067265,0.0710971735520227
3.0,15.4594,13.030751074239046,0.0767415473062742,2.202986544863152e-05,1.0,14.547734322134785,0.0687392261816654
4.0,15.4594,13.707958961768828,0.0729503205246657,1.4092999188536054e-05,1.0,14.70846811015487,0.0679880455606107
5.0,15.4594,14.535802838105688,0.06879564968909,9.611009525695154e-06,1.0,14.881158938450902,0.0671990672323333
6.0,15.4594,15.492156580383831,0.0645487924687128,5.951131639027907e-06,1.5,15.202165453299246,0.0657801023855437
7.5,15.4594,16.543482008856575,0.0604467668574637,3.431514143896664e-06,1.5,15.597288220603762,0.0641137091176539
9.0,15.4594,17.586170634818888,0.0568628623459446,2.194871790109798e-06,1.5,15.78731050739612,0.0633420112647759
10.5,15.4594,18.51044627026392,0.0540235489409268,1.5071257163951466e-06,1.5,15.933843456758115,0.0627594969609083
12.0,15.4594,19.21967437880412,0.0520300177979509,9.451771514907536e-07,1.5,16.177943372932397,0.0618125541020941
13.5,15.4594,19.64888528118975,0.0508934723618809,nan,1.5,nan,nan
15.0,15.4594,19.77568803329507,0.050567140739496,nan,1.5,nan,nan
16.5,15.4594,19.61994180655276,0.050968550766344,nan,1.5,nan,nan
18.0,15.4594,19.23351768471668,0.051992569242527,nan,1.5,nan,nan
19.5,15.4594,18.68509029204245,0.0535186067806092,nan,nan,nan,nan
Name:	26.366508987303583_12_80_0.08
Lambda:	26.366508987303583	Maximal Depth:	20	Filter time:	12 to 80 [us]
Chi2:	0.6029333227088473	RelRMS:	6.211902498700879	AbsRMS:	2.1147062186258533e-06	Phi model:	0.0257845403207467
depth_vector,start_model,resistivity_model,conductivity_model,E/I[V/A],modelled_thickness,rhoa,sigma
0.0,15.4594,12.023979775005207,0.0831671392261275,9.442723800209464e-05,1.0,13.480780977430472,0.0741796785864409
1.0,15.4594,12.188057445089852,0.0820475292724244,6.41008459699245e-05,1.0,13.625150912395435,0.0733936824942066
2.0,15.4594,12.519236764938777,0.0798770738804611,3.906615763993167e-05,1.0,14.03055510597891,0.0712730175282847
3.0,15.4594,13.016278865724004,0.0768268727426636,2.2103536905410625e-05,1.0,14.515391111476278,0.0688923910020841
4.0,15.4594,13.67304104432588,0.0731366194804912,1.4130090695395992e-05,1.0,14.682717003585976,0.0681072855763527
5.0,15.4594,14.477196969784986,0.0690741448145712,9.628534665089556e-06,1.0,14.863096407237702,0.0672807315919072
6.0,15.4594,15.408749165768375,0.0648981944765231,5.954856981242713e-06,1.5,15.19582450332885,0.0658075512638973
7.5,15.4594,16.44090812996716,0.0608238907543848,3.4278281917790284e-06,1.5,15.608467419386526,0.0640677891769148
9.0,15.4594,17.478540701246555,0.0572130143524328,2.188992608403088e-06,1.5,15.815565504284724,0.0632288488027242
10.5,15.4594,18.420096230256185,0.0542885328881961,1.500897902070033e-06,1.5,15.977890209717792,0.0625864858798314
12.0,15.4594,19.17453964530319,0.0521524906724397,9.394866343348646e-07,1.5,16.243204672065833,0.061564206090424
13.5,15.4594,19.677917506451468,0.0508183856178961,nan,1.5,nan,nan
15.0,15.4594,19.90370528236345,0.0502419014858551,nan,1.5,nan,nan
16.5,15.4594,19.863591270301143,0.0503433637146541,nan,1.5,nan,nan
18.0,15.4594,19.59946520736729,0.0510218003103527,nan,1.5,nan,nan
19.5,15.4594,19.17055338952473,0.0521633350733852,nan,nan,nan,nan
Name:	33.59818286283781_12_80_0.08
Lambda:	33.59818286283781	Maximal Depth:	20	Filter time:	12 to 80 [us]
Chi2:	0.5834543313074451	RelRMS:	6.110734587893382	AbsRMS:	2.01397302614294e-06	Phi model:	0.0252602821536324
depth_vector,start_model,resistivity_model,conductivity_model,E/I[V/A],modelled_thickness,rhoa,sigma
0.0,15.4594,12.049032687267232,0.0829942142207603,9.470815770204123e-05,1.0,13.454110331788218,0.0743267280659417
1.0,15.4594,12.207585583769657,0.0819162800979687,6.430090343666057e-05,1.0,13.596875222687718,0.073546309988298
2.0,15.4594,12.527607843188436,0.0798236991864112,3.91909717396997e-05,1.0,14.00074990887526,0.0714247455678132
3.0,15.4594,13.008076760860371,0.0768753151125976,2.2168358064156665e-05,1.0,14.487081584114966,0.069027015150967
4.0,15.4594,13.643502211615012,0.0732949637482873,1.4162761922902675e-05,1.0,14.660127859256376,0.0682122290883433
5.0,15.4594,14.422828289210347,0.06933452856456,9.643858357486589e-06,1.0,14.847347670731637,0.0673520969655264
6.0,15.4594,15.328138118370315,0.0652394956437357,5.957941193165515e-06,1.5,15.190579829473304,0.0658302718675533
7.5,15.4594,16.339198484157922,0.0612025125326419,3.424305963059727e-06,1.5,15.619168794072962,0.0640238935364775
9.0,15.4594,17.369237579935778,0.0575730509412317,2.183497579959596e-06,1.5,15.842088874210312,0.0631229888899261
10.5,15.4594,18.32491052711091,0.0545705256525287,1.4950994817679046e-06,1.5,16.019174749498408,0.0624251882907583
12.0,15.4594,19.12098556021417,0.0522985594466815,9.342034855399135e-07,1.5,16.304386621370018,0.0613331873944468
13.5,15.4594,19.69500732552616,0.0507742893146288,nan,1.5,nan,nan
15.0,15.4594,20.01698913074529,0.0499575632213358,nan,1.5,nan,nan
16.5,15.4594,20.09110154929672,0.0497732788591178,nan,1.5,nan,nan
18.0,15.4594,19.94966689018904,0.0501261502512498,nan,1.5,nan,nan
19.5,15.4594,19.642514974497573,0.0509099777344361,nan,nan,nan,nan
Name:	42.81332398719393_12_80_0.08
Lambda:	42.81332398719393	Maximal Depth:	20	Filter time:	12 to 80 [us]
Chi2:	0.5685989229756759	RelRMS:	6.032439893645296	AbsRMS:	1.935526632433345e-06	Phi model:	0.0249705117369341
depth_vector,start_model,resistivity_model,conductivity_model,E/I[V/A],modelled_thickness,rhoa,sigma
0.0,15.4594,12.07957059369596,0.0827843996807201,9.492836027523691e-05,1.0,13.43329620573406,0.0744418930904795
1.0,15.4594,12.23262161547115,0.0817486252280749,6.4461883560418e-05,1.0,13.574228881720174,0.0736690097620688
2.0,15.4594,12.541538246221563,0.0797350357163144,3.929428097789828e-05,1.0,13.97619940927217,0.0715502098042887
3.0,15.4594,13.00551118291214,0.076890480192266,2.222314032506184e-05,1.0,14.463263722966827,0.0691406876866981
4.0,15.4594,13.619679261526068,0.0734231681082885,1.4190384635204785e-05,1.0,14.641096945151313,0.068300893283216
5.0,15.4594,14.374194666455226,0.0695691148759575,9.656683209041337e-06,1.0,14.834199111792184,0.0674117957069261
6.0,15.4594,15.25310125892386,0.0655604380397689,5.960323741155694e-06,1.5,15.186531425543004,0.0658478208077223
7.5,15.4594,16.24229518068413,0.0615676533935445,3.4210244765361606e-06,1.5,15.629155257061749,0.0639829845920923
9.0,15.4594,17.262923151944904,0.0579276169625615,2.178511646803868e-06,1.5,15.866251394292284,0.0630268596626257
10.5,15.4594,18.22948874998659,0.0548561736269611,1.489864704189042e-06,1.5,16.05667604593795,0.0622793906496595
12.0,15.4594,19.062502983863872,0.0524590081820044,9.294504673551532e-07,1.5,16.35992420301429,0.0611249775726804
13.5,15.4594,19.701378354289183,0.0507578699326024,nan,1.5,nan,nan
15.0,15.4594,20.113419159691173,0.0497180510215824,nan,1.5,nan,nan
16.5,15.4594,20.296191727208484,0.0492703268396617,nan,1.5,nan,nan
18.0,15.4594,20.273237760119525,0.0493261121796316,nan,1.5,nan,nan
19.5,15.4594,20.08543679053809,0.0497873165731244,nan,nan,nan,nan
Name:	54.5559478116852_12_80_0.08
Lambda:	54.5559478116852	Maximal Depth:	20	Filter time:	12 to 80 [us]
Chi2:	0.5599434860614694	RelRMS:	5.986349731508679	AbsRMS:	1.964654685488734e-06	Phi model:	0.0242288225774314
depth_vector,start_model,resistivity_model,conductivity_model,E/I[V/A],modelled_thickness,rhoa,sigma
0.0,15.4594,12.15221588510188,0.0822895190025351,9.483652636584858e-05,1.0,13.441966796723712,0.0743938751763421
1.0,15.4594,12.298513612055082,0.0813106389555721,6.442784042712485e-05,1.0,13.579010133571147,0.0736430704567866
2.0,15.4594,12.593734817326236,0.0794045622291663,3.929462665318064e-05,1.0,13.976117443294088,0.0715506294260436
3.0,15.4594,13.037145623174334,0.076703906583849,2.2231645627142017e-05,1.0,14.459574619180218,0.0691583277058184
4.0,15.4594,13.624327571614035,0.0733981177965418,1.419450657625816e-05,1.0,14.638262390368068,0.0683141190759086
5.0,15.4594,14.346417212406694,0.069703814213294,9.65732724609045e-06,1.0,14.833539586316853,0.0674147929549092
6.0,15.4594,15.189179804260684,0.0658363396106149,5.9584798934354135e-06,1.5,15.18966423881811,0.0658342399329959
7.5,15.4594,16.143929467344236,0.0619427879701028,3.4176498174702256e-06,1.5,15.639441934977675,0.0639409004590819
9.0,15.4594,17.13986485558521,0.0583435171995617,2.174620064283502e-06,1.5,15.885174676989822,0.0629517786448097
10.5,15.4594,18.099863006536367,0.0552490369478969,1.4860370735774505e-06,1.5,16.084236000468195,0.0621726764001032
12.0,15.4594,18.95117394163989,0.0527671796522737,9.261150396198076e-07,1.5,16.39918112800557,0.0609786544946599
13.5,15.4594,19.636473277704653,0.0509256415781852,nan,1.5,nan,nan
15.0,15.4594,20.121905980424,0.0496970814282141,nan,1.5,nan,nan
16.5,15.4594,20.399796166301243,0.0490200976445008,nan,1.5,nan,nan
18.0,15.4594,20.485777043063266,0.0488143553401901,nan,1.5,nan,nan
19.5,15.4594,20.41201478162896,0.0489907542542057,nan,nan,nan,nan
Name:	69.51927961775606_12_80_0.08
Lambda:	69.51927961775606	Maximal Depth:	20	Filter time:	12 to 80 [us]
Chi2:	0.5539317150837584	RelRMS:	5.954127120356143	AbsRMS:	2.015335945558833e-06	Phi model:	0.0236107700302307
depth_vector,start_model,resistivity_model,conductivity_model,E/I[V/A],modelled_thickness,rhoa,sigma
0.0,15.4594,12.227085217594537,0.0817856408296737,9.468284865529912e-05,1.0,13.456507777886456,0.0743134858245565
1.0,15.4594,12.36703858190786,0.0808601019053124,6.435235160864791e-05,1.0,13.589627338181336,0.0735855351375534
2.0,15.4594,12.649403493066808,0.0790551112191262,3.927089056907718e-05,1.0,13.981748499530555,0.0715218128858186
3.0,15.4594,13.073522183215648,0.0764904809878888,2.2228308745508216e-05,1.0,14.46102168329447,0.0691514072726418
4.0,15.4594,13.635379357696024,0.0733386269473745,1.4192617522868424e-05,1.0,14.639561274371257,0.0683080579573548
5.0,15.4594,14.32698533822138,0.0697983543915697,9.655016663293703e-06,1.0,14.835906076586529,0.067404039553618
6.0,15.4594,15.1356112576897,0.0660693501553792,5.955838895032812e-06,1.5,15.194154276859432,0.0658147851982121
7.5,15.4594,16.057193941498806,0.0622773819412844,3.414631890768853e-06,1.5,15.648655566414302,0.0639032532702831
9.0,15.4594,17.027992040296816,0.0587268303645841,2.171429414947739e-06,1.5,15.900731746588187,0.0628901874415037
10.5,15.4594,17.978269649440186,0.0556227056051046,1.4829798129058588e-06,1.5,16.106334220725515,0.0620873742153697
12.0,15.4594,18.841366523219467,0.0530747065913522,9.234978925835328e-07,1.5,16.430149487451022,0.0608637189067438
13.5,15.4594,19.56319081677797,0.0511164057727418,nan,1.5,nan,nan
15.0,15.4594,20.109396095333977,0.0497279975618975,nan,1.5,nan,nan
16.5,15.4594,20.468258804604712,0.0488561342489489,nan,1.5,nan,nan
18.0,15.4594,20.648886169324,0.0484287622973873,nan,1.5,nan,nan
19.5,15.4594,20.675952957956216,0.0483653644421354,nan,nan,nan,nan
Name:	88.58667904100822_12_80_0.08
Lambda:	88.58667904100822	Maximal Depth:	20	Filter time:	12 to 80 [us]
Chi2:	0.5505890846274528	RelRMS:	5.936135225561913	AbsRMS:	2.0947659080245697e-06	Phi model:	0.0229806581038419
depth_vector,start_model,resistivity_model,conductivity_model,E/I[V/A],modelled_thickness,rhoa,sigma
0.0,15.4594,12.307089275800982,0.0812539811477817,9.444696255129076e-05,1.0,13.47890400453086,0.0741900083021479
1.0,15.4594,12.441028692443783,0.0803792053471721,6.42226808595971e-05,1.0,13.607913553871306,0.0734866514283161
2.0,15.4594,12.711207887444964,0.0786707297099368,3.921633053957448e-05,1.0,13.994713639712868,0.0714555528426316
3.0,15.4594,13.117025879705729,0.0762367940088591,2.221006992095362e-05,1.0,14.468937490636968,0.0691135752467734
4.0,15.4594,13.654806131062193,0.0732342876494732,1.4183132826718784e-05,1.0,14.646087163068453,0.0682776217884049
5.0,15.4594,14.317298364540964,0.0698455794199733,9.648900053025642e-06,1.0,14.842175245100924,0.0673755688425844
6.0,15.4594,15.09304870301278,0.0662556664115439,5.952066767643055e-06,1.5,15.200573137805735,0.0657869930912588
7.5,15.4594,15.981798799035383,0.0625711794131932,3.4119102204559685e-06,1.5,15.656976383427638,0.063869292225443
9.0,15.4594,16.925939193675834,0.0590809164890322,2.1689629000003346e-06,1.5,15.912784192787012,0.0628425540046777
10.5,15.4594,17.86221700082447,0.0559840920057035,1.480742657633525e-06,1.5,16.122552795582997,0.062024917063628
12.0,15.4594,18.72947034451236,0.0533917928059826,9.216571323861666e-07,1.5,16.452018724013172,0.0607828143631037
13.5,15.4594,19.47680632657833,0.0513431197719199,nan,1.5,nan,nan
15.0,15.4594,20.06998788797972,0.049825640432943,nan,1.5,nan,nan
16.5,15.4594,20.49434220709627,0.0487939544433753,nan,1.5,nan,nan
18.0,15.4594,20.75376031204193,0.0481840391796262,nan,1.5,nan,nan
19.5,15.4594,20.866637581077672,0.0479233894830675,nan,nan,nan,nan
Name:	112.88378916846884_12_80_0.08
Lambda:	112.88378916846884	Maximal Depth:	20	Filter time:	12 to 80 [us]
Chi2:	0.5504363196953075	RelRMS:	5.935311656560224	AbsRMS:	2.21089080151784e-06	Phi model:	0.0222145525208233
depth_vector,start_model,resistivity_model,conductivity_model,E/I[V/A],modelled_thickness,rhoa,sigma
0.0,15.4594,12.395887817322022,0.0806719143265074,9.410717178286388e-05,1.0,13.51132983932042,0.0740119597324771
1.0,15.4594,12.524005915351164,0.0798466566335824,6.402540585383002e-05,1.0,13.635851677216436,0.0733360866392275
2.0,15.4594,12.7823897730927,0.0782326323756007,3.912396417554504e-05,1.0,14.016731393619358,0.0713433090724144
3.0,15.4594,13.170462192901418,0.0759274796399307,2.2173830037694043e-05,1.0,14.484698108106528,0.0690383736365439
4.0,15.4594,13.684795099745507,0.0730738014498,1.4164464587631792e-05,1.0,14.65895300450685,0.0682176960177546
5.0,15.4594,14.31872979918399,0.0698385970002024,9.638131452046166e-06,1.0,14.853228543537949,0.0673254300954697
6.0,15.4594,15.061865630173338,0.0663928376838461,5.946838217267123e-06,1.5,15.209481549056015,0.0657484607068717
7.5,15.4594,15.916959980461396,0.0628260673663522,3.409429980471081e-06,1.5,15.664568728254128,0.0638383358870457
9.0,15.4594,16.831653323561657,0.059411870050826,2.1672450309408214e-06,1.5,15.9211919390788,0.0628093677801525
10.5,15.4594,17.7484009486326,0.0563431039728141,1.479374254973387e-06,1.5,16.132493369784495,0.0619866983409371
12.0,15.4594,18.61110313256996,0.053731366318097,9.206487091229516e-07,1.5,16.46403023357392,0.0607384696099969
13.5,15.4594,19.372033272571382,0.0516208074769253,nan,1.5,nan,nan
15.0,15.4594,19.99754015143641,0.0500061503778588,nan,1.5,nan,nan
16.5,15.4594,20.471027475095205,0.0488495265426509,nan,1.5,nan,nan
18.0,15.4594,20.79244385299396,0.0480943946305766,nan,1.5,nan,nan
19.5,15.4594,20.975016485596903,0.0476757670577603,nan,nan,nan,nan
Name:	143.8449888287663_12_80_0.08
Lambda:	143.8449888287663	Maximal Depth:	20	Filter time:	12 to 80 [us]
Chi2:	0.5595576664619377	RelRMS:	5.984286979546019	AbsRMS:	2.4364918083005864e-06	Phi model:	0.0207505634013271
depth_vector,start_model,resistivity_model,conductivity_model,E/I[V/A],modelled_thickness,rhoa,sigma
0.0,15.4594,12.526528381786552,0.0798305779160641,9.345804320678496e-05,1.0,13.57382111546948,0.0736712228261461
1.0,15.4594,12.647795278837648,0.0790651633706631,6.36334949570307e-05,1.0,13.691782056629137,0.0730365116727687
2.0,15.4594,12.89224443432574,0.0775660130471533,3.89278947313447e-05,1.0,14.063757669007758,0.0711047519116242
3.0,15.4594,13.259201009504247,0.0754193257409097,2.20906768241688e-05,1.0,14.521023985578449,0.0688656668423073
4.0,15.4594,13.745334253675676,0.0727519594318041,1.4122146837144868e-05,1.0,14.688222610806084,0.0680817568263367
5.0,15.4594,14.344359799628696,0.0697138118374502,9.615320011115534e-06,1.0,14.87671118825254,0.06721915800783
6.0,15.4594,15.046646901344236,0.0664599898274121,5.937683493430324e-06,1.5,15.225110859514569,0.0656809667415376
7.5,15.4594,15.856945618734382,0.0630638474800933,3.407216643878632e-06,1.5,15.671351823109084,0.0638107044808599
9.0,15.4594,16.727970788811668,0.0597801139555336,2.1669749246380287e-06,1.5,15.922514927763167,0.062804149001384
10.5,15.4594,17.60779584206697,0.056793025598973,1.4797324376992162e-06,1.5,16.129889920023015,0.0619967033227324
12.0,15.4594,18.44553534820314,0.0542136609820551,9.213171630956134e-07,1.5,16.456065710530783,0.0607678662439994
13.5,15.4594,19.197369266638983,0.0520904706322335,nan,1.5,nan,nan
15.0,15.4594,19.83143537201057,0.0504249935136498,nan,1.5,nan,nan
16.5,15.4594,20.330420396191816,0.049187374412942,nan,1.5,nan,nan
18.0,15.4594,20.691446590087004,0.0483291487449256,nan,1.5,nan,nan
19.5,15.4594,20.92368210252905,0.0477927352891262,nan,nan,nan,nan
Name:	183.29807108324357_12_80_0.08
Lambda:	183.2980710832436	Maximal Depth:	20	Filter time:	12 to 80 [us]
Chi2:	0.5773298342873897	RelRMS:	6.078577908885675	AbsRMS:	2.702270602589756e-06	Phi model:	0.0190793763817478
depth_vector,start_model,resistivity_model,conductivity_model,E/I[V/A],modelled_thickness,rhoa,sigma
0.0,15.4594,12.669585863275916,0.0789291781745291,9.270293878789616e-05,1.0,13.647431063931045,0.0732738634337499
1.0,15.4594,12.783997403407344,0.0782227943611337,6.317318522553143e-05,1.0,13.758211416871813,0.0726838663617053
2.0,15.4594,13.014508321082063,0.0768373245710796,3.869408318657863e-05,1.0,14.120354886648355,0.070819749788694
3.0,15.4594,13.360322078933269,0.074848494975792,2.1989931687633404e-05,1.0,14.565341472606804,0.0686561315353101
4.0,15.4594,13.818136336099077,0.0723686592516501,1.4071065780730175e-05,1.0,14.723748785227992,0.0679174858649638
5.0,15.4594,14.381931231790745,0.0695316911117983,9.588234183966829e-06,1.0,14.904714853511294,0.067092863555482
6.0,15.4594,15.042682200028809,0.0664775062520489,5.927380776982875e-06,1.5,15.242748171263306,0.0656049676058592
7.5,15.4594,15.80643578455262,0.0632653694754692,3.4054700976451025e-06,1.5,15.676709556533474,0.0637888962855242
9.0,15.4594,16.63026403083623,0.0601313363483451,2.1676170468631283e-06,1.5,15.919370243884376,0.0628165552204656
10.5,15.4594,17.467210575687833,0.0572501256377978,1.4810814675426022e-06,1.5,16.12009392164418,0.062034378016701
12.0,15.4594,18.27119654707585,0.0547309530289105,9.22902325778377e-07,1.5,16.437217190595337,0.0608375486193707
13.5,15.4594,19.0021722178346,0.0526255624113039,nan,1.5,nan,nan
15.0,15.4594,19.6303241274994,0.0509415939087392,nan,1.5,nan,nan
16.5,15.4594,20.13838722919147,0.0496564093548889,nan,1.5,nan,nan
18.0,15.4594,20.521714703825943,0.0487288715603071,nan,1.5,nan,nan
19.5,15.4594,20.78642143935929,0.0481083289356622,nan,nan,nan,nan
Name:	233.57214690901213_12_80_0.08
Lambda:	233.57214690901213	Maximal Depth:	20	Filter time:	12 to 80 [us]
Chi2:	0.6067588304688794	RelRMS:	6.231578062578393	AbsRMS:	3.009445889910287e-06	Phi model:	0.0171943338361918
depth_vector,start_model,resistivity_model,conductivity_model,E/I[V/A],modelled_thickness,rhoa,sigma
0.0,15.4594,12.827536816292724,0.0779572894095975,9.18395564705538e-05,1.0,13.73283047087014,0.0728182003062794
1.0,15.4594,12.934931771854709,0.0773100328349557,6.264356220608877e-05,1.0,13.835648863817804,0.0722770583326339
2.0,15.4594,13.15117718928946,0.0760388203737697,3.842251149792167e-05,1.0,14.186812202385314,0.0704879986944399
3.0,15.4594,13.47533116956158,0.074209678962015,2.18718923821592e-05,1.0,14.617699083230931,0.0684102193037463
4.0,15.4594,13.90407056850106,0.0719213841064247,1.4011497007403052e-05,1.0,14.765450508471206,0.0677256680672412
5.0,15.4594,14.431554452012715,0.06929260484899,9.55709935022938e-06,1.0,14.937068060375998,0.0669475425805101
6.0,15.4594,15.049230660196478,0.0664485795041262,5.916098521595404e-06,1.5,15.26212106974462,0.0655216922621839
7.5,15.4594,15.763818577933408,0.0634364062905307,3.4042998489274804e-06,1.5,15.68030199338458,0.063774281925303
9.0,15.4594,16.536254846395607,0.0604731850887003,2.169240793785772e-06,1.5,15.9114251433383,0.0628479216029667
10.5,15.4594,17.32406572276401,0.0577231705306906,1.4834669286326027e-06,1.5,16.102808211042593,0.0621009694019856
12.0,15.4594,18.08563368336649,0.0552925055050577,9.25431551777771e-07,1.5,16.407254667058993,0.0609486486491679
13.5,15.4594,18.784608180730825,0.0532350736506602,nan,1.5,nan,nan
15.0,15.4594,19.39349851073136,0.051563672199044,nan,1.5,nan,nan
16.5,15.4594,19.895684815076184,0.0502621553012459,nan,1.5,nan,nan
18.0,15.4594,20.28556350337534,0.0492961410627616,nan,1.5,nan,nan
19.5,15.4594,20.56707211762834,0.048621407766781,nan,nan,nan,nan
Name:	297.63514416313194_12_80_0.08
Lambda:	297.63514416313194	Maximal Depth:	20	Filter time:	12 to 80 [us]
Chi2:	0.620247904357046	RelRMS:	6.300465528740788	AbsRMS:	3.155690362744681e-06	Phi model:	0.0164209616450948
depth_vector,start_model,resistivity_model,conductivity_model,E/I[V/A],modelled_thickness,rhoa,sigma
0.0,15.4594,12.907962962299438,0.0774715578996253,9.143047105582194e-05,1.0,13.77376299260422,0.0726018010137786
1.0,15.4594,13.011502598117117,0.0768550743820094,6.239305401280674e-05,1.0,13.872657558551566,0.0720842416659789
2.0,15.4594,13.2199431874534,0.0756432902789677,3.829410696730361e-05,1.0,14.21850784411024,0.0703308681166731
3.0,15.4594,13.53234117711738,0.0738970431584268,2.1815575456401203e-05,1.0,14.642845339835532,0.0682927379748744
4.0,15.4594,13.945480747230455,0.0717078183338066,1.3982353013520343e-05,1.0,14.78596087830607,0.0676317222959245
5.0,15.4594,14.453771639224518,0.0691860937726599,9.541202914495444e-06,1.0,14.953654386664594,0.0668732855623427
6.0,15.4594,15.049096914689086,0.0664491700511226,5.909572926997039e-06,1.5,15.273354379455744,0.0654735020975552
7.5,15.4594,15.739004367728782,0.0635364205152898,3.4026811316998367e-06,1.5,15.685274535520222,0.0637540642170745
9.0,15.4594,16.48681990089213,0.0606545110586116,2.169098713321675e-06,1.5,15.912119956649626,0.0628451773066292
10.5,15.4594,17.25268279167244,0.0579620000016856,1.4838284641094794e-06,1.5,16.10019246714159,0.0621110587367741
12.0,15.4594,17.997420439247275,0.05556351830395,9.26032080649232e-07,1.5,16.400160531708035,0.0609750129010385
13.5,15.4594,18.68654455949171,0.0535144417319282,nan,1.5,nan,nan
15.0,15.4594,19.293532366552952,0.0518308405636278,nan,1.5,nan,nan
16.5,15.4594,19.801721361132,0.0505006601074015,nan,1.5,nan,nan
18.0,15.4594,20.204554258128127,0.0494937917077635,nan,1.5,nan,nan
19.5,15.4594,20.50436652123904,0.0487700997231087,nan,nan,nan,nan
Name:	379.26901907322497_12_80_0.08
Lambda:	379.26901907322497	Maximal Depth:	20	Filter time:	12 to 80 [us]
Chi2:	0.6950548191384613	RelRMS:	6.669595821701757	AbsRMS:	3.644580512716544e-06	Phi model:	0.0135072668588281
depth_vector,start_model,resistivity_model,conductivity_model,E/I[V/A],modelled_thickness,rhoa,sigma
0.0,15.4594,13.147880499403064,0.0760578862916651,9.007478071748104e-05,1.0,13.9116219850286,0.071882344206605
1.0,15.4594,13.241948135726558,0.0755175892361348,6.155576687878751e-05,1.0,13.998172181906972,0.0714378982487819
2.0,15.4594,13.43112660780598,0.074453918066621,3.7860787784783e-05,1.0,14.326789780398142,0.0697993071251869
3.0,15.4594,13.714214224902562,0.0729170467662798,2.1626305381503464e-05,1.0,14.72815581323592,0.0678971632756165
4.0,15.4594,14.087834705401422,0.0709832292124062,1.3888173718813052e-05,1.0,14.852730503911689,0.0673276876421231
5.0,15.4594,14.546413633661968,0.0687454671085313,9.493505672914226e-06,1.0,15.003699274915633,0.0666502294985263
6.0,15.4594,15.082127577665045,0.0663036428282763,5.894130085075549e-06,1.5,15.300020584445106,0.0653593891904079
7.5,15.4594,15.701895849272525,0.0636865770604592,3.40348882304697e-06,1.5,15.682792893434373,0.0637641526477501
9.0,15.4594,16.372940309882328,0.0610763846366937,2.174202001717273e-06,1.5,15.88721091345053,0.0629437102237607
10.5,15.4594,17.06013307455306,0.0586161898989875,1.4898767720145738e-06,1.5,16.056589341037085,0.0622797269557253
12.0,15.4594,17.72932381412771,0.0564037303669271,9.318942400818792e-07,1.5,16.33131049059817,0.06123207323599
13.5,15.4594,18.350642264326307,0.054494005473803,nan,1.5,nan,nan
15.0,15.4594,18.90113252646515,0.0529068826219704,nan,1.5,nan,nan
16.5,15.4594,19.366226427276885,0.0516362856623179,nan,1.5,nan,nan
18.0,15.4594,19.73988400661944,0.0506588589712415,nan,1.5,nan,nan
19.5,15.4594,20.02357404954967,0.0499411342613178,nan,nan,nan,nan
Name:	483.2930238571752_12_80_0.08
Lambda:	483.2930238571752	Maximal Depth:	20	Filter time:	12 to 80 [us]
Chi2:	0.7921308373622197	RelRMS:	7.120138593537492	AbsRMS:	4.1304695567043e-06	Phi model:	0.0108091192998036
depth_vector,start_model,resistivity_model,conductivity_model,E/I[V/A],modelled_thickness,rhoa,sigma
0.0,15.4594,13.392266043983978,0.0746699622540142,8.873622039558313e-05,1.0,14.051174466044555,0.0711684281208347
1.0,15.4594,13.476810323308944,0.0742015340432921,6.072886859298457e-05,1.0,14.124953776214223,0.0707966918577782
2.0,15.4594,13.646660691651975,0.0732779998415089,3.743308088812859e-05,1.0,14.435714052571184,0.0692726384270466
3.0,15.4594,13.900418946786816,0.0719402777591216,2.1440278278641305e-05,1.0,14.813225894258276,0.0675072402958229
4.0,15.4594,14.234626445676724,0.0702512288479277,1.3796551689363744e-05,1.0,14.91841530036952,0.067031248283806
5.0,15.4594,14.643803871361406,0.068288267774173,9.447972289568975e-06,1.0,15.051866338328992,0.0664369439325632
6.0,15.4594,15.120481687060048,0.0661354592199129,5.880430094811407e-06,1.5,15.323774949757038,0.065258071413784
7.5,15.4594,15.670760396154382,0.0638131127475729,3.405654904010795e-06,1.5,15.676142424904146,0.063791204040819
9.0,15.4594,16.265509714353506,0.0614797825313491,2.180403340190496e-06,1.5,15.857073146110949,0.0630633403015648
10.5,15.4594,16.873964764457035,0.0592628948773425,1.4968268812315915e-06,1.5,16.00684785572379,0.0624732620071987
12.0,15.4594,17.466578984313312,0.0572521958019425,9.38444590112992e-07,1.5,16.255226697195877,0.061518674493325
13.5,15.4594,18.017739484037463,0.0555008579675566,nan,1.5,nan,nan
15.0,15.4594,18.50785594647564,0.0540311099725425,nan,1.5,nan,nan
16.5,15.4594,18.9244718989653,0.0528416330632018,nan,1.5,nan,nan
18.0,15.4594,19.26229990421561,0.0519148806203119,nan,1.5,nan,nan
19.5,15.4594,19.52234088216696,0.0512233653758944,nan,nan,nan,nan
Name:	615.8482110660261_12_80_0.08
Lambda:	615.8482110660261	Maximal Depth:	20	Filter time:	12 to 80 [us]
Chi2:	0.9083773020341728	RelRMS:	7.624706376653926	AbsRMS:	4.601081417420034e-06	Phi model:	0.0084068494985104
depth_vector,start_model,resistivity_model,conductivity_model,E/I[V/A],modelled_thickness,rhoa,sigma
0.0,15.4594,13.636536429704972,0.0733324041009169,8.744512438722728e-05,1.0,14.189143384026066,0.0704764179862884
1.0,15.4594,13.711609973047354,0.0729308959316725,5.993150269101016e-05,1.0,14.249962362074424,0.0701756239484148
2.0,15.4594,13.8622789521722,0.0721382107119768,3.702120990234496e-05,1.0,14.542583987498896,0.0687635705497469
3.0,15.4594,14.087018621162905,0.0709873413880281,2.1262094242109072e-05,1.0,14.895870854975062,0.0671326980299383
4.0,15.4594,14.38237818937427,0.0695295302927579,1.3709757602682098e-05,1.0,14.981312976323109,0.066749823702397
5.0,15.4594,14.743069015197142,0.0678284825886117,9.405713698107268e-06,1.0,15.096916637387206,0.0662386912519289
6.0,15.4594,15.162057013470044,0.0659541115767863,5.868782215879362e-06,1.5,15.344043832234794,0.0651718680507936
7.5,15.4594,15.644546273998426,0.0639200384904752,3.40908374836196e-06,1.5,15.665629323078464,0.0638340139024487
9.0,15.4594,16.164860888019682,0.0618625800077953,2.1875010715708066e-06,1.5,15.822753864513365,0.0632001236044478
10.5,15.4594,16.696280233740648,0.0598935802466439,1.5044593029940509e-06,1.5,15.952664691963072,0.0626854521993306
12.0,15.4594,17.21347301861335,0.0580940289573565,9.454801008419498e-07,1.5,16.174487379717817,0.0618257615542092
13.5,15.4594,17.694713616869016,0.0565140539514956,nan,1.5,nan,nan
15.0,15.4594,18.12351549602104,0.0551769329862932,nan,1.5,nan,nan
16.5,15.4594,18.489441035547777,0.0540849232855336,nan,1.5,nan,nan
18.0,15.4594,18.788045405586992,0.0532253344300855,nan,1.5,nan,nan
19.5,15.4594,19.020103897721416,0.0525759483427321,nan,nan,nan,nan
Name:	784.7599703514607_12_80_0.08
Lambda:	784.7599703514607	Maximal Depth:	20	Filter time:	12 to 80 [us]
Chi2:	1.0405642980096503	RelRMS:	8.160644280485311	AbsRMS:	5.173053345457665e-06	Phi model:	0.0062856935115401
depth_vector,start_model,resistivity_model,conductivity_model,E/I[V/A],modelled_thickness,rhoa,sigma
0.0,15.4594,13.86740894589047,0.072111524503382,8.590051182133815e-05,1.0,14.358731557517242,0.0696440347808068
1.0,15.4594,13.939162027488864,0.071740323989917,5.89467479627588e-05,1.0,14.408228754681865,0.0694047836848131
2.0,15.4594,14.082560996138808,0.0710098113740947,3.648301373443255e-05,1.0,14.685255766508067,0.0680955113005692
3.0,15.4594,14.294746183482909,0.0699557716635406,2.100641269076181e-05,1.0,15.016497979782242,0.0665934228703902
4.0,15.4594,14.570446141838705,0.068632078267564,1.3572598659577067e-05,1.0,15.082073619134588,0.0663038800401625
5.0,15.4594,14.90238299182444,0.0671033619622182,9.329106019153394e-06,1.0,15.1794513506638,0.0658785338744321
6.0,15.4594,15.281732956241273,0.0654376046789632,5.83595507623651e-06,1.5,15.401529998762973,0.0649286142402942
7.5,15.4594,15.707996083177784,0.0636618442419229,3.400627244964337e-06,1.5,15.691589553888202,0.0637284066452153
9.0,15.4594,16.156653625327408,0.061894004983333,2.187388469441392e-06,1.5,15.82329687444429,0.0631979547584087
10.5,15.4594,16.604755066617763,0.0602237127851649,1.5074282494871914e-06,1.5,15.93171149185376,0.0627678953708973
12.0,15.4594,17.032780381781848,0.0587103207806045,9.498209938457896e-07,1.5,16.12516909833665,0.0620148535436538
13.5,15.4594,17.425747717260034,0.0573863466994595,nan,1.5,nan,nan
15.0,15.4594,17.773581505951988,0.0562632804010335,nan,1.5,nan,nan
16.5,15.4594,18.070874263278814,0.0553376657615323,nan,1.5,nan,nan
18.0,15.4594,18.316234445110872,0.0545963747623316,nan,1.5,nan,nan
19.5,15.4594,18.511417590139704,0.0540207142500345,nan,nan,nan,nan
Name:	1000.0_12_80_0.08
Lambda:	1000	Maximal Depth:	20	Filter time:	12 to 80 [us]
Chi2:	1.180328259204476	RelRMS:	8.691433057274644	AbsRMS:	5.525911602231403e-06	Phi model:	0.0046260634590988
depth_vector,start_model,resistivity_model,conductivity_model,E/I[V/A],modelled_thickness,rhoa,sigma
0.0,15.4594,14.092020430057746,0.0709621452057391,8.492918990607454e-05,1.0,14.468002979505991,0.0691180394016026
1.0,15.4594,14.153232326574358,0.0706552381057422,5.83603512580596e-05,1.0,14.50458243246448,0.0689437289667696
2.0,15.4594,14.275507639717366,0.0700500483231711,3.619387316465273e-05,1.0,14.763362351633347,0.067735247308982
3.0,15.4594,14.456341013456155,0.0691737970949347,2.089319115225269e-05,1.0,15.070699341514365,0.0663539214298675
4.0,15.4594,14.691164626726552,0.0680681229438252,1.3525035209901945e-05,1.0,15.117412314654963,0.0661488870704803
5.0,15.4594,14.9737023398291,0.0667837504249075,9.31216764852949e-06,1.0,15.197852887153196,0.0657987682487244
6.0,15.4594,15.296371016702142,0.0653749833151992,5.838801601524753e-06,1.5,15.39652390212545,0.0649497254287347
7.5,15.4594,15.659241228153846,0.063860054611209,3.41161376185196e-06,1.5,15.657883398594876,0.0638655924650543
9.0,15.4594,16.04150840861522,0.0623382773320083,2.198948009193559e-06,1.5,15.767794376846856,0.0634204110036075
10.5,15.4594,16.4236716221588,0.0608877249256981,1.5179249383962697e-06,1.5,15.858179726199694,0.0630589397563627
12.0,15.4594,16.78910585719706,0.0595624334318748,9.584987444230615e-07,1.5,16.027695701916038,0.0623920006093236
13.5,15.4594,17.125005040812646,0.0583941433953905,nan,1.5,nan,nan
15.0,15.4594,17.422707424177787,0.0573963607178688,nan,1.5,nan,nan
16.5,15.4594,17.677510638999493,0.0565690509496193,nan,1.5,nan,nan
18.0,15.4594,17.888133448872562,0.0559029818766824,nan,1.5,nan,nan
19.5,15.4594,18.055987879066453,0.0553832892831839,nan,nan,nan,nan
Name:	58.06735210785115_12_80_0.08
Lambda:	58.06735210785115	Maximal Depth:	20	Filter time:	12 to 80 [us]
Chi2:	0.5575291785816614	RelRMS:	5.973430122569974	AbsRMS:	1.956803100004664e-06	Phi model:	0.0242011573925429
depth_vector,start_model,resistivity_model,conductivity_model,E/I[V/A],modelled_thickness,rhoa,sigma
0.0,15.4594,12.162857732812864,0.0822175200900531,9.48578975622174e-05,1.0,13.439947764695546,0.0744050510841143
1.0,15.4594,12.3078022115221,0.0812492744694774,6.444636369914976e-05,1.0,13.576408075728382,0.0736571849064981
2.0,15.4594,12.600292617485913,0.0793632362642325,3.930845463304304e-05,1.0,13.972839559776846,0.071567414463032
3.0,15.4594,13.039642755207195,0.0766892175478246,2.22396996064566e-05,1.0,14.456083440578626,0.0691750296067724
4.0,15.4594,13.62157340147488,0.0734129582924484,1.41985454413207e-05,1.0,14.635486295211978,0.068327077066592
5.0,15.4594,14.337484721501545,0.0697472408462501,9.659085581679998e-06,1.0,14.83173933778378,0.0674229756352652
6.0,15.4594,15.173565338474887,0.0659040889661144,5.958629093487957e-06,1.5,15.189410678463332,0.0658353389192296
7.5,15.4594,16.122424905718976,0.0620254090713908,3.41691249068482e-06,1.5,15.64169171745382,0.0639317036842087
9.0,15.4594,17.11500331556188,0.0584282679683004,2.173612318526984e-06,1.5,15.890084163536418,0.062932328722005
10.5,15.4594,18.07593408076718,0.0553221756359468,1.4850032178862577e-06,1.5,16.091700338968412,0.062143836818683
12.0,15.4594,18.93382708089748,0.0528155240737837,9.251898446530108e-07,1.5,16.41011215460958,0.0609380356805849
13.5,15.4594,19.631946865529624,0.0509373831770006,nan,1.5,nan,nan
15.0,15.4594,20.1360755336602,0.049662110093318,nan,1.5,nan,nan
16.5,15.4594,20.437309428503724,0.0489301198623195,nan,1.5,nan,nan
18.0,15.4594,20.549496983982745,0.0486629916430289,nan,1.5,nan,nan
19.5,15.4594,20.50286045015384,0.0487736822104008,nan,nan,nan,nan
Name:	172.21381097981777_12_80_0.08
Lambda:	172.21381097981777	Maximal Depth:	20	Filter time:	12 to 80 [us]
Chi2:	0.5688249999672288	RelRMS:	6.033639034438722	AbsRMS:	2.5980153577898947e-06	Phi model:	0.0197508240149908
depth_vector,start_model,resistivity_model,conductivity_model,E/I[V/A],modelled_thickness,rhoa,sigma
0.0,15.4594,12.617074966187031,0.0792576728504774,9.299774350006808e-05,1.0,13.618574050797916,0.0734291267404321
1.0,15.4594,12.73378432352554,0.0785312499876811,6.335410177514249e-05,1.0,13.73200659633123,0.0728225691551276
2.0,15.4594,12.968975847203138,0.0771070909362251,3.878689878491133e-05,1.0,14.097819572169824,0.0709329549070181
3.0,15.4594,13.321918968110898,0.0750642608166084,2.203027610576064e-05,1.0,14.547553536100644,0.0687400804209751
4.0,15.4594,13.789344314124357,0.072519764335401,1.4091396988946253e-05,1.0,14.709582996305508,0.0679828925300712
5.0,15.4594,14.365204465651043,0.0696126534356766,9.598831049065276e-06,1.0,14.893743217001086,0.0671422882367481
6.0,15.4594,15.040352055903352,0.0664878053574217,5.931185915906916e-06,1.5,15.236228173556476,0.0656330417613178
7.5,15.4594,15.82066518830645,0.0632084674125542,3.4058205469450764e-06,1.5,15.67563414537852,0.0637932724587617
9.0,15.4594,16.66195946152098,0.0600169507259571,2.167017512094525e-06,1.5,15.9223063148873,0.062804971856684
10.5,15.4594,17.515787249633846,0.0570913534029653,1.4802274405390616e-06,1.5,16.126293722046263,0.0620105287201174
12.0,15.4594,18.33455702008652,0.0545418140675253,9.220071119921968e-07,1.5,16.447855173078526,0.0607982007062402
13.5,15.4594,19.07694085156836,0.0524193059977846,nan,1.5,nan,nan
15.0,15.4594,19.712299379039955,0.0507297490146328,nan,1.5,nan,nan
16.5,15.4594,20.22310598281149,0.0494483884349883,nan,1.5,nan,nan
18.0,15.4594,20.60499793547387,0.0485319145933222,nan,1.5,nan,nan
19.5,15.4594,20.864793700613863,0.047927624607694,nan,nan,nan,nan
Name:	29.657596692192385_12_80_0.08
Lambda:	29.657596692192385	Maximal Depth:	20	Filter time:	12 to 80 [us]
Chi2:	0.5925939653629405	RelRMS:	6.158410004475845	AbsRMS:	2.05760870330094e-06	Phi model:	0.0255416037112307
depth_vector,start_model,resistivity_model,conductivity_model,E/I[V/A],modelled_thickness,rhoa,sigma
0.0,15.4594,12.032836353900532,0.0831059253686137,9.458674694628304e-05,1.0,13.46562092570105,0.0742631925789146
1.0,15.4594,12.194344353278597,0.0820052289019653,6.421233415382721e-05,1.0,13.609375301043316,0.0734787584205528
2.0,15.4594,12.520342151916529,0.0798700217507176,3.913426116300943e-05,1.0,14.014272568824117,0.0713558263612327
3.0,15.4594,13.00970313123702,0.0768657047676164,2.2138339948711576e-05,1.0,14.500174305331935,0.0689646882129054
4.0,15.4594,13.656614790543664,0.0732245886215108,1.4147635301031636e-05,1.0,14.670575716561231,0.0681636507878232
5.0,15.4594,14.449379728620173,0.0692071229894581,9.636841868498788e-06,1.0,14.854553600871006,0.0673194245259153
6.0,15.4594,15.369032349974232,0.0650659050764296,5.956649745063631e-06,1.5,15.192775374229896,0.0658207585755666
7.5,15.4594,16.391985040316026,0.0610054241472587,3.426118525619243e-06,1.5,15.613659504730895,0.0640464844066186
9.0,15.4594,17.427136836464417,0.0573817724267595,2.186242341134858e-06,1.5,15.828826589029406,0.0631758768962114
10.5,15.4594,18.376846597067285,0.0544163001371294,1.4979792777816746e-06,1.5,15.998637416302074,0.0625053230458884
12.0,15.4594,19.15278468945121,0.0522117288015444,9.368181702403224e-07,1.5,16.274035170843323,0.0614475752019761
13.5,15.4594,19.69158666429946,0.0507831094084959,nan,1.5,nan,nan
15.0,15.4594,19.96490987430011,0.0500878794993837,nan,1.5,nan,nan
16.5,15.4594,19.980692665697227,0.0500483149774279,nan,1.5,nan,nan
18.0,15.4594,19.77614017938691,0.0505659846122207,nan,1.5,nan,nan
19.5,15.4594,19.405957047666217,0.0515305685539616,nan,nan,nan,nan
Name:	87.95730415567415_12_80_0.08
Lambda:	87.95730415567415	Maximal Depth:	20	Filter time:	12 to 80 [us]
Chi2:	0.5503603975362629	RelRMS:	5.9349023111017445	AbsRMS:	2.08538389997049e-06	Phi model:	0.023048411648991
depth_vector,start_model,resistivity_model,conductivity_model,E/I[V/A],modelled_thickness,rhoa,sigma
0.0,15.4594,12.301710948335463,0.0812895055167354,9.447430427027208e-05,1.0,13.47630326784098,0.0742043259286349
1.0,15.4594,12.43593201810631,0.0804121475209122,6.423916894204313e-05,1.0,13.6055849849376,0.0734992285232185
2.0,15.4594,12.706685551853337,0.0786987287848753,3.9224562268086585e-05,1.0,13.99275560276922,0.0714655517746694
3.0,15.4594,13.11337779515267,0.076258002752704,2.221355045906829e-05,1.0,14.46742607072825,0.0691207955797532
4.0,15.4594,13.652332849739953,0.0732475549055374,1.4184901115383133e-05,1.0,14.644869951057313,0.0682832966999344
5.0,15.4594,14.31628939275548,0.0698505019398415,9.64985187625227e-06,1.0,14.84119924674268,0.0673799996465567
6.0,15.4594,15.093764594132551,0.0662525239322159,5.952447494075128e-06,1.5,15.19992496502446,0.0657897984563103
7.5,15.4594,15.9844158587099,0.0625609349030481,3.4120015020232683e-06,1.5,15.656697133899128,0.0638704313845892
9.0,15.4594,16.930417204427375,0.0590652898818403,2.168973773855269e-06,1.5,15.912731008356788,0.0628427640406185
10.5,15.4594,17.868267939804497,0.0559651334627871,1.480727727490701e-06,1.5,16.12266117094778,0.062024500136612
12.0,15.4594,18.73657179411304,0.0533715564932853,9.216294664672104e-07,1.5,16.45234796546799,0.0607815979882574
13.5,15.4594,19.484264421253098,0.0513234668951226,nan,1.5,nan,nan
15.0,15.4594,20.077036647449987,0.0498081473655631,nan,1.5,nan,nan
16.5,15.4594,20.500253165544343,0.0487798853957932,nan,1.5,nan,nan
18.0,15.4594,20.757934826517403,0.0481743491516574,nan,1.5,nan,nan
19.5,15.4594,20.86866343564513,0.047918737253289,nan,nan,nan,nan
Name:	44.923733528203634_12_80_0.08
Lambda:	44.923733528203634	Maximal Depth:	20	Filter time:	12 to 80 [us]
Chi2:	0.5656040263335019	RelRMS:	6.016532031440049	AbsRMS:	1.905090329918924e-06	Phi model:	0.0250696205839394
depth_vector,start_model,resistivity_model,conductivity_model,E/I[V/A],modelled_thickness,rhoa,sigma
0.0,15.4594,12.078250662158297,0.0827934464990899,9.501604467089671e-05,1.0,13.425030431920709,0.0744877268674415
1.0,15.4594,12.230535537869969,0.0817625685239746,6.452069867907924e-05,1.0,13.565978390090832,0.0737138134268622
2.0,15.4594,12.53792152091322,0.0797580363166257,3.932848042171023e-05,1.0,13.968095908673751,0.0715917191962457
3.0,15.4594,12.99966904524276,0.076925035285106,2.223994745981217e-05,1.0,14.455976036384715,0.0691755435594986
4.0,15.4594,13.611068940804536,0.0734696153806191,1.4198889162258448e-05,1.0,14.6352501009899,0.0683281797782438
5.0,15.4594,14.362530042942703,0.0696256158914959,9.660839824609728e-06,1.0,14.829943823672307,0.0674311387750336
6.0,15.4594,15.238479401975162,0.065623345585937,5.961419107689973e-06,1.5,15.184671093580974,0.0658558880753584
7.5,15.4594,16.225977557234902,0.0616295687870045,3.4204886058518794e-06,1.5,15.630787575017663,0.0639763028702582
9.0,15.4594,17.24748636141256,0.0579794631545428,2.177493411719065e-06,1.5,15.87119723856824,0.0630072189872306
10.5,15.4594,18.21874886303897,0.0548885111440739,1.488753137564604e-06,1.5,16.064667451388733,0.0622484096247852
12.0,15.4594,19.06110809915949,0.0524628471124454,9.284186633027668e-07,1.5,16.372043096957327,0.061079731715698
13.5,15.4594,19.7141302936286,0.0507250375799326,nan,1.5,nan,nan
15.0,15.4594,20.14450763397376,0.049641322496932,nan,1.5,nan,nan
16.5,15.4594,20.3485655758565,0.0491435131519293,nan,1.5,nan,nan
18.0,15.4594,20.34827484129228,0.0491442153106131,nan,1.5,nan,nan
19.5,15.4594,20.18295071092696,0.0495467691678305,nan,nan,nan,nan
Name:	38.334705834656404_12_80_0.08
Lambda:	38.3347058346564	Maximal Depth:	20	Filter time:	12 to 80 [us]
Chi2:	0.5754210410047551	RelRMS:	6.068520958545362	AbsRMS:	1.984135079049322e-06	Phi model:	0.0249575345249496
depth_vector,start_model,resistivity_model,conductivity_model,E/I[V/A],modelled_thickness,rhoa,sigma
0.0,15.4594,12.072150224281014,0.0828352846362593,9.479016613185764e-05,1.0,13.446349262157916,0.0743696285514687
1.0,15.4594,12.22741440884458,0.08178343896455,6.436547043788816e-05,1.0,13.587780736725302,0.0735955355312131
2.0,15.4594,12.540783523906503,0.079739834284971,3.923550185310321e-05,1.0,13.990154522174016,0.0714788388087513
3.0,15.4594,13.011325647133711,0.0768561195930325,2.219313007523606e-05,1.0,14.476299240206616,0.0690784283612064
4.0,15.4594,13.633868187981488,0.0733467557564858,1.4175226264458129e-05,1.0,14.651532787497754,0.0682522446288559
5.0,15.4594,14.39799844328721,0.0694540983553329,9.6494634203374e-06,1.0,14.8415975495774,0.0673781913745851
6.0,15.4594,15.286874953805782,0.065415593639761,5.9586998462806575e-06,1.5,15.189290440225738,0.0658358600709684
7.5,15.4594,16.28366156855758,0.0614112492936427,3.4224103850497483e-06,1.5,15.624935610853532,0.0640002637390307
9.0,15.4594,17.30614474280085,0.0577829444316873,2.180795899492325e-06,1.5,15.855170162485392,0.0630709093470393
10.5,15.4594,18.26555580416218,0.0547478549638292,1.4923001624998543e-06,1.5,16.039201451754753,0.0623472435961327
12.0,15.4594,19.080076070902667,0.0524106925089785,9.31681493673824e-07,1.5,16.333796530053853,0.0612227535808971
13.5,15.4594,19.688458260729,0.0507911786061288,nan,1.5,nan,nan
15.0,15.4594,20.059288858728745,0.0498522159505596,nan,1.5,nan,nan
16.5,15.4594,20.193051519593727,0.0495219852744732,nan,1.5,nan,nan
18.0,15.4594,20.11710457360644,0.0497089427726093,nan,1.5,nan,nan
19.5,15.4594,19.87619251038661,0.0503114466957107,nan,nan,nan,nan
Name:	49.55053124100617_12_80_0.08
Lambda:	49.55053124100617	Maximal Depth:	20	Filter time:	12 to 80 [us]
Chi2:	0.5625394573422613	RelRMS:	6.00021043546847	AbsRMS:	1.934761521841515e-06	Phi model:	0.0246214096310955
depth_vector,start_model,resistivity_model,conductivity_model,E/I[V/A],modelled_thickness,rhoa,sigma
0.0,15.4594,12.115997416090034,0.0825355078626874,9.492645141884837e-05,1.0,13.433476290048182,0.0744408951494426
1.0,15.4594,12.265204470599338,0.08153145774268,6.447472850198325e-05,1.0,13.572425943103129,0.0736787958314963
2.0,15.4594,12.566334687836582,0.0795776990539601,3.9312073508233726e-05,1.0,13.971982032919671,0.0715718068949616
3.0,15.4594,13.01864790342156,0.0768128923539886,2.22361549685298e-05,1.0,14.45761968400478,0.0691676791793293
4.0,15.4594,13.617580884184896,0.0734344821231334,1.419687427093618e-05,1.0,14.63663480677722,0.0683217155583446
5.0,15.4594,14.353915169713911,0.0696674035046516,9.659149754063835e-06,1.0,14.831673646071918,0.0674232742617583
6.0,15.4594,15.212768956432305,0.0657342527756708,5.959937895064603e-06,1.5,15.187186868677598,0.0658449789712157
7.5,15.4594,16.183415399964506,0.0617916536951892,3.4190139796984848e-06,1.5,15.635281640992,0.0639579140920773
9.0,15.4594,17.19181710125061,0.0581672079286636,2.175988241722453e-06,1.5,15.87851532243918,0.0629781802450271
10.5,15.4594,18.157425529653768,0.055073886899156,1.4873265431376623e-06,1.5,16.074938275041234,0.0622086370031448
12.0,15.4594,19.00464642506348,0.0526187111106256,9.272063718351292e-07,1.5,16.38631058996026,0.0610265498453746
13.5,15.4594,19.6746391765059,0.050826853342964,nan,1.5,nan,nan
15.0,15.4594,20.133773751459888,0.0496677876857283,nan,1.5,nan,nan
16.5,15.4594,20.376253436992936,0.0490767354799635,nan,1.5,nan,nan
18.0,15.4594,20.42072259037865,0.0489698636066461,nan,1.5,nan,nan
19.5,15.4594,20.302769832581333,0.0492543632344798,nan,nan,nan,nan
Name:	42.28288456662652_12_80_0.08
Lambda:	42.28288456662652	Maximal Depth:	20	Filter time:	12 to 80 [us]
Chi2:	0.568700694750178	RelRMS:	6.032979733432842	AbsRMS:	1.921040578733769e-06	Phi model:	0.0251163865547552
depth_vector,start_model,resistivity_model,conductivity_model,E/I[V/A],modelled_thickness,rhoa,sigma
0.0,15.4594,12.06978853520861,0.0828514929721356,9.497108375155048e-05,1.0,13.429267188841994,0.0744642269706922
1.0,15.4594,12.223435245250826,0.0818100623872106,6.448697686279297e-05,1.0,13.570707299112016,0.0736881267835932
2.0,15.4594,12.53356999597416,0.0797857274759868,3.930626749847981e-05,1.0,13.973357885884186,0.0715647597497087
3.0,15.4594,12.999402005969385,0.076926615512067,2.2227953794000204e-05,1.0,14.461175632021687,0.0691506711104233
4.0,15.4594,13.616071308997295,0.0734426235957809,1.4192844844340403e-05,1.0,14.63940495637966,0.0683087873434509
5.0,15.4594,14.373698088065224,0.0695715183297414,9.658064082900388e-06,1.0,14.832785119246443,0.0674182219967873
6.0,15.4594,15.256241933676495,0.0655469416614722,5.960949770224476e-06,1.5,15.185468130049149,0.0658524315112282
7.5,15.4594,16.249307873508627,0.0615410827208405,3.421274677592983e-06,1.5,15.628393264491752,0.0639861042063763
9.0,15.4594,17.273456087072802,0.0578922941048482,2.178658849055492e-06,1.5,15.865536711730488,0.0630296987848278
10.5,15.4594,18.24253164939652,0.0548169529985757,1.4899705903774444e-06,1.5,16.05591531487654,0.0622823414541464
12.0,15.4594,19.076459780020844,0.0524206279116484,9.295204555551344e-07,1.5,16.35910297954776,0.0611280460334656
13.5,15.4594,19.71429056033172,0.05072462521234,nan,1.5,nan,nan
15.0,15.4594,20.123282452396765,0.04969368205041,nan,1.5,nan,nan
16.5,15.4594,20.3012704875475,0.0492580009026225,nan,1.5,nan,nan
18.0,15.4594,20.27229068099412,0.0493284165926808,nan,1.5,nan,nan
19.5,15.4594,20.0778109194585,0.0498062265857303,nan,nan,nan,nan
Name:	46.637695225467674_12_80_0.08
Lambda:	46.63769522546768	Maximal Depth:	20	Filter time:	12 to 80 [us]
Chi2:	0.5653928384433579	RelRMS:	6.015408686064058	AbsRMS:	1.9487841116037604e-06	Phi model:	0.0246482602898151
depth_vector,start_model,resistivity_model,conductivity_model,E/I[V/A],modelled_thickness,rhoa,sigma
0.0,15.4594,12.107366691480577,0.0825943432194596,9.488713804033768e-05,1.0,13.437186514551676,0.0744203408144301
1.0,15.4594,12.257897307781766,0.0815800601759947,6.444479361461425e-05,1.0,13.576628585104114,0.0736559885785762
2.0,15.4594,12.561697456202031,0.0796070756748145,3.9292062677509405e-05,1.0,13.976725437766715,0.0715475169382583
3.0,15.4594,13.017975084760849,0.0768168623375707,2.222524506248731e-05,1.0,14.46235059158988,0.0691450531272225
4.0,15.4594,13.6220191474287,0.0734105560399803,1.419138009966371e-05,1.0,14.640412263701794,0.0683040874797847
5.0,15.4594,14.364332340138349,0.0696168799440607,9.65664409246552e-06,1.0,14.834239171442784,0.0674116136623365
6.0,15.4594,15.229585512414369,0.0656616688080481,5.959540643916881e-06,1.5,15.1878617596634,0.0658420530700275
7.5,15.4594,16.20567067856443,0.0617067950987502,3.419766097590509e-06,1.5,15.632989085336083,0.0639672934293807
9.0,15.4594,17.21674333946126,0.0580829939950357,2.177088072221779e-06,1.5,15.873167155351778,0.0629993995661314
10.5,15.4594,18.1804498111362,0.0550041396328633,1.4884720302418628e-06,1.5,16.066689996851736,0.0622405735217365
12.0,15.4594,19.01983526059531,0.0525766909281158,9.2824107119477e-07,1.5,16.374131241967238,0.0610719423963684
13.5,15.4594,19.675536954109177,0.0508245341579434,nan,1.5,nan,nan
15.0,15.4594,20.114416315228063,0.0497155862903627,nan,1.5,nan,nan
16.5,15.4594,20.33206319684427,0.0491834001457958,nan,1.5,nan,nan
18.0,15.4594,20.34905256822424,0.0491423370521699,nan,1.5,nan,nan
19.5,15.4594,20.20301443121617,0.0494975640097982,nan,nan,nan,nan
Name:	43.8960907475317_12_80_0.08
Lambda:	43.8960907475317	Maximal Depth:	20	Filter time:	12 to 80 [us]
Chi2:	0.5684686069875562	RelRMS:	6.031748572943306	AbsRMS:	1.9644649738149074e-06	Phi model:	0.0246832053922244
depth_vector,start_model,resistivity_model,conductivity_model,E/I[V/A],modelled_thickness,rhoa,sigma
0.0,15.4594,12.099071678591883,0.08265096914579,9.484315228475557e-05,1.0,13.441340735576947,0.0743973402410051
1.0,15.4594,12.250937501752734,0.0816264061307088,6.441181600746398e-05,1.0,13.58126217105093,0.073630859003042
2.0,15.4594,12.557431138064208,0.0796341217407747,3.9270348594152366e-05,1.0,13.981877141791754,0.0715211548391457
3.0,15.4594,13.017707493521945,0.0768184413805298,2.2213524292627053e-05,1.0,14.467437432004523,0.0691207412992036
4.0,15.4594,13.626904265340173,0.0733842390412534,1.4185473752671964e-05,1.0,14.64447582698394,0.0682851343956878
5.0,15.4594,14.37523829476024,0.0695640642259474,9.653931671437351e-06,1.0,14.837017646899415,0.0673989897295145
6.0,15.4594,15.246921237114185,0.0655870115971866,5.959081781936534e-06,1.5,15.188641414778363,0.0658386733014193
7.5,15.4594,16.22842407192497,0.0616202778266061,3.420533701754364e-06,1.5,15.630650191774274,0.0639768651803273
9.0,15.4594,17.242052749502935,0.0579977346391559,2.1782262031260275e-06,1.5,15.867637483039193,0.0630213540653984
10.5,15.4594,18.203611201020227,0.0549341550397404,1.4896609427101822e-06,1.5,16.058140207963362,0.0622737120892799
12.0,15.4594,19.03476769573404,0.0525354454535378,9.293170161679728e-07,1.5,16.36149037043937,0.0611191265195938
13.5,15.4594,19.675653043161464,0.0508242342862192,nan,1.5,nan,nan
15.0,15.4594,20.09366735254176,0.0497669232029714,nan,1.5,nan,nan
16.5,15.4594,20.285853130650395,0.0492954372468109,nan,1.5,nan,nan
18.0,15.4594,20.274781995016685,0.0493223552413924,nan,1.5,nan,nan
19.5,15.4594,20.100174820459948,0.0497508110716579,nan,nan,nan,nan
Name:	43.27276089344548_12_80_0.08
Lambda:	43.27276089344548	Maximal Depth:	20	Filter time:	12 to 80 [us]
Chi2:	0.5685312930586766	RelRMS:	6.032081129739164	AbsRMS:	1.947907303670237e-06	Phi model:	0.0248469298024707
depth_vector,start_model,resistivity_model,conductivity_model,E/I[V/A],modelled_thickness,rhoa,sigma
0.0,15.4594,12.087920371401324,0.0827272160367542,9.48918833666821e-05,1.0,13.436738535480764,0.0744228219786685
1.0,15.4594,12.240463538222205,0.0816962525052576,6.444045354179879e-05,1.0,13.577238170046602,0.0736526816039913
2.0,15.4594,12.548341822079712,0.0796918042382642,3.9284040079937645e-05,1.0,13.978628260170792,0.0715377776265281
3.0,15.4594,13.010730412134356,0.0768596357255514,2.2219026442965176e-05,1.0,14.465048929470036,0.0691321546768274
4.0,15.4594,13.622767454748756,0.0734065235512341,1.418828304553084e-05,1.0,14.642542683558624,0.0682941495620736
5.0,15.4594,14.374632683817158,0.069566994997082,9.65550490897363e-06,1.0,14.835405938536343,0.0674063119097002
6.0,15.4594,15.250441833297588,0.0655718706992878,5.959790998298416e-06,1.5,15.187436423231272,0.06584389702994
7.5,15.4594,16.236338093776364,0.0615902424687322,3.42081303668274e-06,1.5,15.629799273989708,0.0639803482098549
9.0,15.4594,17.253966170872406,0.0579576886900455,2.178388119227272e-06,1.5,15.866851195905346,0.0630244771097408
10.5,15.4594,18.21838844335762,0.0548895970194662,1.48977626036798e-06,1.5,16.05731153274218,0.062276925870244
12.0,15.4594,19.05061314421892,0.0524917488182504,9.293923324996892e-07,1.5,16.360606420760735,0.061122428734124
13.5,15.4594,19.690361018756448,0.0507862704521989,nan,1.5,nan,nan
15.0,15.4594,20.104976669228407,0.0497389286469825,nan,1.5,nan,nan
16.5,15.4594,20.29180020724918,0.0492809898474534,nan,1.5,nan,nan
18.0,15.4594,20.27395547363288,0.0493243659975746,nan,1.5,nan,nan
19.5,15.4594,20.091823558123448,0.0497714902336818,nan,nan,nan,nan
Name:	44.28581102102189_12_80_0.08
Lambda:	44.28581102102189	Maximal Depth:	20	Filter time:	12 to 80 [us]
Chi2:	0.5657435065236528	RelRMS:	6.01727383600861	AbsRMS:	1.8883461538160616e-06	Phi model:	0.025234242983705
depth_vector,start_model,resistivity_model,conductivity_model,E/I[V/A],modelled_thickness,rhoa,sigma
0.0,15.4594,12.067056080837409,0.082870253796865,9.506556348327764e-05,1.0,13.420368040576038,0.0745136047667644
1.0,15.4594,12.2200174677877,0.081832943580975,6.45498391035985e-05,1.0,13.561895259654296,0.0737360067198668
2.0,15.4594,12.528786755979262,0.0798161880696674,3.934244755769561e-05,1.0,13.96478979610756,0.0716086682721663
3.0,15.4594,12.99264541951042,0.076966619784632,2.22455813817065e-05,1.0,14.453535183775744,0.0691872256361551
4.0,15.4594,13.606885940311727,0.0734922012565272,1.4201769702261856e-05,1.0,14.633271058963574,0.0683374206608065
5.0,15.4594,14.36188166859343,0.0696287591748371,9.662453231637444e-06,1.0,14.82829293847573,0.0674386461171972
6.0,15.4594,15.24196567946547,0.0656083356326695,5.962145860076009e-06,1.5,15.183437117267315,0.0658612402630991
7.5,15.4594,16.233874261030525,0.0615995900867917,3.420772751496984e-06,1.5,15.629921984690275,0.0639798458993918
9.0,15.4594,17.259409981490872,0.0579394081879049,2.1776557060272664e-06,1.5,15.870408672844524,0.0630103496774519
10.5,15.4594,18.233574184985752,0.0548438824914228,1.4888671528590758e-06,1.5,16.063847301579106,0.0622515877564211
12.0,15.4594,19.077047026010096,0.0524190142550142,9.284918845812584e-07,1.5,16.371182347963092,0.0610829431097516
13.5,15.4594,19.72897949678057,0.0506868589002884,nan,1.5,nan,nan
15.0,15.4594,20.15600210860874,0.049613013265805,nan,1.5,nan,nan
16.5,15.4594,20.35473246681348,0.0491286240991085,nan,1.5,nan,nan
18.0,15.4594,20.34769014277705,0.0491456274880899,nan,1.5,nan,nan
19.5,15.4594,20.17484987754705,0.0495666637456825,nan,nan,nan,nan
Name:	43.65694709141611_12_80_0.08
Lambda:	43.65694709141611	Maximal Depth:	20	Filter time:	12 to 80 [us]
Chi2:	0.5684887904882405	RelRMS:	6.031855650730329	AbsRMS:	1.958144651453481e-06	Phi model:	0.0247454936593749
depth_vector,start_model,resistivity_model,conductivity_model,E/I[V/A],modelled_thickness,rhoa,sigma
0.0,15.4594,12.094817159233356,0.0826800427682849,9.486174670302476e-05,1.0,13.439584199802113,0.074407063874396
1.0,15.4594,12.246941282929766,0.0816530411061769,6.442274441258323e-05,1.0,13.579726215253809,0.0736391871344741
2.0,15.4594,12.55396291432319,0.079656121881567,3.927557427569562e-05,1.0,13.98063690603036,0.0715274995496566
3.0,15.4594,13.01504464053901,0.0768341582851909,2.221562461052104e-05,1.0,14.466525560380564,0.0691250982017891
4.0,15.4594,13.62532426747726,0.073392748705947,1.418654593264815e-05,1.0,14.64373795832048,0.0682885751470174
5.0,15.4594,14.37500443607358,0.0695651959237337,9.6545318543546e-06,1.0,14.83640273589629,0.0674017831546542
6.0,15.4594,15.248260219340498,0.065581252261922,5.959352061444439e-06,1.5,15.1881821691516,0.0658406640678223
7.5,15.4594,16.231437821489603,0.061608836567519,3.4206398633478207e-06,1.5,15.630326785748736,0.0639781889212815
9.0,15.4594,17.246591432625863,0.0579824717194999,2.1782875644218425e-06,1.5,15.867339492579562,0.063022537613672
10.5,15.4594,18.209242700384635,0.0549171657742184,1.4897045599532124e-06,1.5,16.05782676092568,0.0622749276653893
12.0,15.4594,19.04080861543424,0.0525187779677283,9.293454361656764e-07,1.5,16.361156805279297,0.0611203725935398
13.5,15.4594,19.68126375356967,0.0508097453761639,nan,1.5,nan,nan
15.0,15.4594,20.09798682071732,0.0497562272739269,nan,1.5,nan,nan
16.5,15.4594,20.288133260437228,0.0492898970626363,nan,1.5,nan,nan
18.0,15.4594,20.27448458857557,0.0493230787510863,nan,1.5,nan,nan
19.5,15.4594,20.09701283560226,0.0497586386683537,nan,nan,nan,nan
Name:	44.0445441887993_12_80_0.08
Lambda:	44.0445441887993	Maximal Depth:	20	Filter time:	12.0 to 80.0 [us]
Chi2:	0.5684584474887298	RelRMS:	6.031694673910369	AbsRMS:	1.9683686200149253e-06	Phi model:	0.02464486145366154
depth_vector,start_model,resistivity_model,conductivity_model,E/I[V/A],modelled_thickness,rhoa,sigma
0.0,15.4594,12.101698102044528,0.08263303146118431,9.483167201359089e-05,1.0,13.44242551467307,0.07439133651203428
1.0,15.4594,12.253404547111197,0.08160997183723565,6.440506806498696e-05,1.0,13.582210791797568,0.0736257164116397
2.0,15.4594,12.559572415917893,0.07962054494248615,3.9267121367371464e-05,1.0,13.982643212212867,0.07151723639251337
3.0,15.4594,13.019351907835988,0.07680873879736884,2.221222701479839e-05,1.0,14.468000728460435,0.06911805015553187
4.0,15.4594,13.62788069132079,0.07337898112337243,1.418481163614203e-05,1.0,14.644931538549868,0.06828300954276904
5.0,15.4594,14.37538439947433,0.06956335720918652,9.653561187502915e-06,1.0,14.837397254065944,0.06739726536107715
6.0,15.4594,15.246097262495264,0.0655905562441843,5.958915117293856e-06,1.5,15.188924620434017,0.06583744570400175
7.5,15.4594,16.226567108794924,0.06162732963141614,3.4204684193621345e-06,1.5,15.630849073499558,0.06397605115997144
9.0,15.4594,17.23925498537141,0.05800714710981204,2.178188579174344e-06,1.5,15.867820204135377,0.06302062836200942
10.5,15.4594,18.200138690293702,0.05494463624792645,1.489634251469935e-06,1.5,16.058332027039228,0.06227296822087045
12.0,15.4594,19.031041279092733,0.052545732276803356,9.292996666313509e-07,1.5,16.361694010092826,0.061118365823437534
13.5,15.4594,19.672189874564978,0.05083318158152505,nan,1.5,nan,nan
15.0,15.4594,20.090997937404527,0.049773535546397345,nan,1.5,nan,nan
16.5,15.4594,20.284438629377327,0.04929887478136717,nan,1.5,nan,nan
18.0,15.4594,20.274954478419616,0.04932193564549732,nan,1.5,nan,nan
19.5,15.4594,20.102111768382134,0.04974601731012475,nan,nan,nan,nan
