Name:	10.0_12_80_0.08
Lambda:	10.0	Maximal Depth:	20	Filter time:	12.0 to 80.0 [us]
Chi2:	0.2583501251512566	RelRMS:	4.066252329809406	AbsRMS:	5.55686039107952e-07	Phi model:	0.1060529033454699
depth_vector,start_model,resistivity_model,conductivity_model,E/I[V/A],modelled_thickness,rhoa,sigma
0.0,13.266,8.569538755383633,0.11669239483534292,0.00012993375079653458,1.0,10.896790308288955,0.09177014255650322
1.0,13.266,8.879505857572806,0.1126188794782042,8.67872692788156e-05,1.0,11.133024022844333,0.08982285477405391
2.0,13.266,9.513757231364153,0.1051109436241745,5.166888364031311e-05,1.0,11.64454706221656,0.0858771057952724
3.0,13.266,10.480078048399903,0.09541913670697136,2.846839510292492e-05,1.0,12.26199875874732,0.08155277289411172
4.0,13.266,11.773964069618268,0.084933162194746,1.79246576397649e-05,1.0,12.529559848207642,0.07981126329374215
5.0,13.266,13.370115184534928,0.07479367127342998,1.2069613738116207e-05,1.0,12.784601021293765,0.07821910111503838
6.0,13.266,15.214820882512795,0.0657253876152662,7.348358803337867e-06,1.5,13.208239149370065,0.07571031904337472
7.5,13.266,17.135533661397734,0.058358264163827084,4.163498758197142e-06,1.5,13.710943253423867,0.072934442329508
9.0,13.266,18.87195056531214,0.052988693274666814,2.6387897693457924e-06,1.5,13.962967512031284,0.07161801380246308
10.5,13.266,20.18190262868895,0.049549342220018514,1.801673480002546e-06,1.5,14.146081060768077,0.07069095643551358
12.0,13.266,20.898387478980652,0.047850581821482066,1.1214794999886656e-06,1.5,14.434593602368183,0.06927801554703535
13.5,13.266,20.96294417346582,0.047703222969308186,nan,1.5,nan,nan
15.0,13.266,20.425439204242682,0.04895855555420734,nan,1.5,nan,nan
16.5,13.266,19.415967279095323,0.05150400109484499,nan,1.5,nan,nan
18.0,13.266,18.10364762578187,0.055237486978915465,nan,1.5,nan,nan
19.5,13.266,16.657507135313935,0.06003299244458967,nan,nan,nan,nan
Name:	12.742749857031335_12_80_0.08
Lambda:	12.742749857031335	Maximal Depth:	20	Filter time:	12.0 to 80.0 [us]
Chi2:	0.9924365406672517	RelRMS:	7.969688739386509	AbsRMS:	4.956280428040614e-06	Phi model:	0.02819388865385203
depth_vector,start_model,resistivity_model,conductivity_model,E/I[V/A],modelled_thickness,rhoa,sigma
0.0,13.266,10.423073593230427,0.09594099005973435,0.00011671087298748902,1.0,11.70502553747814,0.0854333890001449
1.0,13.266,10.584802046071484,0.0944750781023011,7.928653894165014e-05,1.0,11.824538196799985,0.08456989891331443
2.0,13.266,10.910708755052857,0.09165307428235495,4.838787441827901e-05,1.0,12.165154326313345,0.08220199869038984
3.0,13.266,11.397702713341191,0.08773697868338715,2.7443876091604273e-05,1.0,12.565302769854277,0.07958423432494792
4.0,13.266,12.0361688031711,0.08308291586410252,1.7590175732618137e-05,1.0,12.687895966165389,0.07881527423196755
5.0,13.266,12.808248140764398,0.07807468976317943,1.2020014341108843e-05,1.0,12.819746470313337,0.0780046627533312
6.0,13.266,13.6860924326077,0.07306687463380397,7.465865256183759e-06,1.5,13.069281966020528,0.07651529767281397
7.5,13.266,14.615353387571911,0.06842119882303666,4.323346494886954e-06,1.5,13.370867876701164,0.07478946088028492
9.0,13.266,15.48330436881305,0.06458569670788303,2.7757337183511986e-06,1.5,13.499853469827292,0.07407487808923553
10.5,13.266,16.17970180264521,0.06180583623837311,1.9124495876843917e-06,1.5,13.594404944683358,0.07355967429755654
12.0,13.266,16.62026216847587,0.06016752262167855,1.2048675693670409e-06,1.5,13.760659354858761,0.07267093634193549
13.5,13.266,16.764651940403123,0.05964931473405549,nan,1.5,nan,nan
15.0,13.266,16.62156759965919,0.06016279716123189,nan,1.5,nan,nan
16.5,13.266,16.239901099863793,0.06157672967653646,nan,1.5,nan,nan
18.0,13.266,15.691340903975696,0.0637294165055474,nan,1.5,nan,nan
19.5,13.266,15.052060315452112,0.06643608775427388,nan,nan,nan,nan
Name:	16.237767391887218_12_80_0.08
Lambda:	16.237767391887218	Maximal Depth:	20	Filter time:	12.0 to 80.0 [us]
Chi2:	0.9002866716396354	RelRMS:	7.590675001930768	AbsRMS:	4.458224815722199e-06	Phi model:	0.02937111394214831
depth_vector,start_model,resistivity_model,conductivity_model,E/I[V/A],modelled_thickness,rhoa,sigma
0.0,13.266,10.31957528943399,0.09690321277309545,0.00011806678552282595,1.0,11.615237232721029,0.08609380763941024
1.0,13.266,10.482962113624238,0.09539288506063993,8.014976428698413e-05,1.0,11.739483660219257,0.08518262207635485
2.0,13.266,10.81252592811855,0.09248532735532654,4.885640430447411e-05,1.0,12.08725409980912,0.08273177611247469
3.0,13.266,11.305899516321443,0.08844939746336665,2.766091830756814e-05,1.0,12.499487163571917,0.08000328228780187
4.0,13.266,11.954561293203668,0.08365007928551203,1.7700994353310906e-05,1.0,12.634884769114302,0.07914595330892751
5.0,13.266,12.742066274326898,0.07848020709285042,1.2076887316461218e-05,1.0,12.779467295944302,0.07825052303372304
6.0,13.266,13.642190700095002,0.07330201006448592,7.48446640061849e-06,1.5,13.047618928876304,0.07664233646392389
7.5,13.266,14.604773390612186,0.06847076454077615,4.321669782689877e-06,1.5,13.374326053585865,0.07477012269578133
9.0,13.266,15.518613335467249,0.06443874709569153,2.768054150155232e-06,1.5,13.52481087337756,0.07393818733306023
10.5,13.266,16.273226247261817,0.061450629691101544,1.9032529122046022e-06,1.5,13.638162611102631,0.07332366012309564
12.0,13.266,16.78189020727348,0.05958804328052316,1.195865916083394e-06,1.5,13.82962684291089,0.07230853090679037
13.5,13.266,16.999932226647914,0.05882376392256843,nan,1.5,nan,nan
15.0,13.266,16.93077883264423,0.05906402829336476,nan,1.5,nan,nan
16.5,13.266,16.618352769842563,0.060174435688638575,nan,1.5,nan,nan
18.0,13.266,16.13065758972784,0.061993752854614545,nan,1.5,nan,nan
19.5,13.266,15.541898275847725,0.06434220468126539,nan,nan,nan,nan
Name:	20.6913808111479_12_80_0.08
Lambda:	20.6913808111479	Maximal Depth:	20	Filter time:	12.0 to 80.0 [us]
Chi2:	0.8265886821010252	RelRMS:	7.273353810620353	AbsRMS:	4.016813031048307e-06	Phi model:	0.03021312978364593
depth_vector,start_model,resistivity_model,conductivity_model,E/I[V/A],modelled_thickness,rhoa,sigma
0.0,13.266,10.242473971046929,0.0976326620723436,0.00011927130451305479,1.0,11.536903616372895,0.08667836997275631
1.0,13.266,10.40574987999339,0.0961007146561008,8.092508505577566e-05,1.0,11.664381595426383,0.0857310772816367
2.0,13.266,10.73534043027339,0.0931502830762614,4.928397067438592e-05,1.0,12.017243439129048,0.08321375905092551
3.0,13.266,11.229532756212143,0.08905090013178002,2.7862341883067834e-05,1.0,12.439173145594701,0.08039119548345118
4.0,13.266,11.880898966298338,0.08416871508095689,1.7804245713603348e-05,1.0,12.585988820624937,0.07945343145079535
5.0,13.266,12.674554508427029,0.07889823656800894,1.2129782643405594e-05,1.0,12.742287934964228,0.07847884187705788
6.0,13.266,13.586279731152432,0.07360366633016298,7.501527863461076e-06,1.5,13.02782776637077,0.07675876730434972
7.5,13.266,14.57145120109231,0.06862734440101873,4.319575183159816e-06,1.5,13.378649255496493,0.07474596133755128
9.0,13.266,15.522583686879356,0.06442226501540858,2.760190945723043e-06,1.5,13.550484923880857,0.07379809694025327
10.5,13.266,16.33116590745453,0.061232615336026905,1.893937304371042e-06,1.5,13.682846895944499,0.07308420591159236
12.0,13.266,16.909595606405688,0.059138019812915,1.1868007742926603e-06,1.5,13.89996073056604,0.07194264929115937
13.5,13.266,17.209239527082943,0.058108320151291734,nan,1.5,nan,nan
15.0,13.266,17.227363167343285,0.05804718866643681,nan,1.5,nan,nan
16.5,13.266,17.001120830026405,0.0588196513628594,nan,1.5,nan,nan
18.0,13.266,16.592716744150398,0.0602674062011298,nan,1.5,nan,nan
19.5,13.266,16.07249668649493,0.062218087177473784,nan,nan,nan,nan
Name:	26.366508987303583_12_80_0.08
Lambda:	26.366508987303583	Maximal Depth:	20	Filter time:	12.0 to 80.0 [us]
Chi2:	0.7689873287092515	RelRMS:	7.015353807000192	AbsRMS:	3.630340421545582e-06	Phi model:	0.030927959716733972
depth_vector,start_model,resistivity_model,conductivity_model,E/I[V/A],modelled_thickness,rhoa,sigma
0.0,13.266,10.186530854939534,0.09816884808384904,0.00012033087722871382,1.0,11.469078415559949,0.08719096371712945
1.0,13.266,10.348404891571274,0.09663325029101781,8.161417572735905e-05,1.0,11.598631823875753,0.08621706552849645
2.0,13.266,10.675365646953287,0.09367360641978541,4.9669512674673624e-05,1.0,11.954976313043527,0.08364717535315781
3.0,13.266,11.16628473660981,0.08955530183834533,2.8046618331986584e-05,1.0,12.384626720201105,0.08074526770910716
4.0,13.266,11.814794804337334,0.08463964178479762,1.7898957434949103e-05,1.0,12.541550686015919,0.07973495662821187
5.0,13.266,12.607629449417468,0.07931705194954035,1.2178168378832428e-05,1.0,12.708514166062896,0.0786874049108292
6.0,13.266,13.522786528866737,0.07394925578876264,7.5168823970416964e-06,1.5,13.010080658666078,0.0768634742732279
7.5,13.266,14.522028260888149,0.06886090441603653,4.317155779526096e-06,1.5,13.383647195766681,0.07471804847906521
9.0,13.266,15.503119536609553,0.06450314710136683,2.752355479852297e-06,1.5,13.576189948778062,0.07365836834729952
10.5,13.266,16.361181910136878,0.061120278809468596,1.8847523991057442e-06,1.5,13.727264329876606,0.07284772668240658
12.0,13.266,17.009058436591822,0.05879220203328164,1.1779153631243437e-06,1.5,13.969774523556968,0.07158311670053935
13.5,13.266,17.394732402088483,0.057488668229235644,nan,1.5,nan,nan
15.0,13.266,17.508971387510247,0.05711357782635561,nan,1.5,nan,nan
16.5,13.266,17.381062656649018,0.057533881544202144,nan,1.5,nan,nan
18.0,13.266,17.06591724608129,0.05859632304437794,nan,1.5,nan,nan
19.5,13.266,16.628530768180095,0.060137604093897026,nan,nan,nan,nan
Name:	33.59818286283781_12_80_0.08
Lambda:	33.59818286283781	Maximal Depth:	20	Filter time:	12.0 to 80.0 [us]
Chi2:	0.7251899924963825	RelRMS:	6.8126470273872615	AbsRMS:	3.2977660286944717e-06	Phi model:	0.031660905612187755
depth_vector,start_model,resistivity_model,conductivity_model,E/I[V/A],modelled_thickness,rhoa,sigma
0.0,13.266,10.147461002385988,0.09854681873277152,0.00012124938205047545,1.0,11.411083623334289,0.08763409620056772
1.0,13.266,10.307058442403852,0.09702089161403611,8.221727916696926e-05,1.0,11.541841207721902,0.08664128902856197
2.0,13.266,10.629583112986465,0.09407706674575708,5.001137180795331e-05,1.0,11.900434209206447,0.08403054732459907
3.0,13.266,11.114425395120994,0.0899731623048169,2.8212058870489467e-05,1.0,12.336162170620286,0.08106248816845102
4.0,13.266,11.75622184191566,0.08506134142812767,1.798412062258864e-05,1.0,12.501925981878607,0.0799876756149003
5.0,13.266,12.54330936976071,0.07972377707678888,1.2221519127495886e-05,1.0,12.678444264626375,0.07887403052991765
6.0,13.266,13.455971256898666,0.07431644887672569,7.5303864973939385e-06,1.5,12.994522184400603,0.07695550369681614
7.5,13.266,14.462735591960731,0.06914321247467602,4.314524305066283e-06,1.5,13.389088528995067,0.07468768302147122
9.0,13.266,15.46752958790413,0.06465156535288072,2.7447688691452895e-06,1.5,13.601195060509857,0.07352295114886132
10.5,13.266,16.37021651971053,0.061086546949208134,1.875950527357214e-06,1.5,13.77016927508801,0.07262074851970973
12.0,13.266,17.085139485569968,0.05853039718198353,1.1694502614531068e-06,1.5,14.037107216258141,0.07123974937241871
13.5,13.266,17.55760686576175,0.05695537026461461,nan,1.5,nan,nan
15.0,13.266,17.77204304601898,0.05626815090480015,nan,1.5,nan,nan
16.5,13.266,17.749440179297537,0.05633980508108491,nan,1.5,nan,nan
18.0,13.266,17.536556248334495,0.05702373863140737,nan,1.5,nan,nan
19.5,13.266,17.1919920820497,0.05816661590044054,nan,nan,nan,nan
Name:	42.81332398719393_12_80_0.08
Lambda:	42.81332398719393	Maximal Depth:	20	Filter time:	12.0 to 80.0 [us]
Chi2:	0.6978284490889817	RelRMS:	6.682890148857366	AbsRMS:	3.1584624207080615e-06	Phi model:	0.03157298456917409
depth_vector,start_model,resistivity_model,conductivity_model,E/I[V/A],modelled_thickness,rhoa,sigma
0.0,13.266,10.160492396031513,0.0984204269854658,0.00012162956538375366,1.0,11.387292439483701,0.0878171879148947
1.0,13.266,10.31565207371617,0.09694006669224103,8.248651119210045e-05,1.0,11.516712847436379,0.08683033199204929
2.0,13.266,10.629239711933685,0.094080106113072,5.017874596451856e-05,1.0,11.873956410644846,0.08421792748906448
3.0,13.266,11.100907156388205,0.09008272800701095,2.82994733994807e-05,1.0,12.31074554387687,0.08122984886950092
4.0,13.266,11.725995300027893,0.08528060726730986,1.8029074842893476e-05,1.0,12.481135558406953,0.08012091490556941
5.0,13.266,12.49417279980978,0.08003731147493211,1.224336933307314e-05,1.0,12.663355331124752,0.07896801233573066
6.0,13.266,13.387866032013687,0.07469450303795643,7.53563566157421e-06,1.5,12.988487011002206,0.07699126150358593
7.5,13.266,14.382406875298626,0.06952939161507601,4.310608349411985e-06,1.5,13.397196145896846,0.07464248407725743
9.0,13.266,15.389477023497072,0.06497946606458249,2.7379892260709834e-06,1.5,13.623638108418767,0.07340183231834727
10.5,13.266,16.315931161110434,0.06128979033593457,1.8686062914861114e-06,1.5,13.806226537115748,0.07243108732944994
12.0,13.266,17.080101062570243,0.0585476629404392,1.162640614212542e-06,1.5,14.0918645671336,0.07096293008182154
13.5,13.266,17.626743113017135,0.05673197785820752,nan,1.5,nan,nan
15.0,13.266,17.935161595287315,0.05575639754830881,nan,1.5,nan,nan
16.5,13.266,18.01813809158787,0.05549963014585121,nan,1.5,nan,nan
18.0,13.266,17.913347454904734,0.055824295404162255,nan,1.5,nan,nan
19.5,13.266,17.671432123897677,0.05658850923845986,nan,nan,nan,nan
Name:	54.5559478116852_12_80_0.08
Lambda:	54.5559478116852	Maximal Depth:	20	Filter time:	12.0 to 80.0 [us]
Chi2:	0.6763278002902664	RelRMS:	6.579132102228763	AbsRMS:	3.0643204223138314e-06	Phi model:	0.03160902994908875
depth_vector,start_model,resistivity_model,conductivity_model,E/I[V/A],modelled_thickness,rhoa,sigma
0.0,13.266,10.181699459525536,0.09821543092832556,0.0001218853675668369,1.0,11.371354436082466,0.0879402718137866
1.0,13.266,10.332356793879537,0.09678333994354113,8.267568925833663e-05,1.0,11.499137820510851,0.08696304154354198
2.0,13.266,10.636867123227269,0.09401264379963373,5.030189883416949e-05,1.0,11.854568021997236,0.0843556676333046
3.0,13.266,11.095109036539842,0.09012980374565686,2.8365886274384974e-05,1.0,12.291522656086096,0.0813568853900175
4.0,13.266,11.703058698430821,0.0854477471034203,1.8063080491748113e-05,1.0,12.465465938933724,0.08022163029435371
5.0,13.266,12.451599330027767,0.08031096837403376,1.2259449343959259e-05,1.0,12.652279715023543,0.07903713975060021
6.0,13.266,13.325123185563843,0.07504621053585298,7.538836027753407e-06,1.5,12.984810859405274,0.0770130586288572
7.5,13.266,14.3052359736663,0.06990447426668414,4.3066702887803355e-06,1.5,13.405361918197944,0.07459701618667137
9.0,13.266,15.310969929198528,0.06531264868419386,2.731828353911641e-06,1.5,13.644113278736572,0.07329168115002624
10.5,13.266,16.25596290209453,0.061515888417237534,1.8620675570939767e-06,1.5,13.838528442940886,0.07226201861875753
12.0,13.266,17.062711436390277,0.0586073323532427,1.15665074650482e-06,1.5,14.140473719382843,0.07071898861699838
13.5,13.266,17.676032517251393,0.05657378141978543,nan,1.5,nan,nan
15.0,13.266,18.071009180228184,0.055337252614210276,nan,1.5,nan,nan
16.5,13.266,18.253113378358066,0.054785174412254355,nan,1.5,nan,nan
18.0,13.266,18.251571246726115,0.05478980338086648,nan,1.5,nan,nan
19.5,13.266,18.109301011246558,0.05522024286740622,nan,nan,nan,nan
Name:	69.51927961775606_12_80_0.08
Lambda:	69.51927961775606	Maximal Depth:	20	Filter time:	12.0 to 80.0 [us]
Chi2:	0.6595797486993841	RelRMS:	6.497161219852912	AbsRMS:	3.0225054918542823e-06	Phi model:	0.031648689088145165
depth_vector,start_model,resistivity_model,conductivity_model,E/I[V/A],modelled_thickness,rhoa,sigma
0.0,13.266,10.211945421344673,0.09792453433112097,0.00012199462534622302,1.0,11.364564003286283,0.08799281694492025
1.0,13.266,10.358102639790499,0.09654277764718364,8.277014469559419e-05,1.0,11.49038778322304,0.08702926470941968
2.0,13.266,10.65352621712677,0.09386563468463474,5.0372401009700914e-05,1.0,11.843504186765232,0.08443447008846171
3.0,13.266,11.09827412146789,0.09010409988573405,2.8407117209879254e-05,1.0,12.279626255888992,0.08143570326665486
4.0,13.266,11.688864570960014,0.08555150878250524,1.808391070476805e-05,1.0,12.455891749323785,0.08028329244706937
5.0,13.266,12.41723998398515,0.08053319427583965,1.2268553959301743e-05,1.0,12.64601935253477,0.0790762667779375
6.0,13.266,13.269528310414717,0.07536062899953576,7.539516178029513e-06,1.5,12.98402992905789,0.07701769061406956
7.5,13.266,14.23290592032653,0.07025972107156724,4.302646994502143e-06,1.5,13.413717288605177,0.07455054989488188
9.0,13.266,15.23318647664632,0.0656461470837424,2.726360944711407e-06,1.5,13.662348340348249,0.07319385914402109
10.5,13.266,16.190424347680967,0.061764903656971466,1.8564536241267376e-06,1.5,13.866412959744677,0.07211670407502511
12.0,13.266,17.031344333647098,0.05871527111482336,1.15160937233336e-06,1.5,14.181711954854373,0.0705133486833867
13.5,13.266,17.70140701630972,0.05649268439952938,nan,1.5,nan,nan
15.0,13.266,18.1724505598783,0.05502835166368982,nan,1.5,nan,nan
16.5,13.266,18.44371914434746,0.054218999550666815,nan,1.5,nan,nan
18.0,13.266,18.53687390399544,0.05394652869621452,nan,1.5,nan,nan
19.5,13.266,18.487608089525747,0.05409028551219427,nan,nan,nan,nan
Name:	88.58667904100822_12_80_0.08
Lambda:	88.58667904100822	Maximal Depth:	20	Filter time:	12.0 to 80.0 [us]
Chi2:	0.6510029022442914	RelRMS:	6.454780069346641	AbsRMS:	3.1598332589145495e-06	Phi model:	0.03078341761463482
depth_vector,start_model,resistivity_model,conductivity_model,E/I[V/A],modelled_thickness,rhoa,sigma
0.0,13.266,10.285195069280277,0.0972271301870385,0.00012159364984762006,1.0,11.389534665030597,0.08779989959294035
1.0,13.266,10.4255663207586,0.09591805080256173,8.254321091655284e-05,1.0,11.511438283010033,0.08687011782671157
2.0,13.266,10.709170969581077,0.09337790972246642,5.0270923668757845e-05,1.0,11.8594370991218,0.08432103409647079
3.0,13.266,11.136083618496563,0.0897981762941365,2.836939917766792e-05,1.0,12.290507951916279,0.08136360221337188
4.0,13.266,11.703095731075848,0.08544747671717726,1.806384611590958e-05,1.0,12.465113709430096,0.08022389713488783
5.0,13.266,12.402817283983637,0.08062684284572577,1.2255886861845144e-05,1.0,12.65473139871112,0.07902182736978912
6.0,13.266,13.22277722272154,0.07562707766728735,7.532005919831729e-06,1.5,12.992659522123374,0.07696653624281007
7.5,13.266,14.154792274482707,0.0706474514502577,4.297671764257462e-06,1.5,13.424067615624137,0.0744930693611905
9.0,13.266,15.131494475751852,0.06608732545238642,2.7221658597072038e-06,1.5,13.676381284345782,0.0731187570168592
10.5,13.266,16.07992827356487,0.06218933212805327,1.852788068591312e-06,1.5,13.88469580696387,0.07202174350110356
12.0,13.266,16.932234599738294,0.05905895019996097,1.1486644574411526e-06,1.5,14.20594073592561,0.07039308544143687
13.5,13.266,17.636078360198404,0.05670194810751284,nan,1.5,nan,nan
15.0,13.266,18.1617559000787,0.05506075544136494,nan,1.5,nan,nan
16.5,13.266,18.50378992791629,0.05404298275626878,nan,1.5,nan,nan
18.0,13.266,18.677168945672882,0.05354130505050015,nan,1.5,nan,nan
19.5,13.266,18.710612719387935,0.05344560410701035,nan,nan,nan,nan
Name:	112.88378916846884_12_80_0.08
Lambda:	112.88378916846884	Maximal Depth:	20	Filter time:	12.0 to 80.0 [us]
Chi2:	0.6422577282148899	RelRMS:	6.411278702860527	AbsRMS:	3.2468997533192146e-06	Phi model:	0.030409112994739796
depth_vector,start_model,resistivity_model,conductivity_model,E/I[V/A],modelled_thickness,rhoa,sigma
0.0,13.266,10.3387657189222,0.09672334466093777,0.00012133859519287981,1.0,11.405489671326645,0.08767707733881834
1.0,13.266,10.474592729836791,0.09546910565329268,8.240227134100598e-05,1.0,11.524560535244623,0.08677120458882416
2.0,13.266,10.749025641425405,0.09303168802073787,5.0210650694906914e-05,1.0,11.868925930673072,0.08425362209192684
3.0,13.266,11.162155852904318,0.08958842836259151,2.8348101336282607e-05,1.0,12.29666306191813,0.08132287556100705
4.0,13.266,11.711073179121215,0.08538927088106872,1.8051928054012708e-05,1.0,12.470599500358494,0.08018860680845799
5.0,13.266,12.389123033798782,0.08071596329069448,1.2247592319094575e-05,1.0,12.66044426938069,0.07898616973643666
6.0,13.266,13.1849924224107,0.07584380543899952,7.526293624472589e-06,1.5,12.999232790654494,0.07692761689127742
7.5,13.266,14.094346831213352,0.07095043225312145,4.293265159038529e-06,1.5,13.433251682523847,0.07444213982091634
9.0,13.266,15.055253653005266,0.06642199613823074,2.718241544273008e-06,1.5,13.689541147096483,0.07304846738505165
10.5,13.266,16.000179153164535,0.06249930019078685,1.849297798915374e-06,1.5,13.902160490633138,0.07193126569598807
12.0,13.266,16.865324448898704,0.059293255995754024,1.1458230588059617e-06,1.5,14.229416190825187,0.07027695209623414
13.5,13.266,17.60001788727827,0.05681812407263659,nan,1.5,nan,nan
15.0,13.266,18.173278151144334,0.05502584573257258,nan,1.5,nan,nan
16.5,13.266,18.575765406591763,0.05383358252603372,nan,1.5,nan,nan
18.0,13.266,18.817176047487706,0.05314293693572106,nan,1.5,nan,nan
19.5,13.266,18.920645319369957,0.05285231994578181,nan,nan,nan,nan
Name:	143.8449888287663_12_80_0.08
Lambda:	143.8449888287663	Maximal Depth:	20	Filter time:	12.0 to 80.0 [us]
Chi2:	0.6447519054533299	RelRMS:	6.423715587493979	AbsRMS:	3.5209869888545653e-06	Phi model:	0.028940262465279473
depth_vector,start_model,resistivity_model,conductivity_model,E/I[V/A],modelled_thickness,rhoa,sigma
0.0,13.266,10.437892336529211,0.09580478201526632,0.00012055706334144376,1.0,11.454728596217231,0.08730019149735564
1.0,13.266,10.567831741712219,0.09462679047518391,8.192940632595909e-05,1.0,11.568861541912993,0.08643892887619804
2.0,13.266,10.830249691046786,0.09233397461063948,4.9972583765104495e-05,1.0,11.906591383453282,0.08398709318182454
3.0,13.266,11.225099035833756,0.08908607370034878,2.8245208911697144e-05,1.0,12.326508042012284,0.08112597635856907
4.0,13.266,11.749509355118844,0.08510993691530919,1.7997881166302597e-05,1.0,12.495552815815037,0.0800284721084406
5.0,13.266,12.39718036584606,0.08066350335234103,1.2216996037467883e-05,1.0,12.681573359357332,0.07885456888219092
6.0,13.266,13.157627791037902,0.07600154191024718,7.512328299608044e-06,1.5,13.015338078015906,0.0768324260196584
7.5,13.266,14.029343610389684,0.07127917226714954,4.288065445478943e-06,1.5,13.444108940947022,0.07438202147814184
9.0,13.266,14.955761636418975,0.06686386319269001,2.715794513887381e-06,1.5,13.697763098204655,0.07300462074213186
10.5,13.266,15.875159929349758,0.06299149138971602,1.847955899621044e-06,1.5,13.908889742962273,0.07189646466972589
12.0,13.266,16.72874309614,0.05977735411758105,1.1452492756537093e-06,1.5,14.234168528936024,0.07025348884742676
13.5,13.266,17.46882176658822,0.057244845322805465,nan,1.5,nan,nan
15.0,13.266,18.064693929513187,0.055356598008353214,nan,1.5,nan,nan
16.5,13.266,18.504691000326048,0.054040351172704275,nan,1.5,nan,nan
18.0,13.266,18.79433090658485,0.0532075339617244,nan,1.5,nan,nan
19.5,13.266,18.95178368848943,0.052765481942861174,nan,nan,nan,nan
Name:	183.29807108324357_12_80_0.08
Lambda:	183.29807108324357	Maximal Depth:	20	Filter time:	12.0 to 80.0 [us]
Chi2:	0.6656255705650854	RelRMS:	6.526870346204639	AbsRMS:	3.966278280390722e-06	Phi model:	0.02647279183354668
depth_vector,start_model,resistivity_model,conductivity_model,E/I[V/A],modelled_thickness,rhoa,sigma
0.0,13.266,10.58009243297492,0.09451713265597804,0.0001193042183642734,1.0,11.534781638366784,0.08669431562309059
1.0,13.266,10.702857549838578,0.09343299164203883,8.115929539235619e-05,1.0,11.641929992637563,0.0858964107010098
2.0,13.266,10.950598250355492,0.0913192117122493,4.95753792882177e-05,1.0,11.970104878651783,0.08354145683246779
3.0,13.266,11.322980196357427,0.08831597182530597,2.806959621010559e-05,1.0,12.377867062748837,0.08078936337985869
4.0,13.266,11.816965396879333,0.0846240948005216,1.790666177584108e-05,1.0,12.537953093376672,0.07975783547381927
5.0,13.266,12.426348334151053,0.08047416450186919,1.2167057578814194e-05,1.0,12.716249823136753,0.07863953712049102
6.0,13.266,13.14117595529193,0.0760966905398829,7.491590266620488e-06,1.5,13.039346165863083,0.07669096189945421
7.5,13.266,13.961757732183502,0.07162421947022342,4.282696007792895e-06,1.5,13.455343644400234,0.07431991530117286
9.0,13.266,14.83674471813587,0.06740022956502299,2.715125422830219e-06,1.5,13.70001337470652,0.07299262947043815
10.5,13.266,15.710391402018239,0.0636521379010032,1.8489176238219592e-06,1.5,13.904066136756631,0.07192140703045215
12.0,13.266,16.529497757574063,0.06049790590532523,1.1469987347120098e-06,1.5,14.219691076358318,0.07032501582700355
13.5,13.266,17.250382932614297,0.05796972762322616,nan,1.5,nan,nan
15.0,13.266,17.843954571238367,0.056041389032218336,nan,1.5,nan,nan
16.5,13.266,18.297616508099203,0.0546519269084781,nan,1.5,nan,nan
18.0,13.266,18.613928547022336,0.05372321041599623,nan,1.5,nan,nan
19.5,13.266,18.806951617847336,0.053171828179268806,nan,nan,nan,nan
Name:	233.57214690901213_12_80_0.08
Lambda:	233.57214690901213	Maximal Depth:	20	Filter time:	12.0 to 80.0 [us]
Chi2:	0.6949270429789072	RelRMS:	6.668982737318344	AbsRMS:	4.388062482759234e-06	Phi model:	0.02423269343383724
depth_vector,start_model,resistivity_model,conductivity_model,E/I[V/A],modelled_thickness,rhoa,sigma
0.0,13.266,10.713124880365816,0.093343446582306,0.00011812864791264758,1.0,11.611181715980736,0.08612387821161019
1.0,13.266,10.829450265900428,0.09234079066310331,8.043373740812471e-05,1.0,11.711836368396256,0.08538370658067293
2.0,13.266,11.064034698728717,0.09038294141601909,4.919875416130986e-05,1.0,12.031116042185495,0.08311780856353095
3.0,13.266,11.416309575302705,0.0875939806470678,2.790188820001599e-05,1.0,12.427416718767963,0.08046724614052683
4.0,13.266,11.883105143276866,0.08415308860292063,1.7819494734007535e-05,1.0,12.578807495274898,0.07949879194634626
5.0,13.266,12.458297686016131,0.08026778820050626,1.211948231017654e-05,1.0,12.749506682651196,0.07843440729834222
6.0,13.266,13.13236504551254,0.07614774616257793,7.47205182635853e-06,1.5,13.06206706322105,0.07655756130786578
7.5,13.266,13.90688070916801,0.07190685106982742,4.277964768107104e-06,1.5,13.465262493007955,0.07426516939564047
9.0,13.266,14.734759863932366,0.06786673208348597,2.7149434309247226e-06,1.5,13.70062560690657,0.07298936768959614
10.5,13.266,15.565152373027846,0.06424607842149076,1.850290504913804e-06,1.5,13.897187580553368,0.07195700527201068
12.0,13.266,16.34950714097044,0.06116392325332469,1.1490697236213714e-06,1.5,14.202600337635943,0.07040964163091083
13.5,13.266,17.047607685955608,0.058659256971512405,nan,1.5,nan,nan
15.0,13.266,17.63198539035752,0.056715110514263145,nan,1.5,nan,nan
16.5,13.266,18.08967037219166,0.055280167047004336,nan,1.5,nan,nan
18.0,13.266,18.421188500963748,0.05428531388990904,nan,1.5,nan,nan
19.5,13.266,18.63754955126334,0.053655122270739465,nan,nan,nan,nan
Name:	297.63514416313194_12_80_0.08
Lambda:	297.63514416313194	Maximal Depth:	20	Filter time:	12.0 to 80.0 [us]
Chi2:	0.7130302363982302	RelRMS:	6.75528941863239	AbsRMS:	4.655461577513438e-06	Phi model:	0.02298696845288071
depth_vector,start_model,resistivity_model,conductivity_model,E/I[V/A],modelled_thickness,rhoa,sigma
0.0,13.266,10.799133941450126,0.09260001824421471,0.00011738771253675545,1.0,11.659989267722581,0.08576337225011178
1.0,13.266,10.911232271016106,0.09164867680952367,7.997493924597478e-05,1.0,11.75658575675409,0.08505870842863592
2.0,13.266,11.137211485256904,0.08978908242191226,4.895885367491198e-05,1.0,12.070386005308412,0.08284739191938119
3.0,13.266,11.476415949404355,0.0871352175111692,2.7793281113781666e-05,1.0,12.459770533634599,0.08025829988606487
4.0,13.266,11.925687498328664,0.08385260808990223,1.7761754409817018e-05,1.0,12.606053733038946,0.07932696632722742
5.0,13.266,12.479076998654993,0.08013413172366682,1.2086943533606825e-05,1.0,12.77237805265524,0.07829395558739437
6.0,13.266,13.127476278306867,0.07617610413453943,7.457585516093883e-06,1.5,13.078953572126009,0.07645871624861561
7.5,13.266,13.873565153796088,0.07207952598444962,4.273311662550112e-06,1.5,13.475035385406343,0.0742113079037265
9.0,13.266,14.673162947277195,0.06815163190057558,2.71352667086838e-06,1.5,13.705394016626391,0.07296397307416864
10.5,13.266,15.478620100844632,0.0646052421653163,1.8501231400092015e-06,1.5,13.898025674824806,0.07195266604028673
12.0,13.266,16.244305048834182,0.06156003577830914,1.149614621387514e-06,1.5,14.198112122461612,0.07043189907043951
13.5,13.266,16.93205578374131,0.059059573909520865,nan,1.5,nan,nan
15.0,13.266,17.5152112201126,0.05709323098837122,nan,1.5,nan,nan
16.5,13.266,17.980305203352206,0.055616408547590306,nan,1.5,nan,nan
18.0,13.266,18.326315811721408,0.05456634111698575,nan,1.5,nan,nan
19.5,13.266,18.5620893983935,0.05387324554565217,nan,nan,nan,nan
Name:	379.26901907322497_12_80_0.08
Lambda:	379.26901907322497	Maximal Depth:	20	Filter time:	12.0 to 80.0 [us]
Chi2:	0.8172084580998085	RelRMS:	7.23196662868322	AbsRMS:	5.439292928773591e-06	Phi model:	0.018773933187610597
depth_vector,start_model,resistivity_model,conductivity_model,E/I[V/A],modelled_thickness,rhoa,sigma
0.0,13.266,11.037809197929281,0.09059768855105797,0.00011523077002159847,1.0,11.805043758311356,0.08470955470164596
1.0,13.266,11.13972714039637,0.08976880559072817,7.863528910668006e-05,1.0,11.889734862963643,0.08410616481575094
2.0,13.266,11.344894511680163,0.08814537666881324,4.8258094057380236e-05,1.0,12.186955039765328,0.08205495111264938
3.0,13.266,11.652187165876802,0.08582079791238507,2.7481066131155358e-05,1.0,12.553963821833602,0.07965611612332514
4.0,13.266,12.058032437421781,0.08293226985329105,1.7602751938738727e-05,1.0,12.681852039941031,0.07885283607240776
5.0,13.266,12.556257568042174,0.07964156474021139,1.2003543765236699e-05,1.0,12.8314708051032,0.07793338855607188
6.0,13.266,13.1378950184296,0.07611569422629867,7.427251188408324e-06,1.5,13.11454068963108,0.07625124079188249
7.5,13.266,13.805347305802513,0.0724357003014108,4.27049209475513e-06,1.5,13.480965942561578,0.0741786608067037
9.0,13.266,14.51925345398935,0.06887406457700739,2.7186469887840636e-06,1.5,13.688180056498293,0.07305573099363655
10.5,13.266,15.237917044834765,0.06562576742330885,1.857472232864047e-06,1.5,13.861343080224678,0.07214308124489413
12.0,13.266,15.921938566339204,0.06280642246127706,1.1573320568678923e-06,1.5,14.134923599910671,0.07074675663661315
13.5,13.266,16.53862921226065,0.06046450326479694,nan,1.5,nan,nan
15.0,13.266,17.06516392969444,0.058598909692273056,nan,1.5,nan,nan
16.5,13.266,17.48982463920901,0.057176102141023276,nan,1.5,nan,nan
18.0,13.266,17.811304998266948,0.056144117463448114,nan,1.5,nan,nan
19.5,13.266,18.036585756556345,0.05544286560090772,nan,nan,nan,nan
Name:	483.2930238571752_12_80_0.08
Lambda:	483.2930238571752	Maximal Depth:	20	Filter time:	12.0 to 80.0 [us]
Chi2:	0.9542807999688073	RelRMS:	7.8149837618515665	AbsRMS:	6.207025992670244e-06	Phi model:	0.014914074346224975
depth_vector,start_model,resistivity_model,conductivity_model,E/I[V/A],modelled_thickness,rhoa,sigma
0.0,13.266,11.28054320318412,0.08864821329860546,0.00011313011235752892,1.0,11.950729918251302,0.08367689729752721
1.0,13.266,11.372172985224513,0.08793394202667044,7.733066988928267e-05,1.0,12.023086743304258,0.08317331658252462
2.0,13.266,11.556369868975766,0.08653236365206693,4.757636485073017e-05,1.0,12.303097959896714,0.08128034120020898
3.0,13.266,11.831644254420702,0.08451910643158209,2.717879925737507e-05,1.0,12.646870754161675,0.07907094327432203
4.0,13.266,12.194145066201823,0.08200656910107397,1.7450387370832413e-05,1.0,12.755564401644332,0.07839715817444261
5.0,13.266,12.637620936713015,0.07912881744181316,1.192503473681026e-05,1.0,12.887726918834053,0.07759320214479448
6.0,13.266,13.153366515981135,0.07602616400789984,7.400338763171605e-06,1.5,13.146316759161163,0.07606693329545239
7.5,13.266,13.74332299160739,0.07276260629330099,4.2700413963262165e-06,1.5,13.481914527165857,0.07417344161209559
9.0,13.266,14.372645249235816,0.06957661464949672,2.7255691212446336e-06,1.5,13.664994306212916,0.07317968654735119
10.5,13.266,15.00510018911824,0.06664400686409305,1.866251749966662e-06,1.5,13.817836439871588,0.0723702299091111
12.0,13.266,15.60696414513065,0.0640739602334512,1.1661091637875793e-06,1.5,14.063906867802359,0.071103997587568
13.5,13.266,16.150565397682747,0.06191733697096933,nan,1.5,nan,nan
15.0,13.266,16.616702136774023,0.0601804131631465,nan,1.5,nan,nan
16.5,13.266,16.995497398919106,0.05883911347387802,nan,1.5,nan,nan
18.0,13.266,17.28572558833121,0.05785120184223296,nan,1.5,nan,nan
19.5,13.266,17.49303641763632,0.05716560442255807,nan,nan,nan,nan
Name:	615.8482110660261_12_80_0.08
Lambda:	615.8482110660261	Maximal Depth:	20	Filter time:	12.0 to 80.0 [us]
Chi2:	1.1122262869832473	RelRMS:	8.436971160726333	AbsRMS:	7.248298450121065e-06	Phi model:	0.01143651237601218
depth_vector,start_model,resistivity_model,conductivity_model,E/I[V/A],modelled_thickness,rhoa,sigma
0.0,13.266,11.510875305156215,0.08687436650035267,0.00011034183663934134,1.0,12.151216857170814,0.0822962845412366
1.0,13.266,11.602749277996509,0.08618646977888277,7.55247831586375e-05,1.0,12.21398842185968,0.08187333780424051
2.0,13.266,11.786252469782625,0.08484461049547186,4.65619048646794e-05,1.0,12.481156434716496,0.08012078089322615
3.0,13.266,12.05717188606126,0.08293818894263702,2.6674901299466744e-05,1.0,12.80564260354287,0.07809057545642695
4.0,13.266,12.407857730422798,0.08059408978780457,1.7167470901455975e-05,1.0,12.895321707247865,0.07754750309470342
5.0,13.266,12.82785129953687,0.07795537823517672,1.1757643054142266e-05,1.0,13.009758834926105,0.07686537565288235
6.0,13.266,13.304610544593896,0.07516191448432387,7.318724950580111e-06,1.5,13.243868975677628,0.07550663645468711
7.5,13.266,13.830566365685751,0.07230361892344803,4.238885982473182e-06,1.5,13.547894404291041,0.07381220801981368
9.0,13.266,14.372372403789075,0.06957793549354203,2.713789520654302e-06,1.5,13.704509025850628,0.07296868484042103
10.5,13.266,14.900399503124957,0.06711229452541034,1.8628684323420214e-06,1.5,13.834561897235059,0.07228273706302601
12.0,13.266,15.39113183736373,0.06497247964391974,1.167799002788087e-06,1.5,14.050336339782897,0.07117267343761337
13.5,13.266,15.828208707084851,0.06317834307759607,nan,1.5,nan,nan
15.0,13.266,16.20230697833574,0.06171960581521567,nan,1.5,nan,nan
16.5,13.266,16.510227688821953,0.06056851660967933,nan,1.5,nan,nan
18.0,13.266,16.753571567945777,0.05968876522503876,nan,1.5,nan,nan
19.5,13.266,16.937316795964197,0.05904122902384862,nan,nan,nan,nan
Name:	784.7599703514607_12_80_0.08
Lambda:	784.7599703514607	Maximal Depth:	20	Filter time:	12.0 to 80.0 [us]
Chi2:	1.3009548787854759	RelRMS:	9.12475272225338	AbsRMS:	7.80841559733747e-06	Phi model:	0.008583350370940365
depth_vector,start_model,resistivity_model,conductivity_model,E/I[V/A],modelled_thickness,rhoa,sigma
0.0,13.266,11.74229243815829,0.0851622462365487,0.00010880131944939778,1.0,12.265647210132101,0.08152851479161612
1.0,13.266,11.821392395839231,0.0845924038823015,7.459638303810384e-05,1.0,12.315120012638705,0.08120099511606257
2.0,13.266,11.979272423123492,0.0834775238995073,4.610530820933965e-05,1.0,12.563424462464399,0.07959613264581554
3.0,13.266,12.212172933739843,0.0818855092722439,2.6496463988304628e-05,1.0,12.863070326703067,0.07774193676948589
4.0,13.266,12.513368258431756,0.07991453454797673,1.7092225746077774e-05,1.0,12.933140068096346,0.07732074304729863
5.0,13.266,12.873731502177948,0.07767755602412729,1.1730437185195097e-05,1.0,13.02986636178867,0.07674675796619032
6.0,13.266,13.282378515120877,0.07528772040802659,7.322575414124999e-06,1.5,13.239225845630834,0.07553311739371957
7.5,13.266,13.733682848037187,0.07281368086513805,4.255522138132779e-06,1.5,13.512562745256396,0.07400520677330814
9.0,13.266,14.199146822439227,0.07042676665753451,2.7313471409210064e-06,1.5,13.645715792426342,0.07328307398539115
10.5,13.266,14.653388045298934,0.06824360324783849,1.8788042221747124e-06,1.5,13.756222171702444,0.07269437695307605
12.0,13.266,15.076175898165502,0.06632981777041232,1.1809630670630156e-06,1.5,13.945729701411022,0.07170653823147172
13.5,13.266,15.45334152011712,0.06471092343996945,nan,1.5,nan,nan
15.0,13.266,15.776715121774421,0.06338455073070554,nan,1.5,nan,nan
16.5,13.266,16.043382294840214,0.06233099614671743,nan,1.5,nan,nan
18.0,13.266,16.254575458226356,0.06152113923676212,nan,1.5,nan,nan
19.5,13.266,16.414465444433162,0.06092187426908515,nan,nan,nan,nan
Name:	1000.0_12_80_0.08
Lambda:	1000.0	Maximal Depth:	20	Filter time:	12.0 to 80.0 [us]
Chi2:	1.4962905711803958	RelRMS:	9.785836528143381	AbsRMS:	8.331879545965554e-06	Phi model:	0.006266466954294164
depth_vector,start_model,resistivity_model,conductivity_model,E/I[V/A],modelled_thickness,rhoa,sigma
0.0,13.266,11.962834226236298,0.08359223082828059,0.00010736404661324551,1.0,12.37487049398778,0.08080892648418754
1.0,13.266,12.030162390188403,0.08312439745747598,7.372786476775031e-05,1.0,12.411646305511555,0.08056948896102017
2.0,13.266,12.164436464949558,0.08220684968690382,4.567617118043747e-05,1.0,12.64199239406803,0.07910145559565654
3.0,13.266,12.362298531855638,0.08089110592364052,2.63275843792197e-05,1.0,12.918018892044751,0.07741125077745674
4.0,13.266,12.617851977470236,0.07925279213811881,1.7020668329928054e-05,1.0,12.969363276782623,0.07710478754112554
5.0,13.266,12.92318504733209,0.07738030495867917,1.1704376405488718e-05,1.0,13.049200587817753,0.07663304684990149
6.0,13.266,13.268951168632245,0.07536390685979737,7.3260109664506385e-06,1.5,13.235086475281264,0.07555674093007757
7.5,13.266,13.651018327488064,0.07325460826511182,4.271221490131736e-06,1.5,13.479431138191368,0.0741871069890103
9.0,13.266,14.045430053478983,0.07119753515502397,2.7480407654330064e-06,1.5,13.59039693463613,0.07358136813880882
10.5,13.266,14.430811961705524,0.06929617007370482,1.8940220420946893e-06,1.5,13.682438783149273,0.0730863858299559
12.0,13.266,14.790034856202556,0.06761309285086817,1.193579118155216e-06,1.5,13.847285480680561,0.07221632004302783
13.5,13.266,15.110987625616566,0.06617701137579997,nan,1.5,nan,nan
15.0,13.266,15.386574106818708,0.0649917254521811,nan,1.5,nan,nan
16.5,13.266,15.614145106030879,0.0640444925552636,nan,1.5,nan,nan
18.0,13.266,15.79460460816581,0.06331275931294918,nan,1.5,nan,nan
19.5,13.266,15.931404226642076,0.06276910596039617,nan,nan,nan,nan
