Name:	26.7_5_110_1
Lambda:	26.7	Maximal Depth:	30	Filter time:	5.0 to 110.0 [us]
Chi2:	2.3592614249054873	RelRMS:	16.747209206541743	AbsRMS:	2.0354375053489993e-05	Phi model:	0.891312632329977
depth_vector,start_model,resistivity_model,conductivity_model,E/I[V/A],modelled_thickness,rhoa,sigma
0.0,18.4121,7.450041921118838,0.13422743262226117,0.0011896627670256099,1.0,11.277779738193113,0.0886699353254275
1.0,18.4121,9.430249789471688,0.10604172978709858,0.0006920652481394987,1.0,11.988741809289081,0.08341158863102573
2.0,18.4121,13.227046542628216,0.07560266736623275,0.000434686103221369,1.0,12.64775720640291,0.07906540137359305
3.0,18.4121,18.15044149555241,0.05509507855470294,0.00025471826038646485,1.0,13.266206168352104,0.07537950091455706
4.0,18.4121,23.111127261476536,0.04326920053211249,0.0001389451667883669,1.0,13.960786065332979,0.07162920449609719
5.0,18.4121,27.000576852906647,0.037036245760517846,8.463754190583041e-05,1.0,14.501220268326216,0.06895971383761511
6.0,18.4121,29.072675927137958,0.0343965585591847,5.624122670233446e-05,1.5,14.866679270813538,0.0672645169633284
7.5,18.4121,28.193273267980317,0.03546945367055768,3.4273816068781556e-05,1.5,15.30971166360203,0.06531801656183005
9.0,18.4121,25.29208708368809,0.03953805776056105,1.9407798857756156e-05,1.5,15.830175727163002,0.06317049268657832
10.5,18.4121,21.729804690121004,0.04601974174460154,1.2103310520138154e-05,1.5,16.279220691156773,0.061428001927833174
12.0,18.4121,18.668312995276974,0.05356670419298182,8.069695732283042e-06,1.5,16.720322648935138,0.05980745832459679
13.5,18.4121,16.82799658820999,0.05942478029147086,4.8883313455727035e-06,1.5,17.3326407478018,0.057694612987742463
15.0,18.4121,16.569532655107764,0.06035173235207316,2.7278313599551778e-06,1.5,18.175845167299247,0.055018074306615046
16.5,18.4121,18.10143976646995,0.05524422437668972,1.6615026999462733e-06,2.0,19.00699911095287,0.05261219796783941
18.5,18.4121,22.24327772200917,0.04495740297350713,1.0881970985037801e-06,2.0,19.797719067776647,0.05051086928633256
20.5,18.4121,29.263106460887318,0.03417272193355776,6.425859834052574e-07,2.0,20.923995688785737,0.047792019023209426
22.5,18.4121,39.48963526941572,0.025323100433254413,3.4791614895248877e-07,2.0,22.391790448676527,0.044659224651644826
24.5,18.4121,53.30189011468001,0.01876106077755369,2.0805305480431843e-07,2.0,23.780327604489862,0.04205156533719049
26.5,18.4121,71.13161947805511,0.014058445559622202,nan,2.0,nan,nan
28.5,18.4121,93.48872722590005,0.01069647678038942,nan,nan,nan,nan
