Name:	10.0_8_150_1
Lambda:	10	Maximal Depth:	30	Filter time:	8 to 150 [us]
Chi2:	0.5017291016481882	RelRMS:	9.578241982717977	AbsRMS:	2.4492822807701106e-07	Phi model:	0.225220547136191
depth_vector,start_model,resistivity_model,conductivity_model,E/I[V/A],modelled_thickness,rhoa,sigma
0.0,14.9632,12.096595762188928,0.082667886044912,0.0002803992892525,1.0,12.443298612126949,0.0803645424875863
1.0,14.9632,12.229566122550867,0.081769049693107,0.000160747186055,1.0,12.66805427926503,0.0789387208134079
2.0,14.9632,12.48965882462108,0.0800662383209926,0.000100967061215,1.0,12.892192061458529,0.0775663281490756
3.0,14.9632,12.858124621551196,0.0777718391626041,6.843977329183038e-05,1.0,13.043018806697402,0.0766693673313201
4.0,14.9632,13.30975799073039,0.0751328461942322,4.233821957651955e-05,1.0,13.298018271381356,0.0751991747636637
5.0,14.9632,13.82197613749126,0.0723485549427018,2.41972049724616e-05,1.0,13.665529226520157,0.0731768220186701
6.0,14.9632,14.376354584772008,0.0695586627405002,1.5160987430113046e-05,1.5,14.00935270495762,0.0713808854028009
7.5,14.9632,14.966564913924154,0.0668155990202968,1.0128110179535233e-05,1.5,14.370233186858188,0.0695882931749859
9.0,14.9632,15.61849723996314,0.064026646394718,6.139308484140836e-06,1.5,14.889913979589195,0.0671595552110496
10.5,14.9632,16.39808876133428,0.0609827166174353,3.435483834457506e-06,1.5,15.585270827815036,0.0641631455139874
12.0,14.9632,17.447883161965823,0.0573135428932647,2.095975695707225e-06,1.5,16.280088460483558,0.0614247276620938
13.5,14.9632,18.85978922807457,0.0530228619157315,1.3745717717731195e-06,1.5,16.94241253737006,0.0590234712910153
15.0,14.9632,20.757043194712125,0.048176418511031,8.156637177055693e-07,1.5,17.848073989199946,0.0560284544206344
16.5,14.9632,23.28399602107955,0.0429479544273532,4.433082586928254e-07,2.0,19.05174082120617,0.0524886418193825
18.5,14.9632,26.75413501402362,0.0373773997730008,2.665259558393905e-07,2.0,20.16079056801641,0.0496012295066655
20.5,14.9632,31.389858142209068,0.0318574233585123,1.7227457427034704e-07,2.0,21.1896345946496,0.0471928855371815
22.5,14.9632,37.40307153221498,0.026735772198246,1.0060016856791837e-07,2.0,22.57492064738605,0.0442969441895154
24.5,14.9632,45.01510519995151,0.0222147653672722,nan,2.0,nan,nan
26.5,14.9632,54.41148712671182,0.0183784721353274,nan,2.0,nan,nan
28.5,14.9632,65.73458347026958,0.0152126924247155,nan,nan,nan,nan
Name:	12.742749857031335_8_150_1
Lambda:	12.742749857031336	Maximal Depth:	30	Filter time:	8 to 150 [us]
Chi2:	0.5124029545016362	RelRMS:	9.793395327240068	AbsRMS:	2.801941929367006e-07	Phi model:	0.2059339513667695
depth_vector,start_model,resistivity_model,conductivity_model,E/I[V/A],modelled_thickness,rhoa,sigma
0.0,14.9632,12.20689024331787,0.0819209462907562,0.000280247639171,1.0,12.447787159251382,0.0803355638400986
1.0,14.9632,12.319042023835395,0.0811751431698307,0.0001607872094328,1.0,12.665951958807725,0.0789518232227791
2.0,14.9632,12.54153626951181,0.0797350482835964,0.0001010289703468,1.0,12.886924754118033,0.0775980320425514
3.0,14.9632,12.859726507389432,0.0777621514287556,6.848264728118851e-05,1.0,13.037574462891047,0.0767013835929611
4.0,14.9632,13.257409328095331,0.0754295183358925,4.235831017547992e-05,1.0,13.293813094563795,0.0752229622070531
5.0,14.9632,13.716507350888676,0.0729048564928747,2.42001452518392e-05,1.0,13.664422310644554,0.0731827498642955
6.0,14.9632,14.22791567901622,0.0702843636805376,1.5157225624481128e-05,1.5,14.011670555798084,0.0713690773714484
7.5,14.9632,14.807026865948536,0.0675355025052114,1.0122799211325174e-05,1.5,14.37525901538656,0.0695639639556859
9.0,14.9632,15.48813324700023,0.0645655602293893,6.134642450430985e-06,1.5,14.89746324174629,0.0671255222297013
10.5,14.9632,16.364827328799695,0.0611066636945289,3.4326390074362754e-06,1.5,15.593880584056109,0.0641277194993044
12.0,14.9632,17.519408219083804,0.0570795535725176,2.094583289785819e-06,1.5,16.287302618032562,0.061397520722237
13.5,14.9632,19.05443236318533,0.0524812275138712,1.3741066602245915e-06,1.5,16.94623546586069,0.0590101560912785
15.0,14.9632,21.083288003328168,0.0474309320179158,8.159164907814595e-07,1.5,17.84438754531308,0.0560400292506903
16.5,14.9632,23.72628378288368,0.0421473505564916,4.439428929802141e-07,2.0,19.033579670724844,0.0525387245751822
18.5,14.9632,27.25322432733116,0.0366929060572528,2.672393370969837e-07,2.0,20.124895811152268,0.0496896982416101
20.5,14.9632,31.81637461069524,0.0314303566083812,1.7295700836089806e-07,2.0,21.13385944251893,0.0473174340313872
22.5,14.9632,37.56004343272992,0.0266240373707501,1.0118580120457297e-07,2.0,22.4877318925041,0.0444686909635974
24.5,14.9632,44.59534894496857,0.0224238631081016,nan,2.0,nan,nan
26.5,14.9632,53.00511775469663,0.018866102790827,nan,2.0,nan,nan
28.5,14.9632,62.82793136990805,0.0159164877498888,nan,nan,nan,nan
Name:	16.237767391887218_8_150_1
Lambda:	16.237767391887218	Maximal Depth:	30	Filter time:	8 to 150 [us]
Chi2:	0.5242719137285732	RelRMS:	10.036286832225093	AbsRMS:	3.00681243004242e-07	Phi model:	0.1892000490906048
depth_vector,start_model,resistivity_model,conductivity_model,E/I[V/A],modelled_thickness,rhoa,sigma
0.0,14.9632,12.315886046903955,0.0811959445054614,0.000280167968173,1.0,12.450146888037317,0.0803203375022705
1.0,14.9632,12.407041720427452,0.0805993904536937,0.0001608515068893,1.0,12.662576411685675,0.0789728699348379
2.0,14.9632,12.58993618771587,0.0794285201362426,0.0001010983450402,1.0,12.88102865540672,0.0776335513841324
3.0,14.9632,12.85575018239452,0.0777862035129979,6.852749634841523e-05,1.0,13.03188539029274,0.0767348675998091
4.0,14.9632,13.197637964266097,0.0757711344035651,4.237810331109508e-05,1.0,13.289673429473268,0.0752463937738487
5.0,14.9632,13.606738819927404,0.0734929958775629,2.420263407236873e-05,1.0,13.663485528927422,0.0731877673440548
6.0,14.9632,14.083470660186617,0.0710052247864553,1.5153400069502095e-05,1.5,14.014028669519458,0.0713570682337051
7.5,14.9632,14.663470565364513,0.0681966793292459,1.0117685763578452e-05,1.5,14.380102082415569,0.0695405355447949
9.0,14.9632,15.387836604077194,0.0649863931967563,6.130351718349356e-06,1.5,14.904413747705489,0.0670942189962989
10.5,14.9632,16.342564732215905,0.0611899060144893,3.4302137153384647e-06,1.5,15.601230030908678,0.0640975101334209
12.0,14.9632,17.60299041985131,0.0568085294685087,2.0935704607904822e-06,1.5,16.29255518307951,0.0613777267447
13.5,14.9632,19.259874067154502,0.0519214194502644,1.373964692536941e-06,1.5,16.94740278185138,0.0590060915452413
15.0,14.9632,21.410507748148262,0.0467060385378523,8.164182762624623e-07,1.5,17.837075139961264,0.0560630031635428
16.5,14.9632,24.155192721694306,0.041398965908555,4.447507874241973e-07,2.0,19.010522889394217,0.0526024458042598
18.5,14.9632,27.70878751709288,0.0360896339972697,2.68076217087448e-07,2.0,20.08299007272486,0.0497933821795849
20.5,14.9632,32.16895721285739,0.0310858693175269,1.7373009305746708e-07,2.0,21.07111688834012,0.0474583291098991
22.5,14.9632,37.6128819902054,0.0265866359366029,1.0183224646097608e-07,2.0,22.39246074970813,0.0446578878122197
24.5,14.9632,44.08042603394406,0.022685806149649,nan,2.0,nan,nan
26.5,14.9632,51.58210224538099,0.0193865693034941,nan,2.0,nan,nan
28.5,14.9632,60.09092268753495,0.0166414485795112,nan,nan,nan,nan
Name:	20.6913808111479_8_150_1
Lambda:	20.6913808111479	Maximal Depth:	30	Filter time:	8 to 150 [us]
Chi2:	0.5374648600075548	RelRMS:	10.305797607314602	AbsRMS:	3.077994122559157e-07	Phi model:	0.1747695841834865
depth_vector,start_model,resistivity_model,conductivity_model,E/I[V/A],modelled_thickness,rhoa,sigma
0.0,14.9632,12.41308123663874,0.0805601752648147,0.0002801553212679,1.0,12.450521572196136,0.0803179203538869
1.0,14.9632,12.484906309140086,0.0800967164061062,0.000160930826195,1.0,12.6584153307308,0.078998829938239
2.0,14.9632,12.631571804323114,0.0791667114347363,0.0001011672932548,1.0,12.875175480202737,0.0776688443227535
3.0,14.9632,12.849743015836374,0.0778225680286035,6.856862627499753e-05,1.0,13.026673540324452,0.0767655685010045
4.0,14.9632,13.141756008058342,0.0760933317729239,4.239402731783702e-05,1.0,13.286345317578254,0.0752652423294288
5.0,14.9632,13.506816095156909,0.0740366932484234,2.4202749223615253e-05,1.0,13.663442190362218,0.0731879994856179
6.0,14.9632,13.954243443349128,0.0716627887466461,1.514843877292085e-05,1.5,14.017088344905844,0.0713414922838397
7.5,14.9632,14.538181406593264,0.0687843941434439,1.0112133113488128e-05,1.5,14.385365750560103,0.0695150903591773
9.0,14.9632,15.30540145861495,0.0653364109856216,6.1261092845809925e-06,1.5,14.911293991962982,0.0670632609442875
10.5,14.9632,16.337232483390487,0.0612098775613719,3.4280619600121345e-06,1.5,15.607757824020652,0.0640707019723858
12.0,14.9632,17.699276446732615,0.0564994847676163,2.092864191484006e-06,1.5,16.29622042633646,0.0613639220529866
13.5,14.9632,19.46945521626973,0.0513625054677619,1.374105030851564e-06,1.5,16.946248862087277,0.059010109442995
15.0,14.9632,21.727248152447693,0.0460251566596731,8.171486380900265e-07,1.5,17.826445119413638,0.0560964338824325
16.5,14.9632,24.552322899165816,0.0407293437817232,4.457220502035495e-07,2.0,18.982895917806136,0.0526790013668036
18.5,14.9632,28.10466976559048,0.0355812755794887,2.69030614792361e-07,2.0,20.0354650967438,0.0499114942014758
20.5,14.9632,32.435014914210434,0.0308308783777336,1.7458967444885857e-07,2.0,21.001898457019667,0.0476147431169852
22.5,14.9632,37.565787294602366,0.0266199665178768,1.0253667251715193e-07,2.0,22.289785620179863,0.0448635988268392
24.5,14.9632,43.486385443504176,0.0229957029033641,nan,2.0,nan,nan
26.5,14.9632,50.15990304012183,0.0199362426837253,nan,2.0,nan,nan
28.5,14.9632,57.52353770106716,0.0173841881074266,nan,nan,nan,nan
Name:	26.366508987303583_8_150_1
Lambda:	26.366508987303583	Maximal Depth:	30	Filter time:	8 to 150 [us]
Chi2:	0.5519748989368882	RelRMS:	10.5922807196733	AbsRMS:	3.008902612483368e-07	Phi model:	0.1623897738880778
depth_vector,start_model,resistivity_model,conductivity_model,E/I[V/A],modelled_thickness,rhoa,sigma
0.0,14.9632,12.49614217602936,0.0800246976957611,0.000280219071517,1.0,12.448633159329589,0.0803301042934623
1.0,14.9632,12.551348405324012,0.0796727146523812,0.0001610303652179,1.0,12.65319835964444,0.0790314015142097
2.0,14.9632,12.665465793953867,0.0789548537944314,0.0001012389371543,1.0,12.869100501318744,0.0777055086249055
3.0,14.9632,12.843408051127138,0.0778609537296636,6.86080140534741e-05,1.0,13.021687331395096,0.0767949632448181
4.0,14.9632,13.09055266534658,0.076390968782182,4.240710897001556e-05,1.0,13.283612815260172,0.0752807247476532
5.0,14.9632,13.418141517065395,0.0745259690940198,2.420086252391581e-05,1.0,13.664152315943,0.0731841959075078
6.0,14.9632,13.83758252354417,0.0722669583576852,1.51424179018549e-05,1.5,14.020803713233889,0.0713225875244316
7.5,14.9632,14.426750569000609,0.0693156782060642,1.010608157188205e-05,1.5,14.391107834543131,0.069487353683758
9.0,14.9632,15.245321881979152,0.0655938921946972,6.121781537191436e-06,1.5,14.918320782253325,0.0670316729741855
10.5,14.9632,16.35138233909848,0.0611569088938039,3.4260364952875857e-06,1.5,15.613908731217212,0.0640454621078115
12.0,14.9632,17.80859030064579,0.0561526759343628,2.092332458520014e-06,1.5,16.298981259292148,0.0613535278120461
13.5,14.9632,19.68071155249504,0.0508111709951474,1.374415544337786e-06,1.5,16.943696389515228,0.0590189989841178
15.0,14.9632,22.02981073772604,0.0453930363681019,8.180209584889677e-07,1.5,17.81376970107004,0.0561363493960479
16.5,14.9632,24.91291689582763,0.0401398200050784,4.467958317375482e-07,2.0,18.95246940832813,0.0527635728334471
18.5,14.9632,28.44281256071364,0.0351582670618601,2.7005863210873165e-07,2.0,19.98458751629348,0.0500385609252479
20.5,14.9632,32.62550460114416,0.0306508669283518,1.7550315149731096e-07,2.0,20.928959849242656,0.0477806831874727
22.5,14.9632,37.44359218813027,0.0267068393164746,1.0327687555318668e-07,2.0,22.18315485422515,0.0450792507455058
24.5,14.9632,42.84949471729685,0.0233374980638064,nan,2.0,nan,nan
26.5,14.9632,48.77623709473006,0.0205017865166159,nan,2.0,nan,nan
28.5,14.9632,55.13972808190042,0.0181357441319745,nan,nan,nan,nan
Name:	33.59818286283781_8_150_1
Lambda:	33.59818286283781	Maximal Depth:	30	Filter time:	8 to 150 [us]
Chi2:	0.5687932577742665	RelRMS:	10.914899226861854	AbsRMS:	2.805556003574072e-07	Phi model:	0.1513999259099659
depth_vector,start_model,resistivity_model,conductivity_model,E/I[V/A],modelled_thickness,rhoa,sigma
0.0,14.9632,12.55598436334651,0.079643297654878,0.0002803563850375,1.0,12.444568082871442,0.0803563444983187
1.0,14.9632,12.597282844847197,0.0793821979165166,0.0001611298242097,1.0,12.647990948534735,0.0790639401995974
2.0,14.9632,12.685607737920042,0.0788294909207055,0.0001012932549041,1.0,12.864499450822128,0.0777333003761831
3.0,14.9632,12.831050821882842,0.0779359394551333,6.862995482462243e-05,1.0,13.018911856382752,0.0768113350049092
4.0,14.9632,13.045557177741255,0.0766544492025401,4.240684163375535e-05,1.0,13.283668642535586,0.0752804083653444
5.0,14.9632,13.346983634222488,0.0749232955853739,2.4191137400743035e-05,1.0,13.667814171112484,0.0731645885348326
6.0,14.9632,13.752772362429932,0.0727126119481056,1.51321196244398e-05,1.5,14.02716430060812,0.0712902464510697
7.5,14.9632,14.35639336074855,0.069655377563983,1.0097728243548637e-05,1.5,14.399043420158236,0.0694490578867225
9.0,14.9632,15.218811546925869,0.0657081531574649,6.116597578423868e-06,1.5,14.926748674714087,0.0669938257682331
10.5,14.9632,16.390606862917032,0.0610105536886771,3.4239518416049377e-06,1.5,15.620245714873716,0.064019479478981
12.0,14.9632,17.92682867390106,0.0557823147747185,2.092000208411949e-06,1.5,16.300706942661165,0.0613470325868422
13.5,14.9632,19.877936465641017,0.0503070327107895,1.374992682095035e-06,1.5,16.938954773416807,0.0590355198048791
15.0,14.9632,22.287920526542635,0.0448673530942064,8.191526324863734e-07,1.5,17.79735922698056,0.0561881112386613
16.5,14.9632,25.19596347446393,0.0396888970335862,4.480746317416723e-07,2.0,18.91639214307157,0.0528642033024392
18.5,14.9632,28.6681941714382,0.0348818622484526,2.712410887243136e-07,2.0,19.926464290371925,0.050184517706093
20.5,14.9632,32.68093307614361,0.030598881545704,1.7653330095324253e-07,2.0,20.84746066583178,0.0479674726830862
22.5,14.9632,37.181940249250985,0.0268947772304632,1.0409701069510196e-07,2.0,22.06648702590413,0.0453175894661477
24.5,14.9632,42.10731092722466,0.0237488449862858,nan,2.0,nan,nan
26.5,14.9632,47.369096561070414,0.0211108100554705,nan,2.0,nan,nan
28.5,14.9632,52.88004666524373,0.0189107246128295,nan,nan,nan,nan
Name:	42.81332398719393_8_150_1
Lambda:	42.81332398719393	Maximal Depth:	30	Filter time:	8 to 150 [us]
Chi2:	0.5885114014080799	RelRMS:	11.268707818561152	AbsRMS:	2.504941908405691e-07	Phi model:	0.1414291614779851
depth_vector,start_model,resistivity_model,conductivity_model,E/I[V/A],modelled_thickness,rhoa,sigma
0.0,14.9632,12.591392521900271,0.0794193333470221,0.0002805707365368,1.0,12.438228976539955,0.0803972978698273
1.0,14.9632,12.622586376582408,0.0792230665068146,0.0001612357244723,1.0,12.6424521750705,0.0790985788320313
2.0,14.9632,12.69227771082264,0.0787880648992816,0.000101336176855,1.0,12.860866602765777,0.0777552579376685
3.0,14.9632,12.81529582175548,0.0780317531416154,6.863901817500846e-05,1.0,13.017765787573907,0.0768180973846179
4.0,14.9632,13.008390321126624,0.0768734620743908,4.239618609385257e-05,1.0,13.285894294508076,0.0752677973972263
5.0,14.9632,13.29412805134542,0.0752211800682028,2.417512435907276e-05,1.0,13.673849000415077,0.0731322980069214
6.0,14.9632,13.695990768110867,0.0730140679072561,1.5118335467410735e-05,1.5,14.035689192612406,0.071246946713977
7.5,14.9632,14.319151826002258,0.0698365386547611,1.008746973659914e-05,1.5,14.40880388972788,0.0694020133560777
9.0,14.9632,15.221559260789908,0.0656962918756922,6.110683091271379e-06,1.5,14.936378784963331,0.0669506320371785
10.5,14.9632,16.451703260823194,0.0607839798801454,3.421797976137842e-06,1.5,15.626799848013466,0.0639926286716421
12.0,14.9632,18.04986770976066,0.0554020680971107,2.0918193304440943e-06,1.5,16.301646601969075,0.0613434964219632
13.5,14.9632,20.060254871561657,0.049849815289119,1.3757822007720869e-06,1.5,16.93247366005461,0.0590581163790084
15.0,14.9632,22.505887931330328,0.0444328170055403,8.204958188480888e-07,1.5,17.77793057040103,0.0562495165587454
16.5,14.9632,25.40899832416024,0.039356136249147,4.495235084886157e-07,2.0,18.87572350266107,0.0529781017325784
18.5,14.9632,28.80084137593066,0.0347212078615077,2.725531809996078e-07,2.0,19.862461166487343,0.0503462280740533
20.5,14.9632,32.62598449286033,0.0306504160884044,1.776623260561461e-07,2.0,20.75904459724877,0.0481717737690361
22.5,14.9632,36.816325833702926,0.0271618630418727,1.049856821290215e-07,2.0,21.94178667885796,0.0455751400118911
24.5,14.9632,41.29161967375294,0.0242179892167235,nan,2.0,nan,nan
26.5,14.9632,45.96237366030186,0.0217569268156337,nan,2.0,nan,nan
28.5,14.9632,50.73646861217681,0.0197096886589382,nan,nan,nan,nan
Name:	54.5559478116852_8_150_1
Lambda:	54.5559478116852	Maximal Depth:	30	Filter time:	8 to 150 [us]
Chi2:	0.6123052401538597	RelRMS:	11.65786686160402	AbsRMS:	2.1984734111355418e-07	Phi model:	0.132108603621199
depth_vector,start_model,resistivity_model,conductivity_model,E/I[V/A],modelled_thickness,rhoa,sigma
0.0,14.9632,12.601273663227673,0.0793570576058627,0.0002808657824088,1.0,12.429516651613897,0.0804536514193539
1.0,14.9632,12.62603938881278,0.0792014003129155,0.0001613481043881,1.0,12.63658113123862,0.0791353285840836
2.0,14.9632,12.68578433468494,0.0788283935480317,0.0001013668015825,1.0,12.858276140112087,0.0777709227196051
3.0,14.9632,12.795876073679716,0.0781501785608048,6.863422307833312e-05,1.0,13.01837210043874,0.0768145196868584
4.0,14.9632,12.977493772384678,0.077056480822818,4.2374327007018365e-05,1.0,13.290462981482952,0.0752419235803341
5.0,14.9632,13.257803679773248,0.0754272746944992,2.415229185605129e-05,1.0,13.682465409155698,0.0730862436042297
6.0,14.9632,13.667915945567003,0.0731640437344316,1.510074227692216e-05,1.5,14.04658864049235,0.0711916626587385
7.5,14.9632,14.317512302167229,0.0698445357611902,1.0075112499379496e-05,1.5,14.420583187823247,0.0693453230687924
9.0,14.9632,15.258090307498769,0.065539001267317,6.103950657122001e-06,1.5,14.947359619723224,0.0669014478437039
10.5,14.9632,16.534009271927566,0.0604813982835887,3.41955486796464e-06,1.5,15.633632856541782,0.0639646593454161
12.0,14.9632,18.180440846543863,0.0550041667548508,2.0917965907515856e-06,1.5,16.301764744036085,0.0613430518536862
13.5,14.9632,20.22252771527003,0.0494498024223203,1.3768008837450248e-06,1.5,16.9241205033259,0.0590872654093594
15.0,14.9632,22.677639022096866,0.0440963011636974,8.2207072858343e-07,1.5,17.75521753410965,0.0563214727208435
16.5,14.9632,25.54806115779347,0.0391419135026983,4.511608370267983e-07,2.0,18.83002733101688,0.0531066674742843
18.5,14.9632,28.830407684822028,0.0346856003887332,2.7401006466528045e-07,2.0,19.791994171465657,0.050525479713495
20.5,14.9632,32.45816968370525,0.0308088844732986,1.789024924338365e-07,2.0,20.66299784455281,0.0483956881534312
22.5,14.9632,36.34328304304478,0.0275154008187869,1.0595197961674029e-07,2.0,21.80817487501105,0.0458543645092397
24.5,14.9632,40.40155268191414,0.024751523979118,nan,2.0,nan,nan
26.5,14.9632,44.54674146068084,0.0224483310610417,nan,2.0,nan,nan
28.5,14.9632,48.69012253123312,0.0205380464869139,nan,nan,nan,nan
Name:	69.51927961775606_8_150_1
Lambda:	69.51927961775606	Maximal Depth:	30	Filter time:	8 to 150 [us]
Chi2:	0.6418514953545135	RelRMS:	12.092259969499358	AbsRMS:	2.0903145434311618e-07	Phi model:	0.123127412000146
depth_vector,start_model,resistivity_model,conductivity_model,E/I[V/A],modelled_thickness,rhoa,sigma
0.0,14.9632,12.58224137377341,0.0794770955582217,0.0002812328613238,1.0,12.418698554469456,0.080523735688882
1.0,14.9632,12.605926465265089,0.079327767201835,0.000161461283848,1.0,12.630675201206,0.0791723311754955
2.0,14.9632,12.663487858747404,0.0789671859091523,0.0001013816820084,1.0,12.857017916059377,0.0777785336015535
3.0,14.9632,12.772067389314042,0.0782958599824384,6.861356199692011e-05,1.0,13.02098538505101,0.0767991031729495
4.0,14.9632,12.956737658103538,0.0771799218590004,4.234032388415596e-05,1.0,13.297577661412287,0.0752016664585355
5.0,14.9632,13.247355023146554,0.0754867668491364,2.412234483196604e-05,1.0,13.693787260031169,0.0730258168183141
6.0,14.9632,13.674054011729485,0.0731312015545798,1.5079309332508004e-05,1.5,14.059895548807486,0.0711242837138158
7.5,14.9632,14.350045045751724,0.0696861923995176,1.0060733847110082e-05,1.5,14.434319706832794,0.0692793301181093
9.0,14.9632,15.32411227524542,0.0652566349057231,6.0965290201293655e-06,1.5,14.959487983393384,0.0668472076791736
10.5,14.9632,16.634437703338456,0.0601162490631892,3.417355781125009e-06,1.5,15.640339022023888,0.0639372329840071
12.0,14.9632,18.30935746141077,0.0546168811280037,2.0920494000497857e-06,1.5,16.30045141599439,0.0613479942658996
13.5,14.9632,20.362493469205656,0.0491098991148754,1.3781481343523362e-06,1.5,16.913088913108812,0.0591258051759505
15.0,14.9632,22.79754587272428,0.0438643705591325,8.239546516595211e-07,1.5,17.728143047557342,0.0564074870852186
16.5,14.9632,25.60700519363824,0.0390518138469561,4.53041815870329e-07,2.0,18.77787108946203,0.0532541732359208
18.5,14.9632,28.760281441274824,0.0347701743476288,2.756523326641681e-07,2.0,19.71330538986356,0.0507271601704193
20.5,14.9632,32.175970273566,0.031079093854756,1.802845418534584e-07,2.0,20.55726167463656,0.0486446111270643
22.5,14.9632,35.76425632521365,0.0279608777799471,1.0701741246396413e-07,2.0,21.663189926129707,0.0461612534169688
24.5,14.9632,39.43791529283007,0.0253563098499225,nan,2.0,nan,nan
26.5,14.9632,43.11269621812592,0.0231950234552848,nan,2.0,nan,nan
28.5,14.9632,46.7128067091873,0.0214074056013278,nan,nan,nan,nan
Name:	88.58667904100822_8_150_1
Lambda:	88.58667904100822	Maximal Depth:	30	Filter time:	8 to 150 [us]
Chi2:	0.6791528691205718	RelRMS:	12.573131501970048	AbsRMS:	2.461167387338949e-07	Phi model:	0.1143031453574376
depth_vector,start_model,resistivity_model,conductivity_model,E/I[V/A],modelled_thickness,rhoa,sigma
0.0,14.9632,12.540930756545723,0.0797388981258867,0.0002816826654616,1.0,12.40547452521979,0.0806095726501266
1.0,14.9632,12.56683556646731,0.0795745273112626,0.0001615882536297,1.0,12.624057871324148,0.0792138320493226
2.0,14.9632,12.628701307098384,0.0791847059869819,0.0001013908654172,1.0,12.856241560565346,0.0777832304479526
3.0,14.9632,12.745759543594971,0.0784574663110228,6.858378423009343e-05,1.0,13.02475408750742,0.0767768814122288
4.0,14.9632,12.943502892209802,0.0772588385329493,4.229789398551251e-05,1.0,13.306468893448862,0.0751514175554363
5.0,14.9632,13.252949327566515,0.0754549025491232,2.4086829007461344e-05,1.0,13.70724486942598,0.0729541209430423
6.0,14.9632,13.70346091289633,0.0729742658702298,1.5054602649133898e-05,1.5,14.075274165358884,0.0710465734629264
7.5,14.9632,14.4085920598432,0.0694030336792589,1.0044479849499296e-05,1.5,14.449887273705729,0.0692046921237708
9.0,14.9632,15.415264471753822,0.0648707650674661,6.088345749140098e-06,1.5,14.972889558809802,0.0667873756813771
10.5,14.9632,16.754258264286438,0.059686318798822,3.4150744915843693e-06,1.5,15.64730347148978,0.0639087751970844
12.0,14.9632,18.444719306504496,0.0542160595334921,2.092470655660113e-06,1.5,16.298263607685655,0.0613562293549134
13.5,14.9632,20.491711045548698,0.0488002196486771,1.379745337037564e-06,1.5,16.90003392156009,0.0591714788645635
15.0,14.9632,22.88785094695352,0.043691301656834,8.261014930010497e-07,1.5,17.697415576903737,0.056505425645599
16.5,14.9632,25.61344273424489,0.0390419987807031,4.551472549739553e-07,2.0,18.71991737970948,0.0534190391825072
18.5,14.9632,28.61638027319876,0.0349450206648452,2.7747433438932536e-07,2.0,19.626913976769075,0.0509504449443058
20.5,14.9632,31.80972977585504,0.0314369221947632,1.81809440565566e-07,2.0,20.442153142552574,0.0489185260000029
22.5,14.9632,35.10194963742812,0.0284884460928555,1.081868979656355e-07,2.0,21.506789893954355,0.0464969437526845
24.5,14.9632,38.40669013085314,0.026037130421626,nan,2.0,nan,nan
26.5,14.9632,41.64976784469491,0.0240097376707796,nan,2.0,nan,nan
28.5,14.9632,44.76658578126174,0.022338089504663,nan,nan,nan,nan
Name:	112.88378916846884_8_150_1
Lambda:	112.88378916846884	Maximal Depth:	30	Filter time:	8 to 150 [us]
Chi2:	0.7264156411814319	RelRMS:	13.109497502874728	AbsRMS:	3.317540049091069e-07	Phi model:	0.1056057696079274
depth_vector,start_model,resistivity_model,conductivity_model,E/I[V/A],modelled_thickness,rhoa,sigma
0.0,14.9632,12.477860662589594,0.0801419431616304,0.0002821978295232,1.0,12.390372115924489,0.080707826257677
1.0,14.9632,12.509003841661643,0.0799424168909012,0.0001617197053541,1.0,12.617216078545535,0.0792567864237826
2.0,14.9632,12.582307845394098,0.0794766756852211,0.0001013892392516,1.0,12.856379026311409,0.0777823987573356
3.0,14.9632,12.717456742599373,0.0786320740254867,6.854203843352571e-05,1.0,13.0300420690974,0.0767457230527016
4.0,14.9632,12.938662610308969,0.0772877406358245,4.224582588759917e-05,1.0,13.317400155364131,0.0750897313539992
5.0,14.9632,13.275850053435647,0.075324743498531,2.4045470988627284e-05,1.0,13.72295793528019,0.0728705869912427
6.0,14.9632,13.757619930919867,0.0726869912834652,1.5026687035873496e-05,1.5,14.09270086549769,0.070958718952748
7.5,14.9632,14.495460963840952,0.0689871127585737,1.0026533874988182e-05,1.5,14.46712420502991,0.0691222378288783
9.0,14.9632,15.531471354897906,0.0643854002721156,6.0796183324278205e-06,1.5,14.987215392548908,0.0667235356140382
10.5,14.9632,16.890861575085545,0.0592036111097509,3.4129016161722576e-06,1.5,15.653944161844976,0.063881663921953
12.0,14.9632,18.58388395727348,0.0538100648012609,2.093212490404957e-06,1.5,16.294412642547776,0.0613707300739894
13.5,14.9632,20.605535615706632,0.048530648202988,1.3817122263919818e-06,1.5,16.88399180243462,0.0592276999243628
15.0,14.9632,22.93937838618406,0.0435931603361266,8.28597012397196e-07,1.5,17.66186436488236,0.0566191642819051
16.5,14.9632,25.55768334226161,0.0391271770061577,4.575333235165775e-07,2.0,18.654776886051582,0.053605572776789
18.5,14.9632,28.3931711832242,0.0352197362368187,2.795147649158852e-07,2.0,19.53128101603633,0.0511999186934508
20.5,14.9632,31.35514282392037,0.0318926947842544,1.8350503860753346e-07,2.0,20.31603390045838,0.049222205716906
22.5,14.9632,34.35629736370754,0.0291067453926614,1.0947885462458825e-07,2.0,21.337254695520308,0.0468663853091629
24.5,14.9632,37.31596069867147,0.0267981845107796,nan,2.0,nan,nan
26.5,14.9632,40.16512276262609,0.024897222545788,nan,2.0,nan,nan
28.5,14.9632,42.85129577066751,0.0233365171814598,nan,nan,nan,nan
Name:	143.8449888287663_8_150_1
Lambda:	143.8449888287663	Maximal Depth:	30	Filter time:	8 to 150 [us]
Chi2:	0.7848232081143688	RelRMS:	13.69816902428885	AbsRMS:	4.483941688442914e-07	Phi model:	0.097217426302932
depth_vector,start_model,resistivity_model,conductivity_model,E/I[V/A],modelled_thickness,rhoa,sigma
0.0,14.9632,12.395169004209478,0.080676592603166,0.0002827597422197,1.0,12.373951543092062,0.0808149277550924
1.0,14.9632,12.435977996929848,0.0804118502177212,0.0001618515538513,1.0,12.61036293901122,0.0792998587619089
2.0,14.9632,12.52786650764044,0.079822051056349,0.0001013775507971,1.0,12.857367202446635,0.0777764206508552
3.0,14.9632,12.688955417230284,0.0788086936330553,6.849040635420765e-05,1.0,13.036589785788172,0.0767071769865881
4.0,14.9632,12.941374156260997,0.0772715468949024,4.2186450812525445e-05,1.0,13.32989289101668,0.0750193574829039
5.0,14.9632,13.31431050415329,0.0751071562953303,2.400012177454181e-05,1.0,13.74023922361875,0.0727789366491561
6.0,14.9632,13.834250379916195,0.0722843647135189,1.4996880863141383e-05,1.5,14.111367434102386,0.0708648544990288
7.5,14.9632,14.607462803669543,0.0684581582332552,1.0007825711095776e-05,1.5,14.485148038512142,0.0690362292011974
9.0,14.9632,15.66930059780712,0.0638190577657274,6.070911872295343e-06,1.5,15.001541019087938,0.0666598183964968
10.5,14.9632,17.038947050012872,0.0586890725738386,3.411127105614168e-06,1.5,15.659372608312468,0.0638595188334154
12.0,14.9632,18.71943728464936,0.053420409213905,2.0944259775319764e-06,1.5,16.28811816693492,0.0613944465377229
13.5,14.9632,20.69775722318623,0.0483144134515101,1.3841277366213777e-06,1.5,16.864342688050776,0.0592967077636859
15.0,14.9632,22.95026218503444,0.0435724869693247,8.314692235687906e-07,1.5,17.621167043710265,0.0567499302128766
16.5,14.9632,25.44351441889028,0.0393027466071102,4.602004173804078e-07,2.0,18.58263118374392,0.0538136924804706
18.5,14.9632,28.10109613691642,0.0355858004658508,2.817651372202848e-07,2.0,19.427148500977022,0.051474358161709
20.5,14.9632,30.83172514510048,0.0324341241138403,1.853604651144368e-07,2.0,20.180233364275576,0.0495534408323675
22.5,14.9632,33.552210056612736,0.0298042960005524,1.108826740755763e-07,2.0,21.15678035819679,0.0472661710841351
24.5,14.9632,36.18959366470509,0.0276322527758933,nan,2.0,nan,nan
26.5,14.9632,38.68699119329701,0.0258484821164707,nan,2.0,nan,nan
28.5,14.9632,41.00133743041814,0.0243894483124376,nan,nan,nan,nan
Name:	183.29807108324357_8_150_1
Lambda:	183.2980710832436	Maximal Depth:	30	Filter time:	8 to 150 [us]
Chi2:	0.857307493004682	RelRMS:	14.34722850064217	AbsRMS:	5.790979002537661e-07	Phi model:	0.0890990684572305
depth_vector,start_model,resistivity_model,conductivity_model,E/I[V/A],modelled_thickness,rhoa,sigma
0.0,14.9632,12.302495819729558,0.0812843194302327,0.0002833400514472,1.0,12.357050363516946,0.0809254612211024
1.0,14.9632,12.35469363093423,0.0809408982426043,0.0001619746490881,1.0,12.603973164233768,0.0793400610243835
2.0,14.9632,12.46794434458879,0.0802056836605955,0.0001013525387401,1.0,12.859482432971946,0.077763627363103
3.0,14.9632,12.658724884825302,0.0789968981156035,6.84272269140653e-05,1.0,13.044613080869528,0.0766599970271668
4.0,14.9632,12.9491381576342,0.0772252166767135,4.2118895440128295e-05,1.0,13.34414247847536,0.0749392478095194
5.0,14.9632,13.363563037317036,0.0748303425671397,2.395020871183725e-05,1.0,13.759322687966623,0.0726779960524191
6.0,14.9632,13.926854970339257,0.0718037203754725,1.496472214930913e-05,1.5,14.131576787930063,0.0707635117444297
7.5,14.9632,14.737515499180244,0.0678540422946882,9.987996125905268e-06,1.5,14.504313679219006,0.0689450064385153
9.0,14.9632,15.82422310779614,0.0631942556160832,6.061987191087577e-06,1.5,15.016261290069648,0.0665944725310092
10.5,14.9632,17.198698038477275,0.0581439361143953,3.409622152571226e-06,1.5,15.663980134911736,0.063840734691128
12.0,14.9632,18.85639270842546,0.0530324126922312,2.096049384600814e-06,1.5,16.279706895448452,0.0614261673396333
13.5,14.9632,20.779048512172285,0.0481253989764836,1.3869688730112023e-06,1.5,16.841304309541197,0.0593778238086621
15.0,14.9632,22.936073115030343,0.0435994424583816,8.347237340606141e-07,1.5,17.575335030604197,0.0568979196276307
16.5,14.9632,25.289659492345283,0.0395418530764592,4.6316920594984434e-07,2.0,18.50313970623097,0.0540448818890584
18.5,14.9632,27.756266574679035,0.0360279001251652,2.842495641015675e-07,2.0,19.313783534622367,0.0517764941399169
20.5,14.9632,30.249755696954207,0.0330581182214535,1.8739912626456616e-07,2.0,20.03361007796622,0.0499161157728551
22.5,14.9632,32.693782648924774,0.0305868553277633,1.1241869585530817e-07,2.0,20.96362308976127,0.0477016780791295
24.5,14.9632,35.02650888939692,0.0285498050393116,nan,2.0,nan,nan
26.5,14.9632,37.19937183874673,0.0268821743639876,nan,2.0,nan,nan
28.5,14.9632,39.18077506062164,0.0255227212440991,nan,nan,nan,nan
Name:	233.57214690901213_8_150_1
Lambda:	233.57214690901213	Maximal Depth:	30	Filter time:	8 to 150 [us]
Chi2:	0.9431682002443056	RelRMS:	15.043020482580062	AbsRMS:	7.133859081252018e-07	Phi model:	0.0815782906239694
depth_vector,start_model,resistivity_model,conductivity_model,E/I[V/A],modelled_thickness,rhoa,sigma
0.0,14.9632,12.202361008097142,0.0819513534582715,0.0002839147982185,1.0,12.340367956839492,0.081034860832149
1.0,14.9632,12.26731580211248,0.0815174253382957,0.0001620854885452,1.0,12.59822649797358,0.0793762519002853
2.0,14.9632,12.40523185851359,0.0806111495057393,0.0001013173179712,1.0,12.862462473834618,0.0777456106895739
3.0,14.9632,12.630834033898042,0.0791713355837189,6.83572180719316e-05,1.0,13.053518089690405,0.0766077001716337
4.0,14.9632,12.96336831397032,0.0771404449661685,4.20477972568879e-05,1.0,13.359180557033907,0.0748548906671882
5.0,14.9632,13.423558700057477,0.0744958935513664,2.389920870670584e-05,1.0,13.778890314570658,0.0725747848462468
6.0,14.9632,14.032118703997204,0.0712650755808628,1.4932611199822386e-05,1.5,14.151828475734296,0.0706622470527161
7.5,14.9632,14.879889466151322,0.0672048002960501,9.96868815880358e-06,1.5,14.523036201982492,0.0688561252683163
9.0,14.9632,15.987175179753953,0.0625501371415754,6.053795415362701e-06,1.5,15.02980454251135,0.0665344647145297
10.5,14.9632,17.35893660312747,0.0576072153993485,3.4088321751409643e-06,1.5,15.6664000668702,0.0638308734445448
12.0,14.9632,18.9844184468669,0.0526747765699947,2.098282330337228e-06,1.5,16.268155176192373,0.0614697849368593
13.5,14.9632,20.84006834350542,0.0479844875514354,1.390313408901579e-06,1.5,16.81428452459289,0.0594732412513527
15.0,14.9632,22.89162655577881,0.0436840954732226,8.383585071434949e-07,1.5,17.524498700217368,0.057062973218606
16.5,14.9632,25.09837258312601,0.03984322077808,4.664011993130516e-07,2.0,18.41756058655217,0.0542960070797955
18.5,14.9632,27.373750475360342,0.036531347829013,2.869230170404508e-07,2.0,19.193623520372228,0.0521006363878396
20.5,14.9632,29.637573936645936,0.0337409533633767,1.895783918893905e-07,2.0,19.879785820954385,0.0503023528023096
22.5,14.9632,31.822924030329887,0.0314238879823525,1.1405127006540329e-07,2.0,20.763088452444435,0.0481623917506487
24.5,14.9632,33.876633338735274,0.0295188719020841,nan,2.0,nan,nan
26.5,14.9632,35.76062723326068,0.0279637153307509,nan,2.0,nan,nan
28.5,14.9632,37.45006817146447,0.0267022210859942,nan,nan,nan,nan
Name:	297.63514416313194_8_150_1
Lambda:	297.63514416313194	Maximal Depth:	30	Filter time:	8 to 150 [us]
Chi2:	1.0805702656797	RelRMS:	16.14254560727942	AbsRMS:	9.005695566574885e-07	Phi model:	0.072419956839651
depth_vector,start_model,resistivity_model,conductivity_model,E/I[V/A],modelled_thickness,rhoa,sigma
0.0,14.9632,12.077468800694229,0.0827988063146574,0.0002846886791351,1.0,12.317994260276162,0.0811820478943445
1.0,14.9632,12.15804275238701,0.0822500809025094,0.0001622613678047,1.0,12.589121158610354,0.0794336623979544
2.0,14.9632,12.326635810075532,0.081125135471482,0.0001013025494011,1.0,12.86371256125476,0.0777380554204841
3.0,14.9632,12.595344596296618,0.0793944137339464,6.829457479306759e-05,1.0,13.061499106424591,0.0765608902815854
4.0,14.9632,12.97970970393092,0.0770433255296263,4.197945727519217e-05,1.0,13.373675243788137,0.0747737612713815
5.0,14.9632,13.496507194671176,0.0740932439464656,2.385170013315241e-05,1.0,13.797181066691277,0.0724785733525066
6.0,14.9632,14.162293927382365,0.0706100300648703,1.4905546004077251e-05,1.5,14.168954369108608,0.070576838201993
7.5,14.9632,15.056312791460543,0.066417323673507,9.955208549123012e-06,1.5,14.53614295620281,0.0687940400017381
9.0,14.9632,16.187260136681058,0.0617769771756466,6.051647940025789e-06,1.5,15.033359962598285,0.0665187291788339
10.5,14.9632,17.548770825108917,0.0569840480547613,3.41357031339675e-06,1.5,15.651899754798343,0.0638900079649075
12.0,14.9632,19.12055798028204,0.0522997289635189,2.1052624962334434e-06,1.5,16.232176364493174,0.0616060334452399
13.5,14.9632,20.87197106243259,0.0479111434664595,1.3976651863558183e-06,1.5,16.755270151614248,0.0596827142117823
15.0,14.9632,22.765248119574387,0.0439266022820179,8.451214677254924e-07,1.5,17.430882075782616,0.0573694432474727
16.5,14.9632,24.75976879396336,0.0403880992719046,4.718847117486279e-07,2.0,18.274602593815462,0.0547207521950941
18.5,14.9632,26.76982540187279,0.037355492050764,2.912627983281227e-07,2.0,19.002491752289306,0.0526246774915466
20.5,14.9632,28.72975429042802,0.0348071198204842,1.9302526675360392e-07,2.0,19.64241203588619,0.0509102445347865
22.5,14.9632,30.58828975942752,0.0326922494805971,1.1657464615634705e-07,2.0,20.46237160818573,0.0488701905696972
24.5,14.9632,32.308306462256475,0.0309517925728552,nan,2.0,nan,nan
26.5,14.9632,33.86605916160337,0.0295280887341559,nan,2.0,nan,nan
28.5,14.9632,35.249324333469346,0.0283693381053121,nan,nan,nan,nan
Name:	379.26901907322497_8_150_1
Lambda:	379.26901907322497	Maximal Depth:	30	Filter time:	8 to 150 [us]
Chi2:	1.1990655168490714	RelRMS:	16.91924014388941	AbsRMS:	9.824426328250937e-07	Phi model:	0.0665740630366553
depth_vector,start_model,resistivity_model,conductivity_model,E/I[V/A],modelled_thickness,rhoa,sigma
0.0,14.9632,11.985755170696144,0.0834323733263708,0.0002850427453297,1.0,12.307791606255035,0.0812493444796207
1.0,14.9632,12.079532348164625,0.0827846617879988,0.0001622639672571,1.0,12.588986707285011,0.0794345107554461
2.0,14.9632,12.273688479579024,0.0814751003061386,0.0001012117843133,1.0,12.871402058191766,0.0776916139732865
3.0,14.9632,12.577978530680957,0.0795040313958829,6.819498145665062e-05,1.0,13.07421286554818,0.0764864401615409
4.0,14.9632,13.004578193745594,0.0768959965561158,4.18966564789905e-05,1.0,13.391289800278743,0.0746754057984156
5.0,14.9632,13.566434324063902,0.0737113360897061,2.3798545689238447e-05,1.0,13.81771758081645,0.0723708524328453
6.0,14.9632,14.275904575856268,0.0700481006080148,1.4874413706690748e-05,1.5,14.18871798813885,0.0704785309593126
7.5,14.9632,15.201413267414717,0.0657833572713643,9.937870971533289e-06,1.5,14.55304451620655,0.0687141442387797
9.0,14.9632,16.34314082084032,0.061187749096846,6.045603277037497e-06,1.5,15.043378974675566,0.0664744271671562
10.5,14.9632,17.688209012091225,0.0565348362469272,3.4145682245820465e-06,1.5,15.648850083371649,0.0639024589456954
12.0,14.9632,19.21219619825192,0.0520502700306062,2.1088813442959096e-06,1.5,16.213601400360112,0.0616766118339254
13.5,14.9632,20.882362490084663,0.0478873020461558,1.4020795931217725e-06,1.5,16.720082684250233,0.0598083166742929
15.0,14.9632,22.66108933106197,0.0441285052713367,8.495082315010487e-07,1.5,17.37082291819268,0.0575677965695388
16.5,14.9632,24.50940870765348,0.0408006578995001,4.756015100900885e-07,2.0,18.179268174941114,0.0550077148528141
18.5,14.9632,26.34384483784024,0.0379595311981037,2.94267493425401e-07,2.0,18.872917344729995,0.0529859788889096
20.5,14.9632,28.106995658821656,0.0355783311791326,1.954420821728989e-07,2.0,19.48014583923009,0.0513343179385315
22.5,14.9632,29.755403412354653,0.0336073413672756,1.1836432000761945e-07,2.0,20.255586983640253,0.0493690950949812
24.5,14.9632,31.259359110809687,0.0319904191399174,nan,2.0,nan,nan
26.5,14.9632,32.601626631084606,0.0306733161297704,nan,2.0,nan,nan
28.5,14.9632,33.77531078375963,0.029607425566039,nan,nan,nan,nan
Name:	483.2930238571752_8_150_1
Lambda:	483.2930238571752	Maximal Depth:	30	Filter time:	8 to 150 [us]
Chi2:	1.334994824961088	RelRMS:	17.74369887583488	AbsRMS:	1.023049289021015e-06	Phi model:	0.0613050218278718
depth_vector,start_model,resistivity_model,conductivity_model,E/I[V/A],modelled_thickness,rhoa,sigma
0.0,14.9632,11.905478848052685,0.0839949415527763,0.000285226959036,1.0,12.302491714457144,0.0812843465543537
1.0,14.9632,12.011557421569538,0.0832531506867101,0.0001621899925479,1.0,12.592814300008882,0.0794103665928985
2.0,14.9632,12.22955059407096,0.0817691535194116,0.0001010843820454,1.0,12.882214816850665,0.0776264030849682
3.0,14.9632,12.56705822594943,0.0795731174329345,6.807675194134466e-05,1.0,13.089345890446095,0.0763980116630502
4.0,14.9632,13.033065775905914,0.0767279178356246,4.180703248615455e-05,1.0,13.410421389430386,0.0745688722942117
5.0,14.9632,13.636592036725744,0.0733321050675142,2.374447338051669e-05,1.0,13.838687305367998,0.0722611890805641
6.0,14.9632,14.385804169057648,0.0695129718330863,1.484412131940366e-05,1.5,14.208014699523751,0.0703828100651894
7.5,14.9632,15.33831219079548,0.0651962215634194,9.921875282694736e-06,1.5,14.568681578199367,0.0686403910080925
9.0,14.9632,16.48608073828417,0.0606572305373822,6.040925842051015e-06,1.5,15.051143275675042,0.0664401355886468
10.5,14.9632,17.810203151460705,0.0561475908778718,3.416665994927659e-06,1.5,15.64244402282789,0.0639286289623695
12.0,14.9632,19.2825783223074,0.0518602846198805,2.1133406069272765e-06,1.5,16.190785656452082,0.0617635253296986
13.5,14.9632,20.869256591155985,0.0479173752851254,1.407138652964158e-06,1.5,16.679983027132277,0.0599520993740439
15.0,14.9632,22.53325308535689,0.0443788562713053,8.543465016155976e-07,1.5,17.305178780044248,0.0577861698344987
16.5,14.9632,24.237889487561063,0.0412577176124679,4.796094397321251e-07,2.0,18.07784803343212,0.0553163185214666
18.5,14.9632,25.903215207454217,0.0386052461824209,2.9747157555689534e-07,2.0,18.737152092724703,0.0533699035505124
20.5,14.9632,27.4801972424864,0.0363898406978653,1.980022607451865e-07,2.0,19.311862406298825,0.0517816448233307
22.5,14.9632,28.9336827597383,0.0345617945805197,1.2024911647744437e-07,2.0,20.04337146224396,0.0498918059710521
24.5,14.9632,30.241085710926804,0.0330675958382895,nan,2.0,nan,nan
26.5,14.9632,31.390976305258388,0.0318562885803742,nan,2.0,nan,nan
28.5,14.9632,32.380979263132105,0.0308823273031327,nan,nan,nan,nan
Name:	615.8482110660261_8_150_1
Lambda:	615.8482110660261	Maximal Depth:	30	Filter time:	8 to 150 [us]
Chi2:	1.4878678625480382	RelRMS:	18.59934969071848	AbsRMS:	1.0136271573289995e-06	Phi model:	0.0566493986710347
depth_vector,start_model,resistivity_model,conductivity_model,E/I[V/A],modelled_thickness,rhoa,sigma
0.0,14.9632,11.84089721064726,0.0844530597817204,0.0002851987948352,1.0,12.303301638741033,0.0812789956194496
1.0,14.9632,11.958028068055086,0.0836258281305945,0.0001620256451733,1.0,12.601328368873478,0.0793567130962239
2.0,14.9632,12.197288461547272,0.0819854349720893,0.000100916756965,1.0,12.8964759762727,0.0775405623861765
3.0,14.9632,12.56421994648814,0.0795910931406062,6.793972387573079e-05,1.0,13.106939970039946,0.0762954589161021
4.0,14.9632,13.06470766356029,0.0765420877184394,4.171192111437513e-05,1.0,13.43079924633553,0.0744557328018167
5.0,14.9632,13.704133526890148,0.0729706842127455,2.3690887434883227e-05,1.0,13.859547080399148,0.0721524299603014
6.0,14.9632,14.486662259014556,0.0690290131791906,1.4815684111520962e-05,1.5,14.226189453771962,0.0702928920811509
7.5,14.9632,15.459581026426203,0.0646848060300357,9.907902265126438e-06,1.5,14.582375740006052,0.0685759315100177
9.0,14.9632,16.60740119924189,0.0602141170676149,6.037967537819874e-06,1.5,15.056059082794846,0.0664184428674791
10.5,14.9632,17.905989087527594,0.0558472360902168,3.419972746122627e-06,1.5,15.632359340204292,0.063969870333529
12.0,14.9632,19.32457726323883,0.0517475744166627,2.118639311765941e-06,1.5,16.163779016306062,0.0618667205850313
13.5,14.9632,20.82853099495479,0.0480110671387351,1.412793614786701e-06,1.5,16.63544351634055,0.0601126143115887
15.0,14.9632,22.38227276969833,0.0446782152236936,8.59564501844839e-07,1.5,17.235073485491103,0.0580212205559682
16.5,14.9632,23.95183223270336,0.0417504594339392,4.838366485367636e-07,2.0,17.972398464058294,0.0556408763137445
18.5,14.9632,25.460973135028784,0.0392757965179349,3.0081270990028494e-07,2.0,18.598151300114203,0.0537687850724098
20.5,14.9632,26.8686813053193,0.037218052819065,2.0065367077832866e-07,2.0,19.141362661411897,0.0522428845682942
22.5,14.9632,28.146946956416524,0.0355278319012156,1.221891357376527e-07,2.0,19.830651209876034,0.0504269874658468
24.5,14.9632,29.27971478898732,0.0341533381457704,nan,2.0,nan,nan
26.5,14.9632,30.26085994298846,0.0330459875193237,nan,2.0,nan,nan
28.5,14.9632,31.091934211853783,0.0321626822309031,nan,nan,nan,nan
Name:	784.7599703514607_8_150_1
Lambda:	784.7599703514607	Maximal Depth:	30	Filter time:	8 to 150 [us]
Chi2:	1.664756488473414	RelRMS:	19.50369321326788	AbsRMS:	9.437895455519148e-07	Phi model:	0.0524153280400041
depth_vector,start_model,resistivity_model,conductivity_model,E/I[V/A],modelled_thickness,rhoa,sigma
0.0,14.9632,11.795967484703546,0.0847747335092906,0.0002848960826418,1.0,12.312015225716662,0.0812214720065692
1.0,14.9632,11.922294498255004,0.0838764719447556,0.0001617414456917,1.0,12.616085431704231,0.0792638893746708
2.0,14.9632,12.179269800950808,0.0821067285923768,0.0001006936622474,1.0,12.915517719493804,0.077426241960914
3.0,14.9632,12.570620989926006,0.0795505648290082,6.777529342938018e-05,1.0,13.128130676048835,0.0761723069853665
4.0,14.9632,13.09940740738864,0.0763393311544731,4.16073624304404e-05,1.0,13.453290765470062,0.0743312560051592
5.0,14.9632,13.76763339544937,0.0726341246368842,2.3636440258109014e-05,1.0,13.880822810751386,0.0720418388472944
6.0,14.9632,14.575840791658395,0.0686066769178962,1.4788724377554638e-05,1.5,14.243473696258889,0.0702075927070132
7.5,14.9632,15.561771326765548,0.064260036920093,9.89597451067845e-06,1.5,14.594090946330304,0.0685208831216342
9.0,14.9632,16.703253255249432,0.0598685767807372,6.036951062944509e-06,1.5,15.057749083390558,0.0664109884194477
10.5,14.9632,17.97158118702452,0.0556434066425941,3.424749336893337e-06,1.5,15.617820709002284,0.0640294198936212
12.0,14.9632,19.333768886614298,0.051722972683942,2.125009718209351e-06,1.5,16.131458737997832,0.061990674014154
13.5,14.9632,20.755166934808425,0.0481807736425816,1.419238805326202e-06,1.5,16.58504094890376,0.0602952988226476
15.0,14.9632,22.20206841240179,0.0450408485112771,8.65309322508837e-07,1.5,17.1587059668911,0.0582794531201576
16.5,14.9632,23.64328190343001,0.0422953126424858,4.883843394825245e-07,2.0,17.860655477453218,0.0559889865891188
18.5,14.9632,25.006657114063977,0.0399893514530413,3.043629243782175e-07,2.0,18.453244342943837,0.0541910127788656
20.5,14.9632,26.25905360356804,0.0380821036087957,2.0344934649515529e-07,2.0,18.965606040358576,0.0527270258525887
22.5,14.9632,27.37942036275373,0.0365237827079924,1.2422025176572254e-07,2.0,19.61389147314715,0.0509842731295354
24.5,14.9632,28.357297683274428,0.0352642910889853,nan,2.0,nan,nan
26.5,14.9632,29.19097933778608,0.0342571582963493,nan,2.0,nan,nan
28.5,14.9632,29.88530827230661,0.0334612576483494,nan,nan,nan,nan
Name:	1000.0_8_150_1
Lambda:	1000.0	Maximal Depth:	30	Filter time:	8.0 to 150.0 [us]
Chi2:	1.8746362653992037	RelRMS:	20.468875799186097	AbsRMS:	8.188332855560628e-07	Phi model:	0.04847132371383888
depth_vector,start_model,resistivity_model,conductivity_model,E/I[V/A],modelled_thickness,rhoa,sigma
0.0,14.9632,11.773309885997094,0.08493788150343153,0.00028427997160575827,1.0,12.32979776841272,0.08110433105090055
1.0,14.9632,11.90678104268504,0.08398575537881016,0.00016132146549873135,1.0,12.637972205564692,0.07912661807878361
2.0,14.9632,12.177421439875028,0.08211919123744005,0.00010040843139216328,1.0,12.939965614716156,0.07727995805975992
3.0,14.9632,12.587301451229965,0.0794451458777358,6.75806647978535e-05,1.0,13.153324126997632,0.07602640901606515
4.0,14.9632,13.137075857096402,0.07612044041443353,4.149291530007484e-05,1.0,13.478017614588405,0.0741948874527078
5.0,14.9632,13.825776236370832,0.07232866950134388,2.3581679578982447e-05,1.0,13.902303593331483,0.0719305252749386
6.0,14.9632,14.650659302400328,0.06825631388726393,1.4763953555959178e-05,1.5,14.259400954839597,0.07012917324977828
7.5,14.9632,15.640817913648805,0.06393527534946622,9.88676661352841e-06,1.5,14.60315087079729,0.06847837215732352
9.0,14.9632,16.76837839365864,0.05963605880805825,6.038422597214853e-06,1.5,15.055302650455783,0.0664217799679853
10.5,14.9632,18.00095262001775,0.05555261552591176,3.4313800960148e-06,1.5,15.597694426421375,0.06411203942462623
12.0,14.9632,19.304032505186353,0.05180264795613731,2.1327238666322596e-06,1.5,16.092536491668508,0.06214060788476223
13.5,14.9632,20.64340113251628,0.04844163001923449,1.4266721080482363e-06,1.5,16.527382788838874,0.060505647674313635
15.0,14.9632,21.98718428529681,0.045481039637654576,8.717116905185249e-07,1.5,17.074586972612416,0.05856657040102914
16.5,14.9632,23.30734377643439,0.04290493200735645,4.933315377177589e-07,2.0,17.74104889782541,0.05636645306369534
18.5,14.9632,24.53640492039565,0.04075576692039182,3.081735152323575e-07,2.0,18.30081186150812,0.05464238458749954
20.5,14.9632,25.64796934339234,0.03898944148799168,2.0642447086158908e-07,2.0,18.78293567159589,0.05323981391855744
22.5,14.9632,26.6271472354135,0.03755565668221576,1.2636443501622367e-07,2.0,19.391383618619017,0.05156929591346078
24.5,14.9632,27.46862837380815,0.036405166883160374,nan,2.0,nan,nan
26.5,14.9632,28.174492746435348,0.03549309685891401,nan,2.0,nan,nan
28.5,14.9632,28.75210326338821,0.03478006429092651,nan,nan,nan,nan
