Name:	10.0_12_80_0.08
Lambda:	10	Maximal Depth:	20	Filter time:	12 to 80 [us]
Chi2:	0.135656851875231	RelRMS:	2.946529911610399	AbsRMS:	7.093598049658249e-07	Phi model:	0.0504537743461102
depth_vector,start_model,resistivity_model,conductivity_model,E/I[V/A],modelled_thickness,rhoa,sigma
0.0,14.7655,13.16112789332404,0.0759813298757812,9.25696422095396e-05,1.0,13.442825610800243,0.07438912241758
1.0,14.7655,13.198860519115518,0.0757641160425727,6.321786458956212e-05,1.0,13.532571330537747,0.073895786364221
2.0,14.7655,13.273876395104503,0.075335943339717,3.8786589159322136e-05,1.0,13.873220964179811,0.0720813142515329
3.0,14.7655,13.400715961949665,0.07462287857152,2.200808985988186e-05,1.0,14.32533328172818,0.0698064038255563
4.0,14.7655,13.588277130896318,0.073592847008268,1.4004981373021269e-05,1.0,14.534644537424818,0.0688011321794028
5.0,14.7655,13.852119861662452,0.0721911165934703,9.48035152397456e-06,1.0,14.778244377920652,0.0676670363831609
6.0,14.7655,14.210119462392257,0.0703723851616129,5.80324537872492e-06,1.5,15.212978363006256,0.0657333479439977
7.5,14.7655,14.738941769438778,0.0678474761379071,3.2861515508840498e-06,1.5,15.798078894603288,0.0632988356794195
9.0,14.7655,15.474469190898027,0.0646225720355043,2.061750906973108e-06,1.5,16.197444604425325,0.0617381336637995
10.5,14.7655,16.44559397643695,0.0608065601906983,1.389967827506296e-06,1.5,16.549063097165924,0.0604263814893093
12.0,14.7655,17.671202255213228,0.0565892453471855,8.509718642033191e-07,1.5,17.074383462214207,0.0585672684588003
13.5,14.7655,19.15452928852149,0.0522069733449027,nan,1.5,nan,nan
15.0,14.7655,20.88183184464624,0.0478885189498537,nan,1.5,nan,nan
16.5,14.7655,22.81848524192632,0.0438241184459788,nan,1.5,nan,nan
18.0,14.7655,24.910367555165056,0.0401439279362481,nan,1.5,nan,nan
19.5,14.7655,27.087397658845013,0.0369175368041848,nan,nan,nan,nan
Name:	12.742749857031335_12_80_0.08
Lambda:	12.742749857031336	Maximal Depth:	20	Filter time:	12 to 80 [us]
Chi2:	0.1434751309587104	RelRMS:	3.030248897591989	AbsRMS:	7.902674636282153e-07	Phi model:	0.0472588665279453
depth_vector,start_model,resistivity_model,conductivity_model,E/I[V/A],modelled_thickness,rhoa,sigma
0.0,14.7655,13.033538948013724,0.0767251322905201,9.281154931220692e-05,1.0,13.419456900705647,0.0745186640114635
1.0,14.7655,13.081813621007674,0.0764420002433096,6.333694433254184e-05,1.0,13.515604292794386,0.0739885526637631
2.0,14.7655,13.177948169091248,0.0758843476365683,3.882294015732871e-05,1.0,13.864559690586828,0.0721263438808617
3.0,14.7655,13.334149374957018,0.0749954100467862,2.201000315680573e-05,1.0,14.324503083052308,0.0698104495633866
4.0,14.7655,13.559892327186086,0.0737468982696205,1.4003019464997235e-05,1.0,14.536002100341314,0.0687947066254564
5.0,14.7655,13.869108151518727,0.0721026895943915,9.478495853433911e-06,1.0,14.780173140910062,0.0676582060620182
6.0,14.7655,14.277171987815564,0.0700418823036817,5.802036871242656e-06,1.5,15.21509076599052,0.0657242217861261
7.5,14.7655,14.854566951713736,0.0673193640212199,3.2862087292303275e-06,1.5,15.797895641758949,0.0632995699349144
9.0,14.7655,15.629057073791092,0.0639833865394819,2.0628164061322244e-06,1.5,16.191866518843185,0.0617594024034385
10.5,14.7655,16.62136631192684,0.0601635257435147,1.3914678252423605e-06,1.5,16.53716773563012,0.0604698468314772
12.0,14.7655,17.842364669666203,0.0560463827813193,8.525228806104212e-07,1.5,17.053667939627868,0.0586384116038922
13.5,14.7655,19.288278893752068,0.051844957526196,nan,1.5,nan,nan
15.0,14.7655,20.94016043651792,0.0477551259949318,nan,1.5,nan,nan
16.5,14.7655,22.76128299076388,0.0439342545148172,nan,1.5,nan,nan
18.0,14.7655,24.698983266044845,0.0404874965592109,nan,1.5,nan,nan
19.5,14.7655,26.688080610076568,0.0374699108043922,nan,nan,nan,nan
Name:	16.237767391887218_12_80_0.08
Lambda:	16.237767391887218	Maximal Depth:	20	Filter time:	12 to 80 [us]
Chi2:	0.1518511384037939	RelRMS:	3.117446528465695	AbsRMS:	8.613302568033485e-07	Phi model:	0.0444694454203819
depth_vector,start_model,resistivity_model,conductivity_model,E/I[V/A],modelled_thickness,rhoa,sigma
0.0,14.7655,12.911226680270712,0.0774519745306673,9.302453136596144e-05,1.0,13.398966282606317,0.074632623062731
1.0,14.7655,12.969403575146664,0.077104547962121,6.34397247086621e-05,1.0,13.501002356166495,0.0740685745857422
2.0,14.7655,13.089103589143573,0.0763994259186263,3.8852277320111136e-05,1.0,13.857579438230106,0.0721626749070774
3.0,14.7655,13.276735540039574,0.0753197197446789,2.200982654459775e-05,1.0,14.324579711817163,0.0698100761151856
4.0,14.7655,13.541361729225542,0.0738478167850547,1.4000430059956097e-05,1.0,14.537794351807818,0.0687862254617494
5.0,14.7655,13.894211225933011,0.0719724195738105,9.476585302126734e-06,1.0,14.782159603998304,0.067649113985315
6.0,14.7655,14.348151229155786,0.0696953903000392,5.80108095282027e-06,1.5,15.216762177033266,0.0657170026294624
7.5,14.7655,14.968131138096505,0.0668086076193457,3.286570351525151e-06,1.5,15.796736789128548,0.0633042136074717
9.0,14.7655,15.77498151174317,0.0633915164499928,2.064122744856737e-06,1.5,16.185034142861625,0.0617854736155158
10.5,14.7655,16.782811846017616,0.0595847709653784,1.3931491267404878e-06,1.5,16.523859966526665,0.0605185472417315
12.0,14.7655,17.995585237461814,0.0555691847086071,8.541994658108769e-07,1.5,17.031345839808097,0.0587152659223592
13.5,14.7655,19.4041981682587,0.0515352395048096,nan,1.5,nan,nan
15.0,14.7655,20.98454793228768,0.0476541121222516,nan,1.5,nan,nan
16.5,14.7655,22.697257852515573,0.0440581856406573,nan,1.5,nan,nan
18.0,14.7655,24.489623176253406,0.0408336213588479,nan,1.5,nan,nan
19.5,14.7655,26.29988015643944,0.0380229869509558,nan,nan,nan,nan
Name:	20.6913808111479_12_80_0.08
Lambda:	20.6913808111479	Maximal Depth:	20	Filter time:	12 to 80 [us]
Chi2:	0.1607015804682513	RelRMS:	3.2070081306364164	AbsRMS:	9.207740608746504e-07	Phi model:	0.0419893232420779
depth_vector,start_model,resistivity_model,conductivity_model,E/I[V/A],modelled_thickness,rhoa,sigma
0.0,14.7655,12.80148216657251,0.0781159546205688,9.320399087303828e-05,1.0,13.3817614099421,0.0747285779028343
1.0,14.7655,12.869620847523503,0.0777023668255486,6.35231968448998e-05,1.0,13.489172510065067,0.0741335318570387
2.0,14.7655,13.009029438971154,0.0768696853743984,3.8872861951786506e-05,1.0,13.852686935926986,0.0721881613744187
3.0,14.7655,13.225148684121944,0.075613516632943,2.200663930936981e-05,1.0,14.325962770279734,0.0698033365041666
4.0,14.7655,13.525456732668813,0.0739346566822133,1.3996660018582065e-05,1.0,14.540404766290612,0.0687738763860498
5.0,14.7655,13.919118164385305,0.071843631772499,9.47427989914882e-06,1.0,14.78455749620051,0.0676381420449675
6.0,14.7655,14.41656606738043,0.0693646458751814,5.800216605814265e-06,1.5,15.218273871863412,0.0657104746845743
7.5,14.7655,15.077210807256863,0.0663252648506238,3.2871888182461032e-06,1.5,15.794755346843772,0.0633121550818973
9.0,14.7655,15.914753221224728,0.0628347789060498,2.0656663844244304e-06,1.5,16.17696992623142,0.061816273663121
10.5,14.7655,16.936230568570384,0.0590450157106246,1.3950267306694467e-06,1.5,16.50903003411909,0.0605729105788351
12.0,14.7655,18.13898345470483,0.0551298810375519,8.560263630697381e-07,1.5,17.00710546738501,0.0587989532914773
13.5,14.7655,19.50826608020525,0.0512603219521741,nan,1.5,nan,nan
15.0,14.7655,21.0160240664358,0.0475827395723759,nan,1.5,nan,nan
16.5,14.7655,22.621394316174705,0.0442059400063143,nan,1.5,nan,nan
18.0,14.7655,24.27325293335635,0.041197609679492,nan,1.5,nan,nan
19.5,14.7655,25.914660521875955,0.0385881960196177,nan,nan,nan,nan
Name:	26.366508987303583_12_80_0.08
Lambda:	26.366508987303583	Maximal Depth:	20	Filter time:	12 to 80 [us]
Chi2:	0.169632429789916	RelRMS:	3.294916616024542	AbsRMS:	9.632508123660049e-07	Phi model:	0.0397915000054674
depth_vector,start_model,resistivity_model,conductivity_model,E/I[V/A],modelled_thickness,rhoa,sigma
0.0,14.7655,12.705068348026495,0.0787087461953978,9.333496888702192e-05,1.0,13.369239295638147,0.074798571398618
1.0,14.7655,12.783042484500996,0.078228637760726,6.35784411488133e-05,1.0,13.481357409083907,0.0741765068350007
2.0,14.7655,12.93991388934796,0.0772802669748206,3.888032564988443e-05,1.0,13.850914049860924,0.0721974012978617
3.0,14.7655,13.182356781567538,0.0758589694217856,2.1998637631184864e-05,1.0,14.329436464046776,0.0697864150142293
4.0,14.7655,13.51537534369753,0.073989806022392,1.3990792094052971e-05,1.0,14.544470108416204,0.0687546533181258
5.0,14.7655,13.946477484777471,0.0717026934644605,9.471073585966692e-06,1.0,14.787894058973947,0.0676228809871109
6.0,14.7655,14.483536842089595,0.0690439090190988,5.799220550056839e-06,1.5,15.220016383670334,0.0657029516126478
7.5,14.7655,15.180719029370463,0.0658730326320695,3.287981964087993e-06,1.5,15.792215177143158,0.0633223388095261
9.0,14.7655,16.044816639885664,0.0623254239948189,2.0674049777026613e-06,1.5,16.167899258751817,0.0618509544125648
10.5,14.7655,17.07592454970584,0.0585619828132367,1.397073392039568e-06,1.5,16.492902678466944,0.0606321409575523
12.0,14.7655,18.265639221466245,0.0547476049359813,8.579876869262868e-07,1.5,16.981177229569596,0.0588887322993534
13.5,14.7655,19.59361914879828,0.0510370234516542,nan,1.5,nan,nan
15.0,14.7655,21.02927772453768,0.0475527506507351,nan,1.5,nan,nan
16.5,14.7655,22.53101935073253,0.0443832560095638,nan,1.5,nan,nan
18.0,14.7655,24.050404491802908,0.0415793422659826,nan,1.5,nan,nan
19.5,14.7655,25.53585493051165,0.039160623473199,nan,nan,nan,nan
Name:	33.59818286283781_12_80_0.08
Lambda:	33.59818286283781	Maximal Depth:	20	Filter time:	12 to 80 [us]
Chi2:	0.1778611757469611	RelRMS:	3.37388726068396	AbsRMS:	9.781517817647944e-07	Phi model:	0.0378520802402422
depth_vector,start_model,resistivity_model,conductivity_model,E/I[V/A],modelled_thickness,rhoa,sigma
0.0,14.7655,12.633361402161423,0.0791554969549839,9.338716612428568e-05,1.0,13.364257152244209,0.0748264560168294
1.0,14.7655,12.717852799038186,0.078629625283572,6.358801137214682e-05,1.0,13.480004713452608,0.0741839503217704
2.0,14.7655,12.889688791408805,0.0775813920865581,3.8866627761667366e-05,1.0,13.85416820628608,0.0721804431063763
3.0,14.7655,13.152823395297116,0.0760293033629233,2.1982747564544705e-05,1.0,14.336340917250698,0.0697528055291092
4.0,14.7655,13.512202810075472,0.0740071781082461,1.3981270055987406e-05,1.0,14.551073098557207,0.0687234538117435
5.0,14.7655,13.973559444998598,0.0715637274766036,9.466093448272446e-06,1.0,14.7930802386791,0.0675991736585951
6.0,14.7655,14.543107494895624,0.0687610952714873,5.797706968086117e-06,1.5,15.22266521711262,0.0656915189119344
7.5,14.7655,15.270037251067704,0.065487724984435,3.288801710247416e-06,1.5,15.789590888880412,0.0633328632158693
9.0,14.7655,16.155007332055327,0.0619003123579996,2.0692487147829485e-06,1.5,16.158293909818,0.0618877219080899
10.5,14.7655,17.192039722184422,0.0581664547173894,1.3992220562518109e-06,1.5,16.47601387202906,0.0606942921854221
12.0,14.7655,18.366588225409373,0.0544466935136349,8.600387852290725e-07,1.5,16.954167654805765,0.0589825475576528
13.5,14.7655,19.654452558235345,0.0508790563887261,nan,1.5,nan,nan
15.0,14.7655,21.021976183955847,0.0475692670969349,nan,1.5,nan,nan
16.5,14.7655,22.42778449216865,0.0445875516749851,nan,1.5,nan,nan
18.0,14.7655,23.8259852455453,0.0419709820892702,nan,1.5,nan,nan
19.5,14.7655,25.170360789786685,0.0397292676235998,nan,nan,nan,nan
Name:	42.81332398719393_12_80_0.08
Lambda:	42.81332398719393	Maximal Depth:	20	Filter time:	12 to 80 [us]
Chi2:	0.1855570698485754	RelRMS:	3.44610685706477	AbsRMS:	9.648321692423348e-07	Phi model:	0.0360401625010999
depth_vector,start_model,resistivity_model,conductivity_model,E/I[V/A],modelled_thickness,rhoa,sigma
0.0,14.7655,12.580270424471342,0.0794895472242619,9.335883600410176e-05,1.0,13.366960641144802,0.0748113222479239
1.0,14.7655,12.670908664470856,0.0789209382278946,6.354987802016181e-05,1.0,13.485396660542795,0.0741542889076389
2.0,14.7655,12.854942764884177,0.0777910892556984,3.88299265634977e-05,1.0,13.862896603052343,0.0721349966485228
3.0,14.7655,13.135761670079914,0.0761280559982873,2.195772497388753e-05,1.0,14.347230457375211,0.0696998631875986
4.0,14.7655,13.517318662051622,0.0739791688722549,1.3967373345360256e-05,1.0,14.560723137042324,0.0686779077239653
5.0,14.7655,14.003954814273518,0.0714083995030283,9.458927461438251e-06,1.0,14.800550686619566,0.0675650535695303
6.0,14.7655,14.600112078706594,0.0684926248928212,5.795487245069309e-06,1.5,15.226551912894266,0.0656747506408967
7.5,14.7655,15.350426750160212,0.0651447686944314,3.289600713860401e-06,1.5,15.787034053562124,0.0633431204751448
9.0,14.7655,16.24995238542806,0.0615386418545286,2.0712121299148507e-06,1.5,16.148080742754342,0.0619268639989121
10.5,14.7655,17.287131118062877,0.0578464982518195,1.4015114595968766e-06,1.5,16.45806633500091,0.0607604793689115
12.0,14.7655,18.44247874965501,0.0542226461840823,8.62225890370588e-07,1.5,16.925485116073908,0.0590825015142587
13.5,14.7655,19.68817690307533,0.0507919044471709,nan,1.5,nan,nan
15.0,14.7655,20.98890482888348,0.0476442200368581,nan,1.5,nan,nan
16.5,14.7655,22.30401151135717,0.0448349840337376,nan,1.5,nan,nan
18.0,14.7655,23.590800643711976,0.0423894048829811,nan,1.5,nan,nan
19.5,14.7655,24.80838267527822,0.0403089557706842,nan,nan,nan,nan
Name:	54.5559478116852_12_80_0.08
Lambda:	54.5559478116852	Maximal Depth:	20	Filter time:	12 to 80 [us]
Chi2:	0.1927294793286684	RelRMS:	3.512077259548083	AbsRMS:	9.171256083495852e-07	Phi model:	0.0342762571815798
depth_vector,start_model,resistivity_model,conductivity_model,E/I[V/A],modelled_thickness,rhoa,sigma
0.0,14.7655,12.5502084490575,0.0796799514573081,9.323144796084287e-05,1.0,13.37913395434212,0.0747432534432063
1.0,14.7655,12.64558490021649,0.0790789835259324,6.345282485676624e-05,1.0,13.499144059947668,0.0740787708879281
2.0,14.7655,12.839007005052034,0.0778876434607839,3.876457255156598e-05,1.0,13.878473395090513,0.0720540344411186
3.0,14.7655,13.133379457471788,0.0761418645702103,2.1921131056041303e-05,1.0,14.36319299769073,0.0696224022166085
4.0,14.7655,13.531800707381928,0.0738999946588391,1.394783072228854e-05,1.0,14.574320869983929,0.068613831747009
5.0,14.7655,14.037399308254956,0.0712382670066193,9.448871060348224e-06,1.0,14.811050274975278,0.0675171565442322
6.0,14.7655,14.653054637864663,0.0682451560247322,5.792263250572659e-06,1.5,15.23220149114468,0.0656503920711234
7.5,14.7655,15.419228439679626,0.064854088121985,3.290294907945646e-06,1.5,15.784813451989947,0.063352031561319
9.0,14.7655,16.326101651715923,0.0612516093145173,2.0732756923714943e-06,1.5,16.137364012869714,0.0619679892702729
10.5,14.7655,17.357308936429302,0.0576126174663638,1.4039453103427564e-06,1.5,16.43903992460802,0.0608308030509174
12.0,14.7655,18.489234501883573,0.0540855274402045,8.645657747663967e-07,1.5,16.894932928087588,0.0591893441812671
13.5,14.7655,19.69124287111868,0.0507839960405297,nan,1.5,nan,nan
15.0,14.7655,20.927057119548888,0.0477850275023073,nan,1.5,nan,nan
16.5,14.7655,22.15723973080393,0.0451319754693883,nan,1.5,nan,nan
18.0,14.7655,23.34243650829601,0.0428404292604414,nan,1.5,nan,nan
19.5,14.7655,24.44681535291579,0.0409051234512117,nan,nan,nan,nan
Name:	69.51927961775606_12_80_0.08
Lambda:	69.51927961775606	Maximal Depth:	20	Filter time:	12 to 80 [us]
Chi2:	0.2000205464331744	RelRMS:	3.577892532165152	AbsRMS:	8.316942133685443e-07	Phi model:	0.0324713474523703
depth_vector,start_model,resistivity_model,conductivity_model,E/I[V/A],modelled_thickness,rhoa,sigma
0.0,14.7655,12.544373343098265,0.0797170151628328,9.29928742271904e-05,1.0,13.40200700929726,0.074615689971381
1.0,14.7655,12.643090015083494,0.0790945883329927,6.328915349154244e-05,1.0,13.522407363000143,0.073951329312574
2.0,14.7655,12.843097514542222,0.0778628363498526,3.866639606141542e-05,1.0,13.901955694948564,0.0719323253463799
3.0,14.7655,13.146869773846577,0.0760637335884567,2.1871022119634603e-05,1.0,14.385123073996647,0.0695162630765151
4.0,14.7655,13.556753722148548,0.0737639718545771,1.392162639605827e-05,1.0,14.592603721805562,0.0685278665181396
5.0,14.7655,14.074810707698363,0.0710489128960746,9.435378443108657e-06,1.0,14.82516680707066,0.0674528666701452
6.0,14.7655,14.702540111779031,0.0680154580363187,5.787824348746924e-06,1.5,15.23998859768942,0.065616846993679
7.5,14.7655,15.476581032665438,0.0646137540254765,3.290854562794209e-06,1.5,15.783023785582802,0.0633592151659469
9.0,14.7655,16.383001345978162,0.0610388767529149,2.075467013325007e-06,1.5,16.12600323823571,0.0620116457392827
10.5,14.7655,17.401453067303088,0.0574664653654111,1.4065694140156127e-06,1.5,16.418587719523963,0.0609065783904703
12.0,14.7655,18.5050394862174,0.054039333487767,8.67108940276726e-07,1.5,16.86188237805502,0.0593053597207779
13.5,14.7655,19.66111514827317,0.050861814930565,nan,1.5,nan,nan
15.0,14.7655,20.833106653826786,0.0480005222752657,nan,1.5,nan,nan
16.5,14.7655,21.98318356377493,0.0454893167360824,nan,1.5,nan,nan
18.0,14.7655,23.0753649272245,0.0433362593897785,nan,1.5,nan,nan
19.5,14.7655,24.078507088417048,0.0415308140296226,nan,nan,nan,nan
Name:	88.58667904100822_12_80_0.08
Lambda:	88.58667904100822	Maximal Depth:	20	Filter time:	12 to 80 [us]
Chi2:	0.2087123291414366	RelRMS:	3.6548035603917137	AbsRMS:	7.074862109113061e-07	Phi model:	0.0305498173323783
depth_vector,start_model,resistivity_model,conductivity_model,E/I[V/A],modelled_thickness,rhoa,sigma
0.0,14.7655,12.563706204698068,0.0795943476954324,9.263304249386236e-05,1.0,13.436691181929048,0.0744230842593819
1.0,14.7655,12.664395738227052,0.0789615249452079,6.305238726577131e-05,1.0,13.55623795047542,0.0737667783387447
2.0,14.7655,12.868236514870976,0.0777107258515466,3.853183341325893e-05,1.0,13.934302920241697,0.071765340952029
3.0,14.7655,13.177301979071594,0.0758880688617606,2.180572708991696e-05,1.0,14.41382528591009,0.0693778355269456
4.0,14.7655,13.593260064831952,0.0735658697936022,1.3887908073468692e-05,1.0,14.616213672235874,0.0684171716714529
5.0,14.7655,14.11721798253159,0.0708354862294669,9.418014344021976e-06,1.0,14.843383430211812,0.0673700847722243
6.0,14.7655,14.749450729402591,0.0677991349200909,5.7820290903272505e-06,1.5,15.250170135900383,0.0655730389293102
7.5,14.7655,15.523075180197376,0.0644202252705501,3.2912935884951147e-06,1.5,15.781620222525838,0.0633648501167613
9.0,14.7655,16.420800928841416,0.0608983693507668,2.077846133563951e-06,1.5,16.113691442478075,0.0620590262367722
10.5,14.7655,17.419134208275175,0.057408134528577,1.4094551837913714e-06,1.5,16.39616938961926,0.060989855388608
12.0,14.7655,18.48875653135897,0.0540869256568926,8.699246495989914e-07,1.5,16.825477839146792,0.059433676092893
13.5,14.7655,19.595804008368155,0.0510313330125654,nan,1.5,nan,nan
15.0,14.7655,20.70401868002036,0.0482998018623801,nan,1.5,nan,nan
16.5,14.7655,21.77750061003977,0.045918951761571,nan,1.5,nan,nan
18.0,14.7655,22.783605221301126,0.0438912099418343,nan,1.5,nan,nan
19.5,14.7655,23.695472312686228,0.0422021551967383,nan,nan,nan,nan
Name:	112.88378916846884_12_80_0.08
Lambda:	112.88378916846884	Maximal Depth:	20	Filter time:	12 to 80 [us]
Chi2:	0.22083327677947	RelRMS:	3.759432099916965	AbsRMS:	5.492915438844694e-07	Phi model:	0.0284559079643607
depth_vector,start_model,resistivity_model,conductivity_model,E/I[V/A],modelled_thickness,rhoa,sigma
0.0,14.7655,12.60897456855572,0.0793085904458719,9.214458189686368e-05,1.0,13.484134804295469,0.0741612283260059
1.0,14.7655,12.71030721810316,0.0786763044228947,6.273772575646326e-05,1.0,13.601527749711696,0.0735211528000004
2.0,14.7655,12.915296945572477,0.077427565484107,3.835821007668235e-05,1.0,13.976319109234604,0.0715495970136563
3.0,14.7655,13.225629375559702,0.0756107684257317,2.172400049686884e-05,1.0,14.44995293057586,0.0692043776754467
4.0,14.7655,13.642341724213995,0.0733011985929868,1.3846072579088951e-05,1.0,14.645640501053755,0.0682797041159142
5.0,14.7655,14.165673656370918,0.070593183512332,9.396502859570205e-06,1.0,14.866028841303928,0.0672674599703176
6.0,14.7655,14.79480705617302,0.0675912836310195,5.774826907331194e-06,1.5,15.262847190997956,0.0655185751050302
7.5,14.7655,15.559578006706388,0.0642690951881205,3.2916751145047464e-06,1.5,15.780400739091728,0.0633697468482386
9.0,14.7655,16.440066240548852,0.0608270055222487,2.0805049067120485e-06,1.5,16.099960230638704,0.0621119546678736
10.5,14.7655,17.41045348727195,0.0574367577921538,1.4126966502904232e-06,1.5,16.371078851233023,0.061083329271527
12.0,14.7655,18.439841023047464,0.0542304024611777,8.730970194040833e-07,1.5,16.784696564602953,0.0595780803156661
13.5,14.7655,19.49390721093545,0.0512980794039602,nan,1.5,nan,nan
15.0,14.7655,20.53727582974833,0.0486919496183372,nan,1.5,nan,nan
16.5,14.7655,21.5362517517963,0.0464333353605318,nan,1.5,nan,nan
18.0,14.7655,22.461457315741324,0.0445207087831823,nan,1.5,nan,nan
19.5,14.7655,23.28991461596266,0.0429370401948408,nan,nan,nan,nan
Name:	143.8449888287663_12_80_0.08
Lambda:	143.8449888287663	Maximal Depth:	20	Filter time:	12 to 80 [us]
Chi2:	0.2391910369230913	RelRMS:	3.9125728572229614	AbsRMS:	3.834125701945133e-07	Phi model:	0.0261590159058978
depth_vector,start_model,resistivity_model,conductivity_model,E/I[V/A],modelled_thickness,rhoa,sigma
0.0,14.7655,12.68074162085276,0.078859741007226,9.15238656936596e-05,1.0,13.54503249906349,0.0738278036667051
1.0,14.7655,12.78142588560933,0.0782385321442034,6.234273206935031e-05,1.0,13.658918671345583,0.0732122376640146
2.0,14.7655,12.98495272543885,0.077012217229016,3.814413299185503e-05,1.0,14.028563367861771,0.0712831366817584
3.0,14.7655,13.292621440225048,0.0752297057805228,2.1625214991083666e-05,1.0,14.493925097051187,0.0689944230637325
4.0,14.7655,13.704870839878843,0.0729667584381875,1.3795867230977558e-05,1.0,14.681150856662814,0.0681145510841314
5.0,14.7655,14.22114166750364,0.0703178425038176,9.370781451234515e-06,1.0,14.893219777725664,0.0671446480294074
6.0,14.7655,14.839636598925782,0.0673870949152749,5.766278344496456e-06,1.5,15.27792834423321,0.065453900389411
7.5,14.7655,15.58709628408915,0.0641556311563155,3.292113172106348e-06,1.5,15.77900085246327,0.0633753689064469
9.0,14.7655,16.44166290935132,0.0608210985417565,2.0835625887023373e-06,1.5,16.084204970148555,0.0621727963462258
10.5,14.7655,17.375982290921883,0.0575507032211037,1.416404188199397e-06,1.5,16.34249807072492,0.0611901556097685
12.0,14.7655,18.358381114086697,0.0544710338992081,8.767185025787624e-07,1.5,16.73844270541849,0.0597427142774927
13.5,14.7655,19.35479764640116,0.0516667762830339,nan,1.5,nan,nan
15.0,14.7655,20.331257325979266,0.0491853496302071,nan,1.5,nan,nan
16.5,14.7655,21.25650663042556,0.0470444187930977,nan,1.5,nan,nan
18.0,14.7655,22.10435283729464,0.0452399582725078,nan,1.5,nan,nan
19.5,14.7655,22.85532443903099,0.0437534808428384,nan,nan,nan,nan
Name:	183.29807108324357_12_80_0.08
Lambda:	183.2980710832436	Maximal Depth:	20	Filter time:	12 to 80 [us]
Chi2:	0.2672769099220506	RelRMS:	4.135906458687289	AbsRMS:	3.230508657335662e-07	Phi model:	0.0236580997156006
depth_vector,start_model,resistivity_model,conductivity_model,E/I[V/A],modelled_thickness,rhoa,sigma
0.0,14.7655,12.779209647391127,0.0782521006848142,9.077243071079983e-05,1.0,13.61968232886623,0.0734231515723792
1.0,14.7655,12.877993522417682,0.0776518483457244,6.186823911804482e-05,1.0,13.728666946251204,0.0728402840505256
2.0,14.7655,13.077524156810002,0.0764670734314231,3.788998355799995e-05,1.0,14.091225090676334,0.0709661504635012
3.0,14.7655,13.378711737768102,0.0747456122533083,2.150958876824576e-05,1.0,14.545820709490178,0.0687482693463674
4.0,14.7655,13.78142230512536,0.0725614510505273,1.3737504270802775e-05,1.0,14.722702793431049,0.067922311142909
5.0,14.7655,14.284358614658856,0.0700066434186119,9.34105845525695e-06,1.0,14.924796262253404,0.0670025896788366
6.0,14.7655,14.884850325067069,0.0671824021176708,5.756572916275997e-06,1.5,15.295095642039886,0.0653804345787426
7.5,14.7655,15.606684063923185,0.0640751101197483,3.2927700299498933e-06,1.5,15.77690233459836,0.0633837985931512
9.0,14.7655,16.4267187236371,0.0608764304560141,2.087157377106505e-06,1.5,16.06573138361414,0.062244287304587
10.5,14.7655,17.31681000513041,0.0577473564532805,1.4206947931750166e-06,1.5,16.30957777213066,0.0613136657472992
12.0,14.7655,18.24526568304758,0.0548087387364899,8.808806535897412e-07,1.5,16.6856751295198,0.0599316474902972
13.5,14.7655,19.17894609944823,0.0521405083894974,nan,1.5,nan,nan
15.0,14.7655,20.085745457304395,0.0497865514688348,nan,1.5,nan,nan
16.5,14.7655,20.93705185698132,0.0477622163249577,nan,1.5,nan,nan
18.0,14.7655,21.70976851334475,0.0460622138548051,nan,1.5,nan,nan
19.5,14.7655,22.38758537773869,0.044667613015308,nan,nan,nan,nan
Name:	233.57214690901213_12_80_0.08
Lambda:	233.57214690901213	Maximal Depth:	20	Filter time:	12 to 80 [us]
Chi2:	0.3089791424332754	RelRMS:	4.446871385112192	AbsRMS:	5.025017434284169e-07	Phi model:	0.0209844237283543
depth_vector,start_model,resistivity_model,conductivity_model,E/I[V/A],modelled_thickness,rhoa,sigma
0.0,14.7655,12.903956693824894,0.0774956103563602,8.989849412287696e-05,1.0,13.70780791626547,0.0729511243598194
1.0,14.7655,12.999635860744052,0.0769252316535859,6.131929804916028e-05,1.0,13.8104794650919,0.0724087822242271
2.0,14.7655,13.19273548045435,0.075799291320708,3.759841521772074e-05,1.0,14.163981050109475,0.070601619450223
3.0,14.7655,13.483776539055103,0.0741631987969801,2.1378401734994467e-05,1.0,14.605266274535376,0.0684684538578747
4.0,14.7655,13.87208080941747,0.0720872386586099,1.3671762500175552e-05,1.0,14.769861916808406,0.0677054400124065
5.0,14.7655,14.355677160017132,0.0696588526513511,9.307858629709238e-06,1.0,14.96026496702568,0.0668437358699279
6.0,14.7655,14.93113138506763,0.06697416118112,5.746036774810928e-06,1.5,15.3137870275407,0.0653006338798871
7.5,14.7655,15.619392248997222,0.0640229775946756,3.293845807081738e-06,1.5,15.773466967402843,0.0633976032071187
9.0,14.7655,16.396652802143358,0.0609880572618626,2.0914322102489283e-06,1.5,16.04383196048646,0.0623292491758109
10.5,14.7655,17.234674178381013,0.0580225648393393,1.425677981395187e-06,1.5,16.271550898023172,0.0614569567625843
12.0,14.7655,18.102437532880504,0.0552411794369483,8.856617730816077e-07,1.5,16.625570803364205,0.0601483108055242
13.5,14.7655,18.96831696651389,0.0527194901775086,nan,1.5,nan,nan
15.0,14.7655,19.80247701139558,0.0504987330334754,nan,1.5,nan,nan
16.5,14.7655,20.57910182736963,0.0485929856603376,nan,1.5,nan,nan
18.0,14.7655,21.27808874418105,0.0469967021955142,nan,1.5,nan,nan
19.5,14.7655,21.88596994014986,0.0456913722688386,nan,nan,nan,nan
Name:	297.63514416313194_12_80_0.08
Lambda:	297.63514416313194	Maximal Depth:	20	Filter time:	12 to 80 [us]
Chi2:	0.3680711767688095	RelRMS:	4.853509587216637	AbsRMS:	8.188179190429203e-07	Phi model:	0.0182010153759184
depth_vector,start_model,resistivity_model,conductivity_model,E/I[V/A],modelled_thickness,rhoa,sigma
0.0,14.7655,13.053616734987772,0.0766071212524332,8.891809337543575e-05,1.0,13.808384139122166,0.0724197697518264
1.0,14.7655,13.145054336012644,0.0760742386024503,6.070587242474191e-05,1.0,13.903358981386106,0.071925065111158
2.0,14.7655,13.329429701727236,0.0750219643583415,3.727469829114769e-05,1.0,14.245868754685429,0.0701957891947518
3.0,14.7655,13.606883712025631,0.0734922132917333,2.123412779227553e-05,1.0,14.671347957990909,0.0681600629242345
4.0,14.7655,13.976233973665684,0.071550032854646,1.3600037150322085e-05,1.0,14.821746310180336,0.0674684331436133
5.0,14.7655,14.434912584547252,0.0692764846439397,9.272034616392737e-06,1.0,14.99877447306394,0.0666721138980977
6.0,14.7655,14.97884318924618,0.066760829749385,5.735120201526361e-06,1.5,15.333213657663656,0.0652179003258193
7.5,14.7655,15.626249357193124,0.063994883042083,3.2955570471339138e-06,1.5,15.768006175884942,0.0634195591278602
9.0,14.7655,16.353238862376347,0.0611499659740606,2.096513767070916e-06,1.5,16.017896646606943,0.0624301693326151
10.5,14.7655,17.132114869947547,0.0583699098208919,1.4314371372503945e-06,1.5,16.22787761056445,0.0616223528423084
12.0,14.7655,17.93314563193627,0.0557626654310523,8.9111175790183e-07,1.5,16.55771420392645,0.060394809795839
13.5,14.7655,18.726722246093647,0.0533996279145218,nan,1.5,nan,nan
15.0,14.7655,19.4855983652653,0.0513199533960724,nan,1.5,nan,nan
16.5,14.7655,20.18684845599964,0.0495372025098248,nan,1.5,nan,nan
18.0,14.7655,20.81323730175075,0.0480463459625227,nan,1.5,nan,nan
19.5,14.7655,21.35383514615317,0.0468299953219479,nan,nan,nan,nan
Name:	379.26901907322497_12_80_0.08
Lambda:	379.26901907322497	Maximal Depth:	20	Filter time:	12 to 80 [us]
Chi2:	0.4475140666556953	RelRMS:	5.351719374739719	AbsRMS:	1.1929082640769895e-06	Phi model:	0.0153970952023721
depth_vector,start_model,resistivity_model,conductivity_model,E/I[V/A],modelled_thickness,rhoa,sigma
0.0,14.7655,13.2255861151456,0.075611015745822,8.785528938146644e-05,1.0,13.919522769515892,0.0718415434608164
1.0,14.7655,13.311745893499769,0.0751216262690462,6.004293167294435e-05,1.0,14.005510608782034,0.0714004671399098
2.0,14.7655,13.485314646175492,0.0741547398957877,3.692673187547922e-05,1.0,14.335222832048444,0.0697582459453896
3.0,14.7655,13.746076501773734,0.0727480310378721,2.1080403575776308e-05,1.0,14.74258660738215,0.0678307020763414
4.0,14.7655,14.09240307993518,0.0709602183763679,1.352429755985193e-05,1.0,14.87703188233432,0.067217709010051
5.0,14.7655,14.521226736498106,0.0688647053135372,9.234723132628967e-06,1.0,15.039147483333542,0.0664931307514741
6.0,14.7655,15.02796937903408,0.0665425896725026,5.724357176007936e-06,1.5,15.352427471208047,0.065136279059152
7.5,14.7655,15.628259144966904,0.0639866533261352,3.298103413477836e-06,1.5,15.75988912929687,0.0634522230325242
9.0,14.7655,16.298657170583468,0.0613547477889677,2.10248578612477e-06,1.5,15.987550178368071,0.0625486699865404
10.5,14.7655,17.012574026901508,0.0587800528255587,1.438007970054914e-06,1.5,16.178405449776257,0.0618107886530826
12.0,14.7655,17.742082905039016,0.056363168031189,8.97235912449803e-07,1.5,16.482284241575265,0.060671202203732
13.5,14.7655,18.459987694618256,0.0541712170421183,nan,1.5,nan,nan
15.0,14.7655,19.141849436619847,0.0522415560372615,nan,1.5,nan,nan
16.5,14.7655,19.767651958109603,0.0505876976243379,nan,1.5,nan,nan
18.0,14.7655,20.322863688487413,0.0492056638930508,nan,1.5,nan,nan
19.5,14.7655,20.798793322548672,0.0480797123415744,nan,nan,nan,nan
Name:	483.2930238571752_12_80_0.08
Lambda:	483.2930238571752	Maximal Depth:	20	Filter time:	12 to 80 [us]
Chi2:	0.5487129217029875	RelRMS:	5.926012739523195	AbsRMS:	1.5954308760012096e-06	Phi model:	0.0126767712845751
depth_vector,start_model,resistivity_model,conductivity_model,E/I[V/A],modelled_thickness,rhoa,sigma
0.0,14.7655,13.415860484376088,0.0745386403775281,8.674099575351759e-05,1.0,14.038477789429797,0.0712327942530168
1.0,14.7655,13.495851065539622,0.0740968461450649,5.934967908427035e-05,1.0,14.114363224925963,0.0708498133471583
2.0,14.7655,13.65683227366047,0.0732234225303235,3.65645914723862e-05,1.0,14.429719198595508,0.0693014178749461
3.0,14.7655,13.898271695578982,0.0719513923675918,2.092178146242202e-05,1.0,14.817008415230848,0.0674900068877648
4.0,14.7655,14.21817390547818,0.0703325199598737,1.3446930159771683e-05,1.0,14.934040996903862,0.0669611125486612
5.0,14.7655,14.613090480650351,0.0684317941727748,9.197237303398964e-06,1.0,15.079983851317644,0.0663130683599918
6.0,14.7655,15.078101247885972,0.0663213479973286,5.714297482763395e-06,1.5,15.370440234550038,0.0650599452416578
7.5,14.7655,15.626400838244844,0.0639942626809207,3.301626788097201e-06,1.5,15.748674884955646,0.063497405801124
9.0,14.7655,16.23548886804669,0.0615934640544218,2.1093613666031306e-06,1.5,15.952789739061172,0.0626849608348721
10.5,14.7655,16.880361667193196,0.0592404368884755,1.445358355027789e-06,1.5,16.123508554444076,0.0620212403909056
12.0,14.7655,17.535301966331936,0.0570278174804184,9.039812729734532e-07,1.5,16.400189859117642,0.0609749038633264
13.5,14.7655,18.175798700062515,0.0550182149627658,nan,1.5,nan,nan
15.0,14.7655,18.780325062260285,0.0532472146613444,nan,1.5,nan,nan
16.5,14.7655,19.33170854522096,0.0517284852324763,nan,1.5,nan,nan
18.0,14.7655,19.81791318653104,0.0504593995638065,nan,1.5,nan,nan
19.5,14.7655,20.232185091083025,0.0494261986779041,nan,nan,nan,nan
Name:	615.8482110660261_12_80_0.08
Lambda:	615.8482110660261	Maximal Depth:	20	Filter time:	12 to 80 [us]
Chi2:	0.6709457548327442	RelRMS:	6.552902281378505	AbsRMS:	2.00792877651061e-06	Phi model:	0.0101433589689664
depth_vector,start_model,resistivity_model,conductivity_model,E/I[V/A],modelled_thickness,rhoa,sigma
0.0,14.7655,13.619099246434802,0.0734262950805486,8.561035756359008e-05,1.0,14.161809480743663,0.0706124454900863
1.0,14.7655,13.692222849593428,0.0730341604124339,5.864787963332083e-05,1.0,14.226737863252218,0.0702901824446353
2.0,14.7655,13.83923482978826,0.072258330196663,3.6199607799863374e-05,1.0,14.526548999123342,0.0688394745414309
3.0,14.7655,14.059342560980836,0.0711270812033074,2.076327725751496e-05,1.0,14.892320229876452,0.06714870379928
4.0,14.7655,14.35028110164053,0.0696850460919319,1.337048038544326e-05,1.0,14.990913489157444,0.0667070756377371
5.0,14.7655,14.708358175461116,0.0679885537237163,9.160908938543344e-06,1.0,15.119824855247504,0.0661383322607033
6.0,14.7655,15.12848439400266,0.0661004747042887,5.705423886885641e-06,1.5,15.386373113810578,0.064992574442538
7.5,14.7655,15.621621208380388,0.0640138425238181,3.3061729172707275e-06,1.5,15.734234840029384,0.0635556803471564
9.0,14.7655,16.166621374365473,0.0618558433975354,2.117062252897707e-06,1.5,15.914080368959173,0.0628374355800368
10.5,14.7655,16.74044163339558,0.0597355805718467,1.453375946925438e-06,1.5,16.06415668962129,0.062250388820353
12.0,14.7655,17.31985209594475,0.0577372136009255,9.112301973840188e-07,1.5,16.31309739973281,0.0613004370351138
13.5,14.7655,17.883166987254896,0.0559185070917632,nan,1.5,nan,nan
15.0,14.7655,18.411759643025096,0.0543131139765247,nan,1.5,nan,nan
16.5,14.7655,18.89115117251424,0.0529348365733769,nan,1.5,nan,nan
18.0,14.7655,19.311550662166503,0.0517824807284436,nan,1.5,nan,nan
19.5,14.7655,19.66784005157731,0.0508444240637294,nan,nan,nan,nan
Name:	784.7599703514607_12_80_0.08
Lambda:	784.7599703514607	Maximal Depth:	20	Filter time:	12 to 80 [us]
Chi2:	0.8111801216341235	RelRMS:	7.205243076023453	AbsRMS:	2.415082628192336e-06	Phi model:	0.0078829010793353
depth_vector,start_model,resistivity_model,conductivity_model,E/I[V/A],modelled_thickness,rhoa,sigma
0.0,14.7655,13.828965954678816,0.0723119865416738,8.449909694880115e-05,1.0,14.285701667890734,0.07000006182739
1.0,14.7655,13.894761321002033,0.071969570178114,5.795956199073642e-05,1.0,14.33915226122154,0.0697391297464897
2.0,14.7655,14.026906047285342,0.0712915589959007,3.5843136499425704e-05,1.0,14.622704130199526,0.0683868039109641
3.0,14.7655,14.224415541176356,0.0703016582372213,2.060979858928268e-05,1.0,14.966162969735018,0.0668173934776887
4.0,14.7655,14.4848645054831,0.0690375805463323,1.3297347351625515e-05,1.0,15.04582812565694,0.0664636064993157
5.0,14.7655,14.804462142983896,0.0675472023462816,9.126917084161895e-06,1.0,15.157342627099824,0.0659746252758118
6.0,14.7655,15.178124196025154,0.0658842942042785,5.6980767786604764e-06,1.5,15.399596413915694,0.064936766725676
7.5,14.7655,15.614813988389391,0.0640417491200064,3.3116687343325645e-06,1.5,15.716822387641871,0.0636260928154471
9.0,14.7655,16.095063307072166,0.0621308522322245,2.1254138169014503e-06,1.5,15.87236467959679,0.0630025846927178
10.5,14.7655,16.598047154728437,0.0602480515134047,1.4618698124960048e-06,1.5,16.001871498032617,0.0624926903158138
12.0,14.7655,17.10316877843876,0.0584686974065681,9.188053857564778e-07,1.5,16.223310366038024,0.0616397009881168
13.5,14.7655,17.591578775799626,0.0568453811192705,nan,1.5,nan,nan
15.0,14.7655,18.04743091535992,0.0554095485772943,nan,1.5,nan,nan
16.5,14.7655,18.458717374866875,0.0541749450783392,nan,1.5,nan,nan
18.0,14.7655,18.817610164490564,0.053141710943031,nan,1.5,nan,nan
19.5,14.7655,19.120332318323392,0.052300346215305,nan,nan,nan,nan
Name:	1000.0_12_80_0.08
Lambda:	1000	Maximal Depth:	20	Filter time:	12 to 80 [us]
Chi2:	0.9643846608847236	RelRMS:	7.856247087294436	AbsRMS:	2.803966764324872e-06	Phi model:	0.0059514712051415
depth_vector,start_model,resistivity_model,conductivity_model,E/I[V/A],modelled_thickness,rhoa,sigma
0.0,14.7655,14.03870991318576,0.0712316164507934,8.343964596943236e-05,1.0,14.40637293187601,0.0694137243793937
1.0,14.7655,14.096978483724811,0.0709371870826444,5.730461524859545e-05,1.0,14.448202023173874,0.0692127642177256
2.0,14.7655,14.21389087783958,0.0703537130399015,3.550530260109999e-05,1.0,14.71531459710333,0.0679564132592073
3.0,14.7655,14.388343889028178,0.069500701937111,2.0465590963334005e-05,1.0,15.036385166236371,0.0665053461283674
4.0,14.7655,14.617862428256853,0.0684094548644105,1.3229508031603095e-05,1.0,15.097219726528833,0.0662373614555533
5.0,14.7655,14.8986979675041,0.0671199592193306,9.096148781286876e-06,1.0,15.191503837944888,0.0658262678051813
6.0,14.7655,15.22593259205475,0.0656774219873942,5.6924095106081365e-06,1.5,15.40981577306442,0.0648937024768297
7.5,14.7655,15.60678936396234,0.0640746778007462,3.31792540823493e-06,1.5,15.697057835669169,0.0637062059953459
9.0,14.7655,16.023702005882136,0.0624075509912072,2.1341607797333742e-06,1.5,15.828965889341845,0.0631753209268921
10.5,14.7655,16.458199847342993,0.0607599864672587,1.4705888657753637e-06,1.5,15.938559262114609,0.0627409280572156
12.0,14.7655,16.89233870618067,0.0591984341181907,9.264875745555758e-07,1.5,16.13350638788112,0.0619828062144731
13.5,14.7655,17.31000254656154,0.0577700666022513,nan,1.5,nan,nan
15.0,14.7655,17.69791872804012,0.0565038191985606,nan,1.5,nan,nan
16.5,14.7655,18.04627663875942,0.0554130926848489,nan,1.5,nan,nan
18.0,14.7655,18.348915009995498,0.0544991352052834,nan,1.5,nan,nan
19.5,14.7655,18.60312117978637,0.0537544205800568,nan,nan,nan,nan
Name:	58.06735210785115_12_80_0.08
Lambda:	58.06735210785115	Maximal Depth:	20	Filter time:	12 to 80 [us]
Chi2:	0.1945553788918487	RelRMS:	3.5286745739835963	AbsRMS:	8.988403171455864e-07	Phi model:	0.0338189935192322
depth_vector,start_model,resistivity_model,conductivity_model,E/I[V/A],modelled_thickness,rhoa,sigma
0.0,14.7655,12.5463504258047,0.0797044531725537,9.3181118441263e-05,1.0,13.383951130419074,0.0747163517152418
1.0,14.7655,12.642719088155124,0.0790969089028398,6.341735321148143e-05,1.0,13.50417730083097,0.0740511604463654
2.0,14.7655,12.838102276312396,0.0778931323709035,3.874259827991268e-05,1.0,13.88372068594945,0.0720268019373233
3.0,14.7655,13.135289731335002,0.0761307912085442,2.1909599653558528e-05,1.0,14.368232287518524,0.0695979839404939
4.0,14.7655,13.537177948175218,0.0738706400867544,1.394176118484239e-05,1.0,14.578550511078504,0.0685939249749199
5.0,14.7655,14.04660830626929,0.0711915629877484,9.445746807096734e-06,1.0,14.814316007331872,0.0675022727681171
6.0,14.7655,14.666088654707142,0.0681845053267863,5.7912440451561e-06,1.5,15.233988589830435,0.065642690625852
7.5,14.7655,15.4350651761805,0.0647875463165006,3.2904520657496e-06,1.5,15.784310840937136,0.0633540488449116
9.0,14.7655,16.342587384693417,0.0611898211990964,2.073825604615674e-06,1.5,16.13451114479332,0.0619789463111626
10.5,14.7655,17.37118509351656,0.0575665963269961,1.4046000319760385e-06,1.5,16.433931076940567,0.0608497136393105
12.0,14.7655,18.49631597458648,0.0540648203336262,8.651983771313163e-07,1.5,16.88669660706828,0.0592182132046731
13.5,14.7655,19.68675045151092,0.0507955846986038,nan,1.5,nan,nan
15.0,14.7655,20.906074214508152,0.0478329881420793,nan,1.5,nan,nan
16.5,14.7655,22.11522896957708,0.0452177095419475,nan,1.5,nan,nan
18.0,14.7655,23.275729146705025,0.042963208314424,nan,1.5,nan,nan
19.5,14.7655,24.352986806636007,0.0410627249930389,nan,nan,nan,nan
Name:	172.21381097981777_12_80_0.08
Lambda:	172.21381097981777	Maximal Depth:	20	Filter time:	12 to 80 [us]
Chi2:	0.2589062606465351	RelRMS:	4.070626571104043	AbsRMS:	3.168001191332362e-07	Phi model:	0.0243200564426303
depth_vector,start_model,resistivity_model,conductivity_model,E/I[V/A],modelled_thickness,rhoa,sigma
0.0,14.7655,12.751326437443,0.0784232138441377,9.097798113373844e-05,1.0,13.599160244500569,0.0735339522456465
1.0,14.7655,12.85071662376036,0.0778166719629509,6.199775039558598e-05,1.0,13.70954112533156,0.0729419016185937
2.0,14.7655,13.051512864151638,0.0766194701264619,3.795911591627119e-05,1.0,14.07411096613034,0.0710524453307581
3.0,14.7655,13.354725721998408,0.0748798605689641,2.154090419454916e-05,1.0,14.53171981533936,0.0688149794179504
4.0,14.7655,13.760366196317516,0.0726724845642273,1.3753271180378078e-05,1.0,14.711448457583144,0.0679742720700313
5.0,14.7655,14.267321154685826,0.0700902425310282,9.349066861604084e-06,1.0,14.916271995935665,0.0670408799378609
6.0,14.7655,14.873134802632547,0.0672353214887153,5.759165452426701e-06,1.5,15.290505154716532,0.0654000629725132
7.5,14.7655,15.60234225598467,0.0640929408926678,3.292569467260087e-06,1.5,15.777543014747383,0.0633812247613771
9.0,14.7655,16.432072214252678,0.0608565972058369,2.0861728885189635e-06,1.5,16.070785386423374,0.0622247124801256
10.5,14.7655,17.334315107403036,0.0576890401382472,1.4195284960232466e-06,1.5,16.318509944730113,0.0612801048249469
12.0,14.7655,18.277314635740485,0.0547126325682736,8.797531247883336e-07,1.5,16.699928797072502,0.0598804948303312
13.5,14.7655,19.22763418320832,0.052008478550799,nan,1.5,nan,nan
15.0,14.7655,20.15264574292763,0.0496212761716877,nan,1.5,nan,nan
16.5,14.7655,21.02304077217161,0.0475668582312654,nan,1.5,nan,nan
18.0,14.7655,21.81493476866184,0.045840155407503,nan,1.5,nan,nan
19.5,14.7655,22.511235441078306,0.0444222620574261,nan,nan,nan,nan
Name:	337.1817380817165_12_80_0.08
Lambda:	337.1817380817165	Maximal Depth:	20	Filter time:	12 to 80 [us]
Chi2:	0.4062862549207145	RelRMS:	5.09924703411452	AbsRMS:	1.0064522878526838e-06	Phi model:	0.0167539894839233
depth_vector,start_model,resistivity_model,conductivity_model,E/I[V/A],modelled_thickness,rhoa,sigma
0.0,14.7655,13.139563735447089,0.0761060275770239,8.83795375181123e-05,1.0,13.86442315798763,0.0721270541590384
1.0,14.7655,13.228406213009825,0.0755948966109404,6.036970784039807e-05,1.0,13.954924467036436,0.0716592914825261
2.0,14.7655,13.40746268079993,0.0745853278735613,3.709803244721455e-05,1.0,14.291060102264128,0.0699738152974089
3.0,14.7655,13.676686440575969,0.0731171255804477,2.1155914823037883e-05,1.0,14.707485489409423,0.0679925879049876
4.0,14.7655,14.034656979080369,0.0712521867467491,1.356141133316412e-05,1.0,14.84987664873974,0.0673406267037825
5.0,14.7655,14.478535650619849,0.0690677582409508,9.252935499265566e-06,1.0,15.01940683648297,0.066580525508567
6.0,14.7655,15.003969037727211,0.0666490311653881,5.729525956486803e-06,1.5,15.343192819687438,0.0651754828184692
7.5,14.7655,15.627826845267506,0.0639884233362122,3.2967525878368546e-06,1.5,15.764193852040572,0.0634348961568089
9.0,14.7655,16.326385952255606,0.0612505427057996,2.0994736236666527e-06,1.5,16.002838324848053,0.0624889147600317
10.5,14.7655,17.072453992682494,0.0585738875283315,1.4347180650641793e-06,1.5,16.20312812166261,0.0617164779844615
12.0,14.7655,17.83717031904572,0.0560627040115351,8.941815660887756e-07,1.5,16.519796375704058,0.0605334337819512
13.5,14.7655,18.59212596246786,0.0537862104645112,nan,1.5,nan,nan
15.0,14.7655,19.311499249600423,0.0517826185877666,nan,1.5,nan,nan
16.5,14.7655,19.973864961220524,0.0500654230886967,nan,1.5,nan,nan
18.0,14.7655,20.56340264455504,0.0486300841006383,nan,1.5,nan,nan
19.5,14.7655,21.070372138349164,0.0474600065643809,nan,nan,nan,nan
Name:	113.6915244958074_12_80_0.08
Lambda:	113.6915244958074	Maximal Depth:	20	Filter time:	12 to 80 [us]
Chi2:	0.2212686404512691	RelRMS:	3.763136057715855	AbsRMS:	5.442825637414136e-07	Phi model:	0.0283913185634855
depth_vector,start_model,resistivity_model,conductivity_model,E/I[V/A],modelled_thickness,rhoa,sigma
0.0,14.7655,12.610705365743213,0.0792977054809705,9.212821687963554e-05,1.0,13.485731575790506,0.074152447301798
1.0,14.7655,12.712037192512712,0.0786655974062907,6.27272578581962e-05,1.0,13.603040919093765,0.0735129744847242
2.0,14.7655,12.917020810355051,0.0774172322458705,3.835249303727985e-05,1.0,13.977708000815776,0.0715424875052217
3.0,14.7655,13.227330495962462,0.0756010443910237,2.172133926898089e-05,1.0,14.45113314732224,0.0691987257888698
4.0,14.7655,13.643985456760593,0.0732923677739996,1.3844715376703832e-05,1.0,14.646597630323331,0.0682752421579239
5.0,14.7655,14.167200939844848,0.0705855732721012,9.39580600394082e-06,1.0,14.866763874773817,0.0672641341735989
6.0,14.7655,14.79612846101699,0.0675852472242773,5.774594053225384e-06,1.5,15.263257493172985,0.0655168138549247
7.5,14.7655,15.560510651764876,0.0642652431131223,3.2916865096295334e-06,1.5,15.78036432012355,0.0633698930971303
9.0,14.7655,16.44036055201796,0.0608259166114976,2.0805885174573218e-06,1.5,16.099528897972146,0.0621136187485558
10.5,14.7655,17.40980364185759,0.0574389016999448,1.412798492297608e-06,1.5,16.370292098995964,0.0610862649214019
12.0,14.7655,18.43790712326771,0.0542360905342695,8.731966793618479e-07,1.5,16.783419422800318,0.0595826139363172
13.5,14.7655,19.49034699989524,0.0513074497855464,nan,1.5,nan,nan
15.0,14.7655,20.53178109752266,0.0487049805981351,nan,1.5,nan,nan
16.5,14.7655,21.52858290375005,0.0464498757057442,nan,1.5,nan,nan
18.0,14.7655,22.45146965296632,0.0445405140713306,nan,1.5,nan,nan
19.5,14.7655,23.277571801785044,0.0429598073422467,nan,nan,nan,nan
Name:	222.5994861651886_12_80_0.08
Lambda:	222.5994861651886	Maximal Depth:	20	Filter time:	12 to 80 [us]
Chi2:	0.2994301741022345	RelRMS:	4.3776170621175865	AbsRMS:	4.517110516386895e-07	Phi model:	0.0215263477219281
depth_vector,start_model,resistivity_model,conductivity_model,E/I[V/A],modelled_thickness,rhoa,sigma
0.0,14.7655,12.877147815433757,0.0776569481326805,9.008107863085466e-05,1.0,13.689278833655043,0.0730498671370111
1.0,14.7655,12.973540100367044,0.0770799637002477,6.143378969812631e-05,1.0,13.7933154460342,0.0724988857039092
2.0,14.7655,13.168107124300771,0.0759410589965944,3.765905859131399e-05,1.0,14.148771211737929,0.0706775157386383
3.0,14.7655,13.461443087032736,0.0742862406010013,2.1405580665622287e-05,1.0,14.59290066528171,0.0685264720796134
4.0,14.7655,13.852976895060344,0.0721866503911211,1.368534181013562e-05,1.0,14.760090015412674,0.0677502643246611
5.0,14.7655,14.340870932952312,0.0697307719088531,9.314689267185256e-06,1.0,14.952950309707417,0.0668764343683268
6.0,14.7655,14.921835898503051,0.0670158824156697,5.748174206121776e-06,1.5,15.309990552858237,0.0653168267183097
7.5,14.7655,15.617371680933603,0.0640312608568345,3.293588427063675e-06,1.5,15.774288709894153,0.0633943005856591
9.0,14.7655,16.403750037932607,0.0609616702087976,2.090522916662201e-06,1.5,16.04848390538942,0.0623111819094748
10.5,14.7655,17.252697391732852,0.0579619509514599,1.424629065676607e-06,1.5,16.279536785817214,0.0614268091995838
12.0,14.7655,18.13301577077547,0.0551480246110895,8.846604589537317e-07,1.5,16.638113679679268,0.0601029671543437
13.5,14.7655,19.01274145771977,0.0525963077036409,nan,1.5,nan,nan
15.0,14.7655,19.861557842769283,0.0503485178713741,nan,1.5,nan,nan
16.5,14.7655,20.65307625461112,0.0484189370954718,nan,1.5,nan,nan
18.0,14.7655,21.36660483073888,0.0468020075216329,nan,1.5,nan,nan
19.5,14.7655,21.98814180964033,0.0454790590608964,nan,nan,nan,nan
Name:	146.954967142964_12_80_0.08
Lambda:	146.954967142964	Maximal Depth:	20	Filter time:	12 to 80 [us]
Chi2:	0.2412231126118953	RelRMS:	3.929157569652978	AbsRMS:	3.709931672014546e-07	Phi model:	0.0259462900949969
depth_vector,start_model,resistivity_model,conductivity_model,E/I[V/A],modelled_thickness,rhoa,sigma
0.0,14.7655,12.68835817747042,0.0788124031504415,9.1462740979099e-05,1.0,13.551066606833787,0.0737949291383234
1.0,14.7655,12.788924491197893,0.0781926580838177,6.230401445198832e-05,1.0,13.664576798230875,0.0731819224821853
2.0,14.7655,12.992199341109702,0.0769692623816059,3.81232947764057e-05,1.0,14.033674916286843,0.071257172904828
3.0,14.7655,13.299447808718709,0.0751910917191938,2.161567771569281e-05,1.0,14.498188126067692,0.0689741360302811
4.0,14.7655,13.7110571493915,0.0729338364725859,1.3791037688733662e-05,1.0,14.684578159822909,0.0680986535068474
5.0,14.7655,14.226400556076706,0.070291849020999,9.368314013966851e-06,1.0,14.89583472512699,0.0671328608603016
6.0,14.7655,14.843599419503384,0.0673691044697739,5.765464568639301e-06,1.5,15.279365929083411,0.06544774204907
7.5,14.7655,15.589128519705136,0.0641472676766997,3.292159635944884e-06,1.5,15.77885238767551,0.0633759652115813
9.0,14.7655,16.44099101837753,0.0608235841064697,2.083856118070145e-06,1.5,16.082694534017094,0.0621786354198833
10.5,14.7655,17.37173368179291,0.0575647784105789,1.4167576803704735e-06,1.5,16.339779569900713,0.0612003360095558
12.0,14.7655,18.349651953114385,0.0544969464573564,8.770627870939654e-07,1.5,16.734062050801814,0.0597583537675531
13.5,14.7655,19.34073974815397,0.0517043304972576,nan,1.5,nan,nan
15.0,14.7655,20.31116948295502,0.0492339941744463,nan,1.5,nan,nan
16.5,14.7655,21.229913293177464,0.0471033482892916,nan,1.5,nan,nan
18.0,14.7655,22.07105537576241,0.0453082094614361,nan,1.5,nan,nan
19.5,14.7655,22.815416665429275,0.0438300126035057,nan,nan,nan,nan
Name:	189.9505039074922_12_80_0.08
Lambda:	189.9505039074922	Maximal Depth:	20	Filter time:	12 to 80 [us]
Chi2:	0.2724617892274716	RelRMS:	4.175829799040926	AbsRMS:	3.3500836352079654e-07	Phi model:	0.0232745080219866
depth_vector,start_model,resistivity_model,conductivity_model,E/I[V/A],modelled_thickness,rhoa,sigma
0.0,14.7655,12.795930331770425,0.0781498471836116,9.065127822668488e-05,1.0,13.631814469054907,0.0733578059083817
1.0,14.7655,12.894331759265649,0.07755345671802,6.17919860619036e-05,1.0,13.739958999783775,0.0727804209616445
2.0,14.7655,13.093066425007134,0.0763763023526748,3.784934920948979e-05,1.0,14.101308669546128,0.0709154039128048
3.0,14.7655,13.39298712380882,0.0746659420154516,2.1491223503056443e-05,1.0,14.554106256755432,0.0687091314546257
4.0,14.7655,13.793877866224433,0.0724959296941863,1.3728270957187046e-05,1.0,14.729303483781225,0.0678918728982075
5.0,14.7655,14.294338056959235,0.069957769014225,9.33637649514234e-06,1.0,14.929785454214455,0.0669801989497253
6.0,14.7655,14.891577949992929,0.0671520508678178,5.755065776747918e-06,1.5,15.297765850409473,0.0653690224950876
7.5,14.7655,15.60895981180065,0.0640657681265847,3.292896838323672e-06,1.5,15.776497289786766,0.0633854259048597
9.0,14.7655,16.423206736789002,0.0608894484510103,2.087740145721699e-06,1.5,16.06274153525876,0.0622558731835991
10.5,14.7655,17.306118191439438,0.057783033083332,1.4213819100345332e-06,1.5,16.304321155838956,0.0613334336610437
12.0,14.7655,18.226059274014247,0.0548664955471612,8.815434663578492e-07,1.5,16.67731035772923,0.0599617071667999
13.5,14.7655,19.15007777317508,0.0522191090733205,nan,1.5,nan,nan
15.0,14.7655,20.046378413651944,0.0498843222134818,nan,1.5,nan,nan
16.5,14.7655,20.886752131017964,0.0478772378648064,nan,1.5,nan,nan
18.0,14.7655,21.64854936125219,0.0461924715283628,nan,1.5,nan,nan
19.5,14.7655,22.31589763549617,0.0448111035609599,nan,nan,nan,nan
Name:	162.0901941702361_12_80_0.08
Lambda:	162.0901941702361	Maximal Depth:	20	Filter time:	12 to 80 [us]
Chi2:	0.2515755334826616	RelRMS:	4.012584471745155	AbsRMS:	3.274882967565024e-07	Phi model:	0.0249511667162445
depth_vector,start_model,resistivity_model,conductivity_model,E/I[V/A],modelled_thickness,rhoa,sigma
0.0,14.7655,12.725926813053237,0.0785797384104299,9.116964034787224e-05,1.0,13.580094552469037,0.0736371897954265
1.0,14.7655,12.8258285886872,0.0779676722704709,6.211868481824895e-05,1.0,13.691741930441362,0.073036725719805
2.0,14.7655,13.02769771853248,0.0767595335419439,3.802381778207767e-05,1.0,14.058140630657457,0.0711331623628261
3.0,14.7655,13.332642132931856,0.0750038882038229,2.157029930371761e-05,1.0,14.518514664966302,0.0688775693021157
4.0,14.7655,13.740815282452072,0.0727758855238426,1.3768097711998695e-05,1.0,14.700884958929208,0.0680231158051888
5.0,14.7655,14.251286751347124,0.0701691024430108,9.356612490183524e-06,1.0,14.908251444922152,0.0670769475343539
6.0,14.7655,14.86181588315117,0.0672865286356897,5.76162406094926e-06,1.5,15.286154987698076,0.0654186746637578
7.5,14.7655,15.597672304086192,0.0641121303553752,3.292397707446816e-06,1.5,15.778091738306136,0.0633790205169231
9.0,14.7655,16.436286494801276,0.0608409935125124,2.0852575889458657e-06,1.5,16.075487765381673,0.0622065105951861
10.5,14.7655,17.349824737167754,0.0576374698389744,1.4184380722295655e-06,1.5,16.326872106265913,0.0612487188906331
12.0,14.7655,18.306513573597016,0.0546253657737578,8.786962347164126e-07,1.5,16.713317157331087,0.0598325269954781
13.5,14.7655,19.2726668073753,0.0518869552405336,nan,1.5,nan,nan
15.0,14.7655,20.215175930996207,0.0494677861530102,nan,1.5,nan,nan
16.5,14.7655,21.10406646079721,0.0473842328850505,nan,1.5,nan,nan
18.0,14.7655,21.914682692324607,0.0456315071516066,nan,1.5,nan,nan
19.5,14.7655,22.62915202994881,0.0441907853496471,nan,nan,nan,nan
Name:	178.7842327274661_12_80_0.08
Lambda:	178.7842327274661	Maximal Depth:	20	Filter time:	12 to 80 [us]
Chi2:	0.2638264557146916	RelRMS:	4.109123162639477	AbsRMS:	3.183173376499077e-07	Phi model:	0.0239241419606152
depth_vector,start_model,resistivity_model,conductivity_model,E/I[V/A],modelled_thickness,rhoa,sigma
0.0,14.7655,12.767853714069863,0.0783216993548433,9.085558508005971e-05,1.0,13.611370904977951,0.0734679854792789
1.0,14.7655,12.86688958338086,0.077718860764269,6.192061036792096e-05,1.0,13.72092489470176,0.0728813842852636
2.0,14.7655,13.066945600263642,0.0765289785839334,3.79179205420455e-05,1.0,14.084302863554388,0.0710010292797434
3.0,14.7655,13.368972085886552,0.0748000664206402,2.1522232656820165e-05,1.0,14.540123229068463,0.0687752080395584
4.0,14.7655,13.772892810818538,0.0726063880504831,1.3743866832489372e-05,1.0,14.718158641245434,0.0679432817905393
5.0,14.7655,14.277483630868678,0.0700403534582205,9.34428814926286e-06,1.0,14.92135706307529,0.0670180329961154
6.0,14.7655,14.88015911225341,0.0672035824654944,5.757616286472222e-06,1.5,15.29324777906178,0.0653883344105047
7.5,14.7655,15.605004152804636,0.0640820079384774,3.2926867460382683e-06,1.5,15.777168369947203,0.0633827298125833
9.0,14.7655,16.428980554850984,0.0608680493997377,2.086758567932747e-06,1.5,16.067778244581984,0.0622363580563602
10.5,14.7655,17.323992291506283,0.0577234152020655,1.4202231662944491e-06,1.5,16.313188289034215,0.0613000954983277
12.0,14.7655,18.25831594786851,0.0547695637897393,8.804250752056003e-07,1.5,16.691430665641008,0.0599109818703846
13.5,14.7655,19.198688375099746,0.0520868915866657,nan,1.5,nan,nan
15.0,14.7655,20.112791761280544,0.0497196019264275,nan,1.5,nan,nan
16.5,14.7655,20.971734451022886,0.0476832282201258,nan,1.5,nan,nan
18.0,14.7655,21.75210556851141,0.0459725609941692,nan,1.5,nan,nan
19.5,14.7655,22.437284928345424,0.0445686723323944,nan,nan,nan,nan
Name:	168.274372609801_12_80_0.08
Lambda:	168.274372609801	Maximal Depth:	20	Filter time:	12 to 80 [us]
Chi2:	0.2560166573324723	RelRMS:	4.047847090649328	AbsRMS:	3.1907732307841053e-07	Phi model:	0.024562527307061
depth_vector,start_model,resistivity_model,conductivity_model,E/I[V/A],modelled_thickness,rhoa,sigma
0.0,14.7655,12.74142850748624,0.0784841353865815,9.105212538734585e-05,1.0,13.59177666082787,0.0735738987590964
1.0,14.7655,12.841023136648452,0.0778754145490157,6.204451304770758e-05,1.0,13.70265171610448,0.072978575294643
2.0,14.7655,13.042247457505525,0.0766739017380414,3.79841167712203e-05,1.0,14.067934640389812,0.0710836398918818
3.0,14.7655,13.346149242424705,0.074927979736747,2.155225210743956e-05,1.0,14.526618440800991,0.0688391454676949
4.0,14.7655,13.75279371345852,0.0727124990627466,1.3758991863668476e-05,1.0,14.707370379226573,0.0679931200626082
5.0,14.7655,14.261137081375823,0.0701206358436831,9.35197660556556e-06,1.0,14.91317783483316,0.0670547894670892
6.0,14.7655,14.86880494576813,0.067254900689555,5.76011177701046e-06,1.5,15.288830398193271,0.065407226972586
7.5,14.7655,15.600612085743158,0.0641000490560152,3.292501362243087e-06,1.5,15.77776058512173,0.0633803507541488
9.0,14.7655,16.43379781844255,0.0608502070579064,2.085818644098558e-06,1.5,16.072604919787725,0.0622176681994375
10.5,14.7655,17.340414464899336,0.0576687484618208,1.4191071591657806e-06,1.5,16.321739792205616,0.0612679783363257
12.0,14.7655,18.28869387146646,0.0546785903371795,8.793450476929051e-07,1.5,16.705095014413796,0.059861976189729
13.5,14.7655,19.24509950893708,0.0519612797811524,nan,1.5,nan,nan
15.0,14.7655,20.17681667066384,0.0495618320928669,nan,1.5,nan,nan
16.5,14.7655,21.05428116365792,0.0474962784161025,nan,1.5,nan,nan
18.0,14.7655,21.853314612717227,0.0457596487179141,nan,1.5,nan,nan
19.5,14.7655,22.556529087573946,0.0443330618872069,nan,nan,nan,nan
Name:	174.69449414986065_12_80_0.08
Lambda:	174.69449414986065	Maximal Depth:	20	Filter time:	12 to 80 [us]
Chi2:	0.2607493256479282	RelRMS:	4.085089575696892	AbsRMS:	3.1660091119137e-07	Phi model:	0.0241693482551861
depth_vector,start_model,resistivity_model,conductivity_model,E/I[V/A],modelled_thickness,rhoa,sigma
0.0,14.7655,12.757564670244836,0.0783848662223405,9.093158279135112e-05,1.0,13.603785882267326,0.0735089488069281
1.0,14.7655,12.856822943973851,0.077779713103128,6.196850003222456e-05,1.0,13.713854903229132,0.0729189572922005
2.0,14.7655,13.05734337005885,0.0765852571736032,3.794348862670781e-05,1.0,14.077975047879637,0.0710329430616952
3.0,14.7655,13.360113506089778,0.0748496634810911,2.1533817333776914e-05,1.0,14.534907936472738,0.0687998853773734
4.0,14.7655,13.765110958113995,0.0726474347386599,1.3749700508511153e-05,1.0,14.713995300053204,0.0679625064170289
5.0,14.7655,14.271180016784228,0.0700712904485759,9.347251774100812e-06,1.0,14.918202935167203,0.0670322024942203
6.0,14.7655,14.875815068543355,0.0672232072926623,5.758576293928837e-06,1.5,15.291548048768304,0.0653956026434189
7.5,14.7655,15.603378930489509,0.0640886826151461,3.29261319966205e-06,1.5,15.777403309830412,0.0633817859860963
9.0,14.7655,16.430934795008078,0.0608608099585309,2.086394753422457e-06,1.5,16.069646066570755,0.0622291241423339
10.5,14.7655,17.33043807942646,0.0577019458721665,1.4197919340273324e-06,1.5,16.31649131625403,0.0612876862198816
12.0,14.7655,18.27014305515557,0.0547341089219229,8.800080740348773e-07,1.5,16.69670319040076,0.0598920630376251
13.5,14.7655,19.21667765333169,0.0520381315667552,nan,1.5,nan,nan
15.0,14.7655,20.13753117807798,0.0496585202603492,nan,1.5,nan,nan
16.5,14.7655,21.00355385830779,0.047610990346972,nan,1.5,nan,nan
18.0,14.7655,21.791042375954262,0.045890416013484,nan,1.5,nan,nan
19.5,14.7655,22.48308567626469,0.044477880589838,nan,nan,nan,nan
Name:	176.24547476972765_12_80_0.08
Lambda:	176.24547476972765	Maximal Depth:	20	Filter time:	12 to 80 [us]
Chi2:	0.2619106888984335	RelRMS:	4.094176851273006	AbsRMS:	3.169555447779373e-07	Phi model:	0.0240758840891853
depth_vector,start_model,resistivity_model,conductivity_model,E/I[V/A],modelled_thickness,rhoa,sigma
0.0,14.7655,12.761466253146985,0.0783609014954217,9.090268864307676e-05,1.0,13.60666844450162,0.0734933759927173
1.0,14.7655,12.860640882232609,0.0777566226409084,6.195028951941865e-05,1.0,13.716542263247607,0.0729046709300361
2.0,14.7655,13.060986561607235,0.0765638947167666,3.7933763600355714e-05,1.0,14.08038104570584,0.0710208052434046
3.0,14.7655,13.363476627444612,0.0748308264292764,2.1529409525297063e-05,1.0,14.536891731537128,0.06879049651519
4.0,14.7655,13.768068093746642,0.0726318313645029,1.3747480409912064e-05,1.0,14.715579378988169,0.0679551904988439
5.0,14.7655,14.273579044609496,0.0700595132359361,9.346123651646808e-06,1.0,14.919403377317106,0.0670268089621038
6.0,14.7655,14.877473262559176,0.0672157148160777,5.758210572897399e-06,1.5,15.292195516293946,0.0653928338108476
7.5,14.7655,15.604007283277282,0.0640861018484459,3.2926408782882206e-06,1.5,15.77731489094395,0.0633821411889289
9.0,14.7655,16.430204901314838,0.0608635136327468,2.0865330086920498e-06,1.5,16.068936200722774,0.0622318731936355
10.5,14.7655,17.32800112609919,0.0577100608848538,1.4199559197448334e-06,1.5,16.31523506925759,0.061292405273662
12.0,14.7655,18.26565799440148,0.0547475486679157,8.801666973789482e-07,1.5,16.694697080678708,0.0598992599366975
13.5,14.7655,19.209844390000534,0.0520566424015667,nan,1.5,nan,nan
15.0,14.7655,20.128122846522576,0.0496817317553665,nan,1.5,nan,nan
16.5,14.7655,20.99144200832258,0.0476384614074404,nan,1.5,nan,nan
18.0,14.7655,21.776210365919408,0.0459216724671726,nan,1.5,nan,nan
19.5,14.7655,22.465628312854868,0.0445124430117896,nan,nan,nan,nan
Name:	173.74276748530357_12_80_0.08
Lambda:	173.74276748530357	Maximal Depth:	20	Filter time:	12 to 80 [us]
Chi2:	0.2600401084463106	RelRMS:	4.079530235280023	AbsRMS:	3.165652276592231e-07	Phi model:	0.0242269898597125
depth_vector,start_model,resistivity_model,conductivity_model,E/I[V/A],modelled_thickness,rhoa,sigma
0.0,14.7655,12.75517097944088,0.078399576266898,9.094935702025333e-05,1.0,13.60201343300884,0.0735185276007181
1.0,14.7655,12.854480139738556,0.0777938889110406,6.197970407662976e-05,1.0,13.71220215500356,0.072927746301866
2.0,14.7655,13.055106929697482,0.0765983768179807,3.794947352391421e-05,1.0,14.076494878934392,0.0710404123043805
3.0,14.7655,13.358047695106633,0.0748612389193911,2.153653087028424e-05,1.0,14.53368700843374,0.0688056650332232
4.0,14.7655,13.763292786191098,0.0726570316809153,1.3751067531810984e-05,1.0,14.713020117210329,0.0679670109898283
5.0,14.7655,14.26970273123204,0.0700785446504995,9.347946576745293e-06,1.0,14.91746371148341,0.0670355242245505
6.0,14.7655,14.874790902014023,0.0672278357784916,5.758801713256244e-06,1.5,15.291149003603918,0.0653973092384564
7.5,14.7655,15.602985879328994,0.0640902970581298,3.2925963434632707e-06,1.5,15.777457157269083,0.0633815696681688
9.0,14.7655,16.431375619975004,0.0608591771698248,2.086309741809346e-06,1.5,16.070082594036606,0.0622274337514037
10.5,14.7655,17.331928623873992,0.0576969835095294,1.4196910338907154e-06,1.5,16.317264403103145,0.061284782503728
12.0,14.7655,18.272894833234933,0.054725866324212,8.799104433448378e-07,1.5,16.69793822556659,0.0598876332210211
13.5,14.7655,19.22087727345971,0.0520267616182537,nan,1.5,nan,nan
15.0,14.7655,20.14332026759125,0.049644248649956,nan,1.5,nan,nan
16.5,14.7655,21.01101333051951,0.0475940871708196,nan,1.5,nan,nan
18.0,14.7655,21.80018397783696,0.0458711725101331,nan,1.5,nan,nan
19.5,14.7655,22.493852061455417,0.044456591839757,nan,nan,nan,nan
Name:	175.28529844212144_12_80_0.08
Lambda:	175.28529844212144	Maximal Depth:	20	Filter time:	12 to 80 [us]
Chi2:	0.2611909023167817	RelRMS:	4.088547143946615	AbsRMS:	3.1669283926833653e-07	Phi model:	0.0241336769423165
depth_vector,start_model,resistivity_model,conductivity_model,E/I[V/A],modelled_thickness,rhoa,sigma
0.0,14.7655,12.759050783983016,0.0783757363247854,9.0920565861208e-05,1.0,13.60488478239553,0.0735030113076724
1.0,14.7655,12.858277299104286,0.0777709157096542,6.196155618475638e-05,1.0,13.71487946473649,0.0729135099270238
2.0,14.7655,13.058731363780916,0.076577117037077,3.7939780010646334e-05,1.0,14.078892448275958,0.071028314455407
3.0,14.7655,13.361395103760463,0.0748424840545698,2.153213620960937e-05,1.0,14.535664469771538,0.0687963045707065
4.0,14.7655,13.766238255464788,0.0726414857452456,1.3748853702428402e-05,1.0,14.714599460617755,0.0679597159729971
5.0,14.7655,14.27209508982196,0.0700667977410788,9.346821438903495e-06,1.0,14.918660829050117,0.0670301450953805
6.0,14.7655,14.876448286824258,0.0672203459266334,5.758436744010133e-06,1.5,15.291795097954637,0.0653945461336815
7.5,14.7655,15.603620049264306,0.0640876922690224,3.2926237125443987e-06,1.5,15.777369726466,0.0633819208991809
9.0,14.7655,16.43065842294428,0.0608618336684285,2.086447459359086e-06,1.5,16.06937544091649,0.0622301721480574
10.5,14.7655,17.329510919259683,0.0577050330305986,1.4198544649372862e-06,1.5,16.316012256574062,0.061289485707335
12.0,14.7655,18.26843466488523,0.0547392274348581,8.800685672973628e-07,1.5,16.695938060911395,0.0598948077281865
13.5,14.7655,19.21407313815933,0.0520451854642933,nan,1.5,nan,nan
15.0,14.7655,20.13394354906857,0.049667368817385,nan,1.5,nan,nan
16.5,14.7655,20.998933691994523,0.0476214656738133,nan,1.5,nan,nan
18.0,14.7655,21.785382971284733,0.0459023374212928,nan,1.5,nan,nan
19.5,14.7655,22.47642295224072,0.0444910652431154,nan,nan,nan,nan
Name:	175.65143417470375_12_80_0.08
Lambda:	175.65143417470375	Maximal Depth:	20	Filter time:	12 to 80 [us]
Chi2:	0.2614650617780822	RelRMS:	4.090692356288512	AbsRMS:	3.167765105503976e-07	Phi model:	0.0241116130267775
depth_vector,start_model,resistivity_model,conductivity_model,E/I[V/A],modelled_thickness,rhoa,sigma
0.0,14.7655,12.759971823060113,0.0783700790148123,9.091374487367766e-05,1.0,13.60556526321258,0.0734993350628254
1.0,14.7655,12.859178592337756,0.0777654647860523,6.195725726294549e-05,1.0,13.71551386459292,0.0729101373723616
2.0,14.7655,13.059591404864124,0.0765720740411177,3.7937484241536775e-05,1.0,14.079460427607287,0.0710254491030906
3.0,14.7655,13.362189029166748,0.0748380372270754,2.1531095665933435e-05,1.0,14.536132780725188,0.0687940881584401
4.0,14.7655,13.766936340537104,0.0726378022868801,1.374832960720748e-05,1.0,14.714973411610565,0.0679579889156285
5.0,14.7655,14.272661423373842,0.0700640175182979,9.346555124446922e-06,1.0,14.918944215897376,0.0670288718510266
6.0,14.7655,14.876839733061656,0.0672185771940288,5.75835040840567e-06,1.5,15.291947945324738,0.0653938924965889
7.5,14.7655,15.603768382764738,0.0640870830346698,3.2926302465086347e-06,1.5,15.777348853831072,0.063382004750258
9.0,14.7655,16.430486117729718,0.0608624719216874,2.086480097257969e-06,1.5,16.069207862988225,0.0622308211161592
10.5,14.7655,17.328935631728967,0.0577069487273654,1.4198931769699425e-06,1.5,16.31571569488915,0.0612905997322107
12.0,14.7655,18.26737588461661,0.0547424001299564,8.80106013226589e-07,1.5,16.6954644820932,0.0598965066873434
13.5,14.7655,19.2124600223803,0.052049555280017,nan,1.5,nan,nan
15.0,14.7655,20.13172254217256,0.0496728483072011,nan,1.5,nan,nan
16.5,14.7655,20.99607447113532,0.0476279507092988,nan,1.5,nan,nan
18.0,14.7655,21.78188160804422,0.045909716065608,nan,1.5,nan,nan
19.5,14.7655,22.47230182756548,0.0444992243194845,nan,nan,nan,nan
Name:	175.0593958111095_12_80_0.08
Lambda:	175.0593958111095	Maximal Depth:	20	Filter time:	12.0 to 80.0 [us]
Chi2:	0.2610219410030952	RelRMS:	4.087224513554166	AbsRMS:	3.166513975849592e-07	Phi model:	0.024147306385332575
depth_vector,start_model,resistivity_model,conductivity_model,E/I[V/A],modelled_thickness,rhoa,sigma
0.0,14.7655,12.758482532220347,0.07837922711220509,9.092477682446849e-05,1.0,13.604464727384512,0.07350528080587351
1.0,14.7655,12.857721205899354,0.07777427928217809,6.196421024377041e-05,1.0,13.714487836954575,0.07291559202855795
2.0,14.7655,13.058200674699862,0.0765802291534308,3.794119745415834e-05,1.0,14.07854179761381,0.07103008353958158
3.0,14.7655,13.360905139191763,0.07484522864148505,2.1532778708161955e-05,1.0,14.535375323320174,0.06879767310828405
4.0,14.7655,13.765807341118997,0.07264375965897485,1.3749177328027464e-05,1.0,14.714368560027207,0.06796078240941866
5.0,14.7655,14.271745377187615,0.07006851464701927,9.346985895185104e-06,1.0,14.918485836832755,0.06703093135169698
6.0,14.7655,14.876206396408621,0.06722143894436808,5.758490067990523e-06,1.5,15.291700695819033,0.06539494984187168
7.5,14.7655,15.603528112164154,0.0640880698782747,3.2926196882441317e-06,1.5,15.777382582057452,0.06338186925486818
9.0,14.7655,16.430764341442522,0.060861441331596995,2.086427312571002e-06,1.5,16.069478885939052,0.062229771550028894
10.5,14.7655,17.329865599255267,0.057703852016196475,1.4198305649375768e-06,1.5,16.31619535428718,0.06128879792661
12.0,14.7655,18.26908790548015,0.05473727014582001,8.800454471133105e-07,1.5,16.696230478742,0.05989375873034465
13.5,14.7655,19.215068786027178,0.05204248869133273,nan,1.5,nan,nan
15.0,14.7655,20.135314782250923,0.04966398642456238,nan,1.5,nan,nan
16.5,14.7655,21.000699336010967,0.04761746187591235,nan,1.5,nan,nan
18.0,14.7655,21.787545535382137,0.04589778129785379,nan,1.5,nan,nan
19.5,14.7655,22.478968673635784,0.044486026673138224,nan,nan,nan,nan
