Name:	10.0_12_80_0.08
Lambda:	10	Maximal Depth:	20	Filter time:	12 to 80 [us]
Chi2:	0.833302970531819	RelRMS:	7.302834389059937	AbsRMS:	6.654524140099882e-07	Phi model:	0.1791747132257281
depth_vector,start_model,resistivity_model,conductivity_model,E/I[V/A],modelled_thickness,rhoa,sigma
0.0,16.9797,16.194995239477937,0.0617474710682431,7.693328809472279e-05,1.0,15.207579373984071,0.0657566845720839
1.0,16.9797,16.10042102209391,0.0621101770337398,5.2627114236950855e-05,1.0,15.29210138006752,0.0653932363607953
2.0,16.9797,15.912743185388472,0.0628427159509636,3.230864680500594e-05,1.0,15.67060815074534,0.0638137327141599
3.0,16.9797,15.678181691644024,0.0637829066959319,1.826506923442022e-05,1.0,16.22104216796557,0.061648320104541
4.0,16.9797,15.428088644531964,0.0648168430348253,1.1530832584548774e-05,1.0,16.545719632649394,0.0604385921073337
5.0,16.9797,15.2128898041303,0.0657337305978841,7.735944833487308e-06,1.0,16.923761453909474,0.0590885189869534
6.0,16.9797,15.086490623489343,0.0662844676708989,4.674916297874476e-06,1.5,17.571640555319437,0.0569098825378186
7.5,16.9797,15.200463924553024,0.0657874657617994,2.598883881298475e-06,1.5,18.473027930668096,0.0541329772115942
9.0,16.9797,15.684090603667702,0.0637588767668908,1.6013546213556684e-06,1.5,19.16956632384997,0.0521660210307335
10.5,16.9797,16.672727539649397,0.0599781887889609,1.0615794171936003e-06,1.5,19.806523378375488,0.0504884164119275
12.0,16.9797,18.323115448317218,0.0545758718172481,6.356161444184455e-07,1.5,20.7407863778894,0.0482141796256117
13.5,16.9797,20.82399099519544,0.0480215344037904,nan,1.5,nan,nan
15.0,16.9797,24.4134973914276,0.0409609481168041,nan,1.5,nan,nan
16.5,16.9797,29.378260592966363,0.0340387749245922,nan,1.5,nan,nan
18.0,16.9797,36.04562201094016,0.0277426201633166,nan,1.5,nan,nan
19.5,16.9797,44.75243090324949,0.0223451548847012,nan,nan,nan,nan
Name:	12.742749857031335_12_80_0.08
Lambda:	12.742749857031336	Maximal Depth:	20	Filter time:	12 to 80 [us]
Chi2:	0.8360412980927272	RelRMS:	7.314823516526872	AbsRMS:	8.391385495457684e-07	Phi model:	0.1556213851303323
depth_vector,start_model,resistivity_model,conductivity_model,E/I[V/A],modelled_thickness,rhoa,sigma
0.0,16.9797,15.717451324435244,0.0636235468052853,7.747430408765187e-05,1.0,15.136698675223828,0.0660646037459164
1.0,16.9797,15.66045302995875,0.0638551131367004,5.288242817170319e-05,1.0,15.242841980948278,0.0656045638503554
2.0,16.9797,15.54645219256395,0.0643233573559832,3.2372646266490546e-05,1.0,15.64994788471478,0.063897976361742
3.0,16.9797,15.40945301966435,0.0648952301372331,1.825129378436151e-05,1.0,16.229203198788806,0.0616173195782421
4.0,16.9797,15.281511950655908,0.0654385510562702,1.1510435616187766e-05,1.0,16.56526033104168,0.0603672975863891
5.0,16.9797,15.206264907570649,0.0657623687393566,7.71791495233726e-06,1.0,16.950108356201472,0.0589966729996822
6.0,16.9797,15.230583573943052,0.0656573659929111,4.66093328034357e-06,1.5,17.606766834756215,0.0567963448022708
7.5,16.9797,15.496035514868268,0.064532634752967,2.5905010088216167e-06,1.5,18.512858999921253,0.0540165082013671
9.0,16.9797,16.117560009630537,0.0620441307122468,1.597239092653176e-06,1.5,19.202481061788784,0.052076603892083
10.5,16.9797,17.21690690105233,0.0580824422033018,1.0598434827512962e-06,1.5,19.82814509105984,0.050433361033397
12.0,16.9797,18.9323300585207,0.0528197003173383,6.353651963561546e-07,1.5,20.746247297706365,0.0482014884740411
13.5,16.9797,21.42440034541027,0.0466757521273742,nan,1.5,nan,nan
15.0,16.9797,24.885183013747536,0.0401845547789446,nan,1.5,nan,nan
16.5,16.9797,29.532356428852232,0.0338611652073598,nan,1.5,nan,nan
18.0,16.9797,35.59569921815015,0.0280932815470612,nan,1.5,nan,nan
19.5,16.9797,43.28593529422295,0.023102192275685,nan,nan,nan,nan
Name:	16.237767391887218_12_80_0.08
Lambda:	16.237767391887218	Maximal Depth:	20	Filter time:	12 to 80 [us]
Chi2:	0.8532305504639454	RelRMS:	7.389638369344775	AbsRMS:	1.0208588406024552e-06	Phi model:	0.1360122590579685
depth_vector,start_model,resistivity_model,conductivity_model,E/I[V/A],modelled_thickness,rhoa,sigma
0.0,16.9797,15.26367627452061,0.0655150163050354,7.802461454976496e-05,1.0,15.065441620928436,0.0663770784263523
1.0,16.9797,15.240973497221518,0.0656126067132328,5.3150296042970274e-05,1.0,15.191584756358411,0.0658259171796709
2.0,16.9797,15.202420259070657,0.0657789998538779,3.244973210223961e-05,1.0,15.625153279277626,0.0639993721742377
3.0,16.9797,15.1666894824889,0.0659339667469671,1.82483641861722e-05,1.0,16.230940113278294,0.0616107257509942
4.0,16.9797,15.161927977676635,0.0659546728801462,1.1498203053199466e-05,1.0,16.57700707540353,0.0603245203100486
5.0,16.9797,15.223247564462474,0.0656890059604906,7.706044606918638e-06,1.0,16.96751045469963,0.0589361652476849
6.0,16.9797,15.390724978836577,0.0649741972113124,4.651168747796048e-06,1.5,17.631400320595397,0.0567169925143093
7.5,16.9797,15.797022624904937,0.0633030681632019,2.584721811624047e-06,1.5,18.54044407882436,0.0539361406743289
9.0,16.9797,16.544016654260272,0.0604448134270034,1.5947931987993423e-06,1.5,19.222109618523916,0.0520234261402984
10.5,16.9797,17.74087865004923,0.0563669939762101,1.05922926377192e-06,1.5,19.83580956102308,0.0504138738035163
12.0,16.9797,19.50804250086529,0.0512609094405881,6.357924996253604e-07,1.5,20.73695083427733,0.0482230974067335
13.5,16.9797,21.98084276742074,0.0454941610101577,nan,1.5,nan,nan
15.0,16.9797,25.30919277724648,0.0395113352212095,nan,1.5,nan,nan
16.5,16.9797,29.650033162948,0.0337267750934472,nan,1.5,nan,nan
18.0,16.9797,35.15018570796607,0.0284493518272755,nan,1.5,nan,nan
19.5,16.9797,41.91917564500947,0.0238554309480809,nan,nan,nan,nan
Name:	20.6913808111479_12_80_0.08
Lambda:	20.6913808111479	Maximal Depth:	20	Filter time:	12 to 80 [us]
Chi2:	0.8830822582677375	RelRMS:	7.517796520865352	AbsRMS:	1.2058176484125214e-06	Phi model:	0.1197231261872073
depth_vector,start_model,resistivity_model,conductivity_model,E/I[V/A],modelled_thickness,rhoa,sigma
0.0,16.9797,14.853747459982994,0.0673230780780451,7.85755699037637e-05,1.0,14.9949352605964,0.0666891842226084
1.0,16.9797,14.86355520504869,0.0672786548174107,5.342506703942852e-05,1.0,15.139452010642,0.0660525889112147
2.0,16.9797,14.888811502543122,0.0671645281981837,3.253656578959933e-05,1.0,15.59734059408165,0.0641134938336504
3.0,16.9797,14.944308806227593,0.0669151054736824,1.825434626399174e-05,1.0,16.227393923992167,0.0616241896070263
4.0,16.9797,15.05256038228637,0.0664338806557311,1.1492806673718152e-05,1.0,16.58219575990088,0.0603056443476685
5.0,16.9797,15.242321011160474,0.0656068061594948,7.699385712991615e-06,1.0,16.977292063845304,0.0589022086820071
6.0,16.9797,15.547444287096278,0.0643192528324387,4.645034147766327e-06,1.5,17.646920521547024,0.0566671107731795
7.5,16.9797,16.091305478823895,0.0621453617492997,2.581221030307923e-06,1.5,18.557203944750277,0.0538874284605194
9.0,16.9797,16.96147692244933,0.0589571300053742,1.5938200007506777e-06,1.5,19.22993359543313,0.0520022596561377
10.5,16.9797,18.25220659362908,0.054787896185059,1.05961123859468e-06,1.5,19.831042255896687,0.0504259931019335
12.0,16.9797,20.065156673434387,0.049837637267192,6.368304298013898e-07,1.5,20.714412801233024,0.0482755658871718
13.5,16.9797,22.50909069840587,0.0444264947615507,nan,1.5,nan,nan
15.0,16.9797,25.695890873221984,0.0389167281622491,nan,1.5,nan,nan
16.5,16.9797,29.73086152830911,0.0336350831625858,nan,1.5,nan,nan
18.0,16.9797,34.696500518855416,0.0288213504257168,nan,1.5,nan,nan
19.5,16.9797,40.63090034151552,0.0246118100163837,nan,nan,nan,nan
Name:	26.366508987303583_12_80_0.08
Lambda:	26.366508987303583	Maximal Depth:	20	Filter time:	12 to 80 [us]
Chi2:	0.9217787132094822	RelRMS:	7.680744602276973	AbsRMS:	1.3776567300511694e-06	Phi model:	0.1066213299065509
depth_vector,start_model,resistivity_model,conductivity_model,E/I[V/A],modelled_thickness,rhoa,sigma
0.0,16.9797,14.496184109798952,0.0689836713183045,7.908389073120707e-05,1.0,14.930611779023437,0.0669764919750265
1.0,16.9797,14.53433301167804,0.068802606847973,5.368081700333978e-05,1.0,15.091328111829554,0.0662632203467987
2.0,16.9797,14.615523983094455,0.068420400196167,3.2620225916496315e-05,1.0,15.57066115709667,0.0642233486369477
3.0,16.9797,14.751697276649912,0.0677888097380411,1.8263580960844385e-05,1.0,16.221923375968924,0.0616449712419055
4.0,16.9797,14.961040863409483,0.066840269278705,1.149109879854568e-05,1.0,16.58383874864454,0.0602996697662496
5.0,16.9797,15.2672102165827,0.0654998513686433,7.696012843091439e-06,1.0,16.98225203612617,0.0588850052320923
6.0,16.9797,15.698765848047884,0.0636992748142904,4.641518997813356e-06,1.5,17.655829062738306,0.0566385184432062
7.5,16.9797,16.370094268067273,0.061087003142717,2.579507134714545e-06,1.5,18.56542297973468,0.0538635721411552
9.0,16.9797,17.354375683843806,0.057622355204109,1.5940164278945948e-06,1.5,19.228353787994223,0.0520065321777249
10.5,16.9797,18.730191222959316,0.0533897378887519,1.0607792640574568e-06,1.5,19.81648225835126,0.0504630431861119
12.0,16.9797,20.57996056649024,0.0485909580229357,6.383477032585862e-07,1.5,20.681576054761173,0.0483522144227391
13.5,16.9797,22.9869660402369,0.0435029137055137,nan,1.5,nan,nan
15.0,16.9797,26.02932857095039,0.0384182018861613,nan,1.5,nan,nan
16.5,16.9797,29.769984285441712,0.0335908810166562,nan,1.5,nan,nan
18.0,16.9797,34.242942880389926,0.0292030975110108,nan,1.5,nan,nan
19.5,16.9797,39.43774220469083,0.0253564211361231,nan,nan,nan,nan
Name:	33.59818286283781_12_80_0.08
Lambda:	33.59818286283781	Maximal Depth:	20	Filter time:	12 to 80 [us]
Chi2:	0.96484919301939	RelRMS:	7.85813898790553	AbsRMS:	1.5214391992266389e-06	Phi model:	0.0962314533860292
depth_vector,start_model,resistivity_model,conductivity_model,E/I[V/A],modelled_thickness,rhoa,sigma
0.0,16.9797,14.1964878186588,0.0704399575989263,7.950989200946118e-05,1.0,14.877233490022352,0.0672167981144253
1.0,16.9797,14.258626675572035,0.0701329814401555,5.389289128770959e-05,1.0,15.051711441891818,0.066437627631952
2.0,16.9797,14.38747516985008,0.0695048984060502,3.268761154916889e-05,1.0,15.54925448066712,0.0643117649944781
3.0,16.9797,14.592909874110426,0.0685264288361103,1.8269795032077065e-05,1.0,16.218244812435824,0.061658953330956
4.0,16.9797,14.889946842765504,0.0671594069851138,1.1489428717856376e-05,1.0,16.585445772433737,0.060293827113292
5.0,16.9797,15.29825624755552,0.0653669270417527,7.693624015949665e-06,1.0,16.985767116965327,0.0588728194089746
6.0,16.9797,15.841972453275291,0.0631234527739159,4.639360302678897e-06,1.5,17.661305478265472,0.0566209559780634
7.5,16.9797,16.627099326504197,0.0601427813933825,2.5789482193005545e-06,1.5,18.568105242792157,0.0538557912573327
9.0,16.9797,17.712818464329423,0.0564562891001129,1.5950076579042756e-06,1.5,19.22038655519424,0.0520280899204784
10.5,16.9797,19.162015395636114,0.052186577421691,1.0624884268594262e-06,1.5,19.79522481487841,0.0505172337951112
12.0,16.9797,21.03815824833404,0.0475326779177159,6.402025535913885e-07,1.5,20.641609770321267,0.0484458339793736
13.5,16.9797,23.40089872588887,0.0427334014694777,nan,1.5,nan,nan
15.0,16.9797,26.299205339874824,0.0380239625903753,nan,1.5,nan,nan
16.5,16.9797,29.76234522664175,0.0335995027402897,nan,1.5,nan,nan
18.0,16.9797,33.78925144670649,0.0295952102276439,nan,1.5,nan,nan
19.5,16.9797,38.33832378932373,0.0260835608122876,nan,nan,nan,nan
Name:	42.81332398719393_12_80_0.08
Lambda:	42.81332398719393	Maximal Depth:	20	Filter time:	12 to 80 [us]
Chi2:	0.6175235266708677	RelRMS:	6.286613214357595	AbsRMS:	1.042945389637103e-06	Phi model:	0.0954884363774846
depth_vector,start_model,resistivity_model,conductivity_model,E/I[V/A],modelled_thickness,rhoa,sigma
0.0,16.9797,13.79812161279755,0.0724736328655427,7.828685309747732e-05,1.0,15.031779532458453,0.0665257229086335
1.0,16.9797,13.898581875550263,0.0719497866008296,5.278082768981248e-05,1.0,15.262396855039064,0.0655205083118932
2.0,16.9797,14.10833436645737,0.0708800893163905,3.17710219557617e-05,1.0,15.846897190848754,0.063103835909119
3.0,16.9797,14.442200763996404,0.0692415246361166,1.760828730529298e-05,1.0,16.62193416858666,0.0601614703714729
4.0,16.9797,14.920016733923156,0.0670240535137157,1.102106889054744e-05,1.0,17.052064262551927,0.0586439263072742
5.0,16.9797,15.565527169798026,0.0642445314631111,7.352359415332914e-06,1.0,17.50738645832704,0.0571187482712115
6.0,16.9797,16.40527414265327,0.0609560066661749,4.411069548240684e-06,1.5,18.26552951689904,0.0547479337554825
7.5,16.9797,17.557246978106576,0.0569565377332205,2.4389189966596086e-06,1.5,19.272190784887265,0.0518882368466471
9.0,16.9797,19.060435151136662,0.0524646993665496,1.5042667240442949e-06,1.5,19.98576303473377,0.0500356177676116
10.5,16.9797,20.94172480639241,0.0477515586344994,1.0003647713466457e-06,1.5,20.606503997931863,0.0485283675532911
12.0,16.9797,23.21273616964757,0.0430797986369041,6.013587487100268e-07,1.5,21.521179797584693,0.0464658540751668
13.5,16.9797,25.86889942432336,0.0386564570682796,nan,1.5,nan,nan
15.0,16.9797,28.890872315356106,0.0346130081876579,nan,1.5,nan,nan
16.5,16.9797,32.247854604223555,0.0310098148318067,nan,1.5,nan,nan
18.0,16.9797,35.90185349601836,0.0278537151323093,nan,1.5,nan,nan
19.5,16.9797,39.81183044322222,0.0251181618344867,nan,nan,nan,nan
Name:	54.5559478116852_12_80_0.08
Lambda:	54.5559478116852	Maximal Depth:	20	Filter time:	12 to 80 [us]
Chi2:	0.6547483363187033	RelRMS:	6.473321676264591	AbsRMS:	9.92583991484431e-07	Phi model:	0.0868660953219769
depth_vector,start_model,resistivity_model,conductivity_model,E/I[V/A],modelled_thickness,rhoa,sigma
0.0,16.9797,13.631557654362869,0.0733591879487039,7.813657264621262e-05,1.0,15.051047156095224,0.0664405598912119
1.0,16.9797,13.754297594747054,0.0727045487500512,5.2647589871915886e-05,1.0,15.288136199691644,0.0654101969617571
2.0,16.9797,14.007691253037745,0.0713893518878878,3.166914466530264e-05,1.0,15.880864524287295,0.062968864098718
3.0,16.9797,14.403790723518105,0.0694261683743591,1.7546722064268e-05,1.0,16.660791792697065,0.0600211570039744
4.0,16.9797,14.958170296649133,0.0668530963458823,1.0987928139354864e-05,1.0,17.086334267232232,0.0585263043763445
5.0,16.9797,15.68914244351522,0.063738346668739,7.335252968045999e-06,1.0,17.534595054001844,0.057030116573566
6.0,16.9797,16.61687759813842,0.0601797777045688,4.405222721192514e-06,1.5,18.281687879930026,0.054699544515133
7.5,16.9797,17.842034286183132,0.0560474206001498,2.4395985520927024e-06,1.5,19.268611745204616,0.0518978748040252
9.0,16.9797,19.3857379591978,0.0515843143090427,1.5073636314609717e-06,1.5,19.95837956441164,0.0501042680731019
10.5,16.9797,21.257618656053467,0.0470419578119223,1.0041490211562408e-06,1.5,20.554699455696515,0.048650674856881
12.0,16.9797,23.453845326859422,0.0426369316444155,6.050048491221683e-07,1.5,21.434626871292902,0.0466534829836149
13.5,16.9797,25.957261190974965,0.038524865649065,nan,1.5,nan,nan
15.0,16.9797,28.739446539278827,0.0347953812761591,nan,1.5,nan,nan
16.5,16.9797,31.76406374270092,0.0314821179084741,nan,1.5,nan,nan
18.0,16.9797,34.99059348797378,0.0285791094210419,nan,1.5,nan,nan
19.5,16.9797,38.3776660043301,0.0260568216912193,nan,nan,nan,nan
Name:	69.51927961775606_12_80_0.08
Lambda:	69.51927961775606	Maximal Depth:	20	Filter time:	12 to 80 [us]
Chi2:	0.6948715476501514	RelRMS:	6.6687164469341225	AbsRMS:	9.125562350127268e-07	Phi model:	0.0796331257188312
depth_vector,start_model,resistivity_model,conductivity_model,E/I[V/A],modelled_thickness,rhoa,sigma
0.0,16.9797,13.525573279876022,0.0739340196018047,7.788340522033594e-05,1.0,15.083646085804537,0.0662969678757655
1.0,16.9797,13.665525530014898,0.0731768418128965,5.24610180018747e-05,1.0,15.324361804471842,0.0652555723206814
2.0,16.9797,13.9526173296305,0.0716711407168279,3.154852238804464e-05,1.0,15.9213179231934,0.0628088707746516
3.0,16.9797,14.396629466833152,0.0694607027501675,1.7482461244836202e-05,1.0,16.701593877796206,0.0598745249894647
4.0,16.9797,15.009560637450846,0.0666242020106083,1.0955325983203815e-05,1.0,17.120215833975312,0.0584104785650824
5.0,16.9797,15.80505686961754,0.0632708890736309,7.319572237586756e-06,1.0,17.559629046913464,0.0569488112378874
6.0,16.9797,16.797701038086153,0.059531956053549,4.401125065044788e-06,1.5,18.293033532080965,0.0546656189224315
7.5,16.9797,18.07261004658527,0.0553323508570332,2.44171598870833e-06,1.5,19.257470410334868,0.0519279001183526
9.0,16.9797,19.635748387271693,0.0509275215936368,1.5114276463329536e-06,1.5,19.922586674832697,0.0501942853265763
10.5,16.9797,21.482561366227287,0.0465493840772683,1.008582565514085e-06,1.5,20.49441877337988,0.0487937721512208
12.0,16.9797,23.59719811861706,0.0423779126222213,6.090563270567271e-07,1.5,21.33946491962364,0.0468615311474097
13.5,16.9797,25.95351718678929,0.0385304231716622,nan,1.5,nan,nan
15.0,16.9797,28.51750840009493,0.0350661770997031,nan,1.5,nan,nan
16.5,16.9797,31.25044436235506,0.0319995449794186,nan,1.5,nan,nan
18.0,16.9797,34.11201827813654,0.0293151812902531,nan,1.5,nan,nan
19.5,16.9797,37.06291217603373,0.0269811501926887,nan,nan,nan,nan
Name:	88.58667904100822_12_80_0.08
Lambda:	88.58667904100822	Maximal Depth:	20	Filter time:	12 to 80 [us]
Chi2:	0.7409339367988774	RelRMS:	6.886201562191463	AbsRMS:	8.040804999907106e-07	Phi model:	0.0731772994091257
depth_vector,start_model,resistivity_model,conductivity_model,E/I[V/A],modelled_thickness,rhoa,sigma
0.0,16.9797,13.478065363964406,0.0741946245989908,7.751685473196646e-05,1.0,15.131158931877652,0.0660887909843604
1.0,16.9797,13.630458518541582,0.0733651035025487,5.221409496290971e-05,1.0,15.372636915318523,0.0650506484677017
2.0,16.9797,13.9418092243908,0.0717267023171231,3.140508932777902e-05,1.0,15.969758236850748,0.0626183555924138
3.0,16.9797,14.419993794841742,0.0693481574421839,1.741350726319273e-05,1.0,16.745654796336247,0.0597169840273303
4.0,16.9797,15.073984622142335,0.0663394600078793,1.0922242307652346e-05,1.0,17.1547700396745,0.0582928245431015
5.0,16.9797,15.913425571399792,0.0628400211829461,7.3048061866800626e-06,1.0,17.583284623247554,0.0568721954644276
6.0,16.9797,16.94806061206185,0.0590038012543042,4.3986227336584325e-06,1.5,18.299970687284727,0.0546448962726932
7.5,16.9797,18.24940156608385,0.0547963173684818,2.4453082057735517e-06,1.5,19.23860599565321,0.0519788180196601
9.0,16.9797,19.81098762328294,0.0504770392579896,1.5165534165358248e-06,1.5,19.87767070005346,0.0503077053186775
10.5,16.9797,21.61702554663804,0.0462598333819115,1.0137728709769883e-06,1.5,20.42440751724553,0.0489610285711172
12.0,16.9797,23.64267297754496,0.0422964019740816,6.136142649735096e-07,1.5,21.233660373056107,0.0470950360150303
13.5,16.9797,25.855694778222293,0.0386761991343693,nan,1.5,nan,nan
15.0,16.9797,28.21902576392313,0.035437084482146,nan,1.5,nan,nan
16.5,16.9797,30.693604626303607,0.032580076930522,nan,1.5,nan,nan
18.0,16.9797,33.24091275017722,0.0300834097882787,nan,1.5,nan,nan
19.5,16.9797,35.82487465239281,0.0279135659148275,nan,nan,nan,nan
Name:	112.88378916846884_12_80_0.08
Lambda:	112.88378916846884	Maximal Depth:	20	Filter time:	12 to 80 [us]
Chi2:	0.7971652924015313	RelRMS:	7.142729080239429	AbsRMS:	6.756060286997658e-07	Phi model:	0.0670492100460061
depth_vector,start_model,resistivity_model,conductivity_model,E/I[V/A],modelled_thickness,rhoa,sigma
0.0,16.9797,13.48730301190928,0.0741438076327788,7.702732525644119e-05,1.0,15.19519962230409,0.0658102575060719
1.0,16.9797,13.6476970676971,0.0732724352716556,5.190018713638945e-05,1.0,15.434560129888323,0.0647896662803849
2.0,16.9797,13.97443530219045,0.0715592421715425,3.123483509893176e-05,1.0,16.02773740853428,0.0623918382558183
3.0,16.9797,14.473836152371852,0.0690901837959612,1.7337807894928284e-05,1.0,16.794362023757405,0.0595437920526778
4.0,16.9797,15.15233833499479,0.0659964144075683,1.0887612074912588e-05,1.0,17.19112690660143,0.0581695432436135
5.0,16.9797,16.015953687745796,0.062437742984055,7.290412671583331e-06,1.0,17.60642021963916,0.0567974629439177
6.0,16.9797,17.07012694247617,0.0585818724939687,4.397541558515103e-06,1.5,18.30297003931156,0.0546359414812009
7.5,16.9797,18.37492468296355,0.0544219917770415,2.450402241670025e-06,1.5,19.21193387499945,0.0520509807344956
9.0,16.9797,19.91429966141491,0.0502151728658355,1.5228329591510275e-06,1.5,19.82298813253402,0.0504464812930384
10.5,16.9797,21.663900428430345,0.0461597394847542,1.0198283460472971e-06,1.5,20.343477420037157,0.0491558045536038
12.0,16.9797,23.59246254777016,0.0423864188816743,6.187823553591993e-07,1.5,21.11526570106308,0.0473591009536599
13.5,16.9797,25.663946950680312,0.0389651678255784,nan,1.5,nan,nan
15.0,16.9797,27.840022638084253,0.0359195110219498,nan,1.5,nan,nan
16.5,16.9797,30.08259994659547,0.0332418076155406,nan,1.5,nan,nan
18.0,16.9797,32.35595954800111,0.0309062075107513,nan,1.5,nan,nan
19.5,16.9797,34.62770842356602,0.0288786074945532,nan,nan,nan,nan
Name:	143.8449888287663_12_80_0.08
Lambda:	143.8449888287663	Maximal Depth:	20	Filter time:	12 to 80 [us]
Chi2:	0.869132154955829	RelRMS:	7.4581806036843235	AbsRMS:	5.556427759053123e-07	Phi model:	0.0609450699250131
depth_vector,start_model,resistivity_model,conductivity_model,E/I[V/A],modelled_thickness,rhoa,sigma
0.0,16.9797,13.552372305464328,0.0737878193913547,7.640690808264112e-05,1.0,15.277344467098883,0.0654564019390666
1.0,16.9797,13.716617662901402,0.0729042701762145,5.151352082120015e-05,1.0,15.511699530504034,0.064467468444285
2.0,16.9797,14.050466149287333,0.0711720158872253,3.103403607293807e-05,1.0,16.09679907543115,0.0621241524674504
3.0,16.9797,14.558683751616387,0.0686875281488942,1.7253337681630998e-05,1.0,16.84913280927698,0.0593502354880489
4.0,16.9797,15.245522905238929,0.0655930272917279,1.08503496901351e-05,1.0,17.230463045571714,0.0580367455799165
5.0,16.9797,16.114262457428104,0.0620568271518399,7.275818568854961e-06,1.0,17.62995608981919,0.0567216387213506
6.0,16.9797,17.16695533617927,0.0582514476456116,4.397674749258013e-06,1.5,18.302600480605868,0.0546370446680316
7.5,16.9797,18.45382923922961,0.054189295188349,2.4570003986661443e-06,1.5,19.177523309457182,0.0521443767197436
9.0,16.9797,19.95131832656583,0.0501220011445793,1.530342708833343e-06,1.5,19.758084283483385,0.0506121942619681
10.5,16.9797,21.629026016524374,0.046234166958605,1.0268477396617048e-06,1.5,20.250661280849165,0.0493811034677514
12.0,16.9797,23.45172350236673,0.0426407892750006,6.246590491369757e-07,1.5,20.9826244515112,0.04765848058287
13.5,16.9797,25.38136910187136,0.0393989778875352,nan,1.5,nan,nan
15.0,16.9797,27.37983207265848,0.0365232335007124,nan,1.5,nan,nan
16.5,16.9797,29.410712609106525,0.0340012162673803,nan,1.5,nan,nan
18.0,16.9797,31.44101286901316,0.031805591129208,nan,1.5,nan,nan
19.5,16.9797,33.44226770886418,0.0299022784192036,nan,nan,nan,nan
Name:	183.29807108324357_12_80_0.08
Lambda:	183.2980710832436	Maximal Depth:	20	Filter time:	12 to 80 [us]
Chi2:	0.9636708840270491	RelRMS:	7.853339199202537	AbsRMS:	5.174864149932552e-07	Phi model:	0.0546974875639644
depth_vector,start_model,resistivity_model,conductivity_model,E/I[V/A],modelled_thickness,rhoa,sigma
0.0,16.9797,13.671439862957694,0.0731451851468451,7.565118055240595e-05,1.0,15.378919194700805,0.0650240753163314
1.0,16.9797,13.83576810536364,0.0722764354233672,5.1050256699038674e-05,1.0,15.6054005157144,0.0640803803140467
2.0,16.9797,14.169211204078865,0.070575558907057,3.0799779209878446e-05,1.0,16.17831528254679,0.0618111331455385
3.0,16.9797,14.675262243333252,0.0681418828105974,1.7158305111691e-05,1.0,16.911288985040603,0.0591320981437062
4.0,16.9797,15.356158256037103,0.0651204541739377,1.0809441806000853e-05,1.0,17.273907653716556,0.0578907807108049
5.0,16.9797,16.212745411079094,0.0616798681928751,7.260457552398642e-06,1.0,17.6548139025572,0.0566417751849061
6.0,16.9797,17.244266071171886,0.0579902905622496,4.398782407903602e-06,1.5,18.29952782963101,0.0546462187062978
7.5,16.9797,18.49269946741473,0.054075393468761,2.465062626380646e-06,1.5,19.13568584299113,0.0522583830130275
9.0,16.9797,19.92946799881192,0.0501769540491303,1.5391238720428895e-06,1.5,19.682862111981663,0.0508056193408612
10.5,16.9797,21.52040849222411,0.0464675194414328,1.0349018613875291e-06,1.5,20.145457371777475,0.0496389822055337
12.0,16.9797,23.227986749663216,0.0430515141401352,6.313220770659407e-07,1.5,20.834728575536197,0.0479967855772397
13.5,16.9797,25.01374865820088,0.0399780142378677,nan,1.5,nan,nan
15.0,16.9797,26.84057626720209,0.0372570242175445,nan,1.5,nan,nan
16.5,16.9797,28.67443876152934,0.0348742658336398,nan,1.5,nan,nan
18.0,16.9797,30.48551328659789,0.0328024655710692,nan,1.5,nan,nan
19.5,16.9797,32.248711662780224,0.0310089906988175,nan,nan,nan,nan
Name:	233.57214690901213_12_80_0.08
Lambda:	233.57214690901213	Maximal Depth:	20	Filter time:	12 to 80 [us]
Chi2:	1.0899629007943954	RelRMS:	8.35210306754181	AbsRMS:	6.42588376169308e-07	Phi model:	0.0481956789046719
depth_vector,start_model,resistivity_model,conductivity_model,E/I[V/A],modelled_thickness,rhoa,sigma
0.0,16.9797,13.844080482747051,0.0722330386078174,7.476169364965613e-05,1.0,15.50066036705988,0.0645133804831359
1.0,16.9797,14.005190753359376,0.071402097808638,5.051134509439947e-05,1.0,15.7162013330017,0.0636286071176848
2.0,16.9797,14.33152432115626,0.0697762483313652,3.053271444334424e-05,1.0,16.27251770881511,0.0614533053762345
3.0,16.9797,14.825300309179768,0.0674522592558077,1.7053351624535567e-05,1.0,16.980604123148442,0.0588907198323274
4.0,16.9797,15.486958662518065,0.0645704571046751,1.0765591921179782e-05,1.0,17.320782028285745,0.0577341137580824
5.0,16.9797,16.315143944873572,0.0612927476079187,7.245022343763186e-06,1.0,17.6798802220516,0.0565614691638424
6.0,16.9797,17.306641826874035,0.0577812847809205,4.401476200342395e-06,1.5,18.29206061377062,0.0546685264779398
7.5,16.9797,18.49650768854412,0.0540642599586166,2.4750837688243585e-06,1.5,19.08399976261724,0.0523999168119281
9.0,16.9797,19.85324320434569,0.0503696040846922,1.5495758280674392e-06,1.5,19.59425447646005,0.0510353686179471
10.5,16.9797,21.341028285129312,0.0468580982434108,1.0443149975838331e-06,1.5,20.02421811451254,0.0499395279396827
12.0,16.9797,22.92208378356299,0.0436260511671753,6.390143852590671e-07,1.5,20.66718886366289,0.048385874179444
13.5,16.9797,24.55900023990152,0.0407182698901268,nan,1.5,nan,nan
15.0,16.9797,26.216703449421047,0.0381436209906888,nan,1.5,nan,nan
16.5,16.9797,27.8638640137094,0.0358887769301481,nan,1.5,nan,nan
18.0,16.9797,29.47371378991685,0.0339285373783505,nan,1.5,nan,nan
19.5,16.9797,31.024346663735717,0.0322327496800729,nan,nan,nan,nan
Name:	297.63514416313194_12_80_0.08
Lambda:	297.63514416313194	Maximal Depth:	20	Filter time:	12 to 80 [us]
Chi2:	1.2510080591947723	RelRMS:	8.947877725386363	AbsRMS:	9.159966152026564e-07	Phi model:	0.0417306104785142
depth_vector,start_model,resistivity_model,conductivity_model,E/I[V/A],modelled_thickness,rhoa,sigma
0.0,16.9797,14.065570292675051,0.0710955886744792,7.374500215408794e-05,1.0,15.642802413949912,0.0639271642981453
1.0,16.9797,14.220251493971087,0.0703222443304864,4.989586978443382e-05,1.0,15.845178686811968,0.0631106798961065
2.0,16.9797,14.533119247097012,0.0688083530450457,3.0227609127483917e-05,1.0,16.38183315207805,0.0610432294552547
3.0,16.9797,15.00545606226382,0.066642426318173,1.6932532130224914e-05,1.0,17.061283370013918,0.0586122379139163
4.0,16.9797,15.636467754898511,0.063953062525053,1.0713878987155272e-05,1.0,17.376472374396517,0.057549080069523
5.0,16.9797,16.423324256800544,0.0608890127457552,7.225551575886312e-06,1.0,17.711627410739254,0.0564600856154901
6.0,16.9797,17.361174026254897,0.0575997912634089,4.402812195444391e-06,1.5,18.28836004870918,0.0546795884013986
7.5,16.9797,18.47993187075384,0.0541127536072029,2.48507513317298e-06,1.5,19.032813330743146,0.0525408400020783
9.0,16.9797,19.74665317514913,0.0506414930737976,1.5603286794225636e-06,1.5,19.504129513666197,0.0512711935848927
10.5,16.9797,21.124893832203544,0.047337516010403,1.0541045993069131e-06,1.5,19.90004713310057,0.0502511372617132
12.0,16.9797,22.57721015596824,0.0442924521272462,6.470860477849492e-07,1.5,20.494963110741864,0.0487924762097218
13.5,16.9797,24.067462156124733,0.041549873165398,nan,1.5,nan,nan
15.0,16.9797,25.562627050175745,0.0391196099695522,nan,1.5,nan,nan
16.5,16.9797,27.033987062149365,0.0369904741650229,nan,1.5,nan,nan
18.0,16.9797,28.457709171999124,0.0351398629438502,nan,1.5,nan,nan
19.5,16.9797,29.814932964296325,0.0335402397582952,nan,nan,nan,nan
Name:	379.26901907322497_12_80_0.08
Lambda:	379.26901907322497	Maximal Depth:	20	Filter time:	12 to 80 [us]
Chi2:	1.4574172389352953	RelRMS:	9.65788296118041	AbsRMS:	1.2780157225724972e-06	Phi model:	0.0352478011376511
depth_vector,start_model,resistivity_model,conductivity_model,E/I[V/A],modelled_thickness,rhoa,sigma
0.0,16.9797,14.333580793593962,0.0697662373694454,7.261720219341613e-05,1.0,15.804349066131984,0.0632737226832679
1.0,16.9797,14.479385718254669,0.0690637033544361,4.921517379011311e-05,1.0,15.990947257250523,0.0625353822955413
2.0,16.9797,14.773875286367195,0.0676870476172737,2.9891907134057635e-05,1.0,16.50425584234828,0.0605904325255368
3.0,16.9797,15.21746541583716,0.0657139656752087,1.680063578054945e-05,1.0,17.150462011026626,0.0583074671316181
4.0,16.9797,15.808292683424316,0.0632579380978025,1.0657777636526888e-05,1.0,17.43739754114333,0.0573480072149821
5.0,16.9797,16.542327027864825,0.0604509872350814,7.20468886041988e-06,1.0,17.745802797130125,0.0563513531302016
6.0,16.9797,17.413476698235925,0.0574267860077192,4.404654726015539e-06,1.5,18.283259503288804,0.0546948425591246
7.5,16.9797,18.447281547428503,0.0542085291769939,2.496277606893413e-06,1.5,18.975828647543945,0.0526986208915535
9.0,16.9797,19.610842094812455,0.0509922009042398,1.572265510686396e-06,1.5,19.40528569188324,0.0515323513334449
10.5,16.9797,20.868564497288155,0.0479189644371537,1.0649291107237237e-06,1.5,19.76496780275972,0.0505945676198052
12.0,16.9797,22.1846171570632,0.045076279338975,6.559910061608255e-07,1.5,20.30906399636364,0.04923909837396
13.5,16.9797,23.525076118874797,0.0425078327035751,nan,1.5,nan,nan
15.0,16.9797,24.859527632439917,0.0402260258032848,nan,1.5,nan,nan
16.5,16.9797,26.16204683070162,0.0382233089968512,nan,1.5,nan,nan
18.0,16.9797,27.41160394805709,0.0364809006395584,nan,1.5,nan,nan
19.5,16.9797,28.59202615956405,0.0349747861316047,nan,nan,nan,nan
Name:	483.2930238571752_12_80_0.08
Lambda:	483.2930238571752	Maximal Depth:	20	Filter time:	12 to 80 [us]
Chi2:	1.7057583063664763	RelRMS:	10.448374591650822	AbsRMS:	1.660490355498351e-06	Phi model:	0.0291340308498152
depth_vector,start_model,resistivity_model,conductivity_model,E/I[V/A],modelled_thickness,rhoa,sigma
0.0,16.9797,14.640898248656727,0.0683018202173318,7.148728159393643e-05,1.0,15.970448022531018,0.0626156510192579
1.0,16.9797,14.774454718666458,0.0676843930312075,4.854058918394751e-05,1.0,16.138760519918893,0.0619626271029781
2.0,16.9797,15.043888176931704,0.0664721771551984,2.9566390564544195e-05,1.0,16.625172384996645,0.0601497522457239
3.0,16.9797,15.449093001103243,0.0647287190211482,1.667847466482478e-05,1.0,17.23410556147217,0.0580244792184374
4.0,16.9797,15.98773866047678,0.0625479325898724,1.060928640746834e-05,1.0,17.49049052560974,0.0571739253702342
5.0,16.9797,16.65542250416212,0.06004050631259,7.18976825132547e-06,1.0,17.77034570137029,0.0562735253891481
6.0,16.9797,17.445817108969827,0.0573203303550537,4.41082729807781e-06,1.5,18.266198293479825,0.0547459292805856
7.5,16.9797,18.38209302571889,0.0544007691942844,2.510385272300106e-06,1.5,18.90466931588721,0.0528969845116314
9.0,16.9797,19.43346396433568,0.0514576300877291,1.5862115839839604e-06,1.5,19.29137669454865,0.0518366322856875
10.5,16.9797,20.56678428789176,0.0486220882176864,1.0772086776029266e-06,1.5,19.61447470091283,0.0509827571346308
12.0,16.9797,21.74873062195459,0.0459796949708198,6.658766811542224e-07,1.5,20.10755632910377,0.0497325474877618
13.5,16.9797,22.94770945689267,0.043577334020134,nan,1.5,nan,nan
15.0,16.9797,24.13531977902633,0.0414330536804821,nan,1.5,nan,nan
16.5,16.9797,25.28730415136005,0.03954553613206,nan,1.5,nan,nan
18.0,16.9797,26.384014620349305,0.0379017376388476,nan,1.5,nan,nan
19.5,16.9797,27.410477608837493,0.0364823996965885,nan,nan,nan,nan
Name:	615.8482110660261_12_80_0.08
Lambda:	615.8482110660261	Maximal Depth:	20	Filter time:	12 to 80 [us]
Chi2:	1.9990286655471383	RelRMS:	11.310960816615752	AbsRMS:	2.0982263286739264e-06	Phi model:	0.0234563884309006
depth_vector,start_model,resistivity_model,conductivity_model,E/I[V/A],modelled_thickness,rhoa,sigma
0.0,16.9797,14.977925255866424,0.0667649212368935,7.024402837560991e-05,1.0,16.158337748592974,0.0618875540020864
1.0,16.9797,15.098789118270323,0.0662304766406696,4.778927082469817e-05,1.0,16.30747057324554,0.0613215885019364
2.0,16.9797,15.342345818579949,0.0651790809452995,2.919464647243573e-05,1.0,16.766003395397746,0.0596445065897159
3.0,16.9797,15.708077766781324,0.0636615131938518,1.6531029210708903e-05,1.0,17.336431432858248,0.0576819978132679
4.0,16.9797,16.193325323848107,0.0617538386959525,1.0545415042760756e-05,1.0,17.561043576676497,0.0569442240510204
5.0,16.9797,16.793462190085393,0.0595469825507681,7.164945408455007e-06,1.0,17.81136543117429,0.0561439269697848
6.0,16.9797,17.502069473749273,0.0571361004765673,4.41140146630129e-06,1.5,18.26461329481576,0.0547506801189073
7.5,16.9797,18.339872943131432,0.0545260047929893,2.5216929540725886e-06,1.5,18.84811258475198,0.0530557102470299
9.0,16.9797,19.278354859428177,0.0518716460658438,1.59862013421378e-06,1.5,19.19142017094103,0.0521066180143439
10.5,16.9797,20.286968980260266,0.0492927258366208,1.0885902382325093e-06,1.5,19.47751826104213,0.051341243098724
12.0,16.9797,21.335107424443137,0.0468711021747339,6.753297802380833e-07,1.5,19.91947542875996,0.0502021252304761
13.5,16.9797,22.3938196199569,0.0446551779451157,nan,1.5,nan,nan
15.0,16.9797,23.43714864782537,0.0426673062933696,nan,1.5,nan,nan
16.5,16.9797,24.443025876550585,0.0409114650964449,nan,1.5,nan,nan
18.0,16.9797,25.393734600403626,0.0393797925250469,nan,1.5,nan,nan
19.5,16.9797,26.27600168101859,0.0380575405702757,nan,nan,nan,nan
Name:	784.7599703514607_12_80_0.08
Lambda:	784.7599703514607	Maximal Depth:	20	Filter time:	12 to 80 [us]
Chi2:	2.320816631759605	RelRMS:	12.187381360760591	AbsRMS:	2.542547110585365e-06	Phi model:	0.0185316817505424
depth_vector,start_model,resistivity_model,conductivity_model,E/I[V/A],modelled_thickness,rhoa,sigma
0.0,16.9797,15.332092185744068,0.0652226707148167,6.900284311707388e-05,1.0,16.351526327151323,0.0611563703591097
1.0,16.9797,15.439255621299557,0.0647699620064861,4.7036440329207526e-05,1.0,16.481013229066768,0.0606758811549491
2.0,16.9797,15.655034850634008,0.0638772132761813,2.8819306297327677e-05,1.0,16.911261883846194,0.0591321929060308
3.0,16.9797,15.978782214514643,0.0625829920312469,1.6379654718834686e-05,1.0,17.443078690833076,0.0573293291697143
4.0,16.9797,16.407931845466695,0.0609461332127782,1.04781732736913e-05,1.0,17.63609331600548,0.0567019000229749
5.0,16.9797,16.93815888198519,0.059038293770143,7.137330561344377e-06,1.0,17.8572781619663,0.0559995756872887
6.0,16.9797,17.563533327700263,0.056936151817633,4.409856774361707e-06,1.5,18.26887821852969,0.0547378984105178
7.5,16.9797,18.303311928800355,0.0546349209307029,2.531540118648968e-06,1.5,18.799204017661715,0.0531937415573822
9.0,16.9797,19.13199199854128,0.0522684726230413,1.6100034893836192e-06,1.5,19.10085266514277,0.0523536837611916
10.5,16.9797,20.02206486123879,0.0499448986370993,1.0992273333133348e-06,1.5,19.35166027439357,0.0516751527166491
12.0,16.9797,20.94572241923096,0.0477424449720515,6.842881775844124e-07,1.5,19.745242581805915,0.0506451108846564
13.5,16.9797,21.8764126475688,0.0457113337597941,nan,1.5,nan,nan
15.0,16.9797,22.79012632629884,0.0438786510299437,nan,1.5,nan,nan
16.5,16.9797,23.666337324347893,0.042254109129561,nan,1.5,nan,nan
18.0,16.9797,24.488566780798124,0.0408353828523813,nan,1.5,nan,nan
19.5,16.9797,25.244586771045523,0.0396124527238036,nan,nan,nan,nan
Name:	1000.0_12_80_0.08
Lambda:	1000	Maximal Depth:	20	Filter time:	12 to 80 [us]
Chi2:	2.67296102126426	RelRMS:	13.079354164518698	AbsRMS:	3.0085453195826543e-06	Phi model:	0.014248780253346
depth_vector,start_model,resistivity_model,conductivity_model,E/I[V/A],modelled_thickness,rhoa,sigma
0.0,16.9797,15.694766024544569,0.0637155086247307,6.772077001129302e-05,1.0,16.557255977977523,0.0603964812363884
1.0,16.9797,15.789075711430437,0.0633349296866094,4.625038682764637e-05,1.0,16.667224808848946,0.0599979907554304
2.0,16.9797,15.978822269652518,0.0625828351504498,2.841912925737684e-05,1.0,17.069646160151503,0.0585835225064281
3.0,16.9797,16.26323374372476,0.0614883863663248,1.621154727286117e-05,1.0,17.563456540586316,0.0569364007414577
4.0,16.9797,16.639799070501027,0.0600968795213877,1.0399441428507788e-05,1.0,17.724993988581453,0.0564175085556703
5.0,16.9797,17.10441285555471,0.0584644447280893,7.1015231705612666e-06,1.0,17.9172546273002,0.0558121219350378
6.0,16.9797,17.65151643626781,0.056652356391621,4.402972103835837e-06,1.5,18.28791724479237,0.0546809123540165
7.5,16.9797,18.298344287118034,0.054649753240461,2.538200526832793e-06,1.5,18.766302704311688,0.0532870014811304
9.0,16.9797,19.02204789313359,0.0525705752407957,1.619363646289506e-06,1.5,19.027177775159245,0.0525564017857414
10.5,16.9797,19.79794831878921,0.0505102843940122,1.1085052565460062e-06,1.5,19.243529913413152,0.0519655179948549
12.0,16.9797,20.601062781957754,0.0485411850147746,6.924209500727575e-07,1.5,19.59032759700101,0.0510455986531376
13.5,16.9797,21.407521627009828,0.0467125535325071,nan,1.5,nan,nan
15.0,16.9797,22.195767078551643,0.045053635518023,nan,1.5,nan,nan
16.5,16.9797,22.94745071527625,0.0435778253718742,nan,1.5,nan,nan
18.0,16.9797,23.64798602292008,0.0422868991478082,nan,1.5,nan,nan
19.5,16.9797,24.28675636103505,0.0411747038235361,nan,nan,nan,nan
Name:	600_12_80_0.025
Lambda:	600.0	Maximal Depth:	20	Filter time:	12.0 to 80.0 [us]
Chi2:	2.236852580158768	RelRMS:	10.05958598085157	AbsRMS:	3.789225202949962e-07	Phi model:	0.03945474389319332
depth_vector,start_model,resistivity_model,conductivity_model,E/I[V/A],modelled_thickness,rhoa,sigma
0.0,16.9797,13.956204887459096,0.0716527170576716,7.614170617238184e-05,1.0,15.312797946560945,0.06530485176450637
1.0,16.9797,14.091344425836972,0.07096554947350979,5.1598726012714556e-05,1.0,15.494618471246229,0.06453853651548286
2.0,16.9797,14.365133728349361,0.06961299622477694,3.132927913679967e-05,1.0,15.995510136643857,0.06251754345171624
3.0,16.9797,14.779784697582334,0.06765998425968811,1.7593450077715924e-05,1.0,16.631278129641778,0.06012766981617059
4.0,16.9797,15.336222677014144,0.06520510435068182,1.1147852859658269e-05,1.0,16.922529772212368,0.05909281965879886
5.0,16.9797,16.034018571354416,0.06236739689116679,7.526758972166907e-06,1.0,17.235893367089364,0.058018460586987876
6.0,16.9797,16.87128865030228,0.05927229512382762,4.593440899384943e-06,1.5,17.778813808935364,0.05624672212368943
7.5,16.9797,17.884207232859634,0.05591525455837065,2.5969536210438743e-06,1.5,18.48218053560027,0.054106169890171
9.0,16.9797,19.049112775635223,0.0524958832349951,1.6320442779009752e-06,1.5,18.92849166161047,0.05283041131207167
10.5,16.9797,20.337346435774798,0.049170623274673184,1.103210591110218e-06,1.5,19.30505139619676,0.05179991389181215
12.0,16.9797,21.716803977974795,0.04604729135162803,6.777883160970349e-07,1.5,19.871277097310383,0.050323891871818946
13.5,16.9797,23.153772768605585,0.04318950565827049,nan,1.5,nan,nan
15.0,16.9797,24.614808481100066,0.04062595086887748,nan,1.5,nan,nan
16.5,16.9797,26.068429415413735,0.03836057723557063,nan,1.5,nan,nan
18.0,16.9797,27.486475897185315,0.03638152827377927,nan,1.5,nan,nan
19.5,16.9797,28.845058469307684,0.0346679831162083,nan,nan,nan,nan
