Name:	10.0_12_80_0.08
Lambda:	10	Maximal Depth:	20	Filter time:	12 to 80 [us]
Chi2:	0.5641768328755672	RelRMS:	6.008936453652701	AbsRMS:	8.122333304255311e-07	Phi model:	0.1778944770651075
depth_vector,start_model,resistivity_model,conductivity_model,E/I[V/A],modelled_thickness,rhoa,sigma
0.0,17.2296,19.24469487189544,0.0519623723138567,7.025720141742914e-05,1.0,16.156317921379433,0.0618952910475173
1.0,17.2296,18.963121989657704,0.0527339327640981,4.864358620135839e-05,1.0,16.115971200276373,0.0620502473957542
2.0,17.2296,18.426260100212005,0.0542703725314554,3.0375150631763403e-05,1.0,16.328742359587228,0.0612417036155183
3.0,17.2296,17.698756769761438,0.0565011437248809,1.7510239342906598e-05,1.0,16.68392569120558,0.0599379317858697
4.0,17.2296,16.868445484274954,0.0592822854324197,1.1195304765284915e-05,1.0,16.874677889177576,0.0592603904244798
5.0,17.2296,16.029767368065137,0.0623839371488461,7.59269736371597e-06,1.0,17.13595888160288,0.0583568160328394
6.0,17.2296,15.270814093350326,0.0654843935553802,4.656707021348691e-06,1.5,17.617418067552798,0.0567620065645015
7.5,17.2296,14.75611498408881,0.0677685150243324,2.633629674854149e-06,1.5,18.310190632534898,0.0546143958885455
9.0,17.2296,14.632302754921136,0.0683419429428959,1.642324647685932e-06,1.5,18.849418593404497,0.0530520342070341
10.5,17.2296,15.02549932318626,0.0665535286708823,1.099162750047749e-06,1.5,19.3524182944874,0.0516731286386494
12.0,17.2296,16.065637382307457,0.0622446515008029,6.666548103872538e-07,1.5,20.09190672805956,0.0497712842058658
13.5,17.2296,17.91244751448561,0.0558271000761515,nan,1.5,nan,nan
15.0,17.2296,20.77669925669617,0.0481308405943118,nan,1.5,nan,nan
16.5,17.2296,24.93228205193856,0.0401086430001399,nan,1.5,nan,nan
18.0,17.2296,30.71371220431089,0.0325587474854193,nan,1.5,nan,nan
19.5,17.2296,38.49188859539712,0.025979499486538,nan,nan,nan,nan
Name:	12.742749857031335_12_80_0.08
Lambda:	12.742749857031336	Maximal Depth:	20	Filter time:	12 to 80 [us]
Chi2:	0.5525781188813526	RelRMS:	5.946847871638096	AbsRMS:	8.676032360622885e-07	Phi model:	0.1454114217868365
depth_vector,start_model,resistivity_model,conductivity_model,E/I[V/A],modelled_thickness,rhoa,sigma
0.0,17.2296,18.536640034624355,0.0539472093179838,7.046197129741288e-05,1.0,16.125001437844823,0.0620154983461294
1.0,17.2296,18.318135913889364,0.0545907075207237,4.865740429934114e-05,1.0,16.112919898849363,0.0620619978425766
2.0,17.2296,17.900848693317283,0.0558632731404136,3.028166537117728e-05,1.0,16.362331713862808,0.0611159838027706
3.0,17.2296,17.334873800924946,0.057687180851968,1.740261101940659e-05,1.0,16.752644004300418,0.0596920700841789
4.0,17.2296,16.68975214126522,0.0599170072470705,1.111478588973959e-05,1.0,16.95607665854581,0.0589759069941455
5.0,17.2296,16.042363245018027,0.0623349555627691,7.534293116868437e-06,1.0,17.224401081985015,0.0580571710586732
6.0,17.2296,15.46713911515115,0.0646531975018204,4.618579747658614e-06,1.5,17.714241962469337,0.0564517523311847
7.5,17.2296,15.115928702576072,0.0661553795123139,2.612348862917135e-06,1.5,18.409495539652,0.0543197937089645
9.0,17.2296,15.123201235247947,0.0661235663299434,1.6307792153313631e-06,1.5,18.938279469873965,0.0528031071455434
10.5,17.2296,15.607862600152751,0.0640702718635038,1.092893748858947e-06,1.5,19.426353290687565,0.0514764652447338
12.0,17.2296,16.689985901445052,0.0599161680486151,6.640390054521546e-07,1.5,20.14463662617263,0.0496410046285354
13.5,17.2296,18.508735957896818,0.0540285410238048,nan,1.5,nan,nan
15.0,17.2296,21.235354983107385,0.047091277767454,nan,1.5,nan,nan
16.5,17.2296,25.07684907657704,0.0398774182891281,nan,1.5,nan,nan
18.0,17.2296,30.26627317892216,0.0330400771211043,nan,1.5,nan,nan
19.5,17.2296,37.03586553353879,0.0270008540530644,nan,nan,nan,nan
Name:	16.237767391887218_12_80_0.08
Lambda:	16.237767391887218	Maximal Depth:	20	Filter time:	12 to 80 [us]
Chi2:	0.5598312915370713	RelRMS:	5.985749966242539	AbsRMS:	9.491154077030194e-07	Phi model:	0.1179550749126281
depth_vector,start_model,resistivity_model,conductivity_model,E/I[V/A],modelled_thickness,rhoa,sigma
0.0,17.2296,17.876026998969014,0.0559408418916392,7.072890412873407e-05,1.0,16.084405076165748,0.062172022854723
1.0,17.2296,17.71522549658413,0.0564486181783472,4.871911925432258e-05,1.0,16.099309661169396,0.0621144645979412
2.0,17.2296,17.408096323229284,0.0574445350848389,3.022239039995512e-05,1.0,16.3837189473944,0.0610362032705056
3.0,17.2296,16.992619589780293,0.0588490782552102,1.7317595101488653e-05,1.0,16.807427539582882,0.0594975047576386
4.0,17.2296,16.52269700792059,0.0605228068710951,1.1049941614880576e-05,1.0,17.022347411221457,0.0587463042459573
5.0,17.2296,16.059651587969356,0.0622678514862129,7.48716248114784e-06,1.0,17.296608913964747,0.057814800864962
6.0,17.2296,15.665134210488292,0.0638360314417522,4.587814699068309e-06,1.5,17.79334603413003,0.0562007841629036
7.5,17.2296,15.47756098699201,0.0646096630367305,2.595460986608663e-06,1.5,18.489265852549817,0.0540854357320029
9.0,17.2296,15.617242382104507,0.0640317909867289,1.6220337612257195e-06,1.5,19.00629095117234,0.0526141582578645
10.5,17.2296,16.193147029070143,0.0617545186370992,1.0885121288502089e-06,1.5,19.47845002755486,0.0513387871512038
12.0,17.2296,17.313192419528004,0.0577594227435532,6.625705654550696e-07,1.5,20.174389707835125,0.0495677943413391
13.5,17.2296,19.09529729184256,0.0523689149593495,nan,1.5,nan,nan
15.0,17.2296,21.673890609096496,0.0461384630030522,nan,1.5,nan,nan
16.5,17.2296,25.198173327063376,0.0396854163601604,nan,1.5,nan,nan
18.0,17.2296,29.81951908014626,0.0335350814113496,nan,1.5,nan,nan
19.5,17.2296,35.66690333407232,0.0280371971357745,nan,nan,nan,nan
Name:	20.6913808111479_12_80_0.08
Lambda:	20.6913808111479	Maximal Depth:	20	Filter time:	12 to 80 [us]
Chi2:	0.5793924162040253	RelRMS:	6.0894264620781495	AbsRMS:	1.0475779060352891e-06	Phi model:	0.0956350533344267
depth_vector,start_model,resistivity_model,conductivity_model,E/I[V/A],modelled_thickness,rhoa,sigma
0.0,17.2296,17.279555550309407,0.0578718588616762,7.103810020380563e-05,1.0,16.03769915731024,0.062353083830244
1.0,17.2296,17.16988105299563,0.0582415217038169,4.881817309756348e-05,1.0,16.077524901319325,0.0621986285910177
2.0,17.2296,16.961036637387743,0.0589586604509578,3.0193244962409946e-05,1.0,16.394260684299145,0.0609969561456165
3.0,17.2296,16.681365336682507,0.0599471314138171,1.725408012238989e-05,1.0,16.84864946185708,0.0593519381042294
4.0,17.2296,16.37196081852894,0.0610800386761402,1.100026228388516e-05,1.0,17.073559740353026,0.0585700940640117
5.0,17.2296,16.08092052432296,0.062185494822107,7.451005710519655e-06,1.0,17.352519470536375,0.0576285191149299
6.0,17.2296,15.858408612429402,0.0630580296194554,4.564264814491271e-06,1.5,17.854498157663173,0.0560082950060849
7.5,17.2296,15.829291186543614,0.0631740226530227,2.5828720784471923e-06,1.5,18.54929489331493,0.0539104049912104
9.0,17.2296,16.098362635888655,0.0621181186321809,1.6159892206829122e-06,1.5,19.05365628157082,0.0524833651464168
10.5,17.2296,16.762390067621077,0.059657363655535,1.0859196753302462e-06,1.5,19.509438756326904,0.0512572407894461
12.0,17.2296,17.915319376716045,0.0558181508781622,6.621664564543031e-07,1.5,20.182596932643545,0.0495476376671125
13.5,17.2296,19.65387413304228,0.0508805537895854,nan,1.5,nan,nan
15.0,17.2296,22.07936952962576,0.0452911483119214,nan,1.5,nan,nan
16.5,17.2296,25.29298374607681,0.0395366560955905,nan,1.5,nan,nan
18.0,17.2296,29.383194558124423,0.0340330592040238,nan,1.5,nan,nan
19.5,17.2296,34.40595110663648,0.0290647393208412,nan,nan,nan,nan
Name:	26.366508987303583_12_80_0.08
Lambda:	26.366508987303583	Maximal Depth:	20	Filter time:	12 to 80 [us]
Chi2:	0.6062263313222497	RelRMS:	6.22884300690136	AbsRMS:	1.152226511178324e-06	Phi model:	0.0781060093510093
depth_vector,start_model,resistivity_model,conductivity_model,E/I[V/A],modelled_thickness,rhoa,sigma
0.0,17.2296,16.757534269566825,0.0596746504535627,7.136151690974546e-05,1.0,15.989206301456957,0.0625421913474766
1.0,17.2296,16.691918926779714,0.0599092293933711,4.893788729791044e-05,1.0,16.05129445947252,0.0623002713285755
2.0,17.2296,16.568340657245972,0.0603560743159069,3.018594679370611e-05,1.0,16.39690304544578,0.060987126485312
3.0,17.2296,16.407770699900677,0.0609467317827676,1.7208342170961844e-05,1.0,16.87849086991505,0.0592470030470818
4.0,17.2296,16.241190668180696,0.0615718404167973,1.0963536869596524e-05,1.0,17.111666907892975,0.0584396602261312
5.0,17.2296,16.10584372906468,0.0620892650408246,7.4243660873848595e-06,1.0,17.39400346787333,0.057491077419123
6.0,17.2296,16.04192924266197,0.062336641988209,4.5470765811317125e-06,1.5,17.899463936928903,0.0558675948913124
7.5,17.2296,16.161202657538624,0.0618765831473275,2.5741002064918527e-06,1.5,18.591411815174805,0.0537882765408796
9.0,17.2296,16.552348322003777,0.0604143883723529,1.6123177791656015e-06,1.5,19.08257029317755,0.0524038420734927
10.5,17.2296,17.29837968541042,0.0578088825766385,1.0848749194769369e-06,1.5,19.52196206194487,0.0512243593562426
12.0,17.2296,18.47814122624527,0.0541179974628432,6.626648725930253e-07,1.5,20.17247558385612,0.0495724977255787
13.5,17.2296,20.167926369174804,0.0495836796354248,nan,1.5,nan,nan
15.0,17.2296,22.4402250877416,0.0445628328633062,nan,1.5,nan,nan
16.5,17.2296,25.357823548419617,0.0394355611036785,nan,1.5,nan,nan
18.0,17.2296,28.962950031368933,0.0345268696357563,nan,1.5,nan,nan
19.5,17.2296,33.26286481028462,0.0300635560317344,nan,nan,nan,nan
Name:	33.59818286283781_12_80_0.08
Lambda:	33.59818286283781	Maximal Depth:	20	Filter time:	12 to 80 [us]
Chi2:	0.6368303692597043	RelRMS:	6.384132175372081	AbsRMS:	1.2518297916780494e-06	Phi model:	0.0647143095921367
depth_vector,start_model,resistivity_model,conductivity_model,E/I[V/A],modelled_thickness,rhoa,sigma
0.0,17.2296,16.31450246643176,0.0612951576094686,7.166754023477172e-05,1.0,15.943657470896683,0.062720865762789
1.0,17.2296,16.285933957994988,0.0614026805327358,4.905850635922915e-05,1.0,16.024973691968622,0.0624025985453679
2.0,17.2296,16.234521533297933,0.0615971341039489,3.0189829698735228e-05,1.0,16.395497075669578,0.0609923563393494
3.0,17.2296,16.175753119651183,0.061820923737093,1.717506939251121e-05,1.0,16.900282654414344,0.0591706079980147
4.0,17.2296,16.13287050637933,0.0619852492837263,1.0936521467161254e-05,1.0,17.13983481958541,0.058343619441263
5.0,17.2296,16.13445705420971,0.0619791540948745,7.4050946614291345e-06,1.0,17.424168468187784,0.0573915479424887
6.0,17.2296,16.212294135368996,0.0616815850767464,4.534982482365033e-06,1.5,17.931273215219534,0.0557684882717212
7.5,17.2296,16.465926271572087,0.0607314756246946,2.5684467106550683e-06,1.5,18.618683277891243,0.0537094908954947
9.0,17.2296,16.968058575024834,0.0589342614288173,1.6105738751160125e-06,1.5,19.096342679736868,0.0523660481365942
10.5,17.2296,17.787229847994976,0.0562201089515196,1.0850700105877228e-06,1.5,19.519622013000188,0.0512305002286414
12.0,17.2296,18.98681967528824,0.0526681148871668,6.638736214978739e-07,1.5,20.147982103627378,0.0496327619737146
13.5,17.2296,20.62408077848962,0.0484870094691916,nan,1.5,nan,nan
15.0,17.2296,22.747151656649503,0.0439615480256262,nan,1.5,nan,nan
16.5,17.2296,25.389236497162965,0.0393867692757023,nan,1.5,nan,nan
18.0,17.2296,28.560170885998552,0.0350137961005773,nan,1.5,nan,nan
19.5,17.2296,32.23692785065226,0.0310203256536359,nan,nan,nan,nan
Name:	42.81332398719393_12_80_0.08
Lambda:	42.81332398719393	Maximal Depth:	20	Filter time:	12 to 80 [us]
Chi2:	0.6687734522172609	RelRMS:	6.542285605345024	AbsRMS:	1.3352055057892614e-06	Phi model:	0.0546623417085565
depth_vector,start_model,resistivity_model,conductivity_model,E/I[V/A],modelled_thickness,rhoa,sigma
0.0,17.2296,15.950655739270484,0.0626933473047131,7.192396613919223e-05,1.0,15.905739651142047,0.0628703865354792
1.0,17.2296,15.952590907142074,0.0626857421356109,4.915922412494735e-05,1.0,16.003078158206222,0.0624879782573085
2.0,17.2296,15.960877741498871,0.0626531959078893,3.0193085156743087e-05,1.0,16.3943185318369,0.0609967409171691
3.0,17.2296,15.987077435949788,0.0625505195684686,1.7148074546560208e-05,1.0,16.918014515431512,0.0591085909689854
4.0,17.2296,16.04860811835825,0.0623106996335766,1.09154022762622e-05,1.0,17.161935872021328,0.0582684848292828
5.0,17.2296,16.167294571256722,0.0618532677556247,7.390669144199475e-06,1.0,17.446834070004126,0.0573169892020279
6.0,17.2296,16.368024209787578,0.0610947287945744,4.526498921799041e-06,1.5,17.953670740987913,0.0556989160838857
7.5,17.2296,16.739139426216653,0.0597402276507603,2.5651093284299465e-06,1.5,18.63482922938497,0.0536629548728633
9.0,17.2296,17.33822303031165,0.0576760374031262,1.610265452381041e-06,1.5,19.098781018181327,0.0523593625712571
10.5,17.2296,18.21939554689257,0.0548865629173167,1.0861787063645786e-06,1.5,19.50633690273499,0.0512653915999876
12.0,17.2296,19.430966991820064,0.0514642426401616,6.655992790575093e-07,1.5,20.113142764349515,0.049718734248359
13.5,17.2296,21.01297623279805,0.0475896412255562,nan,1.5,nan,nan
15.0,17.2296,22.993574937693413,0.043490409938852,nan,1.5,nan,nan
16.5,17.2296,25.383952983864614,0.0393949673888717,nan,1.5,nan,nan
18.0,17.2296,28.172424267311666,0.0354957028373413,nan,1.5,nan,nan
19.5,17.2296,31.31911832998262,0.0319293790286131,nan,nan,nan,nan
Name:	54.5559478116852_12_80_0.08
Lambda:	54.5559478116852	Maximal Depth:	20	Filter time:	12 to 80 [us]
Chi2:	0.70053500755765	RelRMS:	6.695837549081489	AbsRMS:	1.3929379725965074e-06	Phi model:	0.0471432230309528
depth_vector,start_model,resistivity_model,conductivity_model,E/I[V/A],modelled_thickness,rhoa,sigma
0.0,17.2296,15.66300941716672,0.0638446912318137,7.210358674460497e-05,1.0,15.879312985189609,0.0629750166731195
1.0,17.2296,15.689513320773328,0.0637368399869977,4.9222070766853976e-05,1.0,15.989453458969216,0.0625412245994596
2.0,17.2296,15.746126672796034,0.0635076816527623,3.018520578213924e-05,1.0,16.397171394234324,0.0609861283972201
3.0,17.2296,15.841595921434,0.0631249531271644,1.7121713168361396e-05,1.0,16.935375232022604,0.0590479978329106
4.0,17.2296,15.989034289359124,0.0625428641844561,1.0896705003550653e-05,1.0,17.181561970015416,0.0582019260964259
5.0,17.2296,16.205051507818126,0.0617091528229669,7.378811226382918e-06,1.0,17.465520707257042,0.057255664847398
6.0,17.2296,16.508920278148942,0.0605733132846725,4.520304348224757e-06,1.5,17.97006933421755,0.0556480880179943
7.5,17.2296,16.979019936020862,0.0588962144910677,2.563394869208069e-06,1.5,18.64313724698724,0.0536390408305126
9.0,17.2296,17.659045597336426,0.0566282019312999,1.6109854756222328e-06,1.5,19.09308984715974,0.0523749695834987
10.5,17.2296,18.589437697395205,0.0537939886229115,1.087943564135119e-06,1.5,19.485235793139665,0.0513209083336871
12.0,17.2296,19.804423211813752,0.0504937704726224,6.676993462214842e-07,1.5,20.070947002847337,0.0498232594534845
13.5,17.2296,21.3289702828714,0.0468845887418703,nan,1.5,nan,nan
15.0,17.2296,23.175236235172733,0.0431495062165672,nan,1.5,nan,nan
16.5,17.2296,25.33860851277669,0.0394654662861917,nan,1.5,nan,nan
18.0,17.2296,27.794031984101885,0.0359789468678742,nan,1.5,nan,nan
19.5,17.2296,30.49374304763369,0.0327936127236961,nan,nan,nan,nan
Name:	69.51927961775606_12_80_0.08
Lambda:	69.51927961775606	Maximal Depth:	20	Filter time:	12 to 80 [us]
Chi2:	0.7312833404729694	RelRMS:	6.841208503639547	AbsRMS:	1.4171480179108918e-06	Phi model:	0.0414324987518247
depth_vector,start_model,resistivity_model,conductivity_model,E/I[V/A],modelled_thickness,rhoa,sigma
0.0,17.2296,15.447068824962397,0.0647372010399801,7.218343666966763e-05,1.0,15.867600271977002,0.0630215018565883
1.0,17.2296,15.49292640486823,0.0645455851184949,4.923149498303764e-05,1.0,15.9874128563816,0.0625492072409224
2.0,17.2296,15.587744482408093,0.0641529633186233,3.015680263747348e-05,1.0,16.407465548190157,0.060947865291133
3.0,17.2296,15.738268064261408,0.0635393930206849,1.7090812125041774e-05,1.0,16.955782422665433,0.0589769304106699
4.0,17.2296,15.954429150330808,0.0626785195870994,1.0877249397913965e-05,1.0,17.202043748682446,0.0581326274139137
5.0,17.2296,16.2488283366178,0.0615428989268373,7.367452246234316e-06,1.0,17.48346807469902,0.0571968899835804
6.0,17.2296,16.636210992666427,0.0601098411435644,4.515214545525872e-06,1.5,17.983571377316093,0.055606307502489
7.5,17.2296,17.186159529275557,0.0581863561953188,2.5627007829799232e-06,1.5,18.646503321002083,0.0536293578900485
9.0,17.2296,17.93002347123433,0.0557723754017572,1.6123965737683565e-06,1.5,19.081948603362164,0.0524055493904749
10.5,17.2296,18.89577446874468,0.0529218848189625,1.09016299102319e-06,1.5,19.45878057879156,0.0513906817516569
12.0,17.2296,20.10498812435196,0.0497389003074694,6.700722717205662e-07,1.5,20.02353419039896,0.0499412336748967
13.5,17.2296,21.569825019050167,0.0463610622300743,nan,1.5,nan,nan
15.0,17.2296,23.289987412030467,0.0429369059891998,nan,1.5,nan,nan
16.5,17.2296,25.24995884538064,0.039604024946082,nan,1.5,nan,nan
18.0,17.2296,27.41715194020448,0.0364735185544054,nan,1.5,nan,nan
19.5,17.2296,29.741722162613783,0.03362280080933,nan,nan,nan,nan
Name:	88.58667904100822_12_80_0.08
Lambda:	88.58667904100822	Maximal Depth:	20	Filter time:	12 to 80 [us]
Chi2:	0.7610725432319195	RelRMS:	6.979157740504426	AbsRMS:	1.4022634644412196e-06	Phi model:	0.0369313639536248
depth_vector,start_model,resistivity_model,conductivity_model,E/I[V/A],modelled_thickness,rhoa,sigma
0.0,17.2296,15.297733825494191,0.065369159341331,7.214652718251238e-05,1.0,15.873011621036175,0.0630000168761119
1.0,17.2296,15.358421529028654,0.065110857786389,4.917567602016722e-05,1.0,15.99950870180273,0.062501919192514
2.0,17.2296,15.48258334695116,0.0645887044552497,3.0100506944662755e-05,1.0,16.427916631498398,0.060871991405327
3.0,17.2296,15.675522617020263,0.0637937263357467,1.705122318760618e-05,1.0,16.98201717497194,0.0588858196112177
4.0,17.2296,15.944797551740145,0.0627163811114594,1.0854501369407272e-05,1.0,17.22606917462903,0.0580515490714982
5.0,17.2296,16.299906761305113,0.0613500441839295,7.354967264336793e-06,1.0,17.503247820478965,0.0571322539826003
6.0,17.2296,16.751942612532748,0.0596945693481461,4.510322001879561e-06,1.5,17.99657407181261,0.0555661314208832
7.5,17.2296,17.362746448799747,0.0575945748530543,2.562589316592552e-06,1.5,18.647044035370204,0.053627802782209
9.0,17.2296,18.15298248010872,0.0550873665578512,1.614273324192895e-06,1.5,19.067155983317694,0.0524462064963922
10.5,17.2296,19.13965591059156,0.0522475432511102,1.0927168539264056e-06,1.5,19.428449796433096,0.0514709104677817
12.0,17.2296,20.33338376923683,0.0491802058796007,6.726708990775532e-07,1.5,19.971931676924186,0.0500702694249356
13.5,17.2296,21.73577912519803,0.046007092464457,nan,1.5,nan,nan
15.0,17.2296,23.337139645738908,0.0428501528113617,nan,1.5,nan,nan
16.5,17.2296,25.114810372465943,0.0398171431585375,nan,1.5,nan,nan
18.0,17.2296,27.03270521073132,0.0369922281993081,nan,1.5,nan,nan
19.5,17.2296,29.0424201791148,0.0344323921296038,nan,nan,nan,nan
Name:	112.88378916846884_12_80_0.08
Lambda:	112.88378916846884	Maximal Depth:	20	Filter time:	12 to 80 [us]
Chi2:	0.7910092754079404	RelRMS:	7.115096178275328	AbsRMS:	1.345190602462293e-06	Phi model:	0.033177558571833
depth_vector,start_model,resistivity_model,conductivity_model,E/I[V/A],modelled_thickness,rhoa,sigma
0.0,17.2296,15.21001377398459,0.0657461600534782,7.198151970236872e-05,1.0,15.897260122604305,0.0629039213227756
1.0,17.2296,15.281631942431943,0.0654380372310457,4.904640648621454e-05,1.0,16.027609184744957,0.0623923374018751
2.0,17.2296,15.427437798050107,0.0648195775014818,3.0010975608491403e-05,1.0,16.460573194752644,0.0607512258636766
3.0,17.2296,15.651663633121524,0.0638909718123403,1.6999855381628726e-05,1.0,17.016209239901684,0.0587674955039385
4.0,17.2296,15.960056674807374,0.0626564191077391,1.082658828114882e-05,1.0,17.255664611310362,0.0579519840310608
5.0,17.2296,16.359677551105783,0.0611258991429453,7.340178279375257e-06,1.0,17.52675028532648,0.0570556425875027
6.0,17.2296,16.858649209324838,0.0593167333624144,4.504991705693008e-06,1.5,18.01076694489943,0.0555223441100155
7.5,17.2296,17.51197514142597,0.0571037813795441,2.5627790201576336e-06,1.5,18.64612382223523,0.0536304493917129
9.0,17.2296,18.33129098522405,0.0545515316300445,1.6164921923626565e-06,1.5,19.049703712091016,0.0524942547723349
10.5,17.2296,19.324268670016835,0.0517484007843246,1.0955565776951505e-06,1.5,19.39486242863428,0.0515600460523821
12.0,17.2296,20.492367990168123,0.0487986552105536,6.754939951612607e-07,1.5,19.91624696909442,0.0502102630858001
13.5,17.2296,21.828817002453096,0.0458110029456759,nan,1.5,nan,nan
15.0,17.2296,23.317095287640942,0.0428869886091704,nan,1.5,nan,nan
16.5,17.2296,24.930258980045338,0.040111897786558,nan,1.5,nan,nan
18.0,17.2296,26.631428828069648,0.03754961877772,nan,1.5,nan,nan
19.5,17.2296,28.375618291184256,0.0352415228361977,nan,nan,nan,nan
Name:	143.8449888287663_12_80_0.08
Lambda:	143.8449888287663	Maximal Depth:	20	Filter time:	12 to 80 [us]
Chi2:	0.8233751325783941	RelRMS:	7.259201642399611	AbsRMS:	1.2457595978387425e-06	Phi model:	0.0298371682778806
depth_vector,start_model,resistivity_model,conductivity_model,E/I[V/A],modelled_thickness,rhoa,sigma
0.0,17.2296,15.179347536080575,0.0658789844308556,7.16825700223044e-05,1.0,15.941428773284349,0.0627296344776738
1.0,17.2296,15.258532312028947,0.0655371027534317,4.8839052992307785e-05,1.0,16.07294221688337,0.0622163625368837
2.0,17.2296,15.419296286365327,0.0648538027565019,2.9884912033633285e-05,1.0,16.506831153563716,0.06058097951672
3.0,17.2296,15.665036983529983,0.0638364276478496,1.6934696901399013e-05,1.0,17.059829370509448,0.0586172334014462
4.0,17.2296,16.000073850920085,0.0624997115211749,1.0792301560857527e-05,1.0,17.292192335234272,0.0578295672760022
5.0,17.2296,16.42950725423254,0.0608660980835187,7.32234581923964e-06,1.0,17.555194571830693,0.0569631966144433
6.0,17.2296,16.959017296111508,0.0589656807667321,4.4988473169606905e-06,1.5,18.027162252474003,0.0554718477592202
7.5,17.2296,17.637508212092442,0.0566973513477595,2.563129404502948e-06,1.5,18.64442447800439,0.0536353375337351
9.0,17.2296,18.469162357491538,0.054144307177763,1.6190168131254009e-06,1.5,19.02989507066856,0.0525488972107541
10.5,17.2296,19.453963372607785,0.0514034071539403,1.0986919822188952e-06,1.5,19.3579459859627,0.0516583732966888
12.0,17.2296,20.586008464024506,0.0485766826409097,6.785756645131122e-07,1.5,19.855903085225663,0.0503628566128567
13.5,17.2296,21.85214580211863,0.0457620962744558,nan,1.5,nan,nan
15.0,17.2296,23.23120925372849,0.0430455422736767,nan,1.5,nan,nan
16.5,17.2296,24.6941084696764,0.0404954890850977,nan,1.5,nan,nan
18.0,17.2296,26.204941630371245,0.0381607413634156,nan,1.5,nan,nan
19.5,17.2296,27.72312600620811,0.0360709683235601,nan,nan,nan,nan
Name:	183.29807108324357_12_80_0.08
Lambda:	183.2980710832436	Maximal Depth:	20	Filter time:	12 to 80 [us]
Chi2:	0.8616025427841412	RelRMS:	7.425803844580399	AbsRMS:	1.1078048475145178e-06	Phi model:	0.0266888019370381
depth_vector,start_model,resistivity_model,conductivity_model,E/I[V/A],modelled_thickness,rhoa,sigma
0.0,17.2296,15.201603554109449,0.0657825338254969,7.124946014906247e-05,1.0,16.005966469115034,0.0624767021678816
1.0,17.2296,15.285438677347928,0.0654217403313349,4.855266279082648e-05,1.0,16.136084921706992,0.0619729014102271
2.0,17.2296,15.455334092004463,0.0647025806137268,2.9721134494989096e-05,1.0,16.567415905889874,0.0603594432396962
3.0,17.2296,15.713998303168609,0.0636375275539108,1.6854839530010873e-05,1.0,17.11367264376276,0.0584328110520718
4.0,17.2296,16.06458121479328,0.0622487437817013,1.0751093364845958e-05,1.0,17.336350672693687,0.0576822665207788
5.0,17.2296,16.510566248318593,0.0605672746143299,7.301152694891614e-06,1.0,17.58914990984175,0.0568532308341101
6.0,17.2296,17.055597325630096,0.0586317782313763,4.491749304359097e-06,1.5,18.04614867097733,0.0554134856268943
7.5,17.2296,17.743064502453215,0.0563600498584523,2.563619189776889e-06,1.5,18.642049695929213,0.0536421700569957
9.0,17.2296,18.57115008254042,0.0538469613112515,1.6218787339865064e-06,1.5,19.00750207578317,0.0526108057762133
10.5,17.2296,19.533728384183355,0.0511935038888791,1.1021748624058354e-06,1.5,19.317143649005946,0.0517674878941773
12.0,17.2296,20.61924399531523,0.0484983833659082,6.81972574744668e-07,1.5,19.78991329724373,0.0505307923779169
13.5,17.2296,21.809979540855306,0.0458505702917676,nan,1.5,nan,nan
15.0,17.2296,23.08193585733572,0.0433239224898975,nan,1.5,nan,nan
16.5,17.2296,24.405484455783338,0.0409743966284197,nan,1.5,nan,nan
18.0,17.2296,25.746832262435053,0.0388397294784497,nan,1.5,nan,nan
19.5,17.2296,27.070178891225684,0.0369410192676684,nan,nan,nan,nan
Name:	233.57214690901213_12_80_0.08
Lambda:	233.57214690901213	Maximal Depth:	20	Filter time:	12 to 80 [us]
Chi2:	0.9100342416561956	RelRMS:	7.631657190020823	AbsRMS:	9.417813468653196e-07	Phi model:	0.0236064925511913
depth_vector,start_model,resistivity_model,conductivity_model,E/I[V/A],modelled_thickness,rhoa,sigma
0.0,17.2296,15.272827403675116,0.0654757612044623,7.068806381957426e-05,1.0,16.09059969897325,0.062148087623099
1.0,17.2296,15.35876930650332,0.0651093834436703,4.8190252402136095e-05,1.0,16.216883826908983,0.0616641279960753
2.0,17.2296,15.53269518808083,0.0643803272961514,2.9520718023846457e-05,1.0,16.64231555887943,0.0600877922583588
3.0,17.2296,15.796713647361932,0.063304306346466,1.676052268868538e-05,1.0,17.17781533194258,0.0582146204669271
4.0,17.2296,16.152982275243573,0.0619080726370029,1.070307902379491e-05,1.0,17.388159585651994,0.0575103992503703
5.0,17.2296,16.60362093115815,0.0602278264570237,7.276688273206905e-06,1.0,17.628551315705387,0.0567261587234961
6.0,17.2296,17.150559965448902,0.0583071341119226,4.483770469179216e-06,1.5,18.06755098205643,0.0553478443754296
7.5,17.2296,17.832133662097046,0.0560785388304677,2.5643213548938835e-06,1.5,18.63864648376148,0.0536519645281768
9.0,17.2296,18.64184185374607,0.0536427681258893,1.6251556421383424e-06,1.5,18.98194276421059,0.0526816465744194
10.5,17.2296,19.568917738563663,0.0511014463528221,1.1060806551909552e-06,1.5,19.271641702476074,0.0518897152322792
12.0,17.2296,20.59773035281465,0.0485490383101044,6.857497929837183e-07,1.5,19.71717577307148,0.050717202682026
13.5,17.2296,21.707603552412507,0.0460668077701678,nan,1.5,nan,nan
15.0,17.2296,22.873204921203875,0.0437192777944721,nan,1.5,nan,nan
16.5,17.2296,24.06557084480693,0.0415531385666585,nan,1.5,nan,nan
18.0,17.2296,25.25371428874857,0.0395981354887481,nan,1.5,nan,nan
19.5,17.2296,26.406635210190988,0.0378692700542958,nan,nan,nan,nan
Name:	297.63514416313194_12_80_0.08
Lambda:	297.63514416313194	Maximal Depth:	20	Filter time:	12 to 80 [us]
Chi2:	0.973418276340022	RelRMS:	7.892956967180387	AbsRMS:	7.711898258992204e-07	Phi model:	0.0205432506838878
depth_vector,start_model,resistivity_model,conductivity_model,E/I[V/A],modelled_thickness,rhoa,sigma
0.0,17.2296,15.388822487314112,0.0649822298505527,7.001090435415566e-05,1.0,16.19418749020165,0.0617505509680589
1.0,17.2296,15.474646836656476,0.0646218301816873,4.775913263328791e-05,1.0,16.314330357139497,0.0612958042474834
2.0,17.2296,15.648133048682986,0.0639053871084106,2.928713706699453e-05,1.0,16.730686071243756,0.0597704120286359
3.0,17.2296,15.910848017855937,0.0628502012512312,1.665316632524839e-05,1.0,17.25156194927939,0.0579657658210925
4.0,17.2296,16.264087611024532,0.0614851582158322,1.0649029619889992e-05,1.0,17.44694593954922,0.0573166216863876
5.0,17.2296,16.70880797336325,0.0598486739206156,7.249424844600073e-06,1.0,17.672721624930286,0.0565843802229836
6.0,17.2296,17.245496216305508,0.0579861540344954,4.475165487028709e-06,1.5,18.09070411797986,0.055277008207001
7.5,17.2296,17.907798611765582,0.0558415929104201,2.5653741727674046e-06,1.5,18.63354665782713,0.0536666485647242
9.0,17.2296,18.68571660569211,0.0535168129273338,1.6289469615094312e-06,1.5,18.95247810408972,0.0527635486245047
10.5,17.2296,19.565176917189003,0.0511112168437101,1.1104883016300803e-06,1.5,19.2206137758828,0.0520274748590368
12.0,17.2296,20.527888754769496,0.0487142156675833,6.899654494799903e-07,1.5,19.63677975232701,0.0509248467728776
13.5,17.2296,21.55160783104945,0.0464002504054151,nan,1.5,nan,nan
15.0,17.2296,22.610889326089087,0.0442264780291579,nan,1.5,nan,nan
16.5,17.2296,23.678319426931186,0.0422327269925509,nan,1.5,nan,nan
18.0,17.2296,24.72611282459671,0.0404430735673596,nan,1.5,nan,nan
19.5,17.2296,25.72787687835893,0.0388683452088948,nan,nan,nan,nan
Name:	379.26901907322497_12_80_0.08
Lambda:	379.26901907322497	Maximal Depth:	20	Filter time:	12 to 80 [us]
Chi2:	1.08820842162682	RelRMS:	8.345378300839121	AbsRMS:	6.454393575498138e-07	Phi model:	0.0164026372747288
depth_vector,start_model,resistivity_model,conductivity_model,E/I[V/A],modelled_thickness,rhoa,sigma
0.0,17.2296,15.559970655669938,0.0642674733859865,6.87504729190979e-05,1.0,16.39151749312426,0.0610071642494033
1.0,17.2296,15.650617293166183,0.0638952433164823,4.693707436458901e-05,1.0,16.504265274823506,0.0605903978970486
2.0,17.2296,15.83333835611957,0.0631578747013576,2.8822412383650427e-05,1.0,16.9100468853226,0.0591364415948467
3.0,17.2296,16.108195992409243,0.0620801982091126,1.642352456840357e-05,1.0,17.412002685064742,0.0574316474725653
4.0,17.2296,16.47397252592736,0.0607018130220966,1.052334119487319e-05,1.0,17.58559245991657,0.0568647318695309
5.0,17.2296,16.928237171924863,0.0590728963591365,7.177907173532688e-06,1.0,17.78991662840312,0.0562116181254843
6.0,17.2296,17.46740589973133,0.0572494854553864,4.44316018437749e-06,1.5,18.177475025531727,0.055013141186849
7.5,17.2296,18.114247308260225,0.0552051643649577,2.5559805158073023e-06,1.5,18.67917301107473,0.0535355606700097
9.0,17.2296,18.85095047191181,0.0530477230572545,1.6277578739519594e-06,1.5,18.96170691850036,0.0527378681833928
10.5,17.2296,19.65729365632428,0.0508717027625149,1.1124931468538254e-06,1.5,19.197514943599845,0.0520900753528718
12.0,17.2296,20.51172801758558,0.0487525965214952,6.934902751859162e-07,1.5,19.57018425610876,0.0510981392363668
13.5,17.2296,21.392492012716083,0.0467453721336243,nan,1.5,nan,nan
15.0,17.2296,22.278658951427243,0.0448860051307503,nan,1.5,nan,nan
16.5,17.2296,23.15103200508892,0.0431946187012391,nan,1.5,nan,nan
18.0,17.2296,23.99282853578505,0.0416791208468193,nan,1.5,nan,nan
19.5,17.2296,24.790128267417355,0.0403386375904452,nan,nan,nan,nan
Name:	483.2930238571752_12_80_0.08
Lambda:	483.2930238571752	Maximal Depth:	20	Filter time:	12 to 80 [us]
Chi2:	1.1987162893665266	RelRMS:	8.75887221732671	AbsRMS:	6.949337768835077e-07	Phi model:	0.013657745351582
depth_vector,start_model,resistivity_model,conductivity_model,E/I[V/A],modelled_thickness,rhoa,sigma
0.0,17.2296,15.752197477772304,0.0634832061628915,6.805022106008876e-05,1.0,16.50377374927121,0.0605922024375884
1.0,17.2296,15.836934732138268,0.0631435323131487,4.6511348077117445e-05,1.0,16.60482315911213,0.0602234658218106
2.0,17.2296,16.007577811453913,0.0624704131867139,2.861026020750879e-05,1.0,16.993538706417507,0.0588458953297559
3.0,17.2296,16.263877505339497,0.0614859525148105,1.6339591206400652e-05,1.0,17.47157984166076,0.0572358086139132
4.0,17.2296,16.604268350595763,0.0602254781050993,1.048829949521477e-05,1.0,17.62473998288658,0.0567384256999529
5.0,17.2296,17.02595793049405,0.0587338465231942,7.165769745935515e-06,1.0,17.80999941299355,0.0561482331813236
6.0,17.2296,17.525012376358575,0.0570613006441587,4.445725740784471e-06,1.5,18.170481068219143,0.0550343161661821
7.5,17.2296,18.1213995678456,0.0551833756689736,2.564564232590349e-06,1.5,18.63746968007104,0.0536553522106756
9.0,17.2296,18.797444277834725,0.0531987213378344,1.636740949117536e-06,1.5,18.89226378508172,0.0529317191087311
10.5,17.2296,19.533403951189367,0.0511943541688294,1.1206372679306896e-06,1.5,19.10439121990689,0.0523439867038523
12.0,17.2296,20.30854395574396,0.0492403592389086,7.001988400903544e-07,1.5,19.44498325602022,0.0514271463664231
13.5,17.2296,21.10220425648144,0.0473884143971762,nan,1.5,nan,nan
15.0,17.2296,21.894778909095788,0.0456729891702431,nan,1.5,nan,nan
16.5,17.2296,22.668539624356704,0.044114001897393,nan,1.5,nan,nan
18.0,17.2296,23.408255333880803,0.0427199714688951,nan,1.5,nan,nan
19.5,17.2296,24.101585118976523,0.0414910469607513,nan,nan,nan,nan
Name:	615.8482110660261_12_80_0.08
Lambda:	615.8482110660261	Maximal Depth:	20	Filter time:	12 to 80 [us]
Chi2:	1.327047094837175	RelRMS:	9.21580241051094	AbsRMS:	8.390489217251679e-07	Phi model:	0.0111286428803627
depth_vector,start_model,resistivity_model,conductivity_model,E/I[V/A],modelled_thickness,rhoa,sigma
0.0,17.2296,15.967597699647447,0.0626268283313575,6.729761273101616e-05,1.0,16.626589803425357,0.0601446244733831
1.0,17.2296,16.045307589099174,0.0623235169813371,4.605211126660572e-05,1.0,16.71503060112829,0.0598263936132129
2.0,17.2296,16.20168102209046,0.0617219903685631,2.837946796800573e-05,1.0,17.085546072604288,0.0585290043262617
3.0,17.2296,16.436292351871796,0.0608409718318327,1.624627518878012e-05,1.0,17.53841860653981,0.0570176834316815
4.0,17.2296,16.74743889338081,0.0597106224041955,1.0447727949115365e-05,1.0,17.670338474207167,0.0565920116051918
5.0,17.2296,17.13223419027434,0.0583695032938367,7.150141787974554e-06,1.0,17.835941334801028,0.0560665670080908
6.0,17.2296,17.586698448665498,0.0568611557717293,4.446380067139908e-06,1.5,18.16869838716173,0.0550397160374798
7.5,17.2296,18.128513699465373,0.0551617201816986,2.572219520283672e-06,1.5,18.600472823162256,0.0537620741960252
9.0,17.2296,18.740769748868804,0.0533596012010317,1.645210670817825e-06,1.5,18.82736841825613,0.0531141675132006
10.5,17.2296,19.40471146134509,0.0515338762955603,1.128475051210365e-06,1.5,19.015829258204946,0.0525877670871766
12.0,17.2296,20.100771267710808,0.0497493348231053,7.067558896129732e-07,1.5,19.324527060214308,0.0517477088512462
13.5,17.2296,20.80958622456606,0.0480547757753819,nan,1.5,nan,nan
15.0,17.2296,21.512930190967925,0.046483672429702,nan,1.5,nan,nan
16.5,17.2296,22.19449685120372,0.0450562140112568,nan,1.5,nan,nan
18.0,17.2296,22.840485106047726,0.0437819072299484,nan,1.5,nan,nan
19.5,17.2296,23.439960906486107,0.0426621871934644,nan,nan,nan,nan
Name:	784.7599703514607_12_80_0.08
Lambda:	784.7599703514607	Maximal Depth:	20	Filter time:	12 to 80 [us]
Chi2:	1.47844460164504	RelRMS:	9.727304585818343	AbsRMS:	1.058092164698249e-06	Phi model:	0.0087668810363158
depth_vector,start_model,resistivity_model,conductivity_model,E/I[V/A],modelled_thickness,rhoa,sigma
0.0,17.2296,16.201399271611688,0.0617230637450071,6.648394199306666e-05,1.0,16.761972103672235,0.059658851226755
1.0,17.2296,16.271818256473274,0.0614559469776635,4.555275618192363e-05,1.0,16.83696335753532,0.0593931327618203
2.0,17.2296,16.41340252751995,0.0609258195138591,2.8125622597639574e-05,1.0,17.18819479414517,0.0581794663125781
3.0,17.2296,16.625543220452993,0.0601484105956781,1.6141150768006468e-05,1.0,17.61448590376718,0.0567714553500611
4.0,17.2296,16.906380238911506,0.0591492670736467,1.0400368932478225e-05,1.0,17.72394016399954,0.0564208630105385
5.0,17.2296,17.252903674504182,0.0579612579346727,7.130402950263519e-06,1.0,17.868842562642914,0.0559633337466763
6.0,17.2296,17.661056851266743,0.0566217530706988,4.444948293930257e-06,1.5,18.17259975376816,0.0550278998904736
7.5,17.2296,18.14598872828824,0.0551085981025147,2.5790193167703963e-06,1.5,18.567763988693603,0.053856781064695
9.0,17.2296,18.691648290182627,0.0534998296819669,1.65332310896131e-06,1.5,18.76573052058563,0.0532886262489499
10.5,17.2296,19.28045600283404,0.0518659932033251,1.1361820217649206e-06,1.5,18.929739400559345,0.052826929036881
12.0,17.2296,19.89431604948433,0.0502656134301194,7.133260071027682e-07,1.5,19.205684608650493,0.052067917409702
13.5,17.2296,20.51558382854323,0.0487434336920358,nan,1.5,nan,nan
15.0,17.2296,21.127923203915334,0.0473307286451459,nan,1.5,nan,nan
16.5,17.2296,21.71699696757508,0.0460468821491786,nan,1.5,nan,nan
18.0,17.2296,22.270952054196684,0.0449015380018997,nan,1.5,nan,nan
19.5,17.2296,22.780684245109462,0.0438968377437863,nan,nan,nan,nan
Name:	1000.0_12_80_0.08
Lambda:	1000	Maximal Depth:	20	Filter time:	12 to 80 [us]
Chi2:	1.6497330652589073	RelRMS:	10.27535479565402	AbsRMS:	1.3116054017906194e-06	Phi model:	0.0066677248945624
depth_vector,start_model,resistivity_model,conductivity_model,E/I[V/A],modelled_thickness,rhoa,sigma
0.0,17.2296,16.444951396716696,0.0608089361820585,6.566414941290645e-05,1.0,16.90119475304697,0.059167414766327
1.0,17.2296,16.50777706918496,0.0605775081532145,4.504955192283575e-05,1.0,16.962110537921973,0.0589549276762648
2.0,17.2296,16.633981061914074,0.0601178993938886,2.7869763492211e-05,1.0,17.29323227205239,0.0578260896672336
3.0,17.2296,16.822794095012792,0.059443157560637,1.6035196356396476e-05,1.0,17.69199386922482,0.0565227417210163
4.0,17.2296,17.072231544026135,0.0585746507374378,1.0352683845059147e-05,1.0,17.778323494795217,0.0562482733702511
5.0,17.2296,17.37920566358822,0.0575400291219946,7.110588617298726e-06,1.0,17.90202265334842,0.0558596097973855
6.0,17.2296,17.73964513668762,0.0563709134142647,4.443608697834233e-06,1.5,18.1762518486246,0.0550168433144631
7.5,17.2296,18.166157949071213,0.0550474130415191,2.585985417689134e-06,1.5,18.534403898863506,0.0539537179321595
9.0,17.2296,18.643791710715973,0.053637157908454,1.6616091906006514e-06,1.5,18.70329149086373,0.053466524888867
10.5,17.2296,19.15642807975058,0.0522017985731408,1.1440514241149256e-06,1.5,18.842833611451752,0.0530705742363637
12.0,17.2296,19.687758593178405,0.0507929836333166,7.200356963988389e-07,1.5,19.0861857667582,0.0523939152757104
13.5,17.2296,20.22217644409761,0.049450661394653,nan,1.5,nan,nan
15.0,17.2296,20.745525740428057,0.0482031649866187,nan,1.5,nan,nan
16.5,17.2296,21.245665392444508,0.0470684246187754,nan,1.5,nan,nan
18.0,17.2296,21.71282592451235,0.0460557277747557,nan,1.5,nan,nan
19.5,17.2296,22.139760130029057,0.0451676076943426,nan,nan,nan,nan
Name:	58.06735210785115_12_80_0.08
Lambda:	58.06735210785115	Maximal Depth:	20	Filter time:	12 to 80 [us]
Chi2:	0.7085595279507007	RelRMS:	6.734078243445412	AbsRMS:	1.40263596218503e-06	Phi model:	0.0455270891837445
depth_vector,start_model,resistivity_model,conductivity_model,E/I[V/A],modelled_thickness,rhoa,sigma
0.0,17.2296,15.600784865875452,0.0640993391420556,7.213445187609619e-05,1.0,15.874782999592474,0.0629929870553614
1.0,17.2296,15.632739354497073,0.063968315298005,4.9230138309003805e-05,1.0,15.987706573591108,0.0625480581218462
2.0,17.2296,15.700100637196163,0.06369385923749,3.018018755987713e-05,1.0,16.39898897450864,0.0609793690058848
3.0,17.2296,15.811033706219913,0.0632469716136655,1.7114378655281835e-05,1.0,16.940213419578875,0.0590311335065139
4.0,17.2296,15.977739635327882,0.0625870756955465,1.0891883332586726e-05,1.0,17.18663227327728,0.0581847556926469
5.0,17.2296,16.21569401561729,0.0616686525434497,7.375913092353284e-06,1.0,17.470095427258666,0.0572406718763364
6.0,17.2296,16.54290925003655,0.0604488596827544,4.51893002788529e-06,1.5,17.97371258309774,0.0556368082207116
7.5,17.2296,17.035392668200917,0.0587013178666933,2.5631390760386462e-06,1.5,18.644377577095007,0.053635472456239
9.0,17.2296,17.73350753758589,0.0563904234895728,1.6112934911468996e-06,1.5,19.09065654103929,0.0523816453274037
10.5,17.2296,18.674354850185424,0.0535493733530543,1.0884774595785537e-06,1.5,19.478863632867903,0.0513376970467947
12.0,17.2296,19.888755451161664,0.0502796669432421,6.682867258323274e-07,1.5,20.05918459383365,0.0498524750755525
13.5,17.2296,21.398163245597896,0.0467329830379588,nan,1.5,nan,nan
15.0,17.2296,23.211211592702423,0.0430826282379157,nan,1.5,nan,nan
16.5,17.2296,25.320062665942203,0.0394943730271683,nan,1.5,nan,nan
18.0,17.2296,27.69724619352476,0.0361046723928022,nan,1.5,nan,nan
19.5,17.2296,30.29401420473772,0.0330098214532298,nan,nan,nan,nan
Name:	172.21381097981777_12_80_0.08
Lambda:	172.21381097981777	Maximal Depth:	20	Filter time:	12 to 80 [us]
Chi2:	0.8509754044947055	RelRMS:	7.379866251339597	AbsRMS:	1.146565456514603e-06	Phi model:	0.0274891951775471
depth_vector,start_model,resistivity_model,conductivity_model,E/I[V/A],modelled_thickness,rhoa,sigma
0.0,17.2296,15.191037541505706,0.0658282883751521,7.1373529350898e-05,1.0,15.987412220938191,0.0625492097270334
1.0,17.2296,15.273932750067086,0.0654710228441727,4.863382463588066e-05,1.0,16.1181276122947,0.0620419458174045
2.0,17.2296,15.441992666866778,0.0647584817305124,2.976686864122331e-05,1.0,16.550441983512172,0.0604213471154556
3.0,17.2296,15.698092841914802,0.0637020057194427,1.6876803004988884e-05,1.0,17.0988215966211,0.0584835624109681
4.0,17.2296,16.045664656067377,0.0623221300852668,1.0762365084701162e-05,1.0,17.32424400207273,0.0577225765164908
5.0,17.2296,16.488580542093594,0.0606480344046054,7.306929951861421e-06,1.0,17.579877394120544,0.0568832181010797
6.0,17.2296,17.03097484093926,0.0587165449623111,4.493666545005866e-06,1.5,18.041015331990668,0.055429252821862
7.5,17.2296,17.717608405277243,0.056441026188509,2.56347715505549e-06,1.5,18.64273829029382,0.0536401887120113
9.0,17.2296,18.548076287716867,0.053913946896058,1.6211062433204429e-06,1.5,19.013539908327548,0.0525940989853246
10.5,17.2296,19.517679797079275,0.0512355982061784,1.1012413620031764e-06,1.5,19.328058612982296,0.0517382536975709
12.0,17.2296,20.61616160062607,0.0485056345294476,6.81064632321145e-07,1.5,19.807497641002065,0.050485933060518
13.5,17.2296,21.826817237326143,0.0458152001332514,nan,1.5,nan,nan
15.0,17.2296,23.126221482776053,0.0432409592178635,nan,1.5,nan,nan
16.5,17.2296,24.48475496780561,0.0408417401487119,nan,1.5,nan,nan
18.0,17.2296,25.868000716475013,0.0386578000735523,nan,1.5,nan,nan
19.5,17.2296,27.23891467639046,0.0367121822539705,nan,nan,nan,nan
Name:	29.657596692192385_12_80_0.08
Lambda:	29.657596692192385	Maximal Depth:	20	Filter time:	12 to 80 [us]
Chi2:	0.6208091429581444	RelRMS:	6.303315409316055	AbsRMS:	1.2020706349401287e-06	Phi model:	0.0711375662613552
depth_vector,start_model,resistivity_model,conductivity_model,E/I[V/A],modelled_thickness,rhoa,sigma
0.0,17.2296,16.53253061237801,0.0604868077033103,7.151472262098588e-05,1.0,15.966362397347453,0.0626316737096067
1.0,17.2296,16.48568865999166,0.0606586731452021,4.899794570965993e-05,1.0,16.03817537481499,0.0623512323958195
2.0,17.2296,16.398761561375135,0.0609802146495838,3.018736905462397e-05,1.0,16.396388020823824,0.0609890421433046
3.0,17.2296,16.289741567274792,0.061388328100241,1.7191132394922593e-05,1.0,16.889753521597704,0.0592074951668924
4.0,17.2296,16.185623758147642,0.0617832228737315,1.0949520608613885e-05,1.0,17.126266661160194,0.0583898417433759
5.0,17.2296,16.119178635384568,0.0620379004799174,7.414298082392888e-06,1.0,17.40974632057547,0.0574390908165137
6.0,17.2296,16.126289749826793,0.0620105439945193,4.540693081400248e-06,1.5,17.91623589452587,0.055815295460892
7.5,17.2296,16.312741298903514,0.0613017751999301,2.5710343559776376e-06,1.5,18.60618853134733,0.0537455588131454
9.0,17.2296,16.75934852198366,0.0596681904841512,1.6112726710695168e-06,1.5,19.090820994102867,0.0523811940989284
10.5,17.2296,17.54215110996964,0.0570055515843592,1.0848429907483484e-06,1.5,19.522345102548304,0.0512233543023203
12.0,17.2296,18.732462666103007,0.0533832640066878,6.631798977777442e-07,1.5,20.162030275136583,0.0495981796651292
13.5,17.2296,20.397160016989734,0.0490264330508293,nan,1.5,nan,nan
15.0,17.2296,22.596334796067108,0.0442549647553482,nan,1.5,nan,nan
16.5,17.2296,25.37739984218496,0.0394051402515121,nan,1.5,nan,nan
18.0,17.2296,28.765330269445947,0.0347640715622925,nan,1.5,nan,nan
19.5,17.2296,32.75057109403438,0.0305338186967418,nan,nan,nan,nan
Name:	87.95730415567415_12_80_0.08
Lambda:	87.95730415567415	Maximal Depth:	20	Filter time:	12 to 80 [us]
Chi2:	0.760202324247505	RelRMS:	6.975166575203801	AbsRMS:	1.4032948636080698e-06	Phi model:	0.0370511634102248
depth_vector,start_model,resistivity_model,conductivity_model,E/I[V/A],modelled_thickness,rhoa,sigma
0.0,17.2296,15.301223635490906,0.0653542503411634,7.214939941095432e-05,1.0,15.872590354254502,0.0630016889292401
1.0,17.2296,15.361533606097932,0.0650976670456287,4.917833501684148e-05,1.0,15.99893198411066,0.0625041722155672
2.0,17.2296,15.484947499319029,0.0645788434248147,3.0102616188851938e-05,1.0,16.42714923657295,0.0608748350428099
3.0,17.2296,15.67680498786609,0.063788507975573,1.7052543371251326e-05,1.0,16.981140681257298,0.0588888590448895
4.0,17.2296,15.944725047112396,0.062716666298432,1.0855236715485064e-05,1.0,17.225291223504062,0.058054170871462
5.0,17.2296,16.298287007741582,0.0613561412634963,7.355362728281591e-06,1.0,17.502620435561457,0.0571343018996299
6.0,17.2296,16.748680078483243,0.059706197462371,4.510469707542484e-06,1.5,17.996181176972488,0.0555673445474964
7.5,17.2296,17.35795962335546,0.0576104577783716,2.562587276934567e-06,1.5,18.6470539299502,0.0536277743259935
9.0,17.2296,18.14708028324671,0.0551052832958035,1.6142128547959884e-06,1.5,19.06763215853056,0.0524448967593816
10.5,17.2296,19.13334685689686,0.0522647714212914,1.092637564481382e-06,1.5,19.42938969478639,0.0514684205581782
12.0,17.2296,20.327673239540488,0.0491940217759327,6.725913421412874e-07,1.5,19.973506555332403,0.0500663214658733
13.5,17.2296,21.73195125078821,0.0460151961717533,nan,1.5,nan,nan
15.0,17.2296,23.336716121751373,0.042850930472944,nan,1.5,nan,nan
16.5,17.2296,25.11947824959701,0.0398097440585193,nan,1.5,nan,nan
18.0,17.2296,27.04421037413069,0.0369764909444927,nan,1.5,nan,nan
19.5,17.2296,29.06243187014216,0.0344086828132015,nan,nan,nan,nan
Name:	113.69152449580729_12_80_0.08
Lambda:	113.69152449580729	Maximal Depth:	20	Filter time:	12 to 80 [us]
Chi2:	0.7919125442153134	RelRMS:	7.119157452239701	AbsRMS:	1.342862773701552e-06	Phi model:	0.0330747320959123
depth_vector,start_model,resistivity_model,conductivity_model,E/I[V/A],modelled_thickness,rhoa,sigma
0.0,17.2296,15.20831831839701,0.0657534895748685,7.197465263042602e-05,1.0,15.89827127388324,0.0628999205493959
1.0,17.2296,15.280204696559167,0.0654441494638604,4.90414352623704e-05,1.0,16.028692289082706,0.0623881213741378
2.0,17.2296,15.426541446868972,0.0648233438093775,3.000779974090425e-05,1.0,16.46173457455515,0.0607469398483496
3.0,17.2296,15.651533470996684,0.063891503145878,1.6998142643346972e-05,1.0,17.01735225982557,0.0587635482143007
4.0,17.2296,15.960881257988316,0.062653182104184,1.082567493985482e-05,1.0,17.25663514906926,0.0579487247288724
5.0,17.2296,16.361581728213,0.0611187852501849,7.339699709450143e-06,1.0,17.527512140693407,0.0570531625922148
6.0,17.2296,16.861679128332543,0.0593060745842155,4.504823811216113e-06,1.5,18.01121444882533,0.0555209646102025
7.5,17.2296,17.515987782965578,0.0570906997875681,2.562787402641237e-06,1.5,18.646083163143423,0.0536305663366684
9.0,17.2296,18.335902121200565,0.0545378129415169,1.6165620831044052e-06,1.5,19.049154642543865,0.0524957678576784
10.5,17.2296,19.32884459664068,0.0517361498252098,1.0956444207701195e-06,1.5,19.39382576193929,0.0515628021141922
12.0,17.2296,20.496033059899226,0.0487899291085997,6.755807203324738e-07,1.5,19.914542483029702,0.0502145605831595
13.5,17.2296,21.830480141813,0.045807512867509,nan,1.5,nan,nan
15.0,17.2296,23.315499638757547,0.0428899236771101,nan,1.5,nan,nan
16.5,17.2296,24.92405694925338,0.0401218791160704,nan,1.5,nan,nan
18.0,17.2296,26.61928004816467,0.0375667560576623,nan,1.5,nan,nan
19.5,17.2296,28.35630160975327,0.0352655298198706,nan,nan,nan,nan
Name:	75.05648164127545_12_80_0.08
Lambda:	75.05648164127545	Maximal Depth:	20	Filter time:	12 to 80 [us]
Chi2:	0.7407761109590097	RelRMS:	6.885468110548231	AbsRMS:	1.4168669325651752e-06	Phi model:	0.0399031567383687
depth_vector,start_model,resistivity_model,conductivity_model,E/I[V/A],modelled_thickness,rhoa,sigma
0.0,17.2296,15.392893700240048,0.0649650429265554,7.218503724304856e-05,1.0,15.8673657141107,0.0630224334661114
1.0,17.2296,15.44389817952643,0.0647504916424322,4.922135968655359e-05,1.0,15.989607453875296,0.0625406222688498
2.0,17.2296,15.54889461317615,0.0643132534419905,3.014231203598249e-05,1.0,16.41272360534455,0.0609283397469975
3.0,17.2296,15.714121836716185,0.063637027279723,1.7079401806552854e-05,1.0,16.963333403044633,0.0589506776905367
4.0,17.2296,15.948686997122744,0.062701086313902,1.0870514815852272e-05,1.0,17.20914777387439,0.0581086299647053
5.0,17.2296,16.26412450197642,0.0614850187526835,7.363691166384519e-06,1.0,17.489420806973563,0.0571774223421549
6.0,17.2296,16.67393980695126,0.0599738281160824,4.513681746439644e-06,1.5,17.987642502015877,0.0555937221838787
7.5,17.2296,17.245160246768805,0.0579872837184779,2.5626189213363307e-06,1.5,18.646900421345965,0.0536282158108837
9.0,17.2296,18.005575449421467,0.0555383527068628,1.6129474238083568e-06,1.5,19.07760380766464,0.0524174844011719
10.5,17.2296,18.979518146265487,0.052688376611751,1.0909379666749574e-06,1.5,19.44956412615696,0.0514150339572463
12.0,17.2296,20.184908096939893,0.0495419644814535,6.708704162097659e-07,1.5,20.007649509147136,0.0499808835387094
13.5,17.2296,21.630329647624823,0.0462313804870656,nan,1.5,nan,nan
15.0,17.2296,23.31220449818445,0.0428959860950893,nan,1.5,nan,nan
16.5,17.2296,25.212399872730348,0.0396630231571726,nan,1.5,nan,nan
18.0,17.2296,27.29685792962472,0.0366342530183563,nan,1.5,nan,nan
19.5,17.2296,29.515895280753707,0.0338800497321206,nan,nan,nan,nan
Name:	68.0480571321661_12_80_0.08
Lambda:	68.0480571321661	Maximal Depth:	20	Filter time:	12 to 80 [us]
Chi2:	0.7286159950249531	RelRMS:	6.82872050105999	AbsRMS:	1.416519468063492e-06	Phi model:	0.0418800277091819
depth_vector,start_model,resistivity_model,conductivity_model,E/I[V/A],modelled_thickness,rhoa,sigma
0.0,17.2296,15.463370951797147,0.064668952398363,7.218087939734406e-05,1.0,15.867975048379067,0.0630200133886744
1.0,17.2296,15.507712264389056,0.0644840440002448,4.923314099094418e-05,1.0,15.987056517080164,0.062550601415065
2.0,17.2296,15.599533161268216,0.064104482465083,3.016033790134248e-05,1.0,16.406183381888166,0.0609526284525116
3.0,17.2296,15.745729528513522,0.0635092834656613,1.709383541552066e-05,1.0,16.953783114512873,0.0589838853809551
4.0,17.2296,15.956477519566478,0.0626704734032783,1.0879066412064049e-05,1.0,17.20012831305886,0.0581391011624471
5.0,17.2296,16.24469105359476,0.0615585729947576,7.36847938129371e-06,1.0,17.48184328896646,0.0572022059384975
6.0,17.2296,16.6254768608042,0.0601486506746506,4.5156444620230174e-06,1.5,17.982429929805075,0.0556098371523497
7.5,17.2296,17.169149204902777,0.0582440042931447,2.5627333282541144e-06,1.5,18.646345453920333,0.0536298119366738
9.0,17.2296,17.90808106441294,0.0558407121568824,1.6122507634136231e-06,1.5,19.083099087650307,0.052402389958094
10.5,17.2296,18.87128704643936,0.0529905563695339,1.089952447798371e-06,1.5,19.461286365495287,0.0513840648156224
12.0,17.2296,20.08139378807864,0.0497973402918701,6.698534379439765e-07,1.5,20.02789493242759,0.0499303597993655
13.5,17.2296,21.5516004065254,0.0464002663902964,nan,1.5,nan,nan
15.0,17.2296,23.28257853238745,0.0429505691824013,nan,1.5,nan,nan
16.5,17.2296,25.25960744106146,0.0395888971090826,nan,1.5,nan,nan
18.0,17.2296,27.450579394109194,0.0364291035771214,nan,1.5,nan,nan
19.5,17.2296,29.80566416528189,0.0335506699147746,nan,nan,nan,nan
Name:	79.74426095514112_12_80_0.08
Lambda:	79.74426095514112	Maximal Depth:	20	Filter time:	12 to 80 [us]
Chi2:	0.7482213307798277	RelRMS:	6.919983032487072	AbsRMS:	1.413781288100589e-06	Phi model:	0.0387683894955956
depth_vector,start_model,resistivity_model,conductivity_model,E/I[V/A],modelled_thickness,rhoa,sigma
0.0,17.2296,15.354671547644095,0.0651267594293433,7.217773417811011e-05,1.0,15.86843602062057,0.0630181826804184
1.0,17.2296,15.409438759090614,0.064895290194139,4.9208514475296045e-05,1.0,15.992389912062896,0.0625297410517555
2.0,17.2296,15.521880340182271,0.0644251841969976,3.0128746021885896e-05,1.0,16.417649986590373,0.0609100572138388
3.0,17.2296,15.697869866713372,0.0637029105535175,1.706968886808362e-05,1.0,16.96976773988734,0.0589283256746941
4.0,17.2296,15.945913551488584,0.0627119918072456,1.0864910463873866e-05,1.0,17.215065161603174,0.0580886561051433
5.0,17.2296,16.27676133191489,0.0614372834747681,7.360608008560921e-06,1.0,17.49430436014156,0.0571614612055319
6.0,17.2296,16.702995997917327,0.0598694988686274,4.512467310147107e-06,1.5,17.990869689367447,0.0555837498278917
7.5,17.2296,17.289696926266107,0.0578379137740016,2.5625876251837927e-06,1.5,18.64705224055828,0.0536277791845806
9.0,17.2296,18.06195826938931,0.0553649823061965,1.6134120166568898e-06,1.5,19.0739412822694,0.052427549461399
10.5,17.2296,19.04134696561966,0.0525172931203639,1.0915723986284062e-06,1.5,19.442027218490782,0.0514349655394437
12.0,17.2296,20.24301653377098,0.0493997521728899,6.715167749472558e-07,1.5,19.99480873330814,0.0500129815362604
13.5,17.2296,21.67288309821529,0.0461406078493704,nan,1.5,nan,nan
15.0,17.2296,23.324980652167724,0.0428724900102785,nan,1.5,nan,nan
16.5,17.2296,25.17935266395454,0.039715079785651,nan,1.5,nan,nan
18.0,17.2296,27.201030842471365,0.0367633126035286,nan,1.5,nan,nan
19.5,17.2296,29.34066761062822,0.0340823873972712,nan,nan,nan,nan
Name:	72.2981134577145_12_80_0.08
Lambda:	72.2981134577145	Maximal Depth:	20	Filter time:	12 to 80 [us]
Chi2:	0.7361499922629587	RelRMS:	6.863934695553954	AbsRMS:	1.4175034224425018e-06	Phi model:	0.0406364216123269
depth_vector,start_model,resistivity_model,conductivity_model,E/I[V/A],modelled_thickness,rhoa,sigma
0.0,17.2296,15.4185408411616,0.0648569803265937,7.21857465090958e-05,1.0,15.867261776673976,0.0630228462903456
1.0,17.2296,15.467085785196575,0.0646534204237162,4.922714944458366e-05,1.0,15.98835370434908,0.0625455264808148
2.0,17.2296,15.567217461317586,0.0642375557793076,3.014975457767847e-05,1.0,16.41002247985408,0.0609383686846047
3.0,17.2296,15.72541550863782,0.0635913244677515,1.708509325577555e-05,1.0,16.959565935098556,0.0589637732372888
4.0,17.2296,15.951180610954,0.0626912843876446,1.0873851254354e-05,1.0,17.20562738975852,0.0581205193711936
5.0,17.2296,16.25655734983587,0.0615136389876603,7.365545978113851e-06,1.0,17.486484528196247,0.0571870234058504
6.0,17.2296,16.655646482668683,0.0600396989117514,4.514429938520886e-06,1.5,17.985655010994584,0.055599865525537
7.5,17.2296,17.21671074632645,0.0580831039525579,2.562652485955985e-06,1.5,18.64673760111964,0.0536286840835876
9.0,17.2296,17.96925811460384,0.0556506002430499,1.6126729056912705e-06,1.5,19.079768743193245,0.0524115367151267
10.5,17.2296,18.939379901814664,0.052800039134554,1.0905553797580452e-06,1.5,19.45411270381945,0.0514030125775753
12.0,17.2296,20.14676039727334,0.0496357717211616,6.704777266532788e-07,1.5,20.01546088300121,0.0499613776492792
13.5,17.2296,21.601703017986097,0.0462926464254867,nan,1.5,nan,nan
15.0,17.2296,23.302195154559207,0.0429144118555004,nan,1.5,nan,nan
16.5,17.2296,25.23133750472162,0.0396332536795905,nan,1.5,nan,nan
18.0,17.2296,27.35574377408228,0.036555394298854,nan,1.5,nan,nan
19.5,17.2296,29.62561221991153,0.0337545767013008,nan,nan,nan,nan
Name:	70.64427419468039_12_80_0.08
Lambda:	70.64427419468039	Maximal Depth:	20	Filter time:	12 to 80 [us]
Chi2:	0.7332797828517486	RelRMS:	6.850540570094591	AbsRMS:	1.4174188664537024e-06	Phi model:	0.041102781610675
depth_vector,start_model,resistivity_model,conductivity_model,E/I[V/A],modelled_thickness,rhoa,sigma
0.0,17.2296,15.435175101665354,0.0647870849156811,7.218475670332295e-05,1.0,15.867406825500815,0.0630222701792003
1.0,17.2296,15.48214748935258,0.064590522773906,4.922992474451432e-05,1.0,15.987752811104052,0.0625478772292166
2.0,17.2296,15.579169590409473,0.0641882735916553,3.015400614139993e-05,1.0,16.40847995632746,0.0609440973607295
3.0,17.2296,15.732876022276985,0.0635611695270495,1.7088498414205137e-05,1.0,16.95731288256335,0.0589716075256397
4.0,17.2296,15.95301966024515,0.0626840573946006,1.087586870306264e-05,1.0,17.20349958768313,0.0581277079644859
5.0,17.2296,16.25197058109011,0.0615309998877025,7.366675492346979e-06,1.0,17.48469704274219,0.0571928697166128
6.0,17.2296,16.644207427021588,0.0600809623639102,4.514892818781781e-06,1.5,17.984425694703127,0.0556036660261286
7.5,17.2296,17.198768784893815,0.0581436969417444,2.562679285169054e-06,1.5,18.64660760208104,0.0536290579680775
9.0,17.2296,17.946244630749998,0.055721964153244,1.6125083481111843e-06,1.5,19.08106679008493,0.052407971262887
10.5,17.2296,18.91383163244144,0.0528713599355921,1.0903226851269876e-06,1.5,19.45688051230766,0.0513957003214076
12.0,17.2296,20.12232531993583,0.0496960457651118,6.702376403055742e-07,1.5,20.02024043358088,0.0499494500736691
13.5,17.2296,21.583118466820736,0.0463325075816675,nan,1.5,nan,nan
15.0,17.2296,23.295201440042867,0.0429272956739093,nan,1.5,nan,nan
16.5,17.2296,25.242479798114616,0.0396157591487778,nan,1.5,nan,nan
18.0,17.2296,27.39202668531183,0.0365069737806666,nan,1.5,nan,nan
19.5,17.2296,29.69400459819491,0.0336768318565152,nan,nan,nan,nan
Name:	73.33954394612874_12_80_0.08
Lambda:	73.33954394612874	Maximal Depth:	20	Filter time:	12 to 80 [us]
Chi2:	0.7379195267234682	RelRMS:	6.8721794003286885	AbsRMS:	1.417373698523762e-06	Phi model:	0.0403533016196172
depth_vector,start_model,resistivity_model,conductivity_model,E/I[V/A],modelled_thickness,rhoa,sigma
0.0,17.2296,15.408560299919944,0.0648989899468541,7.21858146263073e-05,1.0,15.867251794714669,0.0630228859375066
1.0,17.2296,15.458056997178534,0.064691183386277,4.922512885912314e-05,1.0,15.98879122633255,0.0625438149666412
2.0,17.2296,15.56007098280841,0.0642670590066621,3.014699484046656e-05,1.0,16.411023943051312,0.0609346499932087
3.0,17.2296,15.72098849451021,0.0636092317190615,1.7082946334707445e-05,1.0,16.96098684872309,0.0589588335230202
4.0,17.2296,15.950157818840603,0.0626953044200467,1.0872587674377576e-05,1.0,17.206960422017747,0.058116016744039
5.0,17.2296,16.259426300533914,0.0615027850009174,7.364841664627023e-06,1.0,17.48759935375619,0.0571833777622088
6.0,17.2296,16.66266498796074,0.0600144095030734,4.5141441464399256e-06,1.5,17.98641412182051,0.0555975189510861
7.5,17.2296,17.22766184712617,0.0580461822894912,2.5626382829767624e-06,1.5,18.64680649860024,0.053628485932702
9.0,17.2296,17.983263775901186,0.05560725864123,1.6127765793753515e-06,1.5,19.078951067996503,0.0524137829399554
10.5,17.2296,18.95488598009069,0.0527568459683879,1.090700637876847e-06,1.5,19.452385416212365,0.0514075769425461
12.0,17.2296,20.16153385033939,0.0495994008899856,6.706271065767916e-07,1.5,20.012488521762915,0.0499687981788238
13.5,17.2296,21.6128478350618,0.0462687752965962,nan,1.5,nan,nan
15.0,17.2296,23.306209014347857,0.0429070210167761,nan,1.5,nan,nan
16.5,17.2296,25.22423704316721,0.03964441018726,nan,1.5,nan,nan
18.0,17.2296,27.333278849036603,0.0365854387804354,nan,1.5,nan,nan
19.5,17.2296,29.58356932179338,0.0338025472559637,nan,nan,nan,nan
Name:	71.66188167376464_12_80_0.08
Lambda:	71.66188167376464	Maximal Depth:	20	Filter time:	12 to 80 [us]
Chi2:	0.735054722182864	RelRMS:	6.85882659204206	AbsRMS:	1.4175139469990823e-06	Phi model:	0.0408133323722935
depth_vector,start_model,resistivity_model,conductivity_model,E/I[V/A],modelled_thickness,rhoa,sigma
0.0,17.2296,15.42482356758275,0.0648305632552989,7.218549631346837e-05,1.0,15.867298440707849,0.0630227006655702
1.0,17.2296,15.472772625397802,0.0646296578002153,4.922828127500441e-05,1.0,15.988108639602082,0.0625464851748022
2.0,17.2296,15.571725918952309,0.064218957179493,3.015140951292299e-05,1.0,16.409422004377262,0.0609405986227453
3.0,17.2296,15.728221714669072,0.0635799785977928,1.7086403804554222e-05,1.0,16.95869871057632,0.0589667884939985
4.0,17.2296,15.951856197572178,0.0626886293115027,1.0874625727609136e-05,1.0,17.204810475426157,0.0581232790345649
5.0,17.2296,16.25479734048529,0.0615202994570306,7.365978839890874e-06,1.0,17.485799459262655,0.0571892639126817
6.0,17.2296,16.651289327312174,0.0600554095447585,4.514606650395137e-06,1.5,17.985185675230728,0.0556013164421874
7.5,17.2296,17.20989012147908,0.0581061234523475,2.562662153418392e-06,1.5,18.646690705421,0.0536288189576329
9.0,17.2296,17.96051918271055,0.0556776777902187,1.6126095795640872e-06,1.5,19.080268239979763,0.0524101646487681
10.5,17.2296,18.929688377575552,0.0528270714263113,1.090466154970295e-06,1.5,19.45517388020944,0.0514002088162902
12.0,17.2296,20.13750459523952,0.0496585858128816,6.703857856914268e-07,1.5,20.017290872741075,0.0499568101576507
13.5,17.2296,21.59468491807753,0.0463076911653789,nan,1.5,nan,nan
15.0,17.2296,23.29959662131616,0.0429191979695102,nan,1.5,nan,nan
16.5,17.2296,25.235643929277348,0.039626490324657,nan,1.5,nan,nan
18.0,17.2296,27.369611933400417,0.0365368717113468,nan,1.5,nan,nan
19.5,17.2296,29.65168174083564,0.0337248999480127,nan,nan,nan,nan
Name:	72.69414745309015_12_80_0.08
Lambda:	72.69414745309015	Maximal Depth:	20	Filter time:	12 to 80 [us]
Chi2:	0.7368262742469482	RelRMS:	6.867086831532326	AbsRMS:	1.417470346679647e-06	Phi model:	0.0405278271726179
depth_vector,start_model,resistivity_model,conductivity_model,E/I[V/A],modelled_thickness,rhoa,sigma
0.0,17.2296,15.414701645892642,0.0648731336468297,7.218582175972688e-05,1.0,15.86725074937766,0.0630228900894644
1.0,17.2296,15.463611932772745,0.0646679446139393,4.9226405335935226e-05,1.0,15.988514824412071,0.0625448961946828
2.0,17.2296,15.564466130520866,0.0642489110525331,3.014871246305804e-05,1.0,16.41040062813822,0.0609369644690661
3.0,17.2296,15.723707990815049,0.0635982301747238,1.708427708537871e-05,1.0,16.960106072496263,0.058961895387062
4.0,17.2296,15.950779678721307,0.0626928601699653,1.0873370152003916e-05,1.0,17.206134905313505,0.05811880503687
5.0,17.2296,16.257650087906498,0.0615095044236353,7.365277538016067e-06,1.0,17.486909408777596,0.0571856339290033
6.0,17.2296,16.658331892031125,0.0600300202013847,4.514320761792989e-06,1.5,17.98594499290652,0.0555989691058429
7.5,17.2296,17.220906057417118,0.0580689539020681,2.5626468534062703e-06,1.5,18.646764924077527,0.0536286055018989
9.0,17.2296,17.974627360145604,0.0556339767141575,1.6127123301403397e-06,1.5,19.07945779191702,0.0524123909026203
10.5,17.2296,18.94532822664044,0.0527834613387075,1.0906107341395114e-06,1.5,19.453454430767064,0.0514047519713736
12.0,17.2296,20.15243291646476,0.04962180021366,6.705346947997821e-07,1.5,20.014327200818844,0.0499642076381706
13.5,17.2296,21.60599068844539,0.0462834597320634,nan,1.5,nan,nan
15.0,17.2296,23.30375612797034,0.0429115372864612,nan,1.5,nan,nan
16.5,17.2296,25.228644729061728,0.0396374839290541,nan,1.5,nan,nan
18.0,17.2296,27.34716677270972,0.0365668593134817,nan,1.5,nan,nan
19.5,17.2296,29.60953322664325,0.0337729065955075,nan,nan,nan,nan
Name:	72.05443052404728_12_80_0.08
Lambda:	72.05443052404728	Maximal Depth:	20	Filter time:	12 to 80 [us]
Chi2:	0.7357317854905795	RelRMS:	6.861984718097023	AbsRMS:	1.4175137079235004e-06	Phi model:	0.0407038192768471
depth_vector,start_model,resistivity_model,conductivity_model,E/I[V/A],modelled_thickness,rhoa,sigma
0.0,17.2296,15.42093029288423,0.0648469308276061,7.218566965791117e-05,1.0,15.867273038536648,0.0630228015596197
1.0,17.2296,15.469248322779702,0.0646443821402375,4.922759227653737e-05,1.0,15.988257820933631,0.0625459015735089
2.0,17.2296,15.568931258625302,0.0642304846356099,3.0150391253550077e-05,1.0,16.40979146235144,0.0609392265766615
3.0,17.2296,15.726481051027418,0.0635870158591307,1.708559529950019e-05,1.0,16.95923370648922,0.0589649283279446
4.0,17.2296,15.951434742448546,0.0626902856166842,1.0874147651538964e-05,1.0,17.205314738575506,0.0581215755244471
5.0,17.2296,16.255883910179367,0.061516187340253,7.365711530532984e-06,1.0,17.486222508643593,0.0571878803158138
6.0,17.2296,16.653983963367477,0.0600456925021439,4.514497426318823e-06,1.5,17.985475763980535,0.0556004196454284
7.5,17.2296,17.214110242335607,0.058091878460302,2.562656096966129e-06,1.5,18.64672008450877,0.0536287344620341
9.0,17.2296,17.96592763147562,0.0556609166257598,1.61264864887299e-06,1.5,19.079960069565264,0.0524110111527494
10.5,17.2296,18.93568783950017,0.0528103340357134,1.0905212487386972e-06,1.5,19.45451861688432,0.0514019400681604
12.0,17.2296,20.14323630298352,0.0496444555859122,6.704425737844074e-07,1.5,20.016160515105845,0.0499596313311595
13.5,17.2296,21.599034090574744,0.0462983666679971,nan,1.5,nan,nan
15.0,17.2296,23.301213228401927,0.042916220292817,nan,1.5,nan,nan
16.5,17.2296,25.2329897858632,0.0396306584549188,nan,1.5,nan,nan
18.0,17.2296,27.361042339721948,0.036548315213424,nan,1.5,nan,nan
19.5,17.2296,29.635562094761056,0.0337432439041464,nan,nan,nan,nan
Name:	72.44912967510668_12_80_0.08
Lambda:	72.44912967510668	Maximal Depth:	20	Filter time:	12.0 to 80.0 [us]
Chi2:	0.7364083653391004	RelRMS:	6.865139137825424	AbsRMS:	1.417493188381954e-06	Phi model:	0.04059487574052951
depth_vector,start_model,resistivity_model,conductivity_model,E/I[V/A],modelled_thickness,rhoa,sigma
0.0,17.2296,15.417070459377287,0.0648631659714417,7.218578242229609e-05,1.0,15.867256513918363,0.06302286719338185
1.0,17.2296,15.465755216025213,0.06465898276754219,4.922686925086036e-05,1.0,15.988414373548268,0.06254528914727349
2.0,17.2296,15.56616338902652,0.0642419056647547,3.0149358272123993e-05,1.0,16.41016628322023,0.060937834677673115
3.0,17.2296,15.724760878685629,0.06359397180757549,1.7084782069255328e-05,1.0,16.959771871674757,0.058963057260819816
4.0,17.2296,15.951025971408828,0.06269189215743455,1.0873667712433578e-05,1.0,17.205821003976688,0.05811986535073656
5.0,17.2296,16.25697428721023,0.06151206136720811,7.365443526798368e-06,1.0,17.486646682648395,0.05718649310803983
6.0,17.2296,16.656672888286636,0.060035999188242664,4.514388233796629e-06,1.5,17.98576578061815,0.05559952310051884
7.5,17.2296,17.218315019303372,0.058077692206171434,2.56265030363839e-06,1.5,18.646748187320892,0.0536286536373116
9.0,17.2296,17.971311840597004,0.055644240602459004,1.6126879384332206e-06,1.5,19.079650174403522,0.05241186242196196
10.5,17.2296,18.941655687284555,0.052793695361662354,1.090576504098583e-06,1.5,19.453861487068934,0.05140367636855564
12.0,17.2296,20.148931422202395,0.049630423522017936,6.704994734025832e-07,1.5,20.015028097612372,0.04996245796523722
13.5,17.2296,21.603345247284377,0.0462891273806636,nan,1.5,nan,nan
15.0,17.2296,23.302795451676758,0.0429133063487473,nan,1.5,nan,nan
16.5,17.2296,25.23031177734014,0.039634864952327716,nan,1.5,nan,nan
18.0,17.2296,27.352468201295732,0.03655977196063894,nan,1.5,nan,nan
19.5,17.2296,29.61946764700367,0.033761579104584646,nan,nan,nan,nan
