Name:	10.0_8_150_1
Lambda:	10	Maximal Depth:	30	Filter time:	8 to 150 [us]
Chi2:	0.6096026265095604	RelRMS:	12.258101390212667	AbsRMS:	1.931773863574852e-07	Phi model:	0.0664433156015287
depth_vector,start_model,resistivity_model,conductivity_model,E/I[V/A],modelled_thickness,rhoa,sigma
0.0,18.9183,19.40886649254749,0.0515228439736021,0.0001613440867591,1.0,17.70004910004778,0.0564970184177229
1.0,18.9183,19.30928332652462,0.0517885611335107,9.45693158518208e-05,1.0,17.755314977999067,0.0563211636199705
2.0,18.9183,19.10443579352711,0.0523438645771897,6.056836734963084e-05,1.0,17.836338671143572,0.0560653180250409
3.0,18.9183,18.8196274439361,0.0531360146729265,4.171784665611483e-05,1.0,17.853592470564077,0.0560111362264339
4.0,18.9183,18.488157250343928,0.05408867884772,2.635139545387125e-05,1.0,17.951301915134888,0.0557062660261366
5.0,18.9183,18.14512222565728,0.0551112297599183,1.545075185841897e-05,1.0,18.13537568295912,0.0551408483332191
6.0,18.9183,17.824558257408977,0.0561023721069967,9.897579396493496e-06,1.5,18.31921146435728,0.0545875024121888
7.5,18.9183,17.597794362263127,0.0568253031836995,6.74798771704032e-06,1.5,18.537718469131555,0.0539440709311218
9.0,18.9183,17.55340570036945,0.0569690017464219,4.201536890153376e-06,1.5,18.86786454359264,0.0530001684975839
10.5,18.9183,17.740893505471956,0.0563669467770359,2.430394357612856e-06,1.5,19.31722945068505,0.0517672579576123
12.0,18.9183,18.201326963094942,0.0549410491898531,1.5286326262554324e-06,1.5,19.77281712750232,0.0505744828140389
13.5,18.9183,18.962339011063804,0.052736110213858,1.0305008806710722e-06,1.5,20.20277369482187,0.0494981538231212
15.0,18.9183,20.04094828304992,0.0498978384593593,6.339080390906788e-07,1.5,20.778027906422903,0.0481277628706466
16.5,18.9183,21.44796031436545,0.046624480153025,3.6038187123467097e-07,2.0,21.52383395794436,0.0464601242489563
18.5,18.9183,23.25475457563695,0.0430019588788805,2.2541530534398898e-07,2.0,22.18373532317037,0.045078071182878
20.5,18.9183,25.43907344990463,0.0393096077956309,1.509368442621232e-07,2.0,22.7735354955586,0.0439106172247618
22.5,18.9183,27.986440487495525,0.0357315893904694,9.221483005821132e-08,2.0,23.542246467590235,0.0424768299565916
24.5,18.9183,30.901948077959315,0.032360419397418,nan,2.0,nan,nan
26.5,18.9183,34.21586421706322,0.0292262090373069,nan,2.0,nan,nan
28.5,18.9183,37.98199075561293,0.0263282671630954,nan,nan,nan,nan
Name:	12.742749857031335_8_150_1
Lambda:	12.742749857031336	Maximal Depth:	30	Filter time:	8 to 150 [us]
Chi2:	0.613173181941192	RelRMS:	12.332999838434125	AbsRMS:	1.980649559342824e-07	Phi model:	0.0649141612003961
depth_vector,start_model,resistivity_model,conductivity_model,E/I[V/A],modelled_thickness,rhoa,sigma
0.0,18.9183,19.41891338342542,0.0514961872611022,0.0001613588097941,1.0,17.69897240062972,0.0565004553577596
1.0,18.9183,19.3177590320066,0.0517658387985455,9.458462254320252e-05,1.0,17.753399356831967,0.0563272407667196
2.0,18.9183,19.112035462265865,0.052323050675286,6.057951830928984e-05,1.0,17.834149830197894,0.0560721990967429
3.0,18.9183,18.825873400477995,0.0531183854649001,4.172487510107224e-05,1.0,17.851587487288743,0.0560174270614337
4.0,18.9183,18.490637010325624,0.0540814250715957,2.635471389423071e-05,1.0,17.94979499749283,0.0557109426675723
5.0,18.9183,18.14043580251012,0.0551254672647736,1.5451667224827264e-05,1.0,18.134659441905903,0.0551430261595749
6.0,18.9183,17.81083545247699,0.0561455975868289,9.897653859073453e-06,1.5,18.31911958416842,0.0545877761977279
7.5,18.9183,17.587386437741277,0.0568589314586317,6.74786239676061e-06,1.5,18.537947988223312,0.0539434030473747
9.0,18.9183,17.53935661122384,0.0570146341263211,4.20147304033739e-06,1.5,18.868055699823845,0.0529996315417563
10.5,18.9183,17.72471499707214,0.0564183965815633,2.4305185927500256e-06,1.5,19.316571182636697,0.0517690220766965
12.0,18.9183,18.18538040025974,0.0549892263999997,1.5288870754992938e-06,1.5,19.77062323626702,0.0505800949241504
13.5,18.9183,18.95062811162212,0.0527686994916393,1.030820614869686e-06,1.5,20.198595889592728,0.049508391843972
15.0,18.9183,20.0399092630166,0.0499004255396249,6.34252810088254e-07,1.5,20.77049745961165,0.0481452118296398
16.5,18.9183,21.46507108055301,0.0465873136989508,3.607029759462367e-07,2.0,21.511058108550444,0.046487717849756
18.5,18.9183,23.29810373893042,0.0429219481209979,2.256938218963397e-07,2.0,22.16548106793624,0.0451151949707314
20.5,18.9183,25.509330033492965,0.039201343143353,1.511729981580986e-07,2.0,22.74981229812892,0.0439564066241656
22.5,18.9183,28.068030317612006,0.035627722668253,9.239990742942069e-08,2.0,23.51079915653664,0.0425336456384117
24.5,18.9183,30.952796768002205,0.0323072582905904,nan,2.0,nan,nan
26.5,18.9183,34.15756123531692,0.0292760947747656,nan,2.0,nan,nan
28.5,18.9183,37.69122717486394,0.0265313728141729,nan,nan,nan,nan
Name:	16.237767391887218_8_150_1
Lambda:	16.237767391887218	Maximal Depth:	30	Filter time:	8 to 150 [us]
Chi2:	0.6174865777729703	RelRMS:	12.417092105957558	AbsRMS:	2.056577237290813e-07	Phi model:	0.0633056690360376
depth_vector,start_model,resistivity_model,conductivity_model,E/I[V/A],modelled_thickness,rhoa,sigma
0.0,18.9183,19.439927717729905,0.051440520485473,0.0001613878671879,1.0,17.696847906169392,0.0565072381986955
1.0,18.9183,19.33281494362917,0.0517255248610101,9.46063461610764e-05,1.0,17.750681548845947,0.0563358650341521
2.0,18.9183,19.118402469146808,0.0523056255151964,6.059329903975105e-05,1.0,17.831445714589176,0.0560807023729898
3.0,18.9183,18.823512050072072,0.0531250489993535,4.173275316529745e-05,1.0,17.849340804652375,0.056024477931384
4.0,18.9183,18.481422089307426,0.0541083903158382,2.635789048184721e-05,1.0,17.94835279199442,0.0557154192136246
5.0,18.9183,18.129380170322182,0.0551590837968636,1.5452147407810076e-05,1.0,18.134283744395628,0.0551441685866996
6.0,18.9183,17.800733294616954,0.0561774609758579,9.89734100991688e-06,1.5,18.31950561990016,0.0545866259029237
7.5,18.9183,17.569141045705564,0.0569179789381012,6.7474521073059655e-06,1.5,18.538699466694464,0.0539412164157761
9.0,18.9183,17.522529720012496,0.057069385298739,4.201251036158651e-06,1.5,18.86872038284072,0.0529977645388928
10.5,18.9183,17.71021731306199,0.056464580999944,2.430590121702884e-06,1.5,19.31619220721172,0.0517700377627558
12.0,18.9183,18.17629705010051,0.0550167064965782,1.5291411958171392e-06,1.5,19.768432788347496,0.0505856994687737
13.5,18.9183,18.949914064329715,0.0527706878566982,1.0311643304314542e-06,1.5,20.194107140142417,0.0495193965774387
15.0,18.9183,20.052107746690805,0.0498700691534549,6.346341857180479e-07,1.5,20.76217544217838,0.048164509676982
16.5,18.9183,21.49409082273189,0.0465244149309359,3.610617391550809e-07,2.0,21.496806335697325,0.0465185378880867
18.5,18.9183,23.347592350721044,0.0428309688201797,2.2600561291521845e-07,2.0,22.14509045949488,0.0451567358385407
20.5,18.9183,25.57445214422328,0.0391015218766232,1.51437344865812e-07,2.0,22.723330107505188,0.0440076342362211
22.5,18.9183,28.13040550550964,0.0355487232419788,9.260686392227718e-08,2.0,23.47575836554813,0.0425971329415091
24.5,18.9183,30.9711272153923,0.0322881370460101,nan,2.0,nan,nan
26.5,18.9183,34.061734408501216,0.0293584580282094,nan,2.0,nan,nan
28.5,18.9183,37.377109683602114,0.02675434265691,nan,nan,nan,nan
Name:	20.6913808111479_8_150_1
Lambda:	20.6913808111479	Maximal Depth:	30	Filter time:	8 to 150 [us]
Chi2:	0.6227155674156514	RelRMS:	12.512416206308687	AbsRMS:	2.1603523638755053e-07	Phi model:	0.0615686373972168
depth_vector,start_model,resistivity_model,conductivity_model,E/I[V/A],modelled_thickness,rhoa,sigma
0.0,18.9183,19.44844602838162,0.0514179898250314,0.0001614323644927,1.0,17.693595777562987,0.0565176243750344
1.0,18.9183,19.33977074136109,0.0517069211095323,9.463367751156226e-05,1.0,17.747263643315204,0.0563467146315069
2.0,18.9183,19.12479887115628,0.0522881315896181,6.0608694548960086e-05,1.0,17.82842595191576,0.0560902012716688
3.0,18.9183,18.82701734912626,0.0531151579379836,4.17406654101273e-05,1.0,17.84708508567433,0.0560315589464348
4.0,18.9183,18.480919929042187,0.0541098605393842,2.636034975486326e-05,1.0,17.947236454098626,0.0557188847741307
5.0,18.9183,18.120060902799608,0.0551874524795607,1.5451841782254055e-05,1.0,18.134522865071784,0.0551434414591663
6.0,18.9183,17.78313575617315,0.0562330521293391,9.896428024925771e-06,1.5,18.320632300926164,0.0545832689382367
7.5,18.9183,17.554371821815312,0.0569658664035628,6.746623050672626e-06,1.5,18.54021818372629,0.0539367978354079
9.0,18.9183,17.50576993992432,0.0571240227326055,4.20080066696103e-06,1.5,18.87006897315262,0.0529939769389687
10.5,18.9183,17.696818153118834,0.0565073332023679,2.4305814884965945e-06,1.5,19.316237946766663,0.0517699151747812
12.0,18.9183,18.17007225558733,0.0550355543959104,1.5293866979549084e-06,1.5,19.76631720290079,0.0505911136472729
13.5,18.9183,18.956243332795733,0.052753068339755,1.031532541641539e-06,1.5,20.18930125584537,0.0495311842310774
15.0,18.9183,20.07417179601868,0.0498152556509619,6.350578461855026e-07,1.5,20.75294049210448,0.0481859426321032
16.5,18.9183,21.535040204561824,0.046435947669518,3.614654429041857e-07,2.0,21.48079750702604,0.0465532064008757
18.5,18.9183,23.404220684871564,0.04272733595639,2.263575500767913e-07,2.0,22.122130614903256,0.045203602555638
20.5,18.9183,25.636757696685475,0.0390064926240375,1.517358970263079e-07,2.0,22.69351371342846,0.0440654546769577
22.5,18.9183,28.174166334884777,0.0354935080638683,9.284048776259e-08,2.0,23.43635889138552,0.0426687440926486
24.5,18.9183,30.955866028754293,0.032304055039879,nan,2.0,nan,nan
26.5,18.9183,33.924876240721844,0.029476894562688,nan,2.0,nan,nan
28.5,18.9183,37.03391315404596,0.0270022775027961,nan,nan,nan,nan
Name:	26.366508987303583_8_150_1
Lambda:	26.366508987303583	Maximal Depth:	30	Filter time:	8 to 150 [us]
Chi2:	0.6290923719646421	RelRMS:	12.62012869029346	AbsRMS:	2.3054360021752694e-07	Phi model:	0.0596663324993043
depth_vector,start_model,resistivity_model,conductivity_model,E/I[V/A],modelled_thickness,rhoa,sigma
0.0,18.9183,19.45522265029006,0.051400079966964,0.0001614992917167,1.0,17.688707149094302,0.056533244152397
1.0,18.9183,19.34423656779398,0.0516949840070137,9.466837566510232e-05,1.0,17.742926856097412,0.0563604870893297
2.0,18.9183,19.126216726838127,0.0522842553904969,6.062573144896476e-05,1.0,17.82508572733012,0.0561007119571246
3.0,18.9183,18.824537829788675,0.0531221541289349,4.1748161059137294e-05,1.0,17.844948792151673,0.0560382667189163
4.0,18.9183,18.47371445882239,0.0541309654985186,2.6361540682608027e-05,1.0,17.946695918600867,0.0557205629680028
5.0,18.9183,18.10833556310685,0.0552231869414523,1.5450329728694895e-05,1.0,18.13570600800321,0.0551398439938706
6.0,18.9183,17.767861085824098,0.0562813945454492,9.894634901290693e-06,1.5,18.322845632829203,0.0545766754814705
7.5,18.9183,17.53830787913718,0.0570180434105366,6.745190716076189e-06,1.5,18.542842755542168,0.0539291635691143
9.0,18.9183,17.49317447951353,0.0571651532528365,4.20002035438416e-06,1.5,18.872406119960026,0.0529874141984667
10.5,18.9183,17.690819115631733,0.0565264950969055,2.430447683675133e-06,1.5,19.31694689216588,0.0517680151828525
12.0,18.9183,18.17524858898916,0.0550198802015734,1.529604054043736e-06,1.5,19.764444635010246,0.0505959068654337
13.5,18.9183,18.974466293511007,0.0527024046174086,1.0319175669009815e-06,1.5,20.1842789719731,0.0495435086578297
15.0,18.9183,20.10787666989936,0.049731755193076,6.35523431085269e-07,1.5,20.74280350853784,0.048209491045335
16.5,18.9183,21.58250629611036,0.0463338217665768,3.619168470373968e-07,2.0,21.46293237648364,0.046591955957317
18.5,18.9183,23.46051774947648,0.0426248052442199,2.2675289446224055e-07,2.0,22.096409800973124,0.0452562207619791
20.5,18.9183,25.68653528237985,0.0389309024750398,1.5207170756005406e-07,2.0,22.660092951785128,0.0441304456309046
22.5,18.9183,28.193573646650023,0.0354690757735431,9.310328618916169e-08,2.0,23.39223628585513,0.0427492261868388
24.5,18.9183,30.90452540610574,0.0323577206528605,nan,2.0,nan,nan
26.5,18.9183,33.748535420806455,0.0296309154614006,nan,2.0,nan,nan
28.5,18.9183,36.66072592636347,0.027277146721224,nan,nan,nan,nan
Name:	33.59818286283781_8_150_1
Lambda:	33.59818286283781	Maximal Depth:	30	Filter time:	8 to 150 [us]
Chi2:	0.6368850939991954	RelRMS:	12.741161993985823	AbsRMS:	2.504169868277433e-07	Phi model:	0.0575614981945368
depth_vector,start_model,resistivity_model,conductivity_model,E/I[V/A],modelled_thickness,rhoa,sigma
0.0,18.9183,19.45421189266406,0.0514027504952327,0.0001615949335748,1.0,17.68172694779998,0.0565555617362603
1.0,18.9183,19.34136532535375,0.0517026581721789,9.471066479399652e-05,1.0,17.73764488303523,0.0563772702968265
2.0,18.9183,19.11866085556979,0.0523049186109011,6.064316579613597e-05,1.0,17.821669199171556,0.0561114668230114
3.0,18.9183,18.813325321377764,0.0531538142735293,4.17539230048296e-05,1.0,17.84330704636388,0.0560434227467817
4.0,18.9183,18.458272387415423,0.0541762511144751,2.636039879358017e-05,1.0,17.947214195717088,0.0557189538774568
5.0,18.9183,18.093748681149627,0.0552677069645505,1.5446929066052648e-05,1.0,18.138367644067145,0.0551317527366961
6.0,18.9183,17.756609534416352,0.0563170574912835,9.891542876671369e-06,1.5,18.326663826429414,0.0545653049278871
7.5,18.9183,17.529661248900446,0.0570461679664645,6.742890739947857e-06,1.5,18.547059114487936,0.0539169036895372
9.0,18.9183,17.491980411883098,0.0571690555587779,4.198768345577932e-06,1.5,18.87615757635476,0.0529768834549596
10.5,18.9183,17.699366033291664,0.0564991987915865,2.4301258843299982e-06,1.5,19.31865216560214,0.0517634455772516
12.0,18.9183,18.194079923582866,0.0549629332288365,1.529764598483279e-06,1.5,19.76306179602384,0.0505994471059738
13.5,18.9183,19.00502577211808,0.0526176608224905,1.0323063451416558e-06,1.5,20.179210902050315,0.049555951660052
15.0,18.9183,20.14849085317688,0.0496315087460918,6.360276220876679e-07,1.5,20.73183992061564,0.0482349855984371
16.5,18.9183,21.63117763853329,0.0462295681127698,3.6241705909154834e-07,2.0,21.443178912160825,0.0466348764843295
18.5,18.9183,23.50791121390624,0.0425388708890666,2.2719378768132642e-07,2.0,22.06781362319672,0.0453148652184031
20.5,18.9183,25.71852659073928,0.0388824762752964,1.524469921040757e-07,2.0,22.622888869883045,0.044203019594516
22.5,18.9183,28.18327202099545,0.0354820405258494,9.339716232830604e-08,2.0,23.343141073897925,0.0428391362085452
24.5,18.9183,30.816810555023867,0.0324498214445159,nan,2.0,nan,nan
26.5,18.9183,33.533144073868506,0.0298212418673641,nan,2.0,nan,nan
28.5,18.9183,36.2577117947836,0.0275803394781209,nan,nan,nan,nan
Name:	42.81332398719393_8_150_1
Lambda:	42.81332398719393	Maximal Depth:	30	Filter time:	8 to 150 [us]
Chi2:	0.6465688811889412	RelRMS:	12.87932094590798	AbsRMS:	2.766665730259252e-07	Phi model:	0.0551933604846222
depth_vector,start_model,resistivity_model,conductivity_model,E/I[V/A],modelled_thickness,rhoa,sigma
0.0,18.9183,19.42894090232885,0.0514696094361033,0.0001617214257825,1.0,17.672505772837276,0.0565850713449478
1.0,18.9183,19.318196365323303,0.0517646669020834,9.476032302393365e-05,1.0,17.731447514285474,0.0563969748772254
2.0,18.9183,19.10087534473584,0.0523536215985828,6.0660274481819054e-05,1.0,17.818318080462056,0.0561220197935802
3.0,18.9183,18.80025996814484,0.0531907538350214,4.17572542693029e-05,1.0,17.842358044547687,0.0560464035921296
4.0,18.9183,18.44792374248525,0.0542066421110044,2.635635742306777e-05,1.0,17.94904878126787,0.0557132588019721
5.0,18.9183,18.084210326652883,0.0552968574207622,1.5441256032717854e-05,1.0,18.14280999704259,0.0551182534658637
6.0,18.9183,17.751690376069647,0.0563326634711959,9.886905011320498e-06,1.5,18.33239463603701,0.0545482475068611
7.5,18.9183,17.53285096695582,0.0570357896661929,6.739563870353864e-06,1.5,18.553162236572778,0.0538991675515431
9.0,18.9183,17.502296361613453,0.0571353598030272,4.196961702509844e-06,1.5,18.881574198421124,0.0529616857943772
10.5,18.9183,17.719579773794454,0.0564347469164535,2.4295871740899137e-06,1.5,19.32150773198537,0.0517557953484433
12.0,18.9183,18.22443323966192,0.0548713908876845,1.5298642185705122e-06,1.5,19.76220384654752,0.0506016438128534
13.5,18.9183,19.045038520364777,0.0525071135419707,1.032706044204914e-06,1.5,20.174003784874348,0.0495687425591621
15.0,18.9183,20.19661196231006,0.049513255087841,6.365837389806734e-07,1.5,20.719763996155287,0.0482630979863263
16.5,18.9183,21.68193365177132,0.0461213476648704,3.629805152221606e-07,2.0,21.42098227778193,0.0466832000060618
18.5,18.9183,23.54988940632568,0.042463044422255,2.2769324223427865e-07,2.0,22.03553070517642,0.0453812532758781
20.5,18.9183,25.732588811276315,0.0388612279679294,1.5287291054421116e-07,2.0,22.58084965664525,0.0442853132280482
22.5,18.9183,28.143574683701264,0.0355320889843864,9.373088108498765e-08,2.0,23.28770097518964,0.0429411216274798
24.5,18.9183,30.68712566237319,0.032586955552704,nan,2.0,nan,nan
26.5,18.9183,33.272403764036035,0.0300549370310567,nan,2.0,nan,nan
28.5,18.9183,35.815631788084495,0.0279207695097169,nan,nan,nan,nan
Name:	54.5559478116852_8_150_1
Lambda:	54.5559478116852	Maximal Depth:	30	Filter time:	8 to 150 [us]
Chi2:	0.6588586039178012	RelRMS:	13.038549702737454	AbsRMS:	3.1167590336368414e-07	Phi model:	0.0525162135283171
depth_vector,start_model,resistivity_model,conductivity_model,E/I[V/A],modelled_thickness,rhoa,sigma
0.0,18.9183,19.39606293493429,0.0515568547779301,0.0001618851734584,1.0,17.660586543264724,0.0566232609290869
1.0,18.9183,19.286955018806,0.0518485162134166,9.482038920755192e-05,1.0,17.72395845790096,0.0564208047753701
2.0,18.9183,19.07180081882723,0.052433433502138,6.0678424180144464e-05,1.0,17.814764777659843,0.0561332137965708
3.0,18.9183,18.77360673127636,0.0532662697324976,4.175871088954692e-05,1.0,17.841943126071655,0.0560477069640886
4.0,18.9183,18.4278408457122,0.0542657172032544,2.6349509362959093e-05,1.0,17.95215853787823,0.0557036078914992
5.0,18.9183,18.073042574695457,0.0553310266307968,1.5433238107610065e-05,1.0,18.149093193437903,0.0550991715862457
6.0,18.9183,17.750573564466624,0.0563362077494676,9.880637224701587e-06,1.5,18.340146591733667,0.0545251912245196
7.5,18.9183,17.543832365802185,0.0570000886436465,6.735147034219049e-06,1.5,18.56127265821567,0.0538756160966891
9.0,18.9183,17.526448323262215,0.0570566255955427,4.1945697284456985e-06,1.5,18.888751723532987,0.0529415609160729
10.5,18.9183,17.756332355367455,0.0563179366091171,2.428828641752817e-06,1.5,19.325530309073688,0.0517450224654627
12.0,18.9183,18.27269744403209,0.0547264574955572,1.5299133213183771e-06,1.5,19.761780997448803,0.0506027265522827
13.5,18.9183,19.10127115314133,0.0523525367491337,1.0331326140382247e-06,1.5,20.16845031018393,0.0495823915382857
15.0,18.9183,20.255394572080142,0.0493695640655843,6.372096205815399e-07,1.5,20.70619416241197,0.0482947272761164
16.5,18.9183,21.73561851424201,0.0460074324245597,3.636235565821439e-07,2.0,21.39572054687404,0.0467383184319119
18.5,18.9183,23.582642231528773,0.0424040694923935,2.282650777881452e-07,2.0,21.99871395692841,0.0454572027236643
20.5,18.9183,25.724131718599875,0.0388740040262252,1.533609221082531e-07,2.0,22.53292102652181,0.0443795102651349
22.5,18.9183,28.06730343378725,0.0356286453509533,9.411319646482593e-08,2.0,23.2245905548298,0.0430578096797508
24.5,18.9183,30.51100402666011,0.0327750604052955,nan,2.0,nan,nan
26.5,18.9183,32.95958970601435,0.0303401835071242,nan,2.0,nan,nan
28.5,18.9183,35.32792697364547,0.0283062179319493,nan,nan,nan,nan
Name:	69.51927961775606_8_150_1
Lambda:	69.51927961775606	Maximal Depth:	30	Filter time:	8 to 150 [us]
Chi2:	0.6746302129360402	RelRMS:	13.222494795166565	AbsRMS:	3.569215848792765e-07	Phi model:	0.0494980935541646
depth_vector,start_model,resistivity_model,conductivity_model,E/I[V/A],modelled_thickness,rhoa,sigma
0.0,18.9183,19.341327239208592,0.0517027599829244,0.0001620907979457,1.0,17.645647520081692,0.0566711988813075
1.0,18.9183,19.23530911893794,0.0519877270397209,9.489080133659867e-05,1.0,17.715189528955662,0.0564487327875036
2.0,18.9183,19.026953472548367,0.0525570213561922,6.069650794902577e-05,1.0,17.811226143680344,0.0561443660269741
3.0,18.9183,18.738734230367577,0.0533653974546168,4.175719751624002e-05,1.0,17.842374211153665,0.0560463528096433
4.0,18.9183,18.405445995383666,0.0543317450851673,2.633898706564425e-05,1.0,17.956939419644577,0.0556887772816127
5.0,18.9183,18.065566268065744,0.0553539249842218,1.5422320143959403e-05,1.0,18.157657739959763,0.055073182583417
6.0,18.9183,17.7588111419104,0.0563100757144729,9.872401005064322e-06,1.5,18.350345561572745,0.054494886575547
7.5,18.9183,17.56893272853365,0.0569186538221472,6.729430510317626e-06,1.5,18.57178280384112,0.0538451268013523
9.0,18.9183,17.56798197816897,0.056921734166318,4.191487003129447e-06,1.5,18.898012032630486,0.0529156187578533
10.5,18.9183,17.811421441376133,0.0561437504183124,2.427813353600282e-06,1.5,19.33091776733617,0.0517306013111141
12.0,18.9183,18.338172007708263,0.0545310622879783,1.5299043524111723e-06,1.5,19.76185823164824,0.0506025287843892
13.5,18.9183,19.17167678261107,0.0521602784847182,1.033591213485645e-06,1.5,20.162484106036885,0.0495970632755806
15.0,18.9183,20.32251519621044,0.0492065076761005,6.379171402303595e-07,1.5,20.69088104652733,0.0483304697248663
16.5,18.9183,21.78884193044248,0.045895050466305,3.643593087601549e-07,2.0,21.366907869685893,0.0468013437460804
18.5,18.9183,23.60408316247644,0.042365551464829,2.2892106782465298e-07,2.0,21.956667912405727,0.0455442512492977
20.5,18.9183,25.69097462697078,0.0389241752996861,1.539210542772632e-07,2.0,22.4782216376398,0.0444875051114141
22.5,18.9183,27.95276209211632,0.0357746399695519,9.455191362627068e-08,2.0,23.15269409221987,0.0431915178431021
24.5,18.9183,30.2861008362994,0.0330184464948175,nan,2.0,nan,nan
26.5,18.9183,32.59319288331097,0.030681253094171,nan,2.0,nan,nan
28.5,18.9183,34.78977092204006,0.0287440811910169,nan,nan,nan,nan
Name:	88.58667904100822_8_150_1
Lambda:	88.58667904100822	Maximal Depth:	30	Filter time:	8 to 150 [us]
Chi2:	0.6950789105845314	RelRMS:	13.435841539257392	AbsRMS:	4.141404791058786e-07	Phi model:	0.0461295817424861
depth_vector,start_model,resistivity_model,conductivity_model,E/I[V/A],modelled_thickness,rhoa,sigma
0.0,18.9183,19.265293098514853,0.0519068147516057,0.0001623427530069,1.0,17.627385495585667,0.0567299104141351
1.0,18.9183,19.16389920888617,0.052181447475799,9.497321463324277e-05,1.0,17.70493977306141,0.0564814121266613
2.0,18.9183,18.96617251476445,0.0527254510218937,6.071509927784751e-05,1.0,17.80759002166768,0.0561558301141947
3.0,18.9183,18.69356298166015,0.0534943499524985,4.175287660238837e-05,1.0,17.843605168770186,0.0560424864001248
4.0,18.9183,18.37919122422112,0.0544093582682868,2.632474739630657e-05,1.0,17.963414387322107,0.0556687040914539
5.0,18.9183,18.060624553013177,0.0553690708239191,1.540841699255786e-05,1.0,18.16857864185166,0.0550400787927615
6.0,18.9183,17.77646928279851,0.0562541404646453,9.862135512413898e-06,1.5,18.363077264721568,0.0544571035444675
7.5,18.9183,17.608880531734684,0.0567895272046285,6.722380784699239e-06,1.5,18.58476462325888,0.0538075149334147
9.0,18.9183,17.627752840299244,0.0567287282196216,4.187708660938061e-06,1.5,18.90937742423741,0.0528838140761965
10.5,18.9183,17.886896130031435,0.0559068489429553,2.4265569078054164e-06,1.5,19.33759008967352,0.0517127519697509
12.0,18.9183,18.422932996343054,0.0542801735314621,1.5298606416381718e-06,1.5,19.762234650241485,0.0506015649393061
13.5,18.9183,19.257599293808408,0.0519275525855143,1.0341070358311627e-06,1.5,20.155778723648023,0.049613563123053
15.0,18.9183,20.39894501110942,0.0490221430302102,6.387301827016931e-07,1.5,20.673318976808424,0.0483715266581922
16.5,18.9183,21.84182241665048,0.0457837254110114,3.652077764330075e-07,2.0,21.333801313611207,0.0468739717455786
18.5,18.9183,23.61283596669285,0.0423498474054769,2.2967745022292082e-07,2.0,21.90843573298077,0.045644518494518
20.5,18.9183,25.630920022143684,0.0390153767065737,1.5456647170992849e-07,2.0,22.415603695722144,0.0446117808636509
22.5,18.9183,27.79778715268453,0.0359740865165746,9.505690665633644e-08,2.0,23.07062166923945,0.0433451692085662
24.5,18.9183,30.009550481233067,0.0333227250646545,nan,2.0,nan,nan
26.5,18.9183,32.16886308494583,0.0310859602765375,nan,2.0,nan,nan
28.5,18.9183,34.196197453982336,0.0292430174830314,nan,nan,nan,nan
Name:	112.88378916846884_8_150_1
Lambda:	112.88378916846884	Maximal Depth:	30	Filter time:	8 to 150 [us]
Chi2:	0.7216229150529715	RelRMS:	13.683155569689273	AbsRMS:	4.843520557014861e-07	Phi model:	0.0424330045009901
depth_vector,start_model,resistivity_model,conductivity_model,E/I[V/A],modelled_thickness,rhoa,sigma
0.0,18.9183,19.1674383070252,0.0521718126325458,0.0001626434936828,1.0,17.605649174019785,0.0567999504088537
1.0,18.9183,19.072472705040884,0.0524315863739943,9.5068488818809e-05,1.0,17.693108964841088,0.0565191794153957
2.0,18.9183,18.88905207510484,0.0529407191014083,6.073448080885829e-05,1.0,17.803801325768795,0.0561677802230147
3.0,18.9183,18.63780142786961,0.0536543971599929,4.174582975005356e-05,1.0,17.84561315717948,0.0560361804995021
4.0,18.9183,18.34934827403154,0.054497848374006,2.6306776576408968e-05,1.0,17.9715942959176,0.055643366055017
5.0,18.9183,18.059062861474683,0.0553738589688004,1.5391501698651826e-05,1.0,18.18188774315228,0.0549997895777694
6.0,18.9183,17.80368763730266,0.0561681388918989,9.84983074213181e-06,1.5,18.378367302661587,0.0544117974971138
7.5,18.9183,17.663973501667744,0.0566124037666601,6.714003383323913e-06,1.5,18.60022084356939,0.0537628025177844
9.0,18.9183,17.70695889700725,0.0564749715530776,4.183254747571767e-06,1.5,18.922796925882537,0.0528463104009853
10.5,18.9183,17.983538397574574,0.0556064094780629,2.4250878339271755e-06,1.5,19.345398873788128,0.0516918780803708
12.0,18.9183,18.52801924732544,0.0539723100808173,1.5298120856642672e-06,1.5,19.762652814660896,0.0506004942442823
13.5,18.9183,19.35965790602601,0.0516538052921241,1.0347084851255004e-06,1.5,20.147967278008164,0.0496327984953358
15.0,18.9183,20.48428776714551,0.048817904306338,6.396734998703419e-07,1.5,20.65298955045024,0.0484191403649938
16.5,18.9183,21.89421545786841,0.0456741645721138,3.6618861543745364e-07,2.0,21.29568912041711,0.0469578605484645
18.5,18.9183,23.608366238345045,0.0423578654238168,2.305497732748793e-07,2.0,21.853138040824813,0.0457600184528124
20.5,18.9183,25.54361701918147,0.0391487235049394,1.5530960018888317e-07,2.0,22.34404346685251,0.0447546569394883
22.5,18.9183,27.601228002940708,0.0362302720695418,9.56373893665164e-08,2.0,22.977173690027406,0.0435214536605092
24.5,18.9183,29.67954759455872,0.0336932359502452,nan,2.0,nan,nan
26.5,18.9183,31.68574016759108,0.0315599381523308,nan,2.0,nan,nan
28.5,18.9183,33.54464786482621,0.0298110149800846,nan,nan,nan,nan
Name:	143.8449888287663_8_150_1
Lambda:	143.8449888287663	Maximal Depth:	30	Filter time:	8 to 150 [us]
Chi2:	0.7558628578748247	RelRMS:	13.96887548047356	AbsRMS:	5.680969086231874e-07	Phi model:	0.0384668995339097
depth_vector,start_model,resistivity_model,conductivity_model,E/I[V/A],modelled_thickness,rhoa,sigma
0.0,18.9183,19.047390697283326,0.0525006293981583,0.0001629942097361,1.0,17.580385289936967,0.0568815747498094
1.0,18.9183,18.96216252815153,0.0527366010345805,9.517746355434426e-05,1.0,17.679601075333053,0.0565623622240674
2.0,18.9183,18.79690947576145,0.0532002349263583,6.075526852782067e-05,1.0,17.799739987705607,0.0561805959351488
3.0,18.9183,18.57217479122982,0.0538439903372125,4.173652351773357e-05,1.0,17.848265817834932,0.0560278522410142
4.0,18.9183,18.31556446574657,0.054598371885845,2.628540187695871e-05,1.0,17.9813357076546,0.0556132211899198
5.0,18.9183,18.06031598184023,0.0553700168372196,1.5371791022122762e-05,1.0,18.197427062854096,0.0549528236352309
6.0,18.9183,17.840911811708054,0.0560509468660538,9.835642665026312e-06,1.5,18.396037121919832,0.0543595337067703
7.5,18.9183,17.734551562005883,0.0563871038127842,6.704418011244823e-06,1.5,18.617945233703114,0.0537116200229094
9.0,18.9183,17.805327997178164,0.0561629642631959,4.178213523723516e-06,1.5,18.93801473478988,0.0528038452817845
10.5,18.9183,18.10092022917531,0.0552458100107079,2.4234696453204284e-06,1.5,19.354009399443143,0.0516688805591244
12.0,18.9183,18.65289517657147,0.0536109805225317,1.5298072180824924e-06,1.5,19.762694735532367,0.0506003869098908
13.5,18.9183,19.47799293480528,0.0513399919256104,1.035434207933021e-06,1.5,20.13855187344137,0.0496560033851687
15.0,18.9183,20.57885016039188,0.0485935799233671,6.407761500553963e-07,1.5,20.629289584852582,0.0484747667090905
16.5,18.9183,21.945493332000925,0.0455674422475524,3.673224794686469e-07,2.0,21.25184235178598,0.0470547439345163
18.5,18.9183,23.59005214040105,0.0423907498825477,2.3155341895732602e-07,2.0,21.78994547354005,0.0458927261297794
20.5,18.9183,25.42862657334869,0.0393257574142082,1.5616229426876745e-07,2.0,22.262632373526586,0.0449183179788362
22.5,18.9183,27.36423005557584,0.036544057624462,9.630188120141269e-08,2.0,22.8713553558469,0.0437228132938067
24.5,18.9183,29.29885150176631,0.0341310306972173,nan,2.0,nan,nan
26.5,18.9183,31.145261312164408,0.0321076130964882,nan,2.0,nan,nan
28.5,18.9183,32.83533087477694,0.0304549999454449,nan,nan,nan,nan
Name:	183.29807108324357_8_150_1
Lambda:	183.2980710832436	Maximal Depth:	30	Filter time:	8 to 150 [us]
Chi2:	0.7992852795284602	RelRMS:	14.29564988452507	AbsRMS:	6.645869254342187e-07	Phi model:	0.034335916036301
depth_vector,start_model,resistivity_model,conductivity_model,E/I[V/A],modelled_thickness,rhoa,sigma
0.0,18.9183,18.90877962162194,0.0528854860023072,0.000163391544173,1.0,17.55187248563788,0.0569739781791525
1.0,18.9183,18.83435979185654,0.0530944513671429,9.529940390938296e-05,1.0,17.66451656791251,0.0566106633122637
2.0,18.9183,18.69148885653527,0.053500286021911,6.077761224904944e-05,1.0,17.795377232122316,0.0561943692991743
3.0,18.9183,18.49773300963093,0.0540606786506944,4.172536158286038e-05,1.0,17.85144873092653,0.056017862475641
4.0,18.9183,18.278650290830736,0.0547086346141015,2.626108518106797e-05,1.0,17.992433985279277,0.0555789172725692
5.0,18.9183,18.06442351329681,0.0553574266714862,1.5349668672639847e-05,1.0,18.21490727529781,0.0549000873233185
6.0,18.9183,17.886803170983914,0.0559071394950108,9.819860443698915e-06,1.5,18.415742263897016,0.0543013681267923
7.5,18.9183,17.819816121395323,0.0561173018390101,6.693841975633756e-06,1.5,18.637550540455155,0.0536551194229828
9.0,18.9183,17.922177109575042,0.05579679264891,4.172731777283637e-06,1.5,18.95459710553882,0.0527576500007897
10.5,18.9183,18.23803703092048,0.0548304621985697,2.42179220744751e-06,1.5,19.36294531657617,0.051645035589907
12.0,18.9183,18.79609920243232,0.0532025283134595,1.5299043506488358e-06,1.5,19.76185824682437,0.050602528745529
13.5,18.9183,19.61036851723265,0.0509934323325565,1.0363242464414253e-06,1.5,20.127019669840564,0.0496844548474534
15.0,18.9183,20.681128254723514,0.0483532613735231,6.420632016454547e-07,1.5,20.601711989909045,0.0485396553689232
16.5,18.9183,21.995415557141342,0.045464019418143,3.6862391773225204e-07,2.0,21.20179267673564,0.0471658229682286
18.5,18.9183,23.55825231314713,0.0424479705331083,2.3269769151893325e-07,2.0,21.7184532405162,0.0460437945983409
20.5,18.9183,25.28716624312744,0.0395457518009468,1.5713094294828346e-07,2.0,22.17104469846216,0.0451038737055707
22.5,18.9183,27.088811463098168,0.0369156100245392,9.705444896986417e-08,2.0,22.752971182606604,0.0439503039833516
24.5,18.9183,28.87093307674048,0.0346369130967103,nan,2.0,nan,nan
26.5,18.9183,30.553249760373625,0.0327297425917998,nan,2.0,nan,nan
28.5,18.9183,32.07501132363592,0.0311769180659058,nan,nan,nan,nan
Name:	233.57214690901213_8_150_1
Lambda:	233.57214690901213	Maximal Depth:	30	Filter time:	8 to 150 [us]
Chi2:	0.8530774091179488	RelRMS:	14.664516556005244	AbsRMS:	7.718029665887427e-07	Phi model:	0.0301740993328065
depth_vector,start_model,resistivity_model,conductivity_model,E/I[V/A],modelled_thickness,rhoa,sigma
0.0,18.9183,18.75482164987089,0.0533196219440926,0.0001638277841204,1.0,17.52070060559078,0.0570753431903804
1.0,18.9183,18.69345532518127,0.0534946580289485,9.543212963694436e-05,1.0,17.648134387076876,0.0566632131230973
2.0,18.9183,18.575292730336862,0.0538349524024898,6.0801283004435854e-05,1.0,17.79075827961414,0.0562089588472385
3.0,18.9183,18.416605596548045,0.0542988225901648,4.171274222528228e-05,1.0,17.855048949079702,0.0560065672657561
4.0,18.9183,18.23955563709782,0.0548258970720799,2.6234451108039385e-05,1.0,18.0046095974179,0.055541332045512
5.0,18.9183,18.071382964207405,0.0553361080322752,1.532569195773512e-05,1.0,18.23390021179254,0.0548429018687544
6.0,18.9183,17.94088191004793,0.0557386200418577,9.802904253063827e-06,1.5,18.436972087047725,0.0542388411328407
7.5,18.9183,17.917408804415086,0.0558116416785437,6.68258499092688e-06,1.5,18.65847495446275,0.0535949482709903
9.0,18.9183,18.054632258316065,0.0553874477027575,4.167009267210301e-06,1.5,18.97194656886862,0.0527094041916034
10.5,18.9183,18.39213758543071,0.0543710591199659,2.4201678047741464e-06,1.5,19.371608545791634,0.0516219392744875
12.0,18.9183,18.95514923082408,0.0527561132767998,1.5301692826428363e-06,1.5,19.75957714862122,0.0506083704361951
13.5,18.9183,19.7548137238578,0.0506205734955781,1.037418920094351e-06,1.5,20.112858630821343,0.0497194366228766
15.0,18.9183,20.788692088463087,0.0481030742936907,6.435556234008107e-07,1.5,20.56984907296504,0.0486148438159568
16.5,18.9183,22.04190131897361,0.0453681370553638,3.701018889598432e-07,2.0,21.145309973576538,0.0472918108672615
18.5,18.9183,23.51306494566957,0.0425295469693401,2.3398653171438506e-07,2.0,21.638627062562826,0.0462136528860515
20.5,18.9183,25.12201945773745,0.0398057171192901,1.5821721196261712e-07,2.0,22.06944866463982,0.0453115080125324
22.5,18.9183,26.780491877849308,0.0373406136288004,9.789538582597441e-08,2.0,22.622482833575496,0.0442038129659152
24.5,18.9183,28.40338453202577,0.0352070718499221,nan,2.0,nan,nan
26.5,18.9183,29.91885316717664,0.0334237410241739,nan,2.0,nan,nan
28.5,18.9183,31.27448651807218,0.031974945437462,nan,nan,nan,nan
Name:	297.63514416313194_8_150_1
Lambda:	297.63514416313194	Maximal Depth:	30	Filter time:	8 to 150 [us]
Chi2:	0.9177567379463438	RelRMS:	15.073734804566056	AbsRMS:	8.861112191308411e-07	Phi model:	0.0261341603719776
depth_vector,start_model,resistivity_model,conductivity_model,E/I[V/A],modelled_thickness,rhoa,sigma
0.0,18.9183,18.59203505805012,0.0537864734483174,0.0001642892694948,1.0,17.48787502019,0.05718247636408
1.0,18.9183,18.54376248382616,0.0539264888057209,9.557117230305222e-05,1.0,17.631013191897004,0.0567182378639242
2.0,18.9183,18.45228891930405,0.054193818684133,6.082518961352496e-05,1.0,17.786096345174414,0.056223691842944
3.0,18.9183,18.330837834324004,0.0545528801813699,4.169876125380702e-05,1.0,17.85903974680818,0.0559940519858422
4.0,18.9183,18.199324315119675,0.0549470948857819,2.620613074260005e-05,1.0,18.01757870843641,0.0555013532163324
5.0,18.9183,18.08126721688049,0.0553058581572429,1.530052199049783e-05,1.0,18.25389172721112,0.0547828383636842
6.0,18.9183,18.00174699797439,0.0555501641097679,9.78529051280953e-06,1.5,18.459090094372936,0.054173851196752
7.5,18.9183,18.02529061021918,0.0554776076360768,6.6710297090101655e-06,1.5,18.68001503169566,0.0535331475003222
9.0,18.9183,18.199062930906173,0.054947884063952,4.161287940520021e-06,1.5,18.989332187313693,0.0526611462760167
10.5,18.9183,18.55843537599624,0.0538838528000811,2.418723816353866e-06,1.5,19.37931773405583,0.0516014038122029
12.0,18.9183,19.125010317823108,0.052287553490524,1.5306689633100951e-06,1.5,19.75527662547226,0.0506193873646198
13.5,18.9183,19.90674952613153,0.0502342182327307,1.0387529538992742e-06,1.5,20.095634785905645,0.0497620508460555
15.0,18.9183,20.89876805262044,0.0478497104461912,6.452649916102466e-07,1.5,20.533505359734512,0.048700890689661
16.5,18.9183,22.08394831339899,0.0452817578545621,3.717552828172968e-07,2.0,21.082567099390378,0.0474325538861401
18.5,18.9183,23.455022258510304,0.0426347921983815,2.354147785585097e-07,2.0,21.551018188683305,0.0464015199302793
20.5,18.9183,24.93583629275979,0.0401029260963809,1.5941492825484053e-07,2.0,21.958768320983204,0.0455398948330096
22.5,18.9183,26.44488294159733,0.0378144990170108,9.881879256613668e-08,2.0,22.481332739222445,0.0444813486637886
24.5,18.9183,27.90580626480839,0.0358348363244062,nan,2.0,nan,nan
26.5,18.9183,29.2556715134405,0.0341814064852548,nan,2.0,nan,nan
28.5,18.9183,30.450045843815285,0.0328406730528161,nan,nan,nan,nan
Name:	379.26901907322497_8_150_1
Lambda:	379.26901907322497	Maximal Depth:	30	Filter time:	8 to 150 [us]
Chi2:	0.9930696600166448	RelRMS:	15.519755437598745	AbsRMS:	1.0025372586298158e-06	Phi model:	0.0223570343124056
depth_vector,start_model,resistivity_model,conductivity_model,E/I[V/A],modelled_thickness,rhoa,sigma
0.0,18.9183,18.42565448825709,0.0542721562828236,0.0001647573085866,1.0,17.454739861517787,0.0572910285649507
1.0,18.9183,18.39166154591304,0.0543724664301588,9.571003271823625e-05,1.0,17.613955821632615,0.0567731638552112
2.0,18.9183,18.3275044744488,0.0545628021203948,6.084738970127536e-05,1.0,17.781769926619287,0.0562373714274078
3.0,18.9183,18.24468085691369,0.054810495609248,4.168313585950819e-05,1.0,17.863502576527925,0.0559800630204497
4.0,18.9183,18.159984774570912,0.0550661254628517,2.6176650214012577e-05,1.0,18.03110394532331,0.055459721325569
5.0,18.9183,18.093577000975444,0.0552682313699545,1.5274820524410576e-05,1.0,18.274362030420708,0.0547214725381566
6.0,18.9183,18.06700553581401,0.0553495153370995,9.767551089482845e-06,1.5,18.48143309330718,0.0541083580992502
7.5,18.9183,18.13918149697781,0.055129279133494,6.659571293935284e-06,1.5,18.701436033440263,0.0534718295542592
9.0,18.9183,18.3509186852332,0.0544931846275734,4.155813623482119e-06,1.5,19.00600454481068,0.0526149511141222
10.5,18.9183,18.732228209292423,0.0533839321637099,2.4175833172463137e-06,1.5,19.38541207270212,0.0515851814885155
12.0,18.9183,19.300652008100585,0.0518117211574145,1.5314625199443451e-06,1.5,19.74845165269016,0.0506368811887983
13.5,18.9183,20.061094094110768,0.0498477299048991,1.040352173488386e-06,1.5,20.075035625487377,0.0498131120988096
15.0,18.9183,21.006375230370576,0.0476045957017001,6.471942019355808e-07,1.5,20.49267973936974,0.0487979128507453
16.5,18.9183,22.118196453785103,0.0452116429153458,3.735756277547766e-07,2.0,21.014024477651464,0.0475872673063413
18.5,18.9183,23.384174958385216,0.0427639633119241,2.369712815793094e-07,2.0,21.456545266817987,0.0466058252884948
20.5,18.9183,24.73314805659094,0.0404315697181749,1.6071306612426126e-07,2.0,21.840362590319213,0.0457867856297977
22.5,18.9183,26.09115247019965,0.0383271686117415,9.98151402537956e-08,2.0,22.33147801977429,0.0447798394317881
24.5,18.9183,27.39088205928442,0.0365084993552093,nan,2.0,nan,nan
26.5,18.9183,28.578749071812577,0.0349910346841005,nan,2.0,nan,nan
28.5,18.9183,29.618532292072448,0.0337626452971694,nan,nan,nan,nan
Name:	483.2930238571752_8_150_1
Lambda:	483.2930238571752	Maximal Depth:	30	Filter time:	8 to 150 [us]
Chi2:	1.1020028338924024	RelRMS:	16.214608406108407	AbsRMS:	9.53820313760168e-07	Phi model:	0.017840870345979
depth_vector,start_model,resistivity_model,conductivity_model,E/I[V/A],modelled_thickness,rhoa,sigma
0.0,18.9183,18.34785226080872,0.0545022919187121,0.0001646224705107,1.0,17.46426971632945,0.0572597661535758
1.0,18.9183,18.32140907054017,0.0545809547808168,9.551677546545742e-05,1.0,17.63770646888197,0.0566967140406996
2.0,18.9183,18.272481943697173,0.054727102923472,6.066825202726836e-05,1.0,17.816756038229677,0.0561269401598296
3.0,18.9183,18.212093360543715,0.0549085698279193,4.1535426589664575e-05,1.0,17.905828589028378,0.0558477366756844
4.0,18.9183,18.156175217367235,0.0550776795237938,2.6070030753490296e-05,1.0,18.080232094904897,0.055309024505377
5.0,18.9183,18.12383573179668,0.0551759580476437,1.5209353916930022e-05,1.0,18.32676416261421,0.0545650061913251
6.0,18.9183,18.135397799100783,0.0551407810888815,9.727953050333104e-06,1.5,18.53155209324633,0.0539620208263312
7.5,18.9183,18.248849833979524,0.0547979740694666,6.635752161560516e-06,1.5,18.7461620269305,0.0533442524695675
9.0,18.9183,18.499936149031413,0.0540542406170605,4.1449418136246265e-06,1.5,19.03922406126863,0.0525231488836928
10.5,18.9183,18.91144012112377,0.0528780459655748,2.4151159783574247e-06,1.5,19.398612885445026,0.051550077621803
12.0,18.9183,19.49157096139485,0.051304227965032,1.5325169547751324e-06,1.5,19.73939211446164,0.050660121355377
13.5,18.9183,20.234753401097542,0.0494199252235888,1.0428179066756603e-06,1.5,20.04337831906108,0.0498917889031216
15.0,18.9183,21.12403544451569,0.0473394395983947,6.502240106469623e-07,1.5,20.42897121498122,0.0489500909995246
16.5,18.9183,22.13427254307545,0.0451788057662117,3.764305416129877e-07,2.0,20.907640407697208,0.047829404968714
18.5,18.9183,23.24111201967048,0.0430272010716885,2.394013696691552e-07,2.0,21.31109940698549,0.0469239048114154
20.5,18.9183,24.38588517724013,0.0410073283266879,1.6273151382770962e-07,2.0,21.65938855548589,0.0461693550322647
22.5,18.9183,25.515940707341,0.0391911868533342,1.0135719512801344e-07,2.0,22.10439807261752,0.0452398656916507
24.5,18.9183,26.58898272593577,0.0376095622125688,nan,2.0,nan,nan
26.5,18.9183,27.574677279365787,0.0362651569724191,nan,2.0,nan,nan
28.5,18.9183,28.45421297995723,0.0351441806070822,nan,nan,nan,nan
Name:	615.8482110660261_8_150_1
Lambda:	615.8482110660261	Maximal Depth:	30	Filter time:	8 to 150 [us]
Chi2:	1.2008206229110765	RelRMS:	16.750947109196222	AbsRMS:	1.0342229712323964e-06	Phi model:	0.014884204964899
depth_vector,start_model,resistivity_model,conductivity_model,E/I[V/A],modelled_thickness,rhoa,sigma
0.0,18.9183,18.19237043381735,0.0549680979528167,0.0001649531108483,1.0,17.440924404014275,0.0573364104353227
1.0,18.9183,18.180150711336267,0.0550050445608488,9.558269224372992e-05,1.0,17.629596531611288,0.0567227955674946
2.0,18.9183,18.1590755677166,0.0550688825689899,6.0649695834976784e-05,1.0,17.8203899591148,0.0561154947952482
3.0,18.9183,18.138106426842405,0.0551325467205391,4.149603485348229e-05,1.0,17.917158669599793,0.0558124208441994
4.0,18.9183,18.13016572253852,0.0551566938385372,2.6029334672437903e-05,1.0,18.09907245331925,0.0552514501822775
5.0,18.9183,18.150688488634483,0.0550943288253872,1.5179936059698893e-05,1.0,18.350434009623623,0.0544946239132853
6.0,18.9183,18.21603503501244,0.0548966884438865,9.709447896407686e-06,1.5,18.555090704902973,0.0538935657013932
7.5,18.9183,18.377163832491213,0.0544153607768342,6.624750279407199e-06,1.5,18.766911087989417,0.0532852740289256
9.0,18.9183,18.661869951498662,0.0535851981928367,4.14052017631922e-06,1.5,19.052776234028624,0.0524857893525239
10.5,18.9183,19.08688529601783,0.052391995052678,2.4151060866679226e-06,1.5,19.398665853421747,0.0515499368645297
12.0,18.9183,19.656540815411542,0.0508736511368245,1.5343060891849478e-06,1.5,19.72404389803107,0.0506995424046802
13.5,18.9183,20.363538015746222,0.0491073800253543,1.0452539048725105e-06,1.5,20.012225047534685,0.0499694560512245
15.0,18.9183,21.19102846599824,0.0471897813550925,6.527960815089332e-07,1.5,20.375274684240928,0.0490790929446188
16.5,18.9183,22.11546403926876,0.0452172289138665,3.787040404841714e-07,2.0,20.82387898402559,0.0480217927105281
18.5,18.9183,23.11197303312096,0.043267617116329,2.4128831243457457e-07,2.0,21.19984820973209,0.047170149055168
20.5,18.9183,24.129065977475264,0.041443792351246,1.6427866430588748e-07,2.0,21.52318440483606,0.0464615263796796
22.5,18.9183,25.121411274856463,0.0398066808054243,1.0252728821480693e-07,2.0,21.935898863495552,0.0455873728367767
24.5,18.9183,26.05339676795692,0.0383827110494052,nan,2.0,nan,nan
26.5,18.9183,26.90025488308319,0.0371743689547295,nan,2.0,nan,nan
28.5,18.9183,27.64745045223919,0.0361697004115259,nan,nan,nan,nan
Name:	784.7599703514607_8_150_1
Lambda:	784.7599703514607	Maximal Depth:	30	Filter time:	8 to 150 [us]
Chi2:	1.304405577688647	RelRMS:	17.292088394123102	AbsRMS:	1.0946262599821736e-06	Phi model:	0.0124461984496739
depth_vector,start_model,resistivity_model,conductivity_model,E/I[V/A],modelled_thickness,rhoa,sigma
0.0,18.9183,18.05630978955202,0.0553823019019441,0.0001652050437409,1.0,17.42318862563239,0.0573947755193808
1.0,18.9183,18.056997790683752,0.0553801917457139,9.561622152950466e-05,1.0,17.625474899507747,0.0567360599190396
2.0,18.9183,18.061175283519542,0.0553673824821621,6.0617538556343726e-05,1.0,17.82669181612112,0.0560956575855355
3.0,18.9183,18.07596662390518,0.0553220760364491,4.145087820337472e-05,1.0,17.930168961446423,0.0557719228497069
4.0,18.9183,18.111531434424062,0.0552134425308358,2.598755231165161e-05,1.0,18.118466853390068,0.0551923078311062
5.0,18.9183,18.179927522710464,0.0550057198385854,1.515131930809775e-05,1.0,18.3735327526009,0.0544261146435457
6.0,18.9183,18.2938469270654,0.0546631883379607,9.692017518432403e-06,1.5,18.57733068258244,0.0538290466529494
7.5,18.9183,18.49751928481674,0.0540613032808581,6.614732406751194e-06,1.5,18.78585436903417,0.0532315422208509
9.0,18.9183,18.811366524515563,0.0531593490933669,4.136838263360458e-06,1.5,19.06407959460256,0.0524546697907787
10.5,18.9183,19.2465079542326,0.0519574772929176,2.415558112015448e-06,1.5,19.396245719227213,0.0515563689218844
12.0,18.9183,19.803750685446357,0.0504954852181053,1.5363825788925808e-06,1.5,19.706267941237247,0.0507452757154186
13.5,18.9183,20.47430358570217,0.0488417100886562,1.0478723352301597e-06,1.5,19.978873360650404,0.0500528724492323
15.0,18.9183,21.241648016178974,0.0470773265444534,6.554656547386884e-07,1.5,20.31991426832051,0.0492128060578994
16.5,18.9183,22.08400665812889,0.0452816382226506,3.810194388099379e-07,2.0,20.7394309040913,0.0482173307755869
18.5,18.9183,22.9764135840522,0.0435228934377336,2.43192996154058e-07,2.0,21.08901196403681,0.0474180583568971
20.5,18.9183,23.874492676642227,0.0418857067894203,1.658323972319743e-07,2.0,21.38853552760209,0.0467540191664591
22.5,18.9183,24.74005233756107,0.0404202863581565,1.0369721681218472e-07,2.0,21.77059750984039,0.0459335119097211
24.5,18.9183,25.543838280854004,0.0391483843972475,nan,2.0,nan,nan
26.5,18.9183,26.26624334862897,0.0380716795594676,nan,2.0,nan,nan
28.5,18.9183,26.896585416911147,0.0371794406055444,nan,nan,nan,nan
Name:	1000.0_8_150_1
Lambda:	1000.0	Maximal Depth:	30	Filter time:	8.0 to 150.0 [us]
Chi2:	1.4110361846695725	RelRMS:	17.83433570095222	AbsRMS:	1.1321552491017046e-06	Phi model:	0.010472628147582907
depth_vector,start_model,resistivity_model,conductivity_model,E/I[V/A],modelled_thickness,rhoa,sigma
0.0,18.9183,17.94243296969135,0.05573380163599977,0.00016536676540186959,1.0,17.411827348524767,0.057432225807403606
1.0,18.9183,17.954474601686336,0.05569642232282738,9.561370910157059e-05,1.0,17.62578365956578,0.05673506604384565
2.0,18.9183,17.9808472869257,0.0556147318334172,6.057098703719477e-05,1.0,17.835824387835036,0.05606693462860356
3.0,18.9183,18.027031745015496,0.055472249350007476,4.140015534372999e-05,1.0,17.94481115824845,0.05572641535101045
4.0,18.9183,18.100718518029772,0.05524642566005982,2.5945318904120054e-05,1.0,18.13812350511503,0.055132494809509686
5.0,18.9183,18.21092324588375,0.0549120978930067,1.5124142331299381e-05,1.0,18.39553676165836,0.05436101229099715
6.0,18.9183,18.367031199817326,0.05444538037317352,9.676158672830722e-06,1.5,18.597623487501465,0.05377031106539231
7.5,18.9183,18.606971893791464,0.05374329609933292,6.606066760322365e-06,1.5,18.80227927133371,0.0531850413223368
9.0,18.9183,18.944512624916754,0.05278573377943494,4.134129205991739e-06,1.5,19.07240703090673,0.05243176691749004
10.5,18.9183,19.385741180901285,0.051584305736279715,2.4165944679424345e-06,1.5,19.39069993941166,0.05157111414877277
12.0,18.9183,19.928383162928966,0.05017968551810128,1.538809906556159e-06,1.5,19.685539301772955,0.05079870988903698
13.5,18.9183,20.562499643842738,0.04863221968732976,1.0507050264013998e-06,1.5,19.942948632808765,0.05014303643919881
15.0,18.9183,21.272122100132812,0.047009884359104755,6.58241699650534e-07,1.5,20.26274305123284,0.04935165971712588
16.5,18.9183,22.037355261313277,0.045377495989979644,3.833731772127539e-07,2.0,20.654456636697784,0.04841570115300206
18.5,18.9183,22.833553761554704,0.0437951976482837,2.4510795185119085e-07,2.0,20.97902697683775,0.04766665303896443
20.5,18.9183,23.6230718328552,0.0423314972360703,1.6738439562364414e-07,2.0,21.25611982741535,0.04704527487233288
22.5,18.9183,24.37430454549529,0.04102681158075601,1.0485918823925599e-07,2.0,21.609468638832144,0.04627601060967336
24.5,18.9183,25.063775218901437,0.03989821929323186,nan,2.0,nan,nan
26.5,18.9183,25.67648262199033,0.03894614440466863,nan,2.0,nan,nan
28.5,18.9183,26.205049035279387,0.038160584956498954,nan,nan,nan,nan
