Name:	26.7_5_110_1
Lambda:	26.7	Maximal Depth:	30	Filter time:	5.0 to 110.0 [us]
Chi2:	1.1180689660263763	RelRMS:	3.4723019417397962	AbsRMS:	1.3898167728625371e-05	Phi model:	0.25272810812078206
depth_vector,start_model,resistivity_model,conductivity_model,E/I[V/A],modelled_thickness,rhoa,sigma
0.0,18.4121,11.965503854769484,0.0835735805309525,0.0006640781740445642,1.0,16.370040773982854,0.06108720276306915
1.0,18.4121,13.527482205807642,0.07392358642842481,0.0003936141440566929,1.0,17.186240389484524,0.05818608243207481
2.0,18.4121,16.524989238351562,0.06051441157245523,0.0002518074423288853,1.0,17.91051307781793,0.05583312971857263
3.0,18.4121,20.500140811487615,0.0487801527411769,0.00015081212912757436,1.0,18.514798606156525,0.054010849443832505
4.0,18.4121,24.728579064370347,0.04043904008382063,8.457206860824325e-05,1.0,19.1283382801346,0.052278456463650716
5.0,18.4121,28.40585170298304,0.03520401396360825,5.284743887849853e-05,1.0,19.533811450348313,0.0511932861920897
6.0,18.4121,30.870747492291244,0.032393125571375,3.593307420908082e-05,1.5,19.72168222149962,0.05070561368795653
7.5,18.4121,30.92109902442611,0.032340377009563936,2.2618460670060766e-05,1.5,19.875725955816037,0.05031262768580183
9.0,18.4121,28.850322066073996,0.0346616581163207,1.3395693288865298e-05,1.5,19.94571021146654,0.050136093896777485
10.5,18.4121,25.535670342549345,0.03916090655093276,8.730647572595164e-06,1.5,19.917208376156424,0.050207839427795234
12.0,18.4121,21.97672407653955,0.0455026871392317,6.079019154011627e-06,1.5,19.873916616718123,0.05031720819230925
13.5,18.4121,18.94579975025656,0.052782147662384024,3.911700051972675e-06,1.5,19.788726212934943,0.050533823614495606
15.0,18.4121,16.852414887787795,0.05933867678065866,2.3626135429892822e-06,1.5,19.684945248362293,0.05080024289542771
16.5,18.4121,15.776832308663629,0.06338407992400755,1.5494203205597056e-06,2.0,19.595565505568516,0.05103195412838827
18.5,18.4121,15.829600179489496,0.06317278949949132,1.0852613607459423e-06,2.0,19.517327516538096,0.05123652298977129
20.5,18.4121,16.565166132928365,0.06036764086610591,7.003239670714676e-07,2.0,19.442667028458633,0.05143327294225012
22.5,18.4121,17.50458223663665,0.05712789865427494,4.2253940138247134e-07,2.0,19.35753776761499,0.05165946268605464
24.5,18.4121,18.2821376756584,0.05469819874135625,2.777174427240284e-07,2.0,19.30285301629553,0.051805813324890204
26.5,18.4121,18.70251755705202,0.053468737401234916,nan,2.0,nan,nan
28.5,18.4121,18.730507074052923,0.053388837581726994,nan,nan,nan,nan
