Name:	26.7_5_110_1
Lambda:	26.7	Maximal Depth:	30	Filter time:	5.0 to 110.0 [us]
Chi2:	2.7097707853083546	RelRMS:	30.414551158205043	AbsRMS:	2.1040294100393658e-05	Phi model:	0.7036027943992427
depth_vector,start_model,resistivity_model,conductivity_model,E/I[V/A],modelled_thickness,rhoa,sigma
0.0,18.4121,8.942420498194297,0.11182654631393431,0.0010424752149231938,1.0,12.11951963796854,0.08251152107276248
1.0,18.4121,10.467651666469521,0.0955324108847878,0.0006210400796201574,1.0,12.680846927909602,0.07885908612295242
2.0,18.4121,13.306619063023843,0.07515056944695886,0.00039868058626548917,1.0,13.18470274484165,0.0758454717829143
3.0,18.4121,16.844567566857524,0.059366320686530825,0.00023897975072838937,1.0,13.621839870635975,0.07341152219500523
4.0,18.4121,20.226543145369025,0.049439985508791966,0.0001333367130466227,1.0,14.120889327731666,0.07081706943458049
5.0,18.4121,22.654602270208493,0.04414114130421222,8.235236398265474e-05,1.0,14.532898527364628,0.06880939807823308
6.0,18.4121,23.66451461285452,0.042257363667066374,5.505864769007948e-05,1.5,14.838494701781697,0.06739228069272603
7.5,18.4121,22.633123291372538,0.044183031529775096,3.362962171127173e-05,1.5,15.257511598605019,0.06554148712503217
9.0,18.4121,20.493736525192876,0.048795396523747814,1.897121078627903e-05,1.5,15.81598588886671,0.06322716819720524
10.5,18.4121,18.402393066687257,0.05434075863808385,1.1742758293035718e-05,1.5,16.34604502857156,0.061176877847337455
12.0,18.4121,17.26278143754676,0.057928092504547835,7.763521863519817e-06,1.5,16.88366076903918,0.05922886118594458
13.5,18.4121,17.637346183346725,0.05669787220847347,4.6473488336007284e-06,1.5,17.64106048249805,0.05668593455547155
15.0,18.4121,19.89299143423093,0.05026896046811978,2.5540709561451945e-06,1.5,18.688482215274163,0.05350889325740409
16.5,18.4121,24.366164408247432,0.04104051763114268,1.5346230568308352e-06,2.0,19.721327878628635,0.05070652474084504
18.5,18.4121,31.872203548796495,0.03137530163137278,9.933912363732053e-07,2.0,20.702828967716485,0.048302577467039746
20.5,18.4121,42.641409731192276,0.023451382266766335,5.779355844658829e-07,2.0,22.098809314449614,0.04525130679082045
22.5,18.4121,56.862703567439105,0.017586219740923874,3.075519096264077e-07,2.0,23.923018260459603,0.0418007455878934
24.5,18.4121,74.69212601404955,0.01338829209134977,1.8126567422872384e-07,2.0,25.65349620168861,0.03898104149773457
26.5,18.4121,96.2788343220453,0.010386498829587788,nan,2.0,nan,nan
28.5,18.4121,121.79701920715439,0.008210381555390805,nan,nan,nan,nan
