Name:	26.7_5_110_1
Lambda:	26.7	Maximal Depth:	30	Filter time:	5.0 to 110.0 [us]
Chi2:	1.1869799771406095	RelRMS:	3.0848642654466722	AbsRMS:	1.2924195601664228e-05	Phi model:	0.684999744228808
depth_vector,start_model,resistivity_model,conductivity_model,E/I[V/A],modelled_thickness,rhoa,sigma
0.0,18.4121,12.12742285408403,0.08245774984775435,0.0007628315854655622,1.0,14.924855016432721,0.06700232591197498
1.0,18.4121,13.209318492876195,0.07570413269536211,0.00045888032642987775,1.0,15.515355120889783,0.06445227919105802
2.0,18.4121,15.221323258911415,0.06569731047624548,0.00029697919817015184,1.0,16.044876605393487,0.06232519106216435
3.0,18.4121,17.78061974640335,0.05624100927091021,0.0001794578676274856,1.0,16.48800730591149,0.060650142946107696
4.0,18.4121,20.35077194366745,0.04913818516408514,0.00010122691758689855,1.0,16.968021435990604,0.05893439042214525
5.0,18.4121,22.384588253001667,0.04467359366620938,6.330639272705351e-05,1.0,17.318272798732945,0.05774247880384255
6.0,18.4121,23.47301045603106,0.04260211965027537,4.293157053484788e-05,1.5,17.51549258357627,0.05709231386034035
7.5,18.4121,22.89710501524668,0.043673643429338424,2.6884467103548656e-05,1.5,17.71321559140714,0.05645502336036096
9.0,18.4121,21.000673866338342,0.04761751962649564,1.5834290665681826e-05,1.5,17.841330014518384,0.05604963302546671
10.5,18.4121,18.470884400887662,0.05413925929566982,1.0314411183430102e-05,1.5,17.822275181614764,0.056109558954155724
12.0,18.4121,15.96545146541797,0.06263524725035517,7.224261043695865e-06,1.5,17.7137366686687,0.056453362647574924
13.5,18.4121,13.878160814451771,0.07205565732879159,4.74153680416822e-06,1.5,17.406660267777486,0.05744927427871733
15.0,18.4121,12.286224554121642,0.0813919683459254,2.995301631623606e-06,1.5,16.804888238951282,0.05950649512099377
16.5,18.4121,11.024508542282874,0.09070699126084829,2.0831961314423734e-06,2.0,16.086091174652047,0.062165506159493136
18.5,18.4121,9.74256668320704,0.10264235622052954,1.556810279353985e-06,2.0,15.34450148437065,0.06516992428972447
20.5,18.4121,8.099965590402666,0.1234573145822818,1.1065493153145052e-06,2.0,14.332039034142179,0.06977374242546873
22.5,18.4121,6.154296231911015,0.16248811599526836,7.602419883680883e-07,2.0,13.085601455740159,0.076419872894825
24.5,18.4121,4.290589162451662,0.23306822493081475,5.622372042317017e-07,2.0,12.061756456639111,0.08290666484561404
26.5,18.4121,2.8948321079170025,0.34544317691693605,nan,2.0,nan,nan
28.5,18.4121,2.103220142902411,0.47546140301795303,nan,nan,nan,nan
