Name:	10.0_8_150_1
Lambda:	10	Maximal Depth:	30	Filter time:	8 to 150 [us]
Chi2:	6.511329781801082	RelRMS:	29.850734457774823	AbsRMS:	1.1479879102872522e-06	Phi model:	1.4626002906865074
depth_vector,start_model,resistivity_model,conductivity_model,E/I[V/A],modelled_thickness,rhoa,sigma
0.0,20.3656,26.697764371950704,0.0374563197902302,0.0001662784266587,1.0,17.06488340332389,0.0585998729885971
1.0,20.3656,25.033290352704785,0.0399468062691947,9.514943991685391e-05,1.0,17.394360960180833,0.0574898958512589
2.0,20.3656,22.26297715289532,0.0449176223436922,5.781415860616143e-05,1.0,18.09801337548781,0.0552546834424607
3.0,20.3656,19.01533377072336,0.0525891373802564,3.754353467586775e-05,1.0,18.84086583386072,0.0530761170329446
4.0,20.3656,15.95270478231988,0.0626852946660357,2.244115328043568e-05,1.0,19.654062759065475,0.0508800654734221
5.0,20.3656,13.617386447147249,0.0734355306637782,1.2225852567584362e-05,1.0,20.852475614753768,0.0479559366702948
6.0,20.3656,12.41330288921958,0.0805587367781428,7.184570524449435e-06,1.5,22.31051799543819,0.0448219086712585
7.5,20.3656,13.592807369914658,0.073568319831658,4.5085603870745125e-06,1.5,23.85968104011808,0.0419117086401357
9.0,20.3656,18.221965400386058,0.0548788222360917,2.532945243421199e-06,1.5,26.0072895290454,0.0384507581569845
10.5,20.3656,27.67266462759784,0.0361367440923164,1.324071752720787e-06,1.5,28.48649915423641,0.0351043487157067
12.0,20.3656,43.61204054186672,0.0229294476382048,7.483335651345766e-07,1.5,31.312992392676097,0.0319356255531136
13.5,20.3656,67.83466130993479,0.0147417261424955,nan,1.5,nan,nan
15.0,20.3656,102.15377833215472,0.0097891631256994,nan,1.5,nan,nan
16.5,20.3656,148.41611923372315,0.0067378126120197,nan,2.0,nan,nan
18.5,20.3656,206.0161379644545,0.0048539886723463,nan,2.0,nan,nan
20.5,20.3656,274.5681469912497,0.0036420830710266,nan,2.0,nan,nan
22.5,20.3656,353.52903996659217,0.0028286219431775,nan,2.0,nan,nan
24.5,20.3656,442.3766114547749,0.0022605173377305,nan,2.0,nan,nan
26.5,20.3656,540.72007540152,0.0018493857459563,nan,2.0,nan,nan
28.5,20.3656,648.3581843620324,0.0015423573329053,nan,nan,nan,nan
Name:	12.742749857031335_8_150_1
Lambda:	12.742749857031336	Maximal Depth:	30	Filter time:	8 to 150 [us]
Chi2:	6.7110823493059	RelRMS:	30.28229550605854	AbsRMS:	1.1555826590202772e-06	Phi model:	1.266662308928384
depth_vector,start_model,resistivity_model,conductivity_model,E/I[V/A],modelled_thickness,rhoa,sigma
0.0,20.3656,24.77804528183635,0.0403583086811555,0.0001668140887863,1.0,17.028332090502648,0.0587256576090466
1.0,20.3656,23.420152448933635,0.0426982703114527,9.52331879763479e-05,1.0,17.38416173166188,0.0575236249774813
2.0,20.3656,21.14733627411648,0.0472872794491834,5.775303375542752e-05,1.0,18.110780881638146,0.0552157307040174
3.0,20.3656,18.4708270629275,0.0541394273571584,3.7462041420087054e-05,1.0,18.868179657011567,0.0529992833531448
4.0,20.3656,15.943398616774266,0.0627218840873668,2.239296758867336e-05,1.0,19.682247360185936,0.0508072061944938
5.0,20.3656,14.03784337980936,0.0712360134633145,1.2210475705034194e-05,1.0,20.869978530427325,0.0479157177158593
6.0,20.3656,13.128977925457178,0.0761673913748452,7.179393742773337e-06,1.5,22.321241538335105,0.0448003753860453
7.5,20.3656,14.369907326408017,0.0695898711999533,4.507947551234033e-06,1.5,23.861843404288845,0.0419079105942109
9.0,20.3656,18.684752250329645,0.0535195750311518,2.536531188466123e-06,1.5,25.98277239862973,0.038487039976255
10.5,20.3656,27.19890625209011,0.0367661842991629,1.329700235236497e-06,1.5,28.4060554143147,0.0352037615013617
12.0,20.3656,41.24769643124433,0.0242437781141765,7.534509427728706e-07,1.5,31.17104787432497,0.0320810517513491
13.5,20.3656,62.26482492984414,0.0160604322123563,nan,1.5,nan,nan
15.0,20.3656,91.69481969181952,0.0109057414951132,nan,1.5,nan,nan
16.5,20.3656,130.99147969893633,0.0076340843106616,nan,2.0,nan,nan
18.5,20.3656,179.64905019982055,0.005566408499726,nan,2.0,nan,nan
20.5,20.3656,237.2754278162116,0.0042145114190862,nan,2.0,nan,nan
22.5,20.3656,303.32797777738466,0.0032967615032659,nan,2.0,nan,nan
24.5,20.3656,377.2598553705184,0.002650692846759,nan,2.0,nan,nan
26.5,20.3656,458.6162286713235,0.0021804723371807,nan,2.0,nan,nan
28.5,20.3656,547.0887063479936,0.0018278571434518,nan,nan,nan,nan
Name:	16.237767391887218_8_150_1
Lambda:	16.237767391887218	Maximal Depth:	30	Filter time:	8 to 150 [us]
Chi2:	7.028963040881163	RelRMS:	30.94776497737881	AbsRMS:	1.1949659467170622e-06	Phi model:	1.0286062577689006
depth_vector,start_model,resistivity_model,conductivity_model,E/I[V/A],modelled_thickness,rhoa,sigma
0.0,20.3656,22.873690396272192,0.0437183498891361,0.0001674931771216,1.0,16.982274214968886,0.0588849283283011
1.0,20.3656,21.818065993754978,0.0458335766463549,9.532655676942896e-05,1.0,17.372808454133768,0.0575612171538134
2.0,20.3656,20.037807475551624,0.0499056596496454,5.766078521214654e-05,1.0,18.130092076565813,0.0551569178897087
3.0,20.3656,17.93411943340917,0.055759637584275,3.734606209461896e-05,1.0,18.907223267661248,0.0528898392875272
4.0,20.3656,15.957314142220875,0.0626671876662587,2.232368233578009e-05,1.0,19.7229510705785,0.0507023516116581
5.0,20.3656,14.513404762915496,0.0689018198235048,1.2187177835867436e-05,1.0,20.89656774574885,0.0478547487877973
6.0,20.3656,13.946891168611977,0.0717005666646728,7.1714321097810855e-06,1.5,22.33775898924329,0.0447672481595646
7.5,20.3656,15.314879768273284,0.0652959745770663,4.507128028685849e-06,1.5,23.864735819150628,0.0419028313398522
9.0,20.3656,19.431375330409686,0.0514631611502569,2.542027083866994e-06,1.5,25.94530883129468,0.0385426130982808
10.5,20.3656,27.21499248834029,0.0367444525449871,1.3382385667583294e-06,1.5,28.28510091445118,0.0353543020060108
12.0,20.3656,39.63922537715625,0.0252275363730062,7.613457084527351e-07,1.5,30.955188517608427,0.0323047620734457
13.5,20.3656,57.61655563056169,0.0173561225424861,nan,1.5,nan,nan
15.0,20.3656,81.95931125845371,0.012201176225683,nan,1.5,nan,nan
16.5,20.3656,113.43247659281424,0.0088158173923123,nan,2.0,nan,nan
18.5,20.3656,151.24388535054172,0.0066118375475628,nan,2.0,nan,nan
20.5,20.3656,194.80963379628227,0.0051332163636513,nan,2.0,nan,nan
22.5,20.3656,243.5157304758707,0.0041065108937555,nan,2.0,nan,nan
24.5,20.3656,296.84138996125654,0.0033688024440611,nan,2.0,nan,nan
26.5,20.3656,354.3000698097606,0.0028224662798879,nan,2.0,nan,nan
28.5,20.3656,415.5639854335828,0.0024063682971868,nan,nan,nan,nan
Name:	20.6913808111479_8_150_1
Lambda:	20.6913808111479	Maximal Depth:	30	Filter time:	8 to 150 [us]
Chi2:	7.311218941627061	RelRMS:	31.512661042663108	AbsRMS:	1.261066281534953e-06	Phi model:	0.8711037165912958
depth_vector,start_model,resistivity_model,conductivity_model,E/I[V/A],modelled_thickness,rhoa,sigma
0.0,20.3656,21.436513960110897,0.0466493760067892,0.0001680934656873,1.0,16.94181917329401,0.0590255385074783
1.0,20.3656,20.60726305889133,0.0485265800287114,9.541621524190404e-05,1.0,17.36192376677064,0.0575973039297593
2.0,20.3656,19.20358166637633,0.0520736192535846,5.758753549260881e-05,1.0,18.145462796087088,0.0551101953825967
3.0,20.3656,17.551241282982996,0.0569760271582364,3.725076648693556e-05,1.0,18.939455409445973,0.0527998286318863
4.0,20.3656,16.022081675523953,0.062413862333984,2.2267282450469984e-05,1.0,19.756240662707302,0.0506169173109761
5.0,20.3656,14.965481430320912,0.0668204363926404,1.216905057876523e-05,1.0,20.917314555962967,0.0478072841197928
6.0,20.3656,14.694973042172109,0.0680504821022922,7.1655560312523065e-06,1.5,22.349969299446176,0.0447427907663738
7.5,20.3656,16.175762769695545,0.0618208868563186,4.5068528142580665e-06,1.5,23.865707354874747,0.0419011255409424
9.0,20.3656,20.115462805696048,0.0497129998777275,2.54684475387464e-06,1.5,25.9125793459964,0.0385912952411086
10.5,20.3656,27.271334394519915,0.0366685394096794,1.3455249114076049e-06,1.5,28.182894729518832,0.0354825155328206
12.0,20.3656,38.395394341355335,0.0260447904534974,7.680333466540986e-07,1.5,30.77523217951496,0.0324936622465397
13.5,20.3656,54.15390867137486,0.0184658877730941,nan,1.5,nan,nan
15.0,20.3656,75.10171413476392,0.0133152753105685,nan,1.5,nan,nan
16.5,20.3656,101.7264726564868,0.0098302828544623,nan,2.0,nan,nan
18.5,20.3656,133.27972356596652,0.0075030167623738,nan,2.0,nan,nan
20.5,20.3656,169.18402986658955,0.0059107233749459,nan,2.0,nan,nan
22.5,20.3656,208.8612699637773,0.0047878670860012,nan,2.0,nan,nan
24.5,20.3656,251.76970867534305,0.003971883691892,nan,2.0,nan,nan
26.5,20.3656,297.4687597478704,0.0033616975471561,nan,2.0,nan,nan
28.5,20.3656,345.61298325245264,0.0028934098209775,nan,nan,nan,nan
Name:	26.366508987303583_8_150_1
Lambda:	26.366508987303583	Maximal Depth:	30	Filter time:	8 to 150 [us]
Chi2:	7.504049946693292	RelRMS:	31.819741606584312	AbsRMS:	1.322853291987683e-06	Phi model:	0.7838521642662005
depth_vector,start_model,resistivity_model,conductivity_model,E/I[V/A],modelled_thickness,rhoa,sigma
0.0,20.3656,20.41455683434331,0.048984653848459,0.0001685391407834,1.0,16.911939354379616,0.0591298241464562
1.0,20.3656,19.74631635928241,0.0506423568733069,9.547359150584874e-05,1.0,17.354967133646696,0.057620391459069
2.0,20.3656,18.61332938145252,0.0537249397733466,5.752257653241324e-05,1.0,18.15912106998306,0.0550687445799893
3.0,20.3656,17.292686787076153,0.0578279137483343,3.717082418786943e-05,1.0,18.96660073915548,0.0527242605964471
4.0,20.3656,16.10404354778097,0.0620962056537529,2.22189612526088e-05,1.0,19.78487385020447,0.0505436631828544
5.0,20.3656,15.356183830677676,0.0651203457204164,1.215120585178325e-05,1.0,20.93778837953699,0.0477605362072206
6.0,20.3656,15.33266914228566,0.0652202164359054,7.157572068817373e-06,1.5,22.36658649459737,0.0447095492305698
7.5,20.3656,16.909961923908778,0.0591367387164907,4.503536396544194e-06,1.5,23.8774224363304,0.0418805674132758
9.0,20.3656,20.692671076787963,0.0483262888724767,2.54797164502153e-06,1.5,25.90493854691428,0.0386026779484144
10.5,20.3656,27.299941514064667,0.0366301151042689,1.3491550238779058e-06,1.5,28.13231837636465,0.0355463060890192
12.0,20.3656,37.35881440947245,0.0267674447331082,7.716459291352347e-07,1.5,30.67910433034023,0.0325954757098643
13.5,20.3656,51.47049369491504,0.0194286071147359,nan,1.5,nan,nan
15.0,20.3656,70.18959586333617,0.0142471257698515,nan,1.5,nan,nan
16.5,20.3656,94.02871754113696,0.0106350488037072,nan,2.0,nan,nan
18.5,20.3656,122.51901880879736,0.0081619981103553,nan,2.0,nan,nan
20.5,20.3656,155.22052801399744,0.0064424468386669,nan,2.0,nan,nan
22.5,20.3656,191.61643222581324,0.0052187591031939,nan,2.0,nan,nan
24.5,20.3656,231.18309120909709,0.0043255758661671,nan,2.0,nan,nan
26.5,20.3656,273.43906534426753,0.0036571219212623,nan,2.0,nan,nan
28.5,20.3656,317.97480383838376,0.0031449032688397,nan,nan,nan,nan
Name:	33.59818286283781_8_150_1
Lambda:	33.59818286283781	Maximal Depth:	30	Filter time:	8 to 150 [us]
Chi2:	7.809441245380123	RelRMS:	32.37509416777778	AbsRMS:	1.421324237658078e-06	Phi model:	0.6704348575063129
depth_vector,start_model,resistivity_model,conductivity_model,E/I[V/A],modelled_thickness,rhoa,sigma
0.0,20.3656,19.37465890465269,0.0516138118828949,0.0001691168120061,1.0,16.87340539335181,0.0592648595045315
1.0,20.3656,18.86756692912164,0.0530010045151356,9.555557059286544e-05,1.0,17.34503959191572,0.0576533708499625
2.0,20.3656,18.01065960969925,0.0555226749975037,5.744698818964718e-05,1.0,18.17504667459609,0.0550204914410335
3.0,20.3656,17.032368792198458,0.0587117395237497,3.707455241395098e-05,1.0,18.99942035706656,0.05263318465545
4.0,20.3656,16.20134108492401,0.0617232854217568,2.216140406312788e-05,1.0,19.81911564491648,0.0504563381089355
5.0,20.3656,15.785840380233036,0.0633479102735763,1.213176635389737e-05,1.0,20.96014904048797,0.0477095844150886
6.0,20.3656,16.04083144591998,0.0623409081612382,7.150662351525649e-06,1.5,22.380992797367576,0.0446807703775151
7.5,20.3656,17.757794070367968,0.0563133008546752,4.502496884066088e-06,1.5,23.88109742293144,0.0418741225451292
9.0,20.3656,21.452290028874742,0.046615069936776,2.5522799190065952e-06,1.5,25.875778476049057,0.0386461802849955
10.5,20.3656,27.62645134368832,0.0361971933188033,1.356160011343892e-06,1.5,28.035360014395472,0.0356692405407501
12.0,20.3656,36.76946650104543,0.0271964783598796,7.782066238354485e-07,1.5,30.50643372519088,0.032779970579591
13.5,20.3656,49.33608023080422,0.0202691416772835,nan,1.5,nan,nan
15.0,20.3656,65.72799689598847,0.0152142168820762,nan,1.5,nan,nan
16.5,20.3656,86.29299289731364,0.0115884264344611,nan,2.0,nan,nan
18.5,20.3656,110.57393798254124,0.0090437224019089,nan,2.0,nan,nan
20.5,20.3656,138.1192274982597,0.0072401215827289,nan,2.0,nan,nan
22.5,20.3656,168.41952503006428,0.005937553854409,nan,2.0,nan,nan
24.5,20.3656,200.97100843758,0.0049758420767968,nan,2.0,nan,nan
26.5,20.3656,235.3169712445269,0.0042495872469855,nan,2.0,nan,nan
28.5,20.3656,271.07041215428364,0.0036890783913031,nan,nan,nan,nan
Name:	42.81332398719393_8_150_1
Lambda:	42.81332398719393	Maximal Depth:	30	Filter time:	8 to 150 [us]
Chi2:	8.25957639176154	RelRMS:	33.1666391875664	AbsRMS:	1.5424667356994516e-06	Phi model:	0.5437712351048238
depth_vector,start_model,resistivity_model,conductivity_model,E/I[V/A],modelled_thickness,rhoa,sigma
0.0,20.3656,18.30300607368973,0.0546358339156912,0.000169765711577,1.0,16.83038087252037,0.0594163618502977
1.0,20.3656,17.96441059383461,0.0556656170140756,9.561434565733752e-05,1.0,17.33793075424277,0.0576770096832512
2.0,20.3656,17.40040405795814,0.0574699298170979,5.732470375149512e-05,1.0,18.20088470248482,0.0549423841942956
3.0,20.3656,16.78760647499056,0.0595677532404489,3.693544367670785e-05,1.0,19.04709505379661,0.0525014442977052
4.0,20.3656,16.34246009401492,0.0611902978038311,2.2078012360339875e-05,1.0,19.868990638889457,0.0503296829806092
5.0,20.3656,16.288996513901754,0.0613911359822905,1.21017912520583e-05,1.0,20.9947457657186,0.0476309649642367
6.0,20.3656,16.85312069313232,0.0593361916886705,7.139631296740055e-06,1.5,22.40403996568371,0.0446348070049732
7.5,20.3656,18.74522829055281,0.0533469096508138,4.500584631064064e-06,1.5,23.8878615022242,0.0418622654818594
9.0,20.3656,22.415987937365923,0.0446110161548163,2.558223431163849e-06,1.5,25.835684866611107,0.0387061541106021
10.5,20.3656,28.27380451064208,0.0353684273237302,1.3659857897953457e-06,1.5,27.90075610246746,0.0358413225909516
12.0,20.3656,36.65191132709399,0.0272837067370283,7.875627986341089e-07,1.5,30.264343684099583,0.0330421835820409
13.5,20.3656,47.79220502462088,0.0209239142551559,nan,1.5,nan,nan
15.0,20.3656,61.8449647698741,0.0161694651087766,nan,1.5,nan,nan
16.5,20.3656,78.9080080665042,0.0126729849669654,nan,2.0,nan,nan
18.5,20.3656,98.43755080622712,0.0101587249155404,nan,2.0,nan,nan
20.5,20.3656,119.97300573075348,0.0083352083571551,nan,2.0,nan,nan
22.5,20.3656,143.07060736426152,0.0069895558453454,nan,2.0,nan,nan
24.5,20.3656,167.3038457396407,0.0059771489147727,nan,2.0,nan,nan
26.5,20.3656,192.31231783355545,0.0051998749287889,nan,2.0,nan,nan
28.5,20.3656,217.7967078639344,0.0045914376291892,nan,nan,nan,nan
Name:	54.5559478116852_8_150_1
Lambda:	54.5559478116852	Maximal Depth:	30	Filter time:	8 to 150 [us]
Chi2:	8.58904034535692	RelRMS:	33.71359391338649	AbsRMS:	1.6477279399109578e-06	Phi model:	0.4730074524532049
depth_vector,start_model,resistivity_model,conductivity_model,E/I[V/A],modelled_thickness,rhoa,sigma
0.0,20.3656,17.565051589492292,0.0569312304552647,0.0001702610872895,1.0,16.797719621803072,0.0595318901919295
1.0,20.3656,17.33867942946774,0.0576745192197545,9.566691699462348e-05,1.0,17.331578424482224,0.0576981493265161
2.0,20.3656,16.97684550432895,0.0589037580476896,5.724031680767638e-05,1.0,18.218768832390765,0.0548884509815021
3.0,20.3656,16.627124119707236,0.0601426917126789,3.683704343301478e-05,1.0,19.080999428102484,0.0524081562796548
4.0,20.3656,16.47112019237394,0.0607123248644008,2.2019527443817667e-05,1.0,19.904157075111115,0.0502407610745011
5.0,20.3656,16.702911791528592,0.0598698006958991,1.2081408648080162e-05,1.0,21.01835269019263,0.0475774678796121
6.0,20.3656,17.521645717406855,0.0570722645651116,7.132195613630434e-06,1.5,22.41960884214683,0.0446038112012057
7.5,20.3656,19.557217779878336,0.0511320174093914,4.49926621307402e-06,1.5,23.89252784067968,0.0418540895575473
9.0,20.3656,23.184431413063464,0.0431323926898867,2.5623164744457763e-06,1.5,25.808164261540234,0.0387474285216875
10.5,20.3656,28.72638050365574,0.0348112077632871,1.3727931410364724e-06,1.5,27.808444275973216,0.0359603000468462
12.0,20.3656,36.43629082167968,0.027445164627048,7.940109516155003e-07,1.5,30.100270204282605,0.0332222931293727
13.5,20.3656,46.48897133445968,0.0215104781047016,nan,1.5,nan,nan
15.0,20.3656,58.99050730740229,0.0169518799828072,nan,1.5,nan,nan
16.5,20.3656,73.99929454060386,0.0135136423422427,nan,2.0,nan,nan
18.5,20.3656,91.04148767846424,0.0109840032879487,nan,2.0,nan,nan
20.5,20.3656,109.70135266647628,0.0091156578810863,nan,2.0,nan,nan
22.5,20.3656,129.5622279756816,0.0077182988871393,nan,2.0,nan,nan
24.5,20.3656,150.23596524618262,0.0066561957941386,nan,2.0,nan,nan
26.5,20.3656,171.3823829337028,0.0058349054487522,nan,2.0,nan,nan
28.5,20.3656,192.71239297348544,0.005189079874783,nan,nan,nan,nan
Name:	69.51927961775606_8_150_1
Lambda:	69.51927961775606	Maximal Depth:	30	Filter time:	8 to 150 [us]
Chi2:	8.95415452228798	RelRMS:	34.324638059764304	AbsRMS:	1.7537401386512355e-06	Phi model:	0.4101879125733602
depth_vector,start_model,resistivity_model,conductivity_model,E/I[V/A],modelled_thickness,rhoa,sigma
0.0,20.3656,16.907695614791233,0.0591446654105351,0.0001707342511469,1.0,16.766670395954485,0.0596421338515298
1.0,20.3656,16.782806753137024,0.0595847890468667,9.570823829421663e-05,1.0,17.326589547870253,0.0577147624601586
2.0,20.3656,16.60525406875604,0.0602219030109012,5.715011773240539e-05,1.0,18.23793337890631,0.05483077381764
3.0,20.3656,16.497414873174193,0.0606155575093199,3.673558797495719e-05,1.0,19.116114905345363,0.052311884760662
4.0,20.3656,16.61141944018402,0.060199551495337,2.195988655111976e-05,1.0,19.94017927098372,0.0501500004794423
5.0,20.3656,17.114071490810804,0.0584314492630779,1.2061135245943624e-05,1.0,21.04189907682944,0.0475242275589641
6.0,20.3656,18.18001024369286,0.0550054695567032,7.125479849674808e-06,1.5,22.433693616114905,0.0445758071368891
7.5,20.3656,20.362409459714726,0.0491101017283054,4.498913627251513e-06,1.5,23.893776150419427,0.0418519029267145
9.0,20.3656,23.967736693961218,0.0417227547502203,2.5674234410921428e-06,1.5,25.773928857563,0.0387988965720514
10.5,20.3656,29.24630816112032,0.0341923498340685,1.380497532947562e-06,1.5,27.7048840617608,0.0360947188145874
12.0,20.3656,36.38237593872216,0.027485835495853,8.012177776068039e-07,1.5,29.919500441695323,0.0334230179393776
13.5,20.3656,45.49261793931174,0.0219815883388822,nan,1.5,nan,nan
15.0,20.3656,56.63358092009869,0.0176573683626124,nan,1.5,nan,nan
16.5,20.3656,69.8176179132673,0.0143230323504058,nan,2.0,nan,nan
18.5,20.3656,84.61581657052896,0.0118181214875646,nan,2.0,nan,nan
20.5,20.3656,100.64879259415603,0.0099355389590442,nan,2.0,nan,nan
22.5,20.3656,117.5366889107555,0.0085079817141972,nan,2.0,nan,nan
24.5,20.3656,134.92537563778316,0.0074115042872629,nan,2.0,nan,nan
26.5,20.3656,152.50007259126656,0.0065573739278158,nan,2.0,nan,nan
28.5,20.3656,170.00286357182662,0.0058822538573151,nan,nan,nan,nan
Name:	88.58667904100822_8_150_1
Lambda:	88.58667904100822	Maximal Depth:	30	Filter time:	8 to 150 [us]
Chi2:	9.35182431802142	RelRMS:	34.99100728519036	AbsRMS:	1.85185274210681e-06	Phi model:	0.3558497387007681
depth_vector,start_model,resistivity_model,conductivity_model,E/I[V/A],modelled_thickness,rhoa,sigma
0.0,20.3656,16.326546042470657,0.0612499421125983,0.0001711607135622,1.0,16.738808366208335,0.0597414091924704
1.0,20.3656,16.292450690915953,0.061378120392751,9.572914287293258e-05,1.0,17.324067026319174,0.0577231661872915
2.0,20.3656,16.282324210124113,0.0614162933433185,5.7051097603974754e-05,1.0,18.25903026197974,0.0547674211418703
3.0,20.3656,16.39637064430904,0.0609891067781568,3.663020714699666e-05,1.0,19.152760568506352,0.0522117945568817
4.0,20.3656,16.761726958532705,0.0596597237548331,2.189878207416999e-05,1.0,19.97725494902557,0.0500569273682306
5.0,20.3656,17.520451997863887,0.0570761530651104,1.204074771863526e-05,1.0,21.0656446298836,0.0474706574410453
6.0,20.3656,18.82337773410937,0.0531254280780821,7.119358667478704e-06,1.5,22.446550678289626,0.0445502747541163
7.5,20.3656,21.151472718182625,0.0472780318100668,4.499439666964536e-06,1.5,23.891913797029456,0.0418551652452526
9.0,20.3656,24.74920333463992,0.0404053409913345,2.57344437271837e-06,1.5,25.733712033731805,0.0388595317569885
10.5,20.3656,29.804413870089714,0.0335520773654117,1.3889807599430337e-06,1.5,27.591963510054647,0.0362424370282888
12.0,20.3656,36.4426720094525,0.0274403589215582,8.090795072579707e-07,1.5,29.72536903787608,0.0336412980685218
13.5,20.3656,44.72876126005761,0.022356979532384,nan,1.5,nan,nan
15.0,20.3656,54.675399389326834,0.0182897612302619,nan,1.5,nan,nan
16.5,20.3656,66.25562009459946,0.0150930592540256,nan,2.0,nan,nan
18.5,20.3656,79.0702293444115,0.012646984943527,nan,2.0,nan,nan
20.5,20.3656,92.77276822926332,0.0107790251286753,nan,2.0,nan,nan
22.5,20.3656,107.02068265565556,0.0093439882384001,nan,2.0,nan,nan
24.5,20.3656,121.49964091440955,0.008230476999553,nan,2.0,nan,nan
26.5,20.3656,135.93554237629922,0.0073564277783346,nan,2.0,nan,nan
28.5,20.3656,150.10493567598047,0.0066620061192299,nan,nan,nan,nan
Name:	112.88378916846884_8_150_1
Lambda:	112.88378916846884	Maximal Depth:	30	Filter time:	8 to 150 [us]
Chi2:	9.775766872894993	RelRMS:	35.70560657043727	AbsRMS:	1.9317975100465258e-06	Phi model:	0.3101508008767307
depth_vector,start_model,resistivity_model,conductivity_model,E/I[V/A],modelled_thickness,rhoa,sigma
0.0,20.3656,15.821862223846043,0.0632036852459024,0.0001715096008608,1.0,16.716100446456267,0.0598225646706971
1.0,20.3656,15.868211337919998,0.0630190749735174,9.571983355634034e-05,1.0,17.325190253028996,0.0577194238790634
2.0,20.3656,16.007945784465274,0.0624689771857197,5.694154188237148e-05,1.0,18.28244304944793,0.0546972851109303
3.0,20.3656,16.323032792082763,0.0612631251028935,3.65216593283272e-05,1.0,19.19069170183993,0.0521085959556175
4.0,20.3656,16.918767968896805,0.0591059586512672,2.1837153209079563e-05,1.0,20.014823862247628,0.0499629677923981
5.0,20.3656,17.91514433486213,0.0558186962554379,1.2020772978206194e-05,1.0,21.08897448484918,0.0474181426279605
6.0,20.3656,19.44062453060073,0.0514386766961081,7.114197612359695e-06,1.5,22.45740539341651,0.044528741521189
7.5,20.3656,21.90780948116452,0.0456458232786696,4.501084884065166e-06,1.5,23.88609152956508,0.0418653674990002
9.0,20.3656,25.50484694452674,0.0392082337202418,2.580453569488353e-06,1.5,25.687091184126,0.0389300599601552
10.5,20.3656,30.365591614891816,0.0329320110960585,1.398189148773391e-06,1.5,27.47068414516407,0.036402442498908
12.0,20.3656,36.56606098553495,0.0273477638292947,8.175130488124178e-07,1.5,29.520582788169104,0.0338746699946847
13.5,20.3656,44.1284861443399,0.0226610991532566,nan,1.5,nan,nan
15.0,20.3656,53.03025872424071,0.0188571586120301,nan,1.5,nan,nan
16.5,20.3656,63.214108126296274,0.0158192534806009,nan,2.0,nan,nan
18.5,20.3656,74.30520806551293,0.013458006861623,nan,2.0,nan,nan
20.5,20.3656,85.98911794079739,0.0116293785068069,nan,2.0,nan,nan
22.5,20.3656,97.96397784020016,0.0102078337573348,nan,2.0,nan,nan
24.5,20.3656,109.95658572408882,0.0090944984642327,nan,2.0,nan,nan
26.5,20.3656,121.7366483772388,0.0082144531932667,nan,2.0,nan,nan
28.5,20.3656,133.11916409617757,0.00751206640148,nan,nan,nan,nan
Name:	143.8449888287663_8_150_1
Lambda:	143.8449888287663	Maximal Depth:	30	Filter time:	8 to 150 [us]
Chi2:	10.220751661300888	RelRMS:	36.465798114442805	AbsRMS:	1.982840843145672e-06	Phi model:	0.2724725234540889
depth_vector,start_model,resistivity_model,conductivity_model,E/I[V/A],modelled_thickness,rhoa,sigma
0.0,20.3656,15.39355156877204,0.064962266539493,0.0001717482423981,1.0,16.700612348935934,0.059878043936737
1.0,20.3656,15.510130829910414,0.0644739887088222,9.566962657472172e-05,1.0,17.33125117661663,0.0576992387802447
2.0,20.3656,15.781776777345542,0.063364221539078,5.681934158524849e-05,1.0,18.308646801687,0.0546190011108771
3.0,20.3656,16.275691474215673,0.0614413219606812,3.6410576595157645e-05,1.0,19.22970366324968,0.0520028814542328
4.0,20.3656,17.07869173711732,0.0585524942655114,2.177599713024541e-05,1.0,20.052279657341067,0.0498696416112421
5.0,20.3656,18.2906507652418,0.0546727403434068,1.200187390449889e-05,1.0,21.111107559424305,0.0473684290217916
6.0,20.3656,20.019476333863786,0.0499513565351586,7.110499677906625e-06,1.5,22.46519095189207,0.0445133095971204
7.5,20.3656,22.61324801106466,0.044221864966532,4.504211863791912e-06,1.5,23.875035215888364,0.041884754973451
9.0,20.3656,26.20962694127397,0.0381539196357364,2.588624157312891e-06,1.5,25.633011182531305,0.0390121938027121
10.5,20.3656,30.895650792361145,0.0323670152385088,1.4081410378665804e-06,1.5,27.3411004219199,0.0365749726444177
12.0,20.3656,36.70655974271729,0.0272430869852466,8.264878264494204e-07,1.5,29.306486074960844,0.0341221392916972
13.5,20.3656,43.63090036889938,0.0229195361898332,nan,1.5,nan,nan
15.0,20.3656,51.61925164044691,0.0193726171577512,nan,1.5,nan,nan
16.5,20.3656,60.59403749198749,0.0165032739422956,nan,2.0,nan,nan
18.5,20.3656,70.20133950009367,0.0142447424382645,nan,2.0,nan,nan
20.5,20.3656,80.16075152045126,0.0124749329445205,nan,2.0,nan,nan
22.5,20.3656,90.2098279059299,0.0110852666856076,nan,2.0,nan,nan
24.5,20.3656,100.1186422976688,0.0099881498295476,nan,2.0,nan,nan
26.5,20.3656,109.69821787119233,0.0091159183750295,nan,2.0,nan,nan
28.5,20.3656,118.80334502545934,0.0084172714142493,nan,nan,nan,nan
Name:	183.29807108324357_8_150_1
Lambda:	183.2980710832436	Maximal Depth:	30	Filter time:	8 to 150 [us]
Chi2:	10.682798888912057	RelRMS:	37.27095497908856	AbsRMS:	1.9939666156669144e-06	Phi model:	0.2418177313910131
depth_vector,start_model,resistivity_model,conductivity_model,E/I[V/A],modelled_thickness,rhoa,sigma
0.0,20.3656,15.041533943092544,0.0664825810840406,0.000171841846575,1.0,16.694547124594727,0.0598997979721642
1.0,20.3656,15.218007255573562,0.0657116259182852,9.55666975173377e-05,1.0,17.343693232456115,0.0576578463766097
2.0,20.3656,15.603440642276055,0.0640884291436719,5.668179112582788e-05,1.0,18.33825472654273,0.0545308163133214
3.0,20.3656,16.25293793258102,0.0615273376510825,3.6297300782527786e-05,1.0,19.26969063846072,0.0518949690870533
4.0,20.3656,17.2374981108495,0.0580130592948745,2.17162428502374e-05,1.0,20.089046628342533,0.0497783701984719
5.0,20.3656,18.63917284049093,0.053650449435591,1.198475349002029e-05,1.0,21.131207815123183,0.047323371609848
6.0,20.3656,20.546716866086733,0.0486695760942004,7.108826833578221e-06,1.5,22.46871514272232,0.0445063277382776
7.5,20.3656,23.248772165062743,0.0430130242104895,4.509239031024255e-06,1.5,23.85728704647472,0.0419159143305762
9.0,20.3656,26.837919352898087,0.037260712607813,2.598175356623811e-06,1.5,25.57015264727295,0.0391080966075753
10.5,20.3656,31.361309089033604,0.0318864240380092,1.418887314344754e-06,1.5,27.202876075344,0.0367608188645308
12.0,20.3656,36.82104320170488,0.0271583831702437,8.359956359859597e-07,1.5,29.083860239691308,0.0343833312276504
13.5,20.3656,43.17995842208452,0.0231588921467915,nan,1.5,nan,nan
15.0,20.3656,50.37003069772998,0.019853075055701,nan,1.5,nan,nan
16.5,20.3656,58.301404477176206,0.0171522454556215,nan,2.0,nan,nan
18.5,20.3656,66.64042876629222,0.0150059058519415,nan,2.0,nan,nan
20.5,20.3656,75.14072421995836,0.0133083625474877,nan,2.0,nan,nan
22.5,20.3656,83.57898097808405,0.0119647307049869,nan,2.0,nan,nan
24.5,20.3656,91.76588346365702,0.0108972960566117,nan,2.0,nan,nan
26.5,20.3656,99.5514947271725,0.0100450525905268,nan,2.0,nan,nan
28.5,20.3656,106.82608061676818,0.0093610099165524,nan,nan,nan,nan
Name:	233.57214690901213_8_150_1
Lambda:	233.57214690901213	Maximal Depth:	30	Filter time:	8 to 150 [us]
Chi2:	11.16275163400198	RelRMS:	38.12525005330519	AbsRMS:	1.955045891855311e-06	Phi model:	0.2168961236573968
depth_vector,start_model,resistivity_model,conductivity_model,E/I[V/A],modelled_thickness,rhoa,sigma
0.0,20.3656,14.764448234082122,0.0677302655775248,0.0001717563727478,1.0,16.70008531214946,0.0598799336236019
1.0,20.3656,14.99098511398889,0.066706756920654,9.539855187559864e-05,1.0,17.364066780128873,0.0575901954687471
2.0,20.3656,15.47213670342014,0.0646323141508275,5.6525250351278186e-05,1.0,18.372096371931605,0.0544303698258285
3.0,20.3656,16.25318145630867,0.0615264157782383,3.618139737552775e-05,1.0,19.310821020916613,0.0517844372808823
4.0,20.3656,17.39168022452067,0.0574987572845372,2.165840770113867e-05,1.0,20.12479368623016,0.049689950396074
5.0,20.3656,18.95387471375218,0.0527596607607857,1.1969990602372412e-05,1.0,21.14857867575478,0.0472845014944868
6.0,20.3656,21.01101489232752,0.0475940836330169,7.1097173526114605e-06,1.5,22.4668389090912,0.0445100445170036
7.5,20.3656,23.79794136221137,0.0420204413810303,4.516604358237877e-06,1.5,23.83134358633511,0.0419615451549026
9.0,20.3656,27.367706104012345,0.036539416062108,2.6093767947732774e-06,1.5,25.49692244152933,0.0392204197307829
10.5,20.3656,31.733845357251965,0.0315120965877989,1.4305393708396991e-06,1.5,27.054959227529743,0.0369618002965774
12.0,20.3656,36.872071286126896,0.0271207980761376,8.460823042450353e-07,1.5,28.85224743277662,0.0346593450763209
13.5,20.3656,42.7263230687924,0.0234047755148489,nan,1.5,nan,nan
15.0,20.3656,49.21668841591203,0.0203183113733571,nan,1.5,nan,nan
16.5,20.3656,56.24762080635687,0.0177785297522661,nan,2.0,nan,nan
18.5,20.3656,63.50557596567703,0.0157466487752267,nan,2.0,nan,nan
20.5,20.3656,70.7772750680008,0.014128828766567,nan,2.0,nan,nan
22.5,20.3656,77.87613563078065,0.0128409042372249,nan,2.0,nan,nan
24.5,20.3656,84.64991997860326,0.0118133602518793,nan,2.0,nan,nan
26.5,20.3656,90.98354267422576,0.0109909987082013,nan,2.0,nan,nan
28.5,20.3656,96.79818473925756,0.0103307722422034,nan,nan,nan,nan
Name:	297.63514416313194_8_150_1
Lambda:	297.63514416313194	Maximal Depth:	30	Filter time:	8 to 150 [us]
Chi2:	11.66851360511338	RelRMS:	39.03822410218175	AbsRMS:	1.8578544660018904e-06	Phi model:	0.1963538049530128
depth_vector,start_model,resistivity_model,conductivity_model,E/I[V/A],modelled_thickness,rhoa,sigma
0.0,20.3656,14.560544333677766,0.0686787510881068,0.0001714595214025,1.0,16.71935521859857,0.059810918957425
1.0,20.3656,14.827709412241886,0.0674413000820201,9.515244256634464e-05,1.0,17.393995024969456,0.0574911053248249
2.0,20.3656,15.386811801395282,0.0649907214637745,5.634531095029686e-05,1.0,18.411189917315543,0.0543147946705774
3.0,20.3656,16.275071329550062,0.0614436631183505,3.606171873468911e-05,1.0,19.353522191125787,0.0516701812788646
4.0,20.3656,17.538594930277753,0.0570171102061117,2.160261514492968e-05,1.0,20.159429336240656,0.049604578746795
5.0,20.3656,19.22967056134048,0.0520029709718693,1.1958043968101285e-05,1.0,21.16266193135846,0.0472530347667756
6.0,20.3656,21.4037475332341,0.046720790293722,7.113687532837857e-06,1.5,22.45847890375937,0.0445266130571562
7.5,20.3656,24.24796273391404,0.0412405780631362,4.526767821838446e-06,1.5,23.795659594654744,0.0420244707242589
9.0,20.3656,27.78141527371545,0.035995286422507,2.622552603811319e-06,1.5,25.41145240271397,0.0393523354805646
10.5,20.3656,31.98985287217061,0.0312599124477357,1.4432744670006493e-06,1.5,26.895573417469784,0.0371808395559419
12.0,20.3656,36.82843949938125,0.027152928921053,8.568529994568621e-07,1.5,28.60995502061443,0.034952868652868
13.5,20.3656,42.22779676084534,0.0236810839472265,nan,1.5,nan,nan
15.0,20.3656,48.101329489645394,0.0207894461672887,nan,1.5,nan,nan
16.5,20.3656,54.35257372107669,0.0183983927813932,nan,2.0,nan,nan
18.5,20.3656,60.68793039038489,0.0164777410197932,nan,2.0,nan,nan
20.5,20.3656,66.92546496399699,0.0149419955548752,nan,2.0,nan,nan
22.5,20.3656,72.91216303304994,0.0137151328173697,nan,2.0,nan,nan
24.5,20.3656,78.52869050960659,0.0127341993545361,nan,2.0,nan,nan
26.5,20.3656,83.69006360587821,0.0119488498026396,nan,2.0,nan,nan
28.5,20.3656,88.34340289780974,0.0113194643538549,nan,nan,nan,nan
Name:	379.26901907322497_8_150_1
Lambda:	379.26901907322497	Maximal Depth:	30	Filter time:	8 to 150 [us]
Chi2:	12.217631175752103	RelRMS:	40.02522149404042	AbsRMS:	1.6977392291140676e-06	Phi model:	0.1789153214545474
depth_vector,start_model,resistivity_model,conductivity_model,E/I[V/A],modelled_thickness,rhoa,sigma
0.0,20.3656,14.428028418584177,0.0693095391129074,0.0001709210188563,1.0,16.754454058755428,0.0596856212976648
1.0,20.3656,14.72683215818952,0.06790326590664,9.481550499577734e-05,1.0,17.435178337012758,0.0573553066490362
2.0,20.3656,15.34661136573419,0.0651609646043942,5.613685156727224e-05,1.0,18.45674067120163,0.054180747176034
3.0,20.3656,16.317854816321866,0.06128256509549,3.593641705395719e-05,1.0,19.39848348642835,0.0515504214904028
4.0,20.3656,17.676831037808594,0.0565712257961351,2.154858166143727e-05,1.0,20.193115372826696,0.0495218286795742
5.0,20.3656,19.46355506144173,0.0513780754257504,1.1949233881672144e-05,1.0,21.17306270847302,0.0472298228068734
6.0,20.3656,21.71938776445068,0.0460418134638562,7.12121956278217e-06,1.5,22.44264006533816,0.0445580376055873
7.5,20.3656,24.59014780229043,0.0406666933456518,4.5402052246795945e-06,1.5,23.748685242723983,0.0421075941585598
9.0,20.3656,28.066531975417163,0.0356296246674108,2.6380803134321755e-06,1.5,25.31163998687775,0.0395075151400078
10.5,20.3656,32.11185114884686,0.0311411508282327,1.4573380406520546e-06,1.5,26.72226251266036,0.0374219809990349
12.0,20.3656,36.66566205741396,0.0272734745232234,8.684759688842244e-07,1.5,28.35412080449949,0.0352682422034863
13.5,20.3656,41.64972258265879,0.0240097637629009,nan,1.5,nan,nan
15.0,20.3656,46.97467477542973,0.0212880664907349,nan,1.5,nan,nan
16.5,20.3656,52.54640524504795,0.0190307975462173,nan,2.0,nan,nan
18.5,20.3656,58.09094997113833,0.0172143853818337,nan,2.0,nan,nan
20.5,20.3656,63.455146216503415,0.0157591631195378,nan,2.0,nan,nan
22.5,20.3656,68.51585156075124,0.0145951626845552,nan,2.0,nan,nan
24.5,20.3656,73.18220167738986,0.0136645246669171,nan,2.0,nan,nan
26.5,20.3656,77.3946645526576,0.0129207873149914,nan,2.0,nan,nan
28.5,20.3656,81.12182460066208,0.0123271389040211,nan,nan,nan,nan
Name:	483.2930238571752_8_150_1
Lambda:	483.2930238571752	Maximal Depth:	30	Filter time:	8 to 150 [us]
Chi2:	12.838769966692713	RelRMS:	41.10502453642285	AbsRMS:	1.4777745389214463e-06	Phi model:	0.1634973697052455
depth_vector,start_model,resistivity_model,conductivity_model,E/I[V/A],modelled_thickness,rhoa,sigma
0.0,20.3656,14.365551116160349,0.0696109736350499,0.0001701124559332,1.0,16.80750257944389,0.0594972391212381
1.0,20.3656,14.687470438486388,0.0680852434180663,9.437479183041213e-05,1.0,17.489415592887752,0.0571774393883498
2.0,20.3656,15.351257923796416,0.0651412415167536,5.589410236594252e-05,1.0,18.51014072670501,0.0540244406979184
3.0,20.3656,16.381634707843567,0.0610439689221734,3.580298062803189e-05,1.0,19.44665189893952,0.0514227335994291
4.0,20.3656,17.806332672138012,0.0561597954173193,2.149559835455681e-05,1.0,20.226283682288297,0.0494406197256927
5.0,20.3656,19.65463107288607,0.0508785942759067,1.194368894209536e-05,1.0,21.17961536132024,0.0472152106136107
6.0,20.3656,21.95553690668829,0.0455465973913564,7.132704227287032e-06,1.5,22.41854304209941,0.0446059317111783
7.5,20.3656,24.82002253900685,0.0402900520508558,4.557354297391777e-06,1.5,23.689071154858,0.0422135588796577
9.0,20.3656,28.215705653790017,0.0354412543237484,2.6563435675591134e-06,1.5,25.19548928562557,0.0396896439939555
10.5,20.3656,32.08832816165906,0.0311639794682371,1.4730059734886678e-06,1.5,26.53243373773052,0.0376897200567751
12.0,20.3656,36.36609519341935,0.0274981406357027,8.811532596172372e-07,1.5,28.081507683828608,0.0356106235911212
13.5,20.3656,40.96544760468251,0.0244108159063712,nan,1.5,nan,nan
15.0,20.3656,45.79705890295647,0.021835463323507,nan,1.5,nan,nan
16.5,20.3656,50.77130468347103,0.019696165112053,nan,2.0,nan,nan
18.5,20.3656,55.63361913322841,0.0179747428907196,nan,2.0,nan,nan
20.5,20.3656,60.25660515464209,0.0165956910023989,nan,2.0,nan,nan
22.5,20.3656,64.54317833418743,0.0154935041286976,nan,2.0,nan,nan
24.5,20.3656,68.42677776999854,0.014614161773937,nan,2.0,nan,nan
26.5,20.3656,71.86901169440087,0.0139142027478013,nan,2.0,nan,nan
28.5,20.3656,74.85572045339954,0.0133590324686346,nan,nan,nan,nan
Name:	615.8482110660261_8_150_1
Lambda:	615.8482110660261	Maximal Depth:	30	Filter time:	8 to 150 [us]
Chi2:	13.574118423410953	RelRMS:	42.29914610180898	AbsRMS:	1.2217693858365112e-06	Phi model:	0.1492305657717998
depth_vector,start_model,resistivity_model,conductivity_model,E/I[V/A],modelled_thickness,rhoa,sigma
0.0,20.3656,14.372386116620788,0.0695778691085651,0.0001690082607948,1.0,16.880629626340767,0.0592394965197024
1.0,20.3656,14.709277980924806,0.0679843022408587,9.38176416558132e-05,1.0,17.55858958867139,0.0569521825742307
2.0,20.3656,15.400992127920562,0.0649308818350146,5.561074642830741e-05,1.0,18.57296448565586,0.053841700971986
3.0,20.3656,16.467236604288246,0.0607266430932066,3.565822504094066e-05,1.0,19.499245848568627,0.0512840346629819
4.0,20.3656,17.92834177803529,0.0557776068964246,2.144247591529996e-05,1.0,20.259676168080908,0.0493591305065131
5.0,20.3656,19.804266338921583,0.0504941704421883,1.1941285629782143e-05,1.0,21.182457016438143,0.0472088766295606
6.0,20.3656,22.11331366296469,0.045221625996053,7.148389668530843e-06,1.5,22.385736262608063,0.0446713026665263
7.5,20.3656,24.937853558121937,0.0400996821025245,4.578574406388971e-06,1.5,23.615820731730786,0.0423444948773842
9.0,20.3656,28.227444069054567,0.0354265160371458,2.677704856224896e-06,1.5,25.06131311939462,0.0399021390154577
10.5,20.3656,31.91467147706204,0.0313335514269268,1.4905691300405574e-06,1.5,26.32360377908225,0.0379887194926797
12.0,20.3656,35.92001787837707,0.0278396297960078,8.95111666840373e-07,1.5,27.788807528470368,0.0359857111168038
13.5,20.3656,40.15741682240546,0.0249020001565952,nan,1.5,nan,nan
15.0,20.3656,44.539597899384034,0.022451931475875,nan,1.5,nan,nan
16.5,20.3656,48.9826859305582,0.0204153770052071,nan,2.0,nan,nan
18.5,20.3656,53.25119856107012,0.018778920043521,nan,2.0,nan,nan
20.5,20.3656,57.240508555079856,0.0174701452737399,nan,2.0,nan,nan
22.5,20.3656,60.87591972542015,0.0164268565388495,nan,2.0,nan,nan
24.5,20.3656,64.11118279486561,0.0155979028370084,nan,2.0,nan,nan
26.5,20.3656,66.92510137076496,0.014942076732316,nan,2.0,nan,nan
28.5,20.3656,69.31712092050029,0.0144264503014615,nan,nan,nan,nan
Name:	784.7599703514607_8_150_1
Lambda:	784.7599703514607	Maximal Depth:	30	Filter time:	8 to 150 [us]
Chi2:	14.480259017326135	RelRMS:	43.62915671001332	AbsRMS:	1.013456623544467e-06	Phi model:	0.1354834260152482
depth_vector,start_model,resistivity_model,conductivity_model,E/I[V/A],modelled_thickness,rhoa,sigma
0.0,20.3656,14.448093724990803,0.0692132830139594,0.0001675870406072,1.0,16.97593257788791,0.0589069257557346
1.0,20.3656,14.792293540887911,0.067602768781992,9.313230834990164e-05,1.0,17.644623290208308,0.0566744885142965
2.0,20.3656,15.496672332384431,0.0645299828602707,5.528019768348384e-05,1.0,18.646929102879565,0.0536281333233349
3.0,20.3656,16.576511245767406,0.0603263247117415,3.54983976258134e-05,1.0,19.557730743903896,0.0511306763087378
4.0,20.3656,18.045723468077554,0.0554147913088092,2.13875406555514e-05,1.0,20.29435351217176,0.0492747896305363
5.0,20.3656,19.91626590355001,0.0502102153507477,1.1941592637822547e-05,1.0,21.182093959757044,0.0472096857798788
6.0,20.3656,22.19733451746935,0.045050454108037,7.168314187301693e-06,1.5,22.344235858707787,0.0447542715858993
7.5,20.3656,24.94856804682827,0.0400824607698128,4.604081522726354e-06,1.5,23.528517171694883,0.0425016159200637
9.0,20.3656,28.106090410092914,0.0355794770958574,2.7024501808757013e-06,1.5,24.90809398513994,0.0401475922082434
10.5,20.3656,31.59327196869331,0.0316523087887487,1.5102918921476586e-06,1.5,26.093930402187915,0.0383230883422664
12.0,20.3656,35.32597352491349,0.0283077832036179,9.105715001849336e-07,1.5,27.473375396642616,0.0363988765691384
13.5,20.3656,39.21786386374815,0.0254985841012205,nan,1.5,nan,nan
15.0,20.3656,43.18515865032004,0.023156103421947,nan,1.5,nan,nan
16.5,20.3656,47.15042605989854,0.0212087160936706,nan,2.0,nan,nan
18.5,20.3656,50.89701431878323,0.0196475179022624,nan,2.0,nan,nan
20.5,20.3656,54.34008041222826,0.0184026227494313,nan,2.0,nan,nan
22.5,20.3656,57.42384389636973,0.0174143688779291,nan,2.0,nan,nan
24.5,20.3656,60.11875569429429,0.0166337441361067,nan,2.0,nan,nan
26.5,20.3656,62.41733402293168,0.0160211905178873,nan,2.0,nan,nan
28.5,20.3656,64.32946529522985,0.0155449760916037,nan,nan,nan,nan
Name:	1000.0_8_150_1
Lambda:	1000.0	Maximal Depth:	30	Filter time:	8.0 to 150.0 [us]
Chi2:	15.627889979811112	RelRMS:	45.11428587422855	AbsRMS:	1.0471161766625758e-06	Phi model:	0.12185831042627233
depth_vector,start_model,resistivity_model,conductivity_model,E/I[V/A],modelled_thickness,rhoa,sigma
0.0,20.3656,14.592374695265107,0.06852894205933988,0.00016583405517135426,1.0,17.095354687750113,0.058495422778011286
1.0,20.3656,14.936742553986331,0.06694900152330195,9.230911431579236e-05,1.0,17.74936878170416,0.05634003171035514
2.0,20.3656,15.639513895076815,0.06394060625597778,5.489612878601436e-05,1.0,18.733800808089683,0.05337945087833843
3.0,20.3656,16.712041581690894,0.05983709381716497,3.531941259496126e-05,1.0,19.6237490392231,0.05095866228217877
4.0,20.3656,18.16271817557342,0.055057838278021326,2.1328698539636836e-05,1.0,20.331662064340822,0.049184370507213686
5.0,20.3656,19.996738273123842,0.05000815564726509,1.1943850891409153e-05,1.0,21.179423908164033,0.04721563741941678
6.0,20.3656,22.215707278734456,0.045013196629451004,7.192259421983351e-06,1.5,22.29461442874372,0.04485388178369806
7.5,20.3656,24.861846604109132,0.040222273748351474,4.633896331708655e-06,1.5,23.42748590094663,0.04268490457013116
9.0,20.3656,27.86202208082774,0.03589114950447601,2.730742572124827e-06,1.5,24.73575208196335,0.04042731333522595
10.5,20.3656,31.13386714448776,0.032119363629296196,1.5323772202976725e-06,1.5,25.842605749813913,0.03869578825297835
12.0,20.3656,34.59126553247007,0.028909031936438456,9.277202129669586e-07,1.5,27.13376399393694,0.03685445190071863
13.5,20.3656,38.1494198071116,0.026212718438606127,nan,1.5,nan,nan
15.0,20.3656,41.729041381814675,0.02396412586740599,nan,1.5,nan,nan
16.5,20.3656,45.25945333667363,0.022094831604819724,nan,2.0,nan,nan
18.5,20.3656,48.5426180622083,0.020600454609153565,nan,2.0,nan,nan
20.5,20.3656,51.510655757388164,0.019413458929933545,nan,2.0,nan,nan
22.5,20.3656,54.123518860632416,0.018476256183102047,nan,2.0,nan,nan
24.5,20.3656,56.36512822703712,0.01774146589309668,nan,2.0,nan,nan
26.5,20.3656,58.238671644380275,0.017170721305359557,nan,2.0,nan,nan
28.5,20.3656,59.761768341627935,0.016733105926242067,nan,nan,nan,nan
