Name:	5.000000000000001_8_110_0.015
Lambda:	5.000000000000001	Maximal Depth:	20	Filter time:	8.0 to 110.0 [us]
Chi2:	1054.2426286883444	RelRMS:	48.70365401639568	AbsRMS:	2.4082783162156275e-06	Phi model:	25.944716482621153
depth_vector,start_model,resistivity_model,conductivity_model,E/I[V/A],modelled_thickness,rhoa,sigma,rel_err
0.0,20.2768,6.578165846156888,0.1520180584355778,0.00015636117799334865,1.0,17.779026360778325,0.05624604968279165,0.015
1.0,20.2768,9.653028516286371,0.10359443135517757,8.689626103537554e-05,1.0,18.479004684397328,0.05411546872134006,0.015
2.0,20.2768,18.429487726711525,0.05426086795405656,5.461902335661004e-05,1.0,18.797110352508525,0.05319966639800821,0.015
3.0,20.2768,36.132661887934674,0.027675791036417315,3.836312496958927e-05,1.0,18.57155682859425,0.053845781978833364,0.015
4.0,20.2768,62.54130047104299,0.015989434061464813,2.522649951938597e-05,1.0,18.17932662076629,0.05500753800515898,0.015
5.0,20.2768,93.26066319786295,0.010722634449622001,1.532966576134958e-05,1.0,17.933095762494514,0.05576282049925879,0.015
6.0,20.2768,118.7104575639113,0.00842385768298147,1.005914346955139e-05,1.5,17.826641341138146,0.05609581641676507,0.015
7.5,20.2768,127.11140345883896,0.007867114773253359,6.968930843303854e-06,1.5,17.847571250959646,0.05603003265479223,0.015
9.0,20.2768,108.76494688583391,0.009194138632271469,4.349437113107676e-06,1.5,18.136643768021653,0.05513699297348443,0.015
10.5,20.2768,67.75285551336655,0.014759525519964484,2.471485523584887e-06,1.5,18.7906316693326,0.05321800871825176,0.015
12.0,20.2768,30.320417494031933,0.03298107620704211,1.5159125504552192e-06,1.5,19.558638670956515,0.051128302783411204,0.015
13.5,20.2768,10.521198032676926,0.09504621022189508,9.882291398822279e-07,1.5,20.435670727403437,0.04893404348402614,0.015
15.0,20.2768,3.762485314129041,0.2657817683021269,5.766806161636599e-07,1.5,21.769528290977085,0.04593576795205409,0.015
16.5,20.2768,5.446303692296553,0.1836107673199414,3.0353370496095095e-07,1.5,23.73965472365855,0.042123611806511085,0.015
18.0,20.2768,80.25512533405522,0.012460263389255002,1.7589008060866024e-07,1.5,25.746219440093828,0.03884065395802265,0.015
19.5,20.2768,3364.213733669766,0.00029724627481060063,nan,nan,nan,nan,nan
Name:	5.8538995686138975_8_110_0.015
Lambda:	5.8538995686138975	Maximal Depth:	20	Filter time:	8.0 to 110.0 [us]
Chi2:	323.93686648757557	RelRMS:	26.997369308824236	AbsRMS:	2.540821008475968e-06	Phi model:	16.558599098524557
depth_vector,start_model,resistivity_model,conductivity_model,E/I[V/A],modelled_thickness,rhoa,sigma,rel_err
0.0,20.2768,7.18593693477675,0.13916069805183554,0.00014138460886079166,1.0,19.013373218520908,0.05259456007658341,0.015
1.0,20.2768,14.427233926799625,0.06931335591241979,8.67721768269817e-05,1.0,18.496617138926702,0.05406394004314817,0.015
2.0,20.2768,31.28030385257966,0.03196899891742998,5.750863810433526e-05,1.0,18.16205511476927,0.055059848331084855,0.015
3.0,20.2768,55.12427453904052,0.018140828307713557,4.061484941092807e-05,1.0,17.87863662898334,0.05593267656544259,0.015
4.0,20.2768,75.63009540847736,0.013222249616359868,2.620338781811903e-05,1.0,17.724642737538765,0.05641862658715904,0.015
5.0,20.2768,81.47834520394014,0.012273199676515299,1.536321189086976e-05,1.0,17.906981210366492,0.05584414191606412,0.015
6.0,20.2768,76.33121633685916,0.0131008000132852,9.683875339674077e-06,1.5,18.284260565154273,0.054691848020683824,0.015
7.5,20.2768,54.52956905719641,0.018338674177877577,6.46305170516878e-06,1.5,18.767142028356027,0.053284618323293974,0.015
9.0,20.2768,29.14182272597602,0.034314943488714396,3.864366074106819e-06,1.5,19.624267403307595,0.05095731623751997,0.015
10.5,20.2768,11.217813260922714,0.08914393355820095,2.0960400944852142e-06,1.5,20.972347079407363,0.04768183533362819,0.015
12.0,20.2768,4.255190754563472,0.23500709079318047,1.2385930833673145e-06,1.5,22.378739570626525,0.0446852691074953,0.015
13.5,20.2768,8.299437271182148,0.12049009677707496,7.831620432261925e-07,1.5,23.863066221513588,0.041905763103421166,0.015
15.0,20.2768,71.69337726497365,0.0139482897604903,4.417403961090732e-07,1.5,26.003262714493246,0.038456712566405656,0.015
16.5,20.2768,421.20520685819383,0.002374139691812185,2.2382196248200378e-07,1.5,29.08554553403893,0.03438133896542171,0.015
18.0,20.2768,1850.2050474909179,0.0005404806355685335,1.2593570781960416e-07,1.5,32.169312050549564,0.03108552643055096,0.015
19.5,20.2768,8333.810337362087,0.0001199931315351402,nan,nan,nan,nan,nan
Name:	6.853628031883595_8_110_0.015
Lambda:	6.853628031883595	Maximal Depth:	20	Filter time:	8.0 to 110.0 [us]
Chi2:	293.1611571748107	RelRMS:	25.682924359257147	AbsRMS:	2.772146145214713e-06	Phi model:	13.989400078330908
depth_vector,start_model,resistivity_model,conductivity_model,E/I[V/A],modelled_thickness,rhoa,sigma,rel_err
0.0,20.2768,8.868545977982858,0.11275805554626543,0.00014052264877144251,1.0,19.091045441298014,0.052380578270312325,0.015
1.0,20.2768,14.709698620298365,0.06798235815790742,8.710052775346578e-05,1.0,18.450102275877683,0.05420024155136719,0.015
2.0,20.2768,27.407198947884172,0.03648676400319266,5.789567173307096e-05,1.0,18.081022214167227,0.055306607566493596,0.015
3.0,20.2768,43.856626457483664,0.02280157141063824,4.0792637590873075e-05,1.0,17.82665137137254,0.05609578485423683,0.015
4.0,20.2768,55.84029131787682,0.01790821602823297,2.6201281678765045e-05,1.0,17.725592565565144,0.05641560338821412,0.015
5.0,20.2768,60.45147597779971,0.01654219328519359,1.5299210057802895e-05,1.0,17.95688714346169,0.05568893940306974,0.015
6.0,20.2768,55.05514640035535,0.018163606227256268,9.607401386191497e-06,1.5,18.381159553309967,0.054403531893608206,0.015
7.5,20.2768,39.25161325222967,0.02547665986552019,6.3916239745395454e-06,1.5,18.906700714726973,0.052891301083592614,0.015
9.0,20.2768,21.191047968060328,0.04718973792646899,3.8094738989123376e-06,1.5,19.81233329250094,0.050473610817889106,0.015
10.5,20.2768,9.162484227712847,0.10914070629179369,2.059741350421857e-06,1.5,21.218025571146956,0.04712973865767399,0.015
12.0,20.2768,4.671323234256639,0.2140721054511084,1.2139194426646205e-06,1.5,22.6809623518906,0.04408983994969878,0.015
13.5,20.2768,10.957818772387983,0.09125903802313706,7.659394410825286e-07,1.5,24.219455654998693,0.04128911955102543,0.015
15.0,20.2768,73.73598316707661,0.013561899591602701,4.3107345514112177e-07,1.5,26.430481049574162,0.037835104027216016,0.015
16.5,20.2768,390.70718494433703,0.002559461506044398,2.1786443217401006e-07,1.5,29.613389834612732,0.03376850828577482,0.015
18.0,20.2768,1679.659959556446,0.0005953585988107222,1.2234118297046494e-07,1.5,32.79638037546489,0.030491169712987723,0.015
19.5,20.2768,7232.580253013319,0.00013826324285629168,nan,nan,nan,nan,nan
Name:	8.024090035856696_8_110_0.015
Lambda:	8.024090035856696	Maximal Depth:	20	Filter time:	8.0 to 110.0 [us]
Chi2:	279.58262032757375	RelRMS:	25.081086414608144	AbsRMS:	2.922191393312058e-06	Phi model:	11.769330142431354
depth_vector,start_model,resistivity_model,conductivity_model,E/I[V/A],modelled_thickness,rhoa,sigma,rel_err
0.0,20.2768,11.95923319363921,0.08361740120026029,0.00014065152631851537,1.0,19.07938170721708,0.05241259991259224,0.015
1.0,20.2768,16.21406331143699,0.06167485477219182,8.787726039009921e-05,1.0,18.341223208681814,0.054521990634008,0.015
2.0,20.2768,24.5747807519137,0.04069212295707369,5.853454634871949e-05,1.0,17.949218318803798,0.05571273256799095,0.015
3.0,20.2768,34.04382581301946,0.029373901907862765,4.115333706430774e-05,1.0,17.72233429765567,0.05642597545021375,0.015
4.0,20.2768,41.51568099757141,0.0240872840327128,2.6335245908008072e-05,1.0,17.665429514298705,0.05660773768283317,0.015
5.0,20.2768,43.00674778776238,0.02325216510057873,1.5331729175275908e-05,1.0,17.93148671460959,0.05576782426998955,0.015
6.0,20.2768,38.69251347186959,0.02584479296562175,9.601431591065116e-06,1.5,18.38877788867074,0.05438099291068692,0.015
7.5,20.2768,27.82500190775564,0.035938901399365966,6.372565618644659e-06,1.5,18.944377979510836,0.0527861089491322,0.015
9.0,20.2768,16.013285182858823,0.06244814780857302,3.7893537145669633e-06,1.5,19.882402561117587,0.050295732466237225,0.015
10.5,20.2768,7.996875477697947,0.12504883973607514,2.044162088888615e-06,1.5,21.32569566921356,0.0468917879871854,0.015
12.0,20.2768,5.489189260341337,0.18217626548693944,1.2022862121339615e-06,1.5,22.82703360470912,0.04380770700726109,0.015
13.5,20.2768,13.554893949633763,0.07377409249498545,7.573512624830482e-07,1.5,24.40220649186782,0.040979900745174665,0.015
15.0,20.2768,76.23650104965111,0.01311707628539671,4.255025650000839e-07,1.5,26.660674521362875,0.03750842834822923,0.015
16.5,20.2768,372.2860219024457,0.002686106759769888,2.1460840350435258e-07,1.5,29.91216613587598,0.033431213087594565,0.015
18.0,20.2768,1518.9828707046295,0.0006583352711121209,1.2031481814925597e-07,1.5,33.16359624686584,0.030153545247509336,0.015
19.5,20.2768,6283.289596043266,0.00015915230146796406,nan,nan,nan,nan,nan
Name:	9.394443439884116_8_110_0.015
Lambda:	9.394443439884116	Maximal Depth:	20	Filter time:	8.0 to 110.0 [us]
Chi2:	288.5718070117212	RelRMS:	25.481102130331273	AbsRMS:	3.144415514933079e-06	Phi model:	9.723077402610077
depth_vector,start_model,resistivity_model,conductivity_model,E/I[V/A],modelled_thickness,rhoa,sigma,rel_err
0.0,20.2768,18.58516892882604,0.05380634439372656,0.0001421634140003139,1.0,18.943869795569135,0.052787524977282854,0.015
1.0,20.2768,21.15493454080066,0.0472702951678409,8.95304279620481e-05,1.0,18.114743766034508,0.055203651396660613,0.015
2.0,20.2768,25.78951329599391,0.03877545064626473,5.979032757528498e-05,1.0,17.697004283514424,0.05650673887961626,0.015
3.0,20.2768,29.964574447525138,0.03337274159361849,4.198264453696343e-05,1.0,17.488172753686552,0.057181502841067114,0.015
4.0,20.2768,31.585896664524935,0.03165969960014242,2.6802552059056274e-05,1.0,17.459495393553382,0.057275423914555555,0.015
5.0,20.2768,29.695650940771564,0.03367496479516531,1.5581232170043982e-05,1.0,17.73954700772244,0.05637122523842782,0.015
6.0,20.2768,25.231985919949228,0.03963223517849887,9.741602136901797e-06,1.5,18.21195644232554,0.054908982632747114,0.015
7.5,20.2768,18.37449675461325,0.05442325922471492,6.455056537376599e-06,1.5,18.78263535944516,0.05324066516028771,0.015
9.0,20.2768,11.643974514989907,0.08588132846844064,3.832193407561815e-06,1.5,19.733949561999257,0.05067409323502342,0.015
10.5,20.2768,7.327936411026945,0.13646406626771737,2.0635858710814754e-06,1.5,21.191664181277257,0.04718836573880288,0.015
12.0,20.2768,6.929066384972101,0.1443195871479627,1.2115099350721891e-06,1.5,22.71102503116382,0.04403147804327682,0.015
13.5,20.2768,17.689669378028736,0.05653016902859922,7.619757472081128e-07,1.5,24.303373873906835,0.04114655048259138,0.015
15.0,20.2768,83.0172395835357,0.01204569081092795,4.2735758086251236e-07,1.5,26.583468571456052,0.03761736348708641,0.015
16.5,20.2768,361.6004330522787,0.002765483413719873,2.1507757608928745e-07,1.5,29.868649820122812,0.03347991978285841,0.015
18.0,20.2768,1386.1220245296308,0.0007214372056019684,1.2035969525142538e-07,1.5,33.15535218811116,0.03016104290873978,0.015
19.5,20.2768,5392.470246153382,0.00018544376776363883,nan,nan,nan,nan,nan
Name:	10.998825680021056_8_110_0.015
Lambda:	10.998825680021056	Maximal Depth:	20	Filter time:	8.0 to 110.0 [us]
Chi2:	293.43229042476435	RelRMS:	25.694798178925627	AbsRMS:	3.044225407979511e-06	Phi model:	9.359642360941262
depth_vector,start_model,resistivity_model,conductivity_model,E/I[V/A],modelled_thickness,rhoa,sigma,rel_err
0.0,20.2768,18.464139593106502,0.05415903594951942,0.00014197256874158055,1.0,18.960842737433385,0.05274027182482523,0.015
1.0,20.2768,20.71603039022759,0.04827179634143285,8.915164706188803e-05,1.0,18.1660172200702,0.055047839484330056,0.015
2.0,20.2768,24.794273741973704,0.04033189317850924,5.945710416186604e-05,1.0,17.76306380274118,0.056296594501095074,0.015
3.0,20.2768,28.51140036014162,0.03507368937928354,4.174348596489689e-05,1.0,17.55490512727857,0.05696413582128108,0.015
4.0,20.2768,30.160181060778623,0.033156299625151646,2.6659353786696255e-05,1.0,17.521960940285304,0.05707123782594834,0.015
5.0,20.2768,28.844916187412597,0.03466815412125836,1.550705774058157e-05,1.0,17.796070690318352,0.056192179577261005,0.015
6.0,20.2768,25.09065615157498,0.03985547424343577,9.703771282402397e-06,1.5,18.259259493143883,0.05476673357840646,0.015
7.5,20.2768,18.851805950856257,0.053045315796632186,6.436327757591237e-06,1.5,18.819054206978965,0.05313763322011976,0.015
9.0,20.2768,12.46938327862704,0.0801964281356268,3.825997918734072e-06,1.5,19.75524744623931,0.050619462131331804,0.015
10.5,20.2768,8.08076926612183,0.12375059441338632,2.0636298499021627e-06,1.5,21.19136309766013,0.04718903618382228,0.015
12.0,20.2768,7.039159385047182,0.1420624175841555,1.2133816885972742e-06,1.5,22.687663117275246,0.04407681808526864,0.015
13.5,20.2768,13.988731869237865,0.07148610820106327,7.641897871288484e-07,1.5,24.256409400658733,0.04122621709925637,0.015
15.0,20.2768,57.581398369784296,0.01736671960583624,4.292989528787847e-07,1.5,26.503264357590854,0.037731201202526134,0.015
16.5,20.2768,255.86121326704102,0.003908368866195851,2.1648105041888181e-07,1.5,29.739415076366004,0.03362540915590175,0.015
18.0,20.2768,1055.7517068089076,0.0009471924066526764,1.2134323238433048e-07,1.5,32.97595071613147,0.03032513023228201,0.015
19.5,20.2768,4501.817611765399,0.00022213249985661847,nan,nan,nan,nan,nan
Name:	12.87720418070694_8_110_0.015
Lambda:	12.87720418070694	Maximal Depth:	20	Filter time:	8.0 to 110.0 [us]
Chi2:	298.71077620611595	RelRMS:	25.924876980687117	AbsRMS:	3.1075747235728242e-06	Phi model:	8.615035880869103
depth_vector,start_model,resistivity_model,conductivity_model,E/I[V/A],modelled_thickness,rhoa,sigma,rel_err
0.0,20.2768,22.172858061888718,0.04510018497429638,0.00014233427226056775,1.0,18.928706595636477,0.05282981142676299,0.015
1.0,20.2768,23.677069761719686,0.04223495601709834,8.952830941404639e-05,1.0,18.11502953637244,0.05520278054154647,0.015
2.0,20.2768,26.26616447312538,0.038071793886129246,5.9741081978121194e-05,1.0,17.706728243721184,0.05647570721342045,0.015
3.0,20.2768,28.05443416698425,0.035644989096833966,4.1932779522607174e-05,1.0,17.502034228356905,0.05713621553657996,0.015
4.0,20.2768,27.927459174621845,0.03580705261253114,2.6770002531233913e-05,1.0,17.473645142633323,0.05722904361609906,0.015
5.0,20.2768,25.661417400700216,0.03896900878018972,1.5570659287029868e-05,1.0,17.747576508680506,0.05634572131642259,0.015
6.0,20.2768,21.76860309042663,0.04593772029587782,9.74248298804635e-06,1.5,18.210858689015502,0.05491229255450672,0.015
7.5,20.2768,16.552115145825727,0.060415239453683336,6.461110673601554e-06,1.5,18.770900493762458,0.05327394923500332,0.015
9.0,20.2768,11.48457578594661,0.08707330759431925,3.840456443448253e-06,1.5,19.70563333356576,0.05074690993547725,0.015
10.5,20.2768,8.165786460721097,0.12246217860461818,2.0713033555022786e-06,1.5,21.1389926541021,0.047305943871736304,0.015
12.0,20.2768,7.726729185650545,0.1294208682578288,1.2177330079065677e-06,1.5,22.633584402757446,0.04418213139400802,0.015
13.5,20.2768,14.532915062673684,0.06880931978804435,7.668469849934713e-07,1.5,24.200343143877678,0.0413217281281809,0.015
15.0,20.2768,52.85253279552206,0.018920569121423925,4.30749421375414e-07,1.5,26.443734377335584,0.037816141462118175,0.015
16.5,20.2768,222.47851337489664,0.004494816082822832,2.1718346252811554e-07,1.5,29.675258560199087,0.033698105712252006,0.015
18.0,20.2768,913.0031116577479,0.0010952865189958565,1.2172439664127712e-07,1.5,32.90707477957333,0.03038860204677743,0.015
19.5,20.2768,3899.5781506372396,0.00025643799441141794,nan,nan,nan,nan,nan
Name:	15.076371999678692_8_110_0.015
Lambda:	15.076371999678692	Maximal Depth:	20	Filter time:	8.0 to 110.0 [us]
Chi2:	300.86532202305	RelRMS:	26.0182046758008	AbsRMS:	3.165982742348276e-06	Phi model:	7.97000288481394
depth_vector,start_model,resistivity_model,conductivity_model,E/I[V/A],modelled_thickness,rhoa,sigma,rel_err
0.0,20.2768,26.85317098099863,0.03723954987318267,0.00014240459502447037,1.0,18.92247445336102,0.052847210995831444,0.015
1.0,20.2768,27.47102891221622,0.036401985640781925,8.972858129729263e-05,1.0,18.088064646307007,0.055285074415308846,0.015
2.0,20.2768,28.494336784300764,0.03509469294091308,5.9916191517890556e-05,1.0,17.672211927763456,0.05658601221440632,0.015
3.0,20.2768,28.427280047695213,0.03517747735000333,4.205286436107005e-05,1.0,17.46869951139212,0.057245245952502376,0.015
4.0,20.2768,26.710927932664315,0.03743786073328879,2.6840983962778213e-05,1.0,17.44282531726582,0.05733016193254814,0.015
5.0,20.2768,23.482415318776724,0.042585057219407585,1.561220635176285e-05,1.0,17.716076065016203,0.05644590801767284,0.015
6.0,20.2768,19.355335519956732,0.051665340493267535,9.767359391427669e-06,1.5,18.17992482957788,0.055005727987007244,0.015
7.5,20.2768,14.69217874333225,0.06806342459275007,6.476438834835434e-06,1.5,18.741271350193497,0.05335817305636927,0.015
9.0,20.2768,10.63200050053709,0.09405567653514346,3.848905875295902e-06,1.5,19.676783163265675,0.050821315237486925,0.015
10.5,20.2768,8.205302030346942,0.12187241813909405,2.0754024318524473e-06,1.5,21.111149413650303,0.04736833511080206,0.015
12.0,20.2768,8.430467236107091,0.11861738762438588,1.2198048374450796e-06,1.5,22.607948491247733,0.04423223099553382,0.015
13.5,20.2768,15.467326462008655,0.06465241439470694,7.679656793388255e-07,1.5,24.176835700917398,0.04136190576676892,0.015
15.0,20.2768,50.44578145819246,0.019823263137052637,4.3126431172843974e-07,1.5,26.422682578241915,0.03784627079551198,0.015
16.5,20.2768,199.5697472514883,0.005010779508278114,2.173739300305999e-07,1.5,29.657921313641882,0.033717804745136526,0.015
18.0,20.2768,802.7340275649143,0.0012457426316329085,1.2180184585781521e-07,1.5,32.893123719337275,0.03040149085664728,0.015
19.5,20.2768,3380.8021487145757,0.00029578779118447166,nan,nan,nan,nan,nan
Name:	17.651113509036346_8_110_0.015
Lambda:	17.651113509036346	Maximal Depth:	20	Filter time:	8.0 to 110.0 [us]
Chi2:	225.09526616779786	RelRMS:	22.50476280429423	AbsRMS:	3.353402060456286e-06	Phi model:	7.402895860827732
depth_vector,start_model,resistivity_model,conductivity_model,E/I[V/A],modelled_thickness,rhoa,sigma,rel_err
0.0,20.2768,126.11555529539017,0.00792923599041991,0.00014084765508329774,1.0,19.061665712086853,0.05246131241121849,0.015
1.0,20.2768,107.02837360561456,0.009343316788918685,8.954227197436874e-05,1.0,18.113146338184457,0.055208519896507026,0.015
2.0,20.2768,83.96497847505314,0.011909727343014924,5.9993471450534515e-05,1.0,17.65703249033581,0.05663465820473107,0.015
3.0,20.2768,59.546170704171125,0.01679369115048655,4.2068502197639225e-05,1.0,17.464370229694225,0.057259436604231245,0.015
4.0,20.2768,38.50094364015743,0.025973389362773318,2.676421283967842e-05,1.0,17.476165009223795,0.057220791831171604,0.015
5.0,20.2768,22.992628272461793,0.04349220055010837,1.5490117580337738e-05,1.0,17.809042976946383,0.056151248626581975,0.015
6.0,20.2768,13.088565738269265,0.07640256541449228,9.63079011858669e-06,1.5,18.35138794134097,0.05449179120382805,0.015
7.5,20.2768,7.803521384140007,0.12814727489981828,6.3438600577781656e-06,1.5,19.00148303290207,0.05262747114361797,0.015
9.0,20.2768,6.191416273396102,0.16151393410533552,3.736958159128237e-06,1.5,20.067817212799984,0.049831029921986916,0.015
10.5,20.2768,8.25896828222154,0.12108049889870928,1.9925018260905966e-06,1.5,21.692733202534143,0.046098386527114996,0.015
12.0,20.2768,17.871784293605714,0.05595412207150389,1.159179157339255e-06,1.5,23.38950406696787,0.04275421989011999,0.015
13.5,20.2768,48.990831791004624,0.020411982475945906,7.231731331274417e-07,1.5,25.165128065231535,0.03973752875041446,0.015
15.0,20.2768,144.31762503848086,0.0069291605909767425,4.0167845919891764e-07,1.5,27.704706879911715,0.036094949653666455,0.015
16.5,20.2768,416.070877188676,0.002403436661457392,1.9982435403632555e-07,1.5,31.36991931453623,0.031877672045417686,0.015
18.0,20.2768,1163.4435389744367,0.0008595174295105798,1.1077284120005357e-07,1.5,35.04172699580915,0.02853740627907968,0.015
19.5,20.2768,3262.3339570247613,0.0003065290105713141,nan,nan,nan,nan,nan
Name:	20.665569151220556_8_110_0.015
Lambda:	20.665569151220556	Maximal Depth:	20	Filter time:	8.0 to 110.0 [us]
Chi2:	194.47140408585076	RelRMS:	20.917950645155567	AbsRMS:	3.301537256087127e-06	Phi model:	8.007646013443175
depth_vector,start_model,resistivity_model,conductivity_model,E/I[V/A],modelled_thickness,rhoa,sigma,rel_err
0.0,20.2768,448.98881006366435,0.0022272269989494953,0.0001405215040085674,1.0,19.091149125027414,0.052380293792218965,0.015
1.0,20.2768,239.43236907224195,0.00417654473317381,8.922169905319075e-05,1.0,18.15650733419595,0.055076672048957394,0.015
2.0,20.2768,147.15371175185302,0.006795615197843676,5.9720340241488986e-05,1.0,17.710827874724043,0.05646263444449975,0.015
3.0,20.2768,84.49385408797438,0.011835180331090203,4.1853104842415234e-05,1.0,17.52423930208206,0.05706381787888447,0.015
4.0,20.2768,45.21328929428137,0.022117391050477747,2.662600141907975e-05,1.0,17.536590172715616,0.05702362831948109,0.015
5.0,20.2768,22.99646305134238,0.043484948001237374,1.54280205256583e-05,1.0,17.856798015863365,0.056001081443136355,0.015
6.0,20.2768,11.571294333608336,0.08642075563625948,9.610061745552928e-06,1.5,18.37776708489813,0.054413574586095755,0.015
7.5,20.2768,6.727715835171568,0.14863885819495204,6.344858988248123e-06,1.5,18.99948859315071,0.05263299562497165,0.015
9.0,20.2768,5.958895807064497,0.16781632577204356,3.7513299777933202e-06,1.5,20.016529535722782,0.04995871028568343,0.015
10.5,20.2768,9.512280427690412,0.10512726234279036,2.008719471031228e-06,1.5,21.57581621573327,0.046348188638666264,0.015
12.0,20.2768,22.78590133310484,0.0438867870698244,1.1709733651193052e-06,1.5,23.23218432546826,0.043043735620836604,0.015
13.5,20.2768,61.14736383343681,0.016353934778348966,7.302722345154237e-07,1.5,25.00177300177136,0.03999716339833781,0.015
15.0,20.2768,162.80564499051374,0.006142293162244266,4.035161919318407e-07,1.5,27.620525918859176,0.036204958694041535,0.015
16.5,20.2768,416.0740604561473,0.002403418273428743,1.9747848546620093e-07,1.5,31.617861176239575,0.03162769279129758,0.015
18.0,20.2768,1033.184753840151,0.0009678811038230969,1.0656747602736369e-07,1.5,35.95764539206348,0.02781049729748763,0.015
19.5,20.2768,2549.8095799226016,0.0003921861490654351,nan,nan,nan,nan,nan
Name:	24.19483326789813_8_110_0.015
Lambda:	24.19483326789813	Maximal Depth:	20	Filter time:	8.0 to 110.0 [us]
Chi2:	134.80245415963896	RelRMS:	17.415668860517176	AbsRMS:	2.8950310240108277e-06	Phi model:	8.28089555930184
depth_vector,start_model,resistivity_model,conductivity_model,E/I[V/A],modelled_thickness,rhoa,sigma,rel_err
0.0,20.2768,1669.886882399496,0.0005988429578913027,0.0001409960139277019,1.0,19.04829198710781,0.05249814527606024,0.015
1.0,20.2768,597.3303111827262,0.0016741156128842344,8.844236850067003e-05,1.0,18.263011499662355,0.05475548214041742,0.015
2.0,20.2768,220.41440064539705,0.004536908646040788,5.872240112306828e-05,1.0,17.910917810800395,0.055831868057425495,0.015
3.0,20.2768,95.60341563839285,0.010459877330977028,4.0992346648271574e-05,1.0,17.768704932337734,0.05627872170807866,0.015
4.0,20.2768,42.514615931114584,0.0235213226815991,2.6058106066759617e-05,1.0,17.79046180224179,0.05620989556740957,0.015
5.0,20.2768,19.23092854183623,0.051999569226443436,1.5178688195733381e-05,1.0,18.051816010408064,0.05539608864966461,0.015
6.0,20.2768,9.432296797453219,0.1060187164880145,9.54199311915815e-06,1.5,18.46506308616646,0.05415632729406561,0.015
7.5,20.2768,6.319691217466592,0.15823557917452735,6.371890440309698e-06,1.5,18.945716212156352,0.05278238039680753,0.015
9.0,20.2768,6.97992468559722,0.1432680215108134,3.833760088132228e-06,1.5,19.728572960309886,0.05068790337810082,0.015
10.5,20.2768,12.167030598574422,0.08218932235751648,2.096574205839355e-06,1.5,20.968785064024118,0.047689935155837304,0.015
12.0,20.2768,26.444723993534865,0.03781472630398704,1.2385322532644857e-06,1.5,22.37947231423365,0.04468380603254825,0.015
13.5,20.2768,58.80530940384211,0.017005267213757128,7.765412192479443e-07,1.5,23.998512560778096,0.0416692491864828,0.015
15.0,20.2768,125.22762500879556,0.007985458479546853,4.256564680459275e-07,1.5,26.654247732592182,0.037517472263050355,0.015
16.5,20.2768,255.18296865491078,0.0039187568248424945,1.9966372424917543e-07,1.5,31.386741826430956,0.03186058640715279,0.015
18.0,20.2768,507.9342216109227,0.0019687588617842713,9.894092394592869e-08,1.5,37.782473873261466,0.02646729812755053,0.015
19.5,20.2768,1005.586405823678,0.0009944446287347111,nan,nan,nan,nan,nan
Name:	28.326824805926805_8_110_0.015
Lambda:	28.326824805926805	Maximal Depth:	20	Filter time:	8.0 to 110.0 [us]
Chi2:	90.76809276850962	RelRMS:	14.290843527558009	AbsRMS:	2.3415157563159436e-06	Phi model:	8.088337759492259
depth_vector,start_model,resistivity_model,conductivity_model,E/I[V/A],modelled_thickness,rhoa,sigma,rel_err
0.0,20.2768,2366.255604647868,0.00042260861338723124,0.00014263736264447295,1.0,18.901882662259624,0.05290478297152095,0.015
1.0,20.2768,974.9955926265119,0.0010256456619523063,8.806952426221178e-05,1.0,18.314519768577103,0.054601486287166365,0.015
2.0,20.2768,289.7055165032041,0.0034517810087642572,5.782400662363261e-05,1.0,18.095958466442735,0.05526095795668445,0.015
3.0,20.2768,91.49935529303173,0.010929038754398268,4.011338533708502e-05,1.0,18.027330422263674,0.05547133028443326,0.015
4.0,20.2768,36.50745358557952,0.027391666681321238,2.541385576120472e-05,1.0,18.089868620961354,0.05527956122584912,0.015
5.0,20.2768,15.668453876194972,0.06382250654094827,1.4842633706191873e-05,1.0,18.323274099247236,0.05457539927545386,0.015
6.0,20.2768,7.893496097976064,0.12668657684601953,9.399560898405043e-06,1.5,18.651130085440847,0.053616054116774635,0.015
7.5,20.2768,6.329316206450349,0.15799495038356237,6.3394781666096315e-06,1.5,19.010237995536784,0.05260323412230713,0.015
9.0,20.2768,8.667896555642125,0.11536824344645391,3.8741340613505985e-06,1.5,19.59126730000956,0.051043150230486216,0.015
10.5,20.2768,16.217433899035417,0.0616620364371874,2.1589922206505956e-06,1.5,20.562663823103644,0.04863183139124355,0.015
12.0,20.2768,32.77374364733224,0.030512229874032085,1.291082226973603e-06,1.5,21.76801296668432,0.045938965652514444,0.015
13.5,20.2768,62.473679983963436,0.01600674076277711,8.140428916763383e-07,1.5,23.255685275232604,0.04300023792741141,0.015
15.0,20.2768,109.99462291389725,0.009091353499914178,4.440396171863266e-07,1.5,25.913422435188856,0.03859003967928453,0.015
16.5,20.2768,182.7899991052679,0.0054707588210233795,2.0120536856520933e-07,1.5,31.226212000140716,0.03202437746837476,0.015
18.0,20.2768,294.41286353820743,0.00339659071951598,9.181561236471092e-08,1.5,39.71275426004152,0.025180827133065097,0.015
19.5,20.2768,468.0749532818638,0.002136409976625738,nan,nan,nan,nan,nan
Name:	33.164477502323265_8_110_0.015
Lambda:	33.164477502323265	Maximal Depth:	20	Filter time:	8.0 to 110.0 [us]
Chi2:	52.28602407717819	RelRMS:	10.84636133335281	AbsRMS:	1.726926689206486e-06	Phi model:	8.266874994153683
depth_vector,start_model,resistivity_model,conductivity_model,E/I[V/A],modelled_thickness,rhoa,sigma,rel_err
0.0,20.2768,2501.1125177359136,0.00039982207633954496,0.000143976064234583,1.0,18.784532802599543,0.05323528727111129,0.015
1.0,20.2768,1212.4032096119815,0.0008248081101006329,8.735610746755335e-05,1.0,18.41409812110963,0.05430621654250967,0.015
2.0,20.2768,350.8206079015983,0.0028504596864517436,5.661846392918261e-05,1.0,18.35192628412869,0.054490192719705434,0.015
3.0,20.2768,80.5015831252462,0.012422115953225133,3.89745357660427e-05,1.0,18.376818612514274,0.05441638300325925,0.015
4.0,20.2768,30.08849228868156,0.03323529774790915,2.456358481209659e-05,1.0,18.50495164278911,0.054039590013717956,0.015
5.0,20.2768,12.753211074859191,0.07841162465908932,1.4351864335016842e-05,1.0,18.738644752037768,0.05336565227809515,0.015
6.0,20.2768,6.869514134728238,0.1455707027291182,9.138954817495368e-06,1.5,19.004035878040856,0.052620401604035014,0.015
7.5,20.2768,6.795145849777952,0.14716387581771737,6.215017190175643e-06,1.5,19.26319576097858,0.05191246625991821,0.015
9.0,20.2768,11.217087851503344,0.08914969849914989,3.848480666787816e-06,1.5,19.678232493927997,0.05081757217313925,0.015
10.5,20.2768,22.056468189110632,0.045338174336256795,2.1789183685621573e-06,1.5,20.437108642261105,0.04893060058075626,0.015
12.0,20.2768,41.94854863552145,0.023838727024591593,1.316196379911745e-06,1.5,21.490223288409375,0.04653278779747924,0.015
13.5,20.2768,71.38397844115497,0.014008745685481024,8.336001630755671e-07,1.5,22.890510218902218,0.043686225882996414,0.015
15.0,20.2768,110.30619974895994,0.009065673572980007,4.5268851464821867e-07,1.5,25.582300966346676,0.03908952526653066,0.015
16.5,20.2768,160.25055601531335,0.006240227958425562,1.9880900195278855e-07,1.5,31.476636354889887,0.03176959535082757,0.015
18.0,20.2768,224.74919294515414,0.004449404186488142,8.341614945554903e-08,1.5,42.335783933591884,0.02362067988556926,0.015
19.5,20.2768,309.3800082034262,0.003232270907894189,nan,nan,nan,nan,nan
Name:	38.82830410883109_8_110_0.015
Lambda:	38.82830410883109	Maximal Depth:	20	Filter time:	8.0 to 110.0 [us]
Chi2:	56.017373940156254	RelRMS:	11.226713293094804	AbsRMS:	2.0863944941741934e-06	Phi model:	8.031173438605899
depth_vector,start_model,resistivity_model,conductivity_model,E/I[V/A],modelled_thickness,rhoa,sigma,rel_err
0.0,20.2768,2293.4976859429967,0.0004360152644273714,0.000141125185805279,1.0,19.036666945935277,0.05253020409717893,0.015
1.0,20.2768,1001.2290606018299,0.0009987724481338054,8.613293936720665e-05,1.0,18.588019674445057,0.053798092401139815,0.015
2.0,20.2768,277.31901319837004,0.003605955424645502,5.6029040526949345e-05,1.0,18.480409382969235,0.05411135539678887,0.015
3.0,20.2768,81.2718730721785,0.012304379881978213,3.86113098587463e-05,1.0,18.49188877717199,0.05407776415108487,0.015
4.0,20.2768,32.81390644655513,0.030474884227171373,2.429867990292169e-05,1.0,18.639202786912158,0.05365036323882733,0.015
5.0,20.2768,14.458359532770187,0.06916413979978006,1.4112776094369954e-05,1.0,18.94968916936519,0.05277131413937065,0.015
6.0,20.2768,7.627194189203654,0.13110981249376172,8.914329571534461e-06,1.5,19.321955203748452,0.05175459675043654,0.015
7.5,20.2768,6.575122383467096,0.15208842386180724,6.008623114411668e-06,1.5,19.701830793065234,0.05075670431359028,0.015
9.0,20.2768,9.714264696925568,0.10294139918963567,3.674406649015779e-06,1.5,20.294926428441972,0.04927339862629743,0.015
10.5,20.2768,19.465385363959502,0.051373244418346696,2.0512497267223757e-06,1.5,21.27654319955915,0.04700011607246049,0.015
12.0,20.2768,39.56204867596696,0.025276749649405215,1.2278956981082375e-06,1.5,22.50852678276241,0.044427607797318164,0.015
13.5,20.2768,71.61136964843503,0.01396426300613081,7.73974502852437e-07,1.5,24.051540474764,0.04157737842402431,0.015
15.0,20.2768,118.07821383285749,0.008468962796265904,4.2073722477017665e-07,1.5,26.86160525348568,0.03722785703100285,0.015
16.5,20.2768,184.14805241884395,0.005430413120663934,1.8826198626571926e-07,1.5,32.64153616621177,0.030635813060634377,0.015
18.0,20.2768,278.0169659266092,0.0035969027885297458,8.347394244097448e-08,1.5,42.31624095855613,0.02363158866070794,0.015
19.5,20.2768,412.89799857944064,0.0024219056605758824,nan,nan,nan,nan,nan
Name:	45.4593985345391_8_110_0.015
Lambda:	45.4593985345391	Maximal Depth:	20	Filter time:	8.0 to 110.0 [us]
Chi2:	52.53686807428224	RelRMS:	10.872348098140302	AbsRMS:	1.979272980248947e-06	Phi model:	8.073870223039723
depth_vector,start_model,resistivity_model,conductivity_model,E/I[V/A],modelled_thickness,rhoa,sigma,rel_err
0.0,20.2768,2318.403864591091,0.0004313312340757227,0.000141649694133499,1.0,18.989644547100806,0.05266028005525108,0.015
1.0,20.2768,1039.4531456301402,0.0009620443251376927,8.62825471326908e-05,1.0,18.56652659578584,0.05386037042744313,0.015
2.0,20.2768,287.2132330440958,0.003481733725849847,5.605230589167863e-05,1.0,18.475295311907534,0.05412633374014265,0.015
3.0,20.2768,79.29183319864181,0.01261163930331641,3.860389819288079e-05,1.0,18.494255572962285,0.05407084356841873,0.015
4.0,20.2768,31.419549843217954,0.031827317863876214,2.429149846839021e-05,1.0,18.642876215296372,0.053639791867496595,0.015
5.0,20.2768,13.80070368366758,0.07246007326303573,1.411977169405585e-05,1.0,18.94342960694313,0.05278875160142495,0.015
6.0,20.2768,7.438603249760323,0.13443384012075393,8.930856519725421e-06,1.5,19.298110419248424,0.05181854483548683,0.015
7.5,20.2768,6.731585594329013,0.14855341078072964,6.0294574231975805e-06,1.5,19.65641921291711,0.05087396586163849,0.015
9.0,20.2768,10.164923335304518,0.09837752504505655,3.695713684625567e-06,1.5,20.21684655218076,0.049463698377437186,0.015
10.5,20.2768,19.821908879657908,0.050449227976536754,2.068549271250416e-06,1.5,21.157751583829075,0.047264001377362926,0.015
12.0,20.2768,38.55147128904199,0.025939347230159893,1.2402213306632216e-06,1.5,22.35914839012647,0.04472442252950868,0.015
13.5,20.2768,68.6850554953044,0.014559207862449268,7.822595490946644e-07,1.5,23.881416600062447,0.041873562893977784,0.015
15.0,20.2768,113.48860924740598,0.008811456996710506,4.248952493366617e-07,1.5,26.686073080268564,0.03747272957666412,0.015
16.5,20.2768,178.51390383387775,0.005601804557086962,1.8915334078574137e-07,1.5,32.53891015309688,0.030732436805503315,0.015
18.0,20.2768,272.66770482586725,0.0036674676989657657,8.27573328216527e-08,1.5,42.56017204488845,0.02349614562049454,0.015
19.5,20.2768,409.2892237307277,0.0024432600274320983,nan,nan,nan,nan,nan
Name:	53.22295069415713_8_110_0.015
Lambda:	53.22295069415713	Maximal Depth:	20	Filter time:	8.0 to 110.0 [us]
Chi2:	166.89258171819728	RelRMS:	19.378036765006506	AbsRMS:	2.669530806026432e-06	Phi model:	5.281536269200672
depth_vector,start_model,resistivity_model,conductivity_model,E/I[V/A],modelled_thickness,rhoa,sigma,rel_err
0.0,20.2768,102.76012419349298,0.009731401240008646,0.00013951356701961552,1.0,19.182990033833633,0.05212951673520494,0.015
1.0,20.2768,84.28711611211673,0.01186420945604336,8.684486709018201e-05,1.0,18.486294428658262,0.05409412924040398,0.015
2.0,20.2768,66.9390694517024,0.014938958790299826,5.71939255246725e-05,1.0,18.228619270588492,0.05485879018897936,0.015
3.0,20.2768,49.373037570167774,0.02025396955937386,3.958006481812564e-05,1.0,18.18890809499089,0.05497856137254296,0.015
4.0,20.2768,33.83923355221082,0.029551496739933313,2.4800988631017146e-05,1.0,18.386671815828073,0.054387221897285135,0.015
5.0,20.2768,21.553255608942685,0.04639670303845368,1.4119489931480764e-05,1.0,18.943681624156255,0.052788049326422296,0.015
6.0,20.2768,12.919950471454412,0.0773996775149734,8.669783467629295e-06,1.5,19.683607414843692,0.050803695629790174,0.015
7.5,20.2768,7.899106709669092,0.12659659335604695,5.657059674729321e-06,1.5,20.509861182840616,0.048757034047438634,0.015
9.0,20.2768,6.7573906239470185,0.1479861170754542,3.296700693602668e-06,1.5,21.81687854070151,0.04583607128464334,0.015
10.5,20.2768,10.674964269390392,0.09367712853779007,1.7389102949914227e-06,1.5,23.753556372043274,0.042098959176359335,0.015
12.0,20.2768,24.206350422383025,0.041311473334506646,1.0042175051357943e-06,1.5,25.737687937951087,0.03885352881777179,0.015
13.5,20.2768,58.460797099796935,0.017105480075698003,6.230659131480631e-07,1.5,27.79316497647381,0.035980069230923284,0.015
15.0,20.2768,136.92310644393066,0.007303369211897738,3.4428368795160974e-07,1.5,30.703999968589013,0.03256904641164102,0.015
16.5,20.2768,307.96498863963643,0.003247122357698084,1.7054117136312353e-07,1.5,34.86525551997366,0.02868184916720655,0.015
18.0,20.2768,671.5730929521529,0.0014890411937204372,9.437515817002172e-08,1.5,38.991436615792004,0.025646656978906692,0.015
19.5,20.2768,1434.4463718808017,0.0006971330679228049,nan,nan,nan,nan,nan
Name:	62.312361621777015_8_110_0.015
Lambda:	62.312361621777015	Maximal Depth:	20	Filter time:	8.0 to 110.0 [us]
Chi2:	168.68278728410843	RelRMS:	19.481690670710382	AbsRMS:	2.4753703425436815e-06	Phi model:	4.794210578062271
depth_vector,start_model,resistivity_model,conductivity_model,E/I[V/A],modelled_thickness,rhoa,sigma,rel_err
0.0,20.2768,74.43298558084958,0.01343490378890947,0.00014054368216057025,1.0,19.08914065080671,0.052385805013058034,0.015
1.0,20.2768,66.97094123000541,0.01493184927124727,8.717319236350936e-05,1.0,18.43984793219007,0.05423038214183536,0.015
2.0,20.2768,56.1793037870096,0.017800149389377642,5.7260811288583165e-05,1.0,18.214421397342853,0.05490155180805696,0.015
3.0,20.2768,43.711723874018375,0.022877157690739936,3.9560882439652844e-05,1.0,18.194787275083318,0.05496079645676543,0.015
4.0,20.2768,31.518099204194513,0.031727801652039894,2.4749167482264053e-05,1.0,18.412328874245407,0.054311434845092786,0.015
5.0,20.2768,21.0869893128863,0.04742260666812678,1.4069919201365565e-05,1.0,18.98815009008661,0.05266442466778704,0.015
6.0,20.2768,13.257958237767149,0.07542639538200989,8.632921130125098e-06,1.5,19.73959992505936,0.050659588025920584,0.015
7.5,20.2768,8.404675042763532,0.11898139962722355,5.631305828350925e-06,1.5,20.57234592256153,0.04860894347023923,0.015
9.0,20.2768,7.116064132000918,0.14052712025219152,3.2812757004484876e-06,1.5,21.88519792205476,0.04569298406902924,0.015
10.5,20.2768,10.526291591392516,0.09500021838818458,1.7311944678740361e-06,1.5,23.82408280659306,0.041974333623591195,0.015
12.0,20.2768,22.659012076408295,0.04413255073204017,1.000305248960132e-06,1.5,25.804752071152063,0.038752552136237385,0.015
13.5,20.2768,53.18893015209396,0.01880090457056564,6.210483245670454e-07,1.5,27.853326536737008,0.03590235438058197,0.015
15.0,20.2768,122.62718348918669,0.008154798728523194,3.43526571842678e-07,1.5,30.74909684360429,0.03252128038381708,0.015
16.5,20.2768,273.05145479474714,0.003662313393465346,1.7043856393282212e-07,1.5,34.8792471712421,0.028670343573943272,0.015
18.0,20.2768,590.9200847729244,0.0016922762075082872,9.44752997266456e-08,1.5,38.963878419435034,0.025664796230890706,0.015
19.5,20.2768,1254.019256772772,0.0007974359202214386,nan,nan,nan,nan,nan
Name:	72.95406136340671_8_110_0.015
Lambda:	72.95406136340671	Maximal Depth:	20	Filter time:	8.0 to 110.0 [us]
Chi2:	170.86067110705355	RelRMS:	19.60705255745673	AbsRMS:	2.318802006089076e-06	Phi model:	4.283442133247645
depth_vector,start_model,resistivity_model,conductivity_model,E/I[V/A],modelled_thickness,rhoa,sigma,rel_err
0.0,20.2768,64.85854710647602,0.015418168377381854,0.00014146130095091085,1.0,19.00650063400199,0.05261357780984857,0.015
1.0,20.2768,59.517633739549545,0.016801743234215624,8.746701500164006e-05,1.0,18.398528868677737,0.054352171694685494,0.015
2.0,20.2768,50.75854233149017,0.01970111736994481,5.7324769613547474e-05,1.0,18.200870761473993,0.05494242627757746,0.015
3.0,20.2768,40.259001884216296,0.02483916523504409,3.9550537538158874e-05,1.0,18.197959841785796,0.05495121478968317,0.015
4.0,20.2768,29.681460240958753,0.03369106478865403,2.4710917790245535e-05,1.0,18.43132410413734,0.054255461753587565,0.015
5.0,20.2768,20.414620568343956,0.0489845009194369,1.4033186027192908e-05,1.0,19.021271154376063,0.052572721974469015,0.015
6.0,20.2768,13.283470350192541,0.07528153213256543,8.606503724786645e-06,1.5,19.779972695864387,0.050556187077501924,0.015
7.5,20.2768,8.752478454668143,0.11425335179964356,5.613776082008055e-06,1.5,20.61515021635483,0.048508014227646015,0.015
9.0,20.2768,7.493648589704894,0.13344634299690064,3.2717180862738175e-06,1.5,21.927799100484677,0.04560421205144554,0.015
10.5,20.2768,10.624188227112883,0.0941248383992298,1.7272779903532165e-06,1.5,23.860082130317764,0.041911004100415566,0.015
12.0,20.2768,21.694949058324667,0.04609367817880566,9.98953677768495e-07,1.5,25.82802248587384,0.03871763703732763,0.015
13.5,20.2768,48.79523620639459,0.020493803857618186,6.208343958863535e-07,1.5,27.859724682291233,0.03589410919899149,0.015
15.0,20.2768,108.44204697275245,0.009221515343133127,3.439217760036689e-07,1.5,30.72553625430454,0.03254621796421547,0.015
16.5,20.2768,233.4335815946599,0.00428387378186411,1.7100570659268566e-07,1.5,34.802086161707344,0.028733909667182474,0.015
18.0,20.2768,489.155372409124,0.002044340216636957,9.499418885260219e-08,1.5,38.82186002131362,0.025758683366819343,0.015
19.5,20.2768,1005.9220994699708,0.0009941127653194106,nan,nan,nan,nan,nan
Name:	85.41314966877566_8_110_0.015
Lambda:	85.41314966877566	Maximal Depth:	20	Filter time:	8.0 to 110.0 [us]
Chi2:	171.34946514202255	RelRMS:	19.635078216537636	AbsRMS:	2.363901592013169e-06	Phi model:	4.355338000798231
depth_vector,start_model,resistivity_model,conductivity_model,E/I[V/A],modelled_thickness,rhoa,sigma,rel_err
0.0,20.2768,61.448108738022825,0.016273893868131706,0.0001415336481336669,1.0,19.00002309801172,0.05263151496403424,0.015
1.0,20.2768,56.79073390149766,0.01760850637596054,8.763900399348536e-05,1.0,18.374449937455775,0.05442339789239238,0.015
2.0,20.2768,48.74725077759411,0.020513977384333516,5.7517300938221755e-05,1.0,18.16023144532684,0.05506537749866229,0.015
3.0,20.2768,38.97092207536966,0.02566015754171797,3.973290514873641e-05,1.0,18.142233362448778,0.055120005350048226,0.015
4.0,20.2768,29.023863892607185,0.03445440633611554,2.4864462890654207e-05,1.0,18.355366695587957,0.05447997942968734,0.015
5.0,20.2768,20.27036598602998,0.049333100383544354,1.414697163305478e-05,1.0,18.919140527189246,0.05285652371802361,0.015
6.0,20.2768,13.468511323016758,0.07424725539570724,8.690036778980777e-06,1.5,19.65301197512449,0.05088278586843255,0.015
7.5,20.2768,9.074816190432983,0.1101950694113494,5.675713692640372e-06,1.5,20.464897533801025,0.0488641586574446,0.015
9.0,20.2768,7.687570932121269,0.13008010057138622,3.313046702880137e-06,1.5,21.745058888390822,0.04598745881225811,0.015
10.5,20.2768,10.186313148964787,0.09817094618788819,1.752093719917186e-06,1.5,23.634252533121494,0.04231147139511101,0.015
12.0,20.2768,19.64019943488594,0.050915979917380484,1.0146093346414769e-06,1.5,25.561646242239846,0.03912111100057125,0.015
13.5,20.2768,43.78326145011988,0.02283977864781158,6.312081419435308e-07,1.5,27.553637395817557,0.03629284894893016,0.015
15.0,20.2768,99.75752282564031,0.010024306655527473,3.5003612586199245e-07,1.5,30.36668204952467,0.032930828543240635,0.015
16.5,20.2768,224.05227437944652,0.004463244136975095,1.742210222541031e-07,1.5,34.372567621989816,0.029092967711852023,0.015
18.0,20.2768,493.76539781403545,0.002025253297268565,9.68370843628876e-08,1.5,38.32774147670061,0.02609076249921741,0.015
19.5,20.2768,1070.8466215962603,0.0009338405517956879,nan,nan,nan,nan,nan
Name:	100.0_8_110_0.015
Lambda:	100.0	Maximal Depth:	20	Filter time:	8.0 to 110.0 [us]
Chi2:	177.20263759834265	RelRMS:	19.967622156788497	AbsRMS:	2.3594969304210797e-06	Phi model:	3.895046866891
depth_vector,start_model,resistivity_model,conductivity_model,E/I[V/A],modelled_thickness,rhoa,sigma,rel_err
0.0,20.2768,55.756617463692145,0.017935090855380253,0.0001420634918087962,1.0,18.95275169820878,0.05276278695164406,0.015
1.0,20.2768,51.87732855736018,0.01927624316457065,8.798836935424495e-05,1.0,18.32577947476008,0.05456793809929288,0.015
2.0,20.2768,44.98616165060424,0.022229058077164677,5.7779506845225793e-05,1.0,18.10524852857091,0.05523260276830524,0.015
3.0,20.2768,36.52047171923766,0.02738190261308252,3.994617482123942e-05,1.0,18.0776024056689,0.05531707012686666,0.015
4.0,20.2768,27.817824191121574,0.03594817456352906,2.5029463769679913e-05,1.0,18.274608831775414,0.05472073351639823,0.015
5.0,20.2768,19.978795857586157,0.0500530666176405,1.4265697147665939e-05,1.0,18.81402535111226,0.05315183653352956,0.015
6.0,20.2768,13.739146324109207,0.07278472595092884,8.778239171775514e-06,1.5,19.52114356872166,0.05122650711930013,0.015
7.5,20.2768,9.556351474522648,0.10464244671891908,5.742882237529544e-06,1.5,20.305013710479237,0.04924892020555046,0.015
9.0,20.2768,8.005034925247895,0.12492137877450081,3.3597979547788773e-06,1.5,21.542867941658205,0.04641907487471827,0.015
10.5,20.2768,9.858621089700675,0.10143406373987762,1.7819089080919763e-06,1.5,23.369877056907328,0.04279012669022299,0.015
12.0,20.2768,17.981909539182524,0.05561144648297797,1.0345597958495581e-06,1.5,25.231960208877446,0.0396322755632821,0.015
13.5,20.2768,39.34316842653214,0.02541737333299325,6.451745318801687e-07,1.5,27.15454457408027,0.03682624826470213,0.015
15.0,20.2768,87.65686965290344,0.01140811899808559,3.5888943398544174e-07,1.5,29.865203125640534,0.03348378364590656,0.015
16.5,20.2768,189.93361512841804,0.00526499745357808,1.793365353094056e-07,1.5,33.71577627596168,0.02965970564684787,0.015
18.0,20.2768,400.1777882785054,0.002498889316925421,1.0003426876936719e-07,1.5,37.506669122903745,0.02666192502253798,0.015
19.5,20.2768,826.6807664520829,0.0012096567872163786,nan,nan,nan,nan,nan
