Name:	10.0_8_150_1
Lambda:	10	Maximal Depth:	30	Filter time:	8 to 150 [us]
Chi2:	0.8878912865077428	RelRMS:	6.183202315562462	AbsRMS:	3.493632553523073e-07	Phi model:	0.0178193395085545
depth_vector,start_model,resistivity_model,conductivity_model,E/I[V/A],modelled_thickness,rhoa,sigma
0.0,19.813,16.787797416782734,0.0595670757261045,0.0001657146405659,1.0,17.10356635380983,0.0584673382915399
1.0,19.813,16.888041591599777,0.0592134969928903,9.452960627837236e-05,1.0,17.470315024474242,0.0572399523763077
2.0,19.813,17.08289137173507,0.0585380998005159,5.916680404447374e-05,1.0,17.82111901303663,0.0561131991357261
3.0,19.813,17.37030049439631,0.0575695279608203,4.004880112325402e-05,1.0,18.046706254197986,0.0554117735344299
4.0,19.813,17.757436026042313,0.0563144363033853,2.4805078487768297e-05,1.0,18.384650699587493,0.0543932009555361
5.0,19.813,18.253352503479817,0.0547844567078491,1.428348546620988e-05,1.0,18.79840174251368,0.0531960117512778
6.0,19.813,18.86112235915766,0.0530191141840755,9.065281705332705e-06,1.5,19.106860178761067,0.0523372228950304
7.5,19.813,19.58810849391698,0.0510513815211176,6.156118887892129e-06,1.5,19.385866991914945,0.0515839709628183
9.0,19.813,20.429874640143417,0.0489479263879115,3.836668086983507e-06,1.5,19.718602865427584,0.0507135321312895
10.5,19.813,21.346910158245684,0.0468451870826715,2.240143733818166e-06,1.5,20.063013735551102,0.0498429604435762
12.0,19.813,22.30913910579874,0.044824679036587,1.428974668833328e-06,1.5,20.34409471600352,0.0491543130308648
13.5,19.813,23.26582450020559,0.0429814984631713,9.790247220566544e-07,1.5,20.5635564584433,0.0486297203511897
15.0,19.813,24.176999593755568,0.041361625379614,6.17178119675551e-07,1.5,20.80649408277327,0.0480619174004884
16.5,19.813,24.946023987431555,0.0400865484817871,3.6292638750158893e-07,2.0,21.073337188968072,0.0474533288692168
18.5,19.813,25.39503721550036,0.0393777725747781,2.3424176679301574e-07,2.0,21.26986867114321,0.0470148648052866
20.5,19.813,25.484292146382653,0.0392398578016593,1.6138474473019257e-07,2.0,21.42412393536846,0.0466763543292021
22.5,19.813,25.191629268499184,0.0396957254864991,1.0227447018943485e-07,2.0,21.61329658522783,0.0462678146323812
24.5,19.813,24.58666735749872,0.0406724500502508,nan,2.0,nan,nan
26.5,19.813,23.76335630531491,0.0420815976982317,nan,2.0,nan,nan
28.5,19.813,22.846046664927,0.0437712491209776,nan,nan,nan,nan
Name:	12.742749857031335_8_150_1
Lambda:	12.742749857031336	Maximal Depth:	30	Filter time:	8 to 150 [us]
Chi2:	0.8875456568181445	RelRMS:	6.199381330910232	AbsRMS:	3.139472490161371e-07	Phi model:	0.0167899322038958
depth_vector,start_model,resistivity_model,conductivity_model,E/I[V/A],modelled_thickness,rhoa,sigma
0.0,19.813,16.7817083408753,0.0595886890468888,0.0001654812948237,1.0,17.119641109223878,0.0584124394676247
1.0,19.813,16.88085126569103,0.0592387187269648,9.439137889534504e-05,1.0,17.487366630560505,0.0571841387629183
2.0,19.813,17.080323378040635,0.058546900890978,5.908275119537322e-05,1.0,17.838016904645055,0.0560600432966064
3.0,19.813,17.380744640425235,0.0575349342440793,3.99964698909321e-05,1.0,18.06244431903071,0.0553634924674283
4.0,19.813,17.78456398580949,0.0562285362068989,2.47777110156721e-05,1.0,18.39818568239338,0.054353185540299
5.0,19.813,18.29395005707496,0.0546628801806126,1.4272115849158884e-05,1.0,18.808384016754303,0.053167778747457
6.0,19.813,18.89598562408204,0.0529212934373503,9.060688433225724e-06,1.5,19.113317053427643,0.0523195422963314
7.5,19.813,19.63495662203775,0.0509295752086168,6.154524957916057e-06,1.5,19.38921394732468,0.0515750665662225
9.0,19.813,20.470183234838235,0.0488515412162065,3.836761394263514e-06,1.5,19.71828316929719,0.0507143543590586
10.5,19.813,21.378238064410905,0.0467765396281527,2.240802505226928e-06,1.5,20.05908133856913,0.0498527316940095
12.0,19.813,22.32154368633578,0.0447997689609681,1.4296351057099004e-06,1.5,20.33782876976519,0.0491694571392315
13.5,19.813,23.25843336426196,0.0429951572549405,9.795682124975338e-07,1.5,20.55594961701815,0.0486477160448041
15.0,19.813,24.11609625428685,0.0414660809716349,6.175538301736169e-07,1.5,20.798054320673547,0.0480814207224176
16.5,19.813,24.817537124723305,0.0402940869988181,3.6314212536245857e-07,2.0,21.06499010456442,0.0474721324356718
18.5,19.813,25.23717194723327,0.0396240910863877,2.3436510999464045e-07,2.0,21.26240531941772,0.0470313675700066
20.5,19.813,25.30977885582385,0.0395104202883976,1.6145525434244693e-07,2.0,21.41788601865964,0.0466899487245745
22.5,19.813,25.0441883506411,0.0399294233855417,1.023046190956866e-07,2.0,21.609050121627405,0.0462769068687175
24.5,19.813,24.48551616442389,0.0408404704758866,nan,2.0,nan,nan
26.5,19.813,23.736947705216394,0.0421284156842221,nan,2.0,nan,nan
28.5,19.813,22.900482371351803,0.0436672024538219,nan,nan,nan,nan
Name:	16.237767391887218_8_150_1
Lambda:	16.237767391887218	Maximal Depth:	30	Filter time:	8 to 150 [us]
Chi2:	0.888565066707389	RelRMS:	6.177026345510853	AbsRMS:	3.17406651007746e-07	Phi model:	0.0162426439919214
depth_vector,start_model,resistivity_model,conductivity_model,E/I[V/A],modelled_thickness,rhoa,sigma
0.0,19.813,16.748014906125036,0.0597085687829357,0.0001655629351667,1.0,17.114012763073827,0.0584316497740177
1.0,19.813,16.849217770836272,0.059349936216675,9.441561348759008e-05,1.0,17.484374065268472,0.0571939262033081
2.0,19.813,17.053967984422794,0.0586373799290233,5.908952789661636e-05,1.0,17.836653039491775,0.0560643298821768
3.0,19.813,17.36466301536136,0.0575882180446212,3.999885012255933e-05,1.0,18.06172774463733,0.0553656889384188
4.0,19.813,17.782949272328125,0.0562336418265608,2.477852115670025e-05,1.0,18.397784657484404,0.0543543703014911
5.0,19.813,18.305239545823287,0.0546291676487877,1.4272857021381825e-05,1.0,18.807732880011624,0.0531696194527929
6.0,19.813,18.922222033451128,0.0528479159705544,9.061560857363151e-06,1.5,19.11209024589139,0.0523229006944949
7.5,19.813,19.67430625161076,0.0508277134253782,6.155329166638415e-06,1.5,19.3875250785827,0.0515795593272859
9.0,19.813,20.520048346744275,0.0487328286513837,3.837355544764501e-06,1.5,19.71624775193124,0.0507195898825144
10.5,19.813,21.428429533998266,0.0466669756835611,2.2411192567502374e-06,1.5,20.057191243034765,0.0498574295813861
12.0,19.813,22.366123127351194,0.0447104754948395,1.4297547610619498e-06,1.5,20.33669404649079,0.0491722006395899
13.5,19.813,23.27688329673957,0.0429610780469081,9.795667738495228e-07,1.5,20.555969743445186,0.048647668413643
15.0,19.813,24.103906379098543,0.0414870512800837,6.174618533603054e-07,1.5,20.800119648013737,0.0480766465252276
16.5,19.813,24.769741599008565,0.0403718381963268,3.630064756081775e-07,2.0,21.07023754593447,0.0474603097293011
18.5,19.813,25.153768360426447,0.0397554746339027,2.342254405435409e-07,2.0,21.27085704413233,0.0470126802096041
20.5,19.813,25.22032406284098,0.0396505610914562,1.613253190785925e-07,2.0,21.429384793294584,0.0466648954062791
22.5,19.813,24.96443501729091,0.0400569850392119,1.0219423754423317e-07,2.0,21.62460749780357,0.0462436139061285
24.5,19.813,24.451030897871057,0.0408980710947066,nan,2.0,nan,nan
26.5,19.813,23.76261173058411,0.0420829162777983,nan,2.0,nan,nan
28.5,19.813,22.994302606660053,0.0434890336578575,nan,nan,nan,nan
Name:	20.6913808111479_8_150_1
Lambda:	20.6913808111479	Maximal Depth:	30	Filter time:	8 to 150 [us]
Chi2:	0.8897122206782618	RelRMS:	6.153131750331318	AbsRMS:	3.2183902147225986e-07	Phi model:	0.0157243381325971
depth_vector,start_model,resistivity_model,conductivity_model,E/I[V/A],modelled_thickness,rhoa,sigma
0.0,19.813,16.70852197408911,0.0598496983485887,0.0001656432925055,1.0,17.108477383526527,0.0584505551009982
1.0,19.813,16.813946061610224,0.0594744384415036,9.443859405662658e-05,1.0,17.48153753311645,0.0572032064173779
2.0,19.813,17.02596093282876,0.0587338361661479,5.90955698894362e-05,1.0,17.835437260076823,0.0560681515915743
3.0,19.813,17.3508719299189,0.0576339911930105,4.00009320958535e-05,1.0,18.06110101989116,0.0553676101417446
4.0,19.813,17.7849620618344,0.0562272776586882,2.4779322898998004e-05,1.0,18.39738781151333,0.0543555427675545
5.0,19.813,18.32012515443039,0.0545847799384802,1.427371092046794e-05,1.0,18.806982780001995,0.0531717400764214
6.0,19.813,18.95590809095177,0.0527540012961621,9.062556365553252e-06,1.5,19.110690597348288,0.0523267327732654
7.5,19.813,19.716067418604435,0.0507200537900566,6.156234063028218e-06,1.5,19.38562520158141,0.0515846143522068
9.0,19.813,20.56849092369584,0.0486180538820159,3.838013347647034e-06,1.5,19.713994889329047,0.0507253859815743
10.5,19.813,21.48287107832819,0.0465487129887771,2.241464019253365e-06,1.5,20.055134508484468,0.0498625426609301
12.0,19.813,22.40771576100813,0.0446274850442412,1.429882275438505e-06,1.5,20.335484968208966,0.0491751242502122
13.5,19.813,23.29412707681269,0.0429292755509784,9.795626377362891e-07,1.5,20.55602760720014,0.0486475314739181
15.0,19.813,24.078260469646207,0.0415312394041351,6.173605120414275e-07,1.5,20.802395847901472,0.0480713859745573
16.5,19.813,24.71100584050995,0.0404677982941775,3.6285919155508333e-07,2.0,21.075938747497474,0.047447471354923
18.5,19.813,25.072046166599723,0.0398850573804451,2.3407466510921655e-07,2.0,21.279990250990505,0.0469925027316896
20.5,19.813,25.126422870978768,0.0397987411552723,1.6118553144340358e-07,2.0,21.44177271331744,0.0466379349025979
22.5,19.813,24.89196067950797,0.0401736131948512,1.020758654152956e-07,2.0,21.64132223140643,0.046207897526186
24.5,19.813,24.42201893228681,0.0409466556705499,nan,2.0,nan,nan
26.5,19.813,23.79569778292972,0.0420244032817297,nan,2.0,nan,nan
28.5,19.813,23.094060318854936,0.0433011772807902,nan,nan,nan,nan
Name:	26.366508987303583_8_150_1
Lambda:	26.366508987303583	Maximal Depth:	30	Filter time:	8 to 150 [us]
Chi2:	0.8905893617790852	RelRMS:	6.1288123863002495	AbsRMS:	3.253961440553225e-07	Phi model:	0.0152664071361296
depth_vector,start_model,resistivity_model,conductivity_model,E/I[V/A],modelled_thickness,rhoa,sigma
0.0,19.813,16.67455686326317,0.0599716087330132,0.0001657044354819,1.0,17.10426857416521,0.0584649378992112
1.0,19.813,16.78343065191447,0.0595825740720018,9.44539544108713e-05,1.0,17.479642218872744,0.0572094089500471
2.0,19.813,17.0032382563691,0.0588123265064181,5.909839893301231e-05,1.0,17.834868066633433,0.0560699409866037
3.0,19.813,17.338608368834628,0.0576747555932721,4.0001506872780577e-05,1.0,18.060928007592103,0.0553681405285287
4.0,19.813,17.784209943902027,0.0562296555851718,2.477961305134689e-05,1.0,18.39724419733357,0.0543559670825555
5.0,19.813,18.33449533777319,0.0545419975612731,1.4274466611584951e-05,1.0,18.806319012282376,0.0531736167692838
6.0,19.813,18.98538462084356,0.0526720959291035,9.063543313330442e-06,1.5,19.10930323736652,0.0523305317613355
7.5,19.813,19.75870410893009,0.0506106065705008,6.157150456590909e-06,1.5,19.383701659951,0.0515897333514019
9.0,19.813,20.61572112192224,0.048506670908379,3.838681506697055e-06,1.5,19.711707217338013,0.0507312729929562
10.5,19.813,21.52778349487015,0.0464516005671596,2.24181064355057e-06,1.5,20.053067198569305,0.0498676830879689
12.0,19.813,22.441517223934937,0.0445602670274651,1.4300071922693545e-06,1.5,20.33430069382928,0.0491779882208323
13.5,19.813,23.301695208960965,0.0429153325984384,9.795541652993507e-07,1.5,20.55614613690322,0.0486472509652361
15.0,19.813,24.055108607881404,0.0415712111843203,6.172543960298625e-07,1.5,20.80477995840493,0.0480658772647104
16.5,19.813,24.65449840537005,0.0405605493795885,3.627078378878289e-07,2.0,21.08180149886474,0.0474342764328679
18.5,19.813,24.99348333681652,0.0400104293796837,2.339207160473467e-07,2.0,21.28932582233605,0.0469718960734225
20.5,19.813,25.041840092758388,0.0399331677023678,1.6104330335918973e-07,2.0,21.45439529569204,0.0466104957151039
22.5,19.813,24.824999159082108,0.0402819751812219,1.0195580510506845e-07,2.0,21.65830837675541,0.0461716576661749
24.5,19.813,24.397602520025604,0.0409876338947319,nan,2.0,nan,nan
26.5,19.813,23.82993031825888,0.0419640337443111,nan,2.0,nan,nan
28.5,19.813,23.194638013017684,0.0431134126533366,nan,nan,nan,nan
Name:	33.59818286283781_8_150_1
Lambda:	33.59818286283781	Maximal Depth:	30	Filter time:	8 to 150 [us]
Chi2:	0.8913643730013532	RelRMS:	6.104334131426649	AbsRMS:	3.2800264300827295e-07	Phi model:	0.0148535261130642
depth_vector,start_model,resistivity_model,conductivity_model,E/I[V/A],modelled_thickness,rhoa,sigma
0.0,19.813,16.640093985644153,0.0600958144144333,0.0001657526370955,1.0,17.10095241451824,0.0584762752249417
1.0,19.813,16.75395684381124,0.0596873926155176,9.44637698356139e-05,1.0,17.47843136251742,0.0572133722563058
2.0,19.813,16.984430702878214,0.0588774517965172,5.909873591350229e-05,1.0,17.834800270391565,0.0560701541278345
3.0,19.813,17.32905725099143,0.0577065437268832,4.0000887614023e-05,1.0,18.0611144094388,0.0553675690951493
4.0,19.813,17.78560498788508,0.0562252451171137,2.4779494232132685e-05,1.0,18.39730300790578,0.0543557933230906
5.0,19.813,18.349817343328503,0.0544964552665464,1.4275154091089407e-05,1.0,18.805715209686177,0.0531753240357981
6.0,19.813,19.01519062570082,0.0525895332675974,9.064540965428784e-06,1.5,19.107901086114303,0.0523343718126476
7.5,19.813,19.796415019621698,0.0505141965860397,6.158092947407642e-06,1.5,19.38172383694587,0.0515949978656582
9.0,19.813,20.66450371294032,0.0483921614519002,3.839370945442798e-06,1.5,19.70934738258832,0.050737347137299
10.5,19.813,21.57273337493124,0.0463548120036591,2.2421672188094647e-06,1.5,20.05094109572105,0.0498729708110011
12.0,19.813,22.46902632680234,0.0445057113492783,1.4301353934836889e-06,1.5,20.33308546110701,0.0491809274058673
13.5,19.813,23.30384360896353,0.0429113761995623,9.795456951151998e-07,1.5,20.55626463679772,0.0486469705303317
15.0,19.813,24.026973611897784,0.0416198900516049,6.171464452550633e-07,1.5,20.807205991602768,0.0480602729844445
16.5,19.813,24.59577224197399,0.0406573938871269,3.625542397062831e-07,2.0,21.087755362536377,0.0474208839588758
18.5,19.813,24.910027412283988,0.0401444760958739,2.337648030289524e-07,2.0,21.298790931826208,0.0469510219242411
20.5,19.813,24.96006285876189,0.0400640016677267,1.608994833361994e-07,2.0,21.46717806776863,0.0465827411895104
22.5,19.813,24.768117115053062,0.0403744860925354,1.018346035283702e-07,2.0,21.67548983636384,0.0461350588867593
24.5,19.813,24.382034711422666,0.0410138042963048,nan,2.0,nan,nan
26.5,19.813,23.86813380486616,0.0418968658452938,nan,2.0,nan,nan
28.5,19.813,23.29587257604363,0.042926058971852,nan,nan,nan,nan
Name:	42.81332398719393_8_150_1
Lambda:	42.81332398719393	Maximal Depth:	30	Filter time:	8 to 150 [us]
Chi2:	0.890947107726718	RelRMS:	6.117848991533091	AbsRMS:	2.8658332474109e-07	Phi model:	0.014136242435411
depth_vector,start_model,resistivity_model,conductivity_model,E/I[V/A],modelled_thickness,rhoa,sigma
0.0,19.813,16.649491518904547,0.0600618943145835,0.0001654315321772,1.0,17.1230740538855,0.0584007285638692
1.0,19.813,16.76673034607934,0.0596419205986595,9.428984843696304e-05,1.0,17.499917871167764,0.0571431253198944
2.0,19.813,17.00032970485796,0.0588223885866309,5.899929684052006e-05,1.0,17.85483416114108,0.0560072410068294
3.0,19.813,17.349913550948354,0.0576371747941844,3.9941282389012784e-05,1.0,18.07907859995238,0.0553125533733026
4.0,19.813,17.811719083379614,0.0561428122304665,2.474965280989817e-05,1.0,18.412088169421924,0.0543121448690844
5.0,19.813,18.380853638460664,0.0544044373384035,1.4263339660209234e-05,1.0,18.816098386277915,0.0531459806103731
6.0,19.813,19.048987678329503,0.0524962279826354,9.059954592688832e-06,1.5,19.114349136415324,0.0523167172925009
7.5,19.813,19.83325127892334,0.0504203766662651,6.156601260997197e-06,1.5,19.3848543831096,0.0515866655604758
9.0,19.813,20.692991252958585,0.0483255411349494,3.8395503688357445e-06,1.5,19.70873336181623,0.0507389278469515
10.5,19.813,21.58199120669301,0.0463349275987972,2.2428578452939908e-06,1.5,20.04682479331188,0.0498832114467137
12.0,19.813,22.4525949784991,0.0445382816978444,1.4307968895903298e-06,1.5,20.326817954478443,0.04919609169716
13.5,19.813,23.25430296947708,0.0430027939909689,9.80076100788966e-07,1.5,20.548847428367832,0.0486645298957007
15.0,19.813,23.94154018465488,0.0417684072238987,6.175023908955558e-07,1.5,20.79920931976059,0.0480787507172176
16.5,19.813,24.475843802740865,0.04085660980922,3.627507465573298e-07,2.0,21.080138998472783,0.0474380173713488
18.5,19.813,24.77039344820944,0.0403707757848427,2.338721215953393e-07,2.0,21.292274748132467,0.0469653905855084
20.5,19.813,24.820724571203662,0.0402889124824411,1.609571018536333e-07,2.0,21.4620546290052,0.0465938614585639
22.5,19.813,24.65191948815352,0.0405647925501521,1.01855380797225e-07,2.0,21.672542043856453,0.0461413339504154
24.5,19.813,24.31194304587457,0.0411320476571158,nan,2.0,nan,nan
26.5,19.813,23.859563189482845,0.0419119156565613,nan,2.0,nan,nan
28.5,19.813,23.35356973786562,0.04282000615857,nan,nan,nan,nan
Name:	54.5559478116852_8_150_1
Lambda:	54.5559478116852	Maximal Depth:	30	Filter time:	8 to 150 [us]
Chi2:	0.8901325773590979	RelRMS:	6.090841494574672	AbsRMS:	2.830062224397633e-07	Phi model:	0.0138027356160883
depth_vector,start_model,resistivity_model,conductivity_model,E/I[V/A],modelled_thickness,rhoa,sigma
0.0,19.813,16.633093949214487,0.0601211057337426,0.0001654116585838,1.0,17.124445542052978,0.0583960512791069
1.0,19.813,16.752745740794502,0.05969170758468,9.427227595722117e-05,1.0,17.502092475852965,0.0571360253855169
2.0,19.813,16.990687338830174,0.0588557708147933,5.898778983178985e-05,1.0,17.85715609990021,0.0559999584707437
3.0,19.813,17.3469404600987,0.0576470532253334,3.9934899401312034e-05,1.0,18.081004992893146,0.0553066602433358
4.0,19.813,17.817093052978,0.056125878504791,2.474738669710829e-05,1.0,18.41321214619441,0.0543088295545803
5.0,19.813,18.39515042101153,0.0543621539978149,1.426345269282484e-05,1.0,18.815998979041296,0.0531462613871246
6.0,19.813,19.071804584704964,0.0524334231487444,9.060769243321044e-06,1.5,19.11320340956162,0.0523198533794569
7.5,19.813,19.861668402668144,0.0503482376065478,6.157479291593323e-06,1.5,19.38301154028622,0.0515915701706915
9.0,19.813,20.72106252501825,0.0482600734780186,3.840212577212141e-06,1.5,19.706467573454788,0.0507447616510952
10.5,19.813,21.602606896012407,0.0462907094876863,2.243186587311709e-06,1.5,20.04486615267475,0.0498880856765692
12.0,19.813,22.459479812874942,0.0445246287238918,1.4308961017098774e-06,1.5,20.325878361451988,0.0491983658574135
13.5,19.813,23.242611307094787,0.043024425559909,9.800401598079045e-07,1.5,20.549349816774967,0.0486633401502403
15.0,19.813,23.908749367434623,0.041825692537564,6.173710627603767e-07,1.5,20.802158842022354,0.0480719336677645
16.5,19.813,24.422712002895235,0.0409454936815147,3.62579713606156e-07,2.0,21.08676763737523,0.0474231052002275
18.5,19.813,24.705408085660927,0.0404769674936234,2.337034007079105e-07,2.0,21.30252140938544,0.0469427999053399
20.5,19.813,24.758949796297227,0.0403894352639122,1.608037586437064e-07,2.0,21.47569667127261,0.0465642635629916
22.5,19.813,24.61147505256976,0.0406314533307741,1.0172777711270165e-07,2.0,21.690661764688887,0.0461027888797722
24.5,19.813,24.309723903733225,0.0411358024451454,nan,2.0,nan,nan
26.5,19.813,23.907261588322765,0.0418282954032861,nan,2.0,nan,nan
28.5,19.813,23.45606653844647,0.0426328940686161,nan,nan,nan,nan
Name:	69.51927961775606_8_150_1
Lambda:	69.51927961775606	Maximal Depth:	30	Filter time:	8 to 150 [us]
Chi2:	0.8886515346152951	RelRMS:	6.06282339495699	AbsRMS:	2.7823051911228417e-07	Phi model:	0.013485384047672
depth_vector,start_model,resistivity_model,conductivity_model,E/I[V/A],modelled_thickness,rhoa,sigma
0.0,19.813,16.62516799436372,0.060149768131006,0.0001653546758503,1.0,17.128379476487947,0.0583826392550851
1.0,19.813,16.74622857565423,0.0597149379325806,9.423940601023826e-05,1.0,17.506161965382443,0.057122743521821
2.0,19.813,16.98723502418753,0.0588677320691763,5.896947339365944e-05,1.0,17.860853635207977,0.0559883654176955
3.0,19.813,17.34839296894321,0.0576422266771442,3.99251157187212e-05,1.0,18.08395871574001,0.0552976267928335
4.0,19.813,17.824733397708727,0.0561018208624957,2.474379361789569e-05,1.0,18.41499464108921,0.0543035726857454
5.0,19.813,18.40899394327453,0.0543212737796209,1.426317830418153e-05,1.0,18.81624029411469,0.0531455797953844
6.0,19.813,19.09081098781364,0.052381221554094,9.061450580148567e-06,1.5,19.112245307437263,0.0523224761881255
7.5,19.813,19.882657092067703,0.0502950885975373,6.158307779516228e-06,1.5,19.38127308099597,0.0515961978256493
9.0,19.813,20.73975716910088,0.0482165722504142,3.840857251363851e-06,1.5,19.70426240503274,0.0507504406632641
10.5,19.813,21.613728371179285,0.0462668903220531,2.243502369653003e-06,1.5,20.04298517605212,0.0498927675301993
12.0,19.813,22.45757157350937,0.0445284120202731,1.430982539083966e-06,1.5,20.32505984075421,0.0492003471495261
13.5,19.813,23.22368449272513,0.0430594895617554,9.799920132207883e-07,1.5,20.550022865090085,0.0486617463428119
15.0,19.813,23.871512190855217,0.0418909364436109,6.172290971790563e-07,1.5,20.80534844902549,0.0480645639004829
16.5,19.813,24.369497879186103,0.0410349037537657,3.624005264151624e-07,2.0,21.093717898348945,0.0474074795547669
18.5,19.813,24.64525799403692,0.0405757570175145,2.3352856577861586e-07,2.0,21.3131524007631,0.0469193848566576
20.5,19.813,24.70585880191417,0.0404762290603928,1.6064579670196097e-07,2.0,21.4897723048064,0.0465337643329213
22.5,19.813,24.58113938760032,0.0406815967409728,1.0159701170037273e-07,2.0,21.709269793787296,0.0460632720261359
24.5,19.813,24.316074720947245,0.0411250586896142,nan,2.0,nan,nan
26.5,19.813,23.95995547442396,0.0417363046048833,nan,2.0,nan,nan
28.5,19.813,23.559551254586093,0.0424456301902329,nan,nan,nan,nan
Name:	88.58667904100822_8_150_1
Lambda:	88.58667904100822	Maximal Depth:	30	Filter time:	8 to 150 [us]
Chi2:	0.8857118928466666	RelRMS:	5.9930560321922535	AbsRMS:	2.999148391610877e-07	Phi model:	0.0134898117837862
depth_vector,start_model,resistivity_model,conductivity_model,E/I[V/A],modelled_thickness,rhoa,sigma
0.0,19.813,16.59101346688865,0.0602735934122252,0.0001655932695054,1.0,17.111922669626974,0.058438786763276
1.0,19.813,16.71317124174968,0.0598330493677937,9.435947623771448e-05,1.0,17.491308026171,0.0571712532020916
2.0,19.813,16.95959453099512,0.0589636738173435,5.903707822321638e-05,1.0,17.84721575912479,0.0560311486954892
3.0,19.813,17.32696834795433,0.0577135007070098,3.996738676687989e-05,1.0,18.07120560604959,0.0553366511233338
4.0,19.813,17.81101715405819,0.0561450248096669,2.4767244456756712e-05,1.0,18.403368660643064,0.0543378779418016
5.0,19.813,18.404013158522613,0.0543359750607935,1.4274669880451762e-05,1.0,18.8061404793398,0.0531741215641023
6.0,19.813,19.097844135888177,0.052361931162734,9.067501920024345e-06,1.5,19.10374112322881,0.0523457679597673
7.5,19.813,19.89860696114025,0.050254774213737,6.161517070849561e-06,1.5,19.37454253591928,0.0516141218893843
9.0,19.813,20.76149385438631,0.0481660908898773,3.842005282077436e-06,1.5,19.70033698527791,0.0507605530173063
10.5,19.813,21.639335781622982,0.0462121393231136,2.243466917881391e-06,1.5,20.04319632468576,0.0498922419259233
12.0,19.813,22.481225805732688,0.044481560242369,1.430506879202131e-06,1.5,20.329565134183337,0.0491894437190169
13.5,19.813,23.241448910248188,0.0430265773817163,9.79370944526684e-07,1.5,20.5587098203066,0.0486411846239623
15.0,19.813,23.88092176044698,0.0418744305613973,6.165885509495495e-07,1.5,20.8197551184466,0.0480313046100136
16.5,19.813,24.37354504771175,0.0410280900067051,3.618409385796037e-07,2.0,21.11545995191057,0.0473586652754641
18.5,19.813,24.652333305388453,0.0405641116243314,2.330655419979717e-07,2.0,21.341371163115813,0.0468573454046989
20.5,19.813,24.725322162700984,0.0404443668486769,1.6026607090230664e-07,2.0,21.52370338752615,0.0464604060925472
22.5,19.813,24.62383231857216,0.0406110627729447,1.0130904187333917e-07,2.0,21.75038923450393,0.0459761887117698
24.5,19.813,24.3912751983731,0.0409982664648341,nan,2.0,nan,nan
26.5,19.813,24.074021934229783,0.0415385515030267,nan,2.0,nan,nan
28.5,19.813,23.71627891850177,0.0421651306866639,nan,nan,nan,nan
Name:	112.88378916846884_8_150_1
Lambda:	112.88378916846884	Maximal Depth:	30	Filter time:	8 to 150 [us]
Chi2:	0.8823024750280122	RelRMS:	5.962559628541069	AbsRMS:	2.863843033144708e-07	Phi model:	0.0131630975543972
depth_vector,start_model,resistivity_model,conductivity_model,E/I[V/A],modelled_thickness,rhoa,sigma
0.0,19.813,16.60146706910213,0.0602356403706726,0.0001654475882615,1.0,17.121966214763884,0.0584045072544134
1.0,19.813,16.724035596345413,0.0597941803124673,9.428916063190705e-05,1.0,17.500002974745435,0.0571428474294043
2.0,19.813,16.970902599954737,0.0589243850826571,5.9001630611291416e-05,1.0,17.854363333873376,0.0560087179419495
3.0,19.813,17.3389757815831,0.0576735334656945,3.994884405176885e-05,1.0,18.076797145395805,0.0553195343155522
4.0,19.813,17.823330838452687,0.0561062356449426,2.476010551141045e-05,1.0,18.40690591887289,0.0543274358225889
5.0,19.813,18.415966917608348,0.0543007057122726,1.4273306211947383e-05,1.0,18.807338283256136,0.0531707350045531
6.0,19.813,19.10793694083763,0.0523342736108152,9.06780452418562e-06,1.5,19.103316110118065,0.0523469325553562
7.5,19.813,19.904917149006067,0.0502388426193441,6.162213025819263e-06,1.5,19.373083745824644,0.0516180084244731
9.0,19.813,20.76145765262867,0.0481661748770991,3.842618204880096e-06,1.5,19.698242040956348,0.0507659514956112
10.5,19.813,21.62943927585333,0.0462332835930878,2.2437671483273844e-06,1.5,20.041408345933867,0.0498966930237159
12.0,19.813,22.45876311395734,0.0445260495836716,1.4305751314117008e-06,1.5,20.32891851836059,0.0491910083213144
13.5,19.813,23.20536683082776,0.0430934795080043,9.793020352504428e-07,1.5,20.559674227710605,0.0486389029769832
15.0,19.813,23.833057796769094,0.0419585270395124,6.164252483741784e-07,1.5,20.82343198441861,0.0480228235551306
16.5,19.813,24.318367995396752,0.0411211805080542,3.61642950450571e-07,2.0,21.12316594855424,0.0473413882386529
18.5,19.813,24.599373908245727,0.0406514411191904,2.328752101617745e-07,2.0,21.35299796027686,0.0468318313831297
20.5,19.813,24.686681307026333,0.0405076724393642,1.6009552379870725e-07,2.0,21.53898657076348,0.0464274396901002
22.5,19.813,24.61138076462789,0.040631608992748,1.011689139965848e-07,2.0,21.77046874040128,0.0459337836003602
24.5,19.813,24.414545569753685,0.0409591895594757,nan,2.0,nan,nan
26.5,19.813,24.13908764788857,0.0414265863974138,nan,2.0,nan,nan
28.5,19.813,23.82546802943576,0.0419718932179852,nan,nan,nan,nan
Name:	143.8449888287663_8_150_1
Lambda:	143.8449888287663	Maximal Depth:	30	Filter time:	8 to 150 [us]
Chi2:	0.8786966486492264	RelRMS:	5.931867809949037	AbsRMS:	2.772983687684502e-07	Phi model:	0.012824310262251
depth_vector,start_model,resistivity_model,conductivity_model,E/I[V/A],modelled_thickness,rhoa,sigma
0.0,19.813,16.621986989948056,0.060161279190312,0.0001652532174789,1.0,17.135389485072867,0.0583587551873932
1.0,19.813,16.74414599109415,0.059722365089977,9.419794923853696e-05,1.0,17.511297928123515,0.0571059897504215
2.0,19.813,16.989973807513824,0.0588582425923311,5.89564357089151e-05,1.0,17.863486716107662,0.0559801127233627
3.0,19.813,17.35637572234696,0.0576157151698706,3.992522720211821e-05,1.0,18.083925051776507,0.0552977297316194
4.0,19.813,17.837888619534848,0.056060446464772,2.4750851127766107e-05,1.0,18.411493881110665,0.054313897962726
5.0,19.813,18.426788196184688,0.054268817189045,1.4271263710867636e-05,1.0,18.80913270937405,0.0531656624178967
6.0,19.813,19.114043863094004,0.0523175528508036,9.06786682036659e-06,1.5,19.103228616920106,0.0523471723054332
7.5,19.813,19.90428271976737,0.0502404439325451,6.162828725276819e-06,1.5,19.37179340808032,0.0516214466536114
9.0,19.813,20.75182476963987,0.0481885333507157,3.843222441872402e-06,1.5,19.69617732944373,0.0507712731904126
10.5,19.813,21.608528865601407,0.0462780231925875,2.244074196780827e-06,1.5,20.03958017590699,0.0499012449972515
12.0,19.813,22.425328975836205,0.0445924338981837,1.4306490020568177e-06,1.5,20.32821873187818,0.0491927016916551
13.5,19.813,23.160074572168508,0.0431777538921097,9.792357920911127e-07,1.5,20.560601428582792,0.0486367095570379
15.0,19.813,23.779061195478977,0.0420538048907551,6.162616406502038e-07,1.5,20.82711734937853,0.0480143259014113
16.5,19.813,24.261388772703544,0.0412177558905901,3.61442983651037e-07,2.0,21.130956098405072,0.0473239353365311
18.5,19.813,24.54941037237941,0.0407341758857517,2.3268255278854141e-07,2.0,21.36478295794057,0.0468059985429589
20.5,19.813,24.654496937667584,0.0405605517941914,1.599227561665688e-07,2.0,21.554496433558203,0.0463940321260811
22.5,19.813,24.60673579508012,0.0406392789489754,1.0102692024444337e-07,2.0,21.790862953841792,0.045890793867055
24.5,19.813,24.444869738185258,0.0409083791695524,nan,2.0,nan,nan
26.5,19.813,24.208956319711696,0.041307026490265,nan,2.0,nan,nan
28.5,19.813,23.936581196773115,0.0417770604657113,nan,nan,nan,nan
Name:	183.29807108324357_8_150_1
Lambda:	183.2980710832436	Maximal Depth:	30	Filter time:	8 to 150 [us]
Chi2:	0.8755637605085208	RelRMS:	5.90173061213021	AbsRMS:	2.807276099339563e-07	Phi model:	0.0124675343070369
depth_vector,start_model,resistivity_model,conductivity_model,E/I[V/A],modelled_thickness,rhoa,sigma
0.0,19.813,16.65346534448132,0.0600475624330874,0.0001650081724672,1.0,17.15234986979502,0.0583010495699473
1.0,19.813,16.774024059759732,0.0596159869830497,9.408457824338372e-05,1.0,17.52536239945463,0.0570601609945092
2.0,19.813,17.01588255135136,0.0587686237832302,5.890069502476839e-05,1.0,17.87475501535794,0.0559448226921601
3.0,19.813,17.377713431998373,0.0575449701085906,3.989603406183381e-05,1.0,18.09274568121089,0.0552707708171949
4.0,19.813,17.854597392082148,0.0560079837164775,2.4739224398007308e-05,1.0,18.417262013973296,0.0542968873028625
5.0,19.813,18.43820125848114,0.0542352253336004,1.4268448320382784e-05,1.0,18.811606854225868,0.0531586699503747
6.0,19.813,19.117010025189693,0.0523094353501066,9.067663828323546e-06,1.5,19.103513717104004,0.052346391078028
7.5,19.813,19.897074693681045,0.0502586443180806,6.163368242275975e-06,1.5,19.3706629045502,0.0516244593655645
9.0,19.813,20.73308278364353,0.0482320941094638,3.84383605818119e-06,1.5,19.69408112190032,0.0507766772062279
10.5,19.813,21.57641923353529,0.04634689329941,2.24440753636056e-06,1.5,20.03759594013028,0.0499061865000107
12.0,19.813,22.38081134101221,0.0446811326347015,1.4307445766958645e-06,1.5,20.327313429920583,0.0491948925492564
13.5,19.813,23.10552735726825,0.0432796873465617,9.791846797674903e-07,1.5,20.561316915656462,0.0486350171101417
15.0,19.813,23.71964469959329,0.0421591475194882,6.161061579700036e-07,1.5,20.8306212042438,0.0480062495590036
16.5,19.813,24.202886177052463,0.0413173863928729,3.612459730504957e-07,2.0,21.13863811077214,0.0473067373006591
18.5,19.813,24.50015947575784,0.0408160608501128,2.324905449851077e-07,2.0,21.376544412880712,0.0467802457069458
20.5,19.813,24.62509354401841,0.0406089827927945,1.597496162440779e-07,2.0,21.570067759602978,0.0463605405020019
22.5,19.813,24.60627371360752,0.0406400421144218,1.0088402493394013e-07,2.0,21.811434942378376,0.0458475108419876
24.5,19.813,24.480115967180502,0.0408494796895839,nan,2.0,nan,nan
26.5,19.813,24.2836625737831,0.0411799495632759,nan,2.0,nan,nan
28.5,19.813,24.050457162545914,0.041579251206805,nan,nan,nan,nan
Name:	233.57214690901213_8_150_1
Lambda:	233.57214690901213	Maximal Depth:	30	Filter time:	8 to 150 [us]
Chi2:	0.8703451956146396	RelRMS:	5.833245363371168	AbsRMS:	2.834322224484634e-07	Phi model:	0.0123858630494908
depth_vector,start_model,resistivity_model,conductivity_model,E/I[V/A],modelled_thickness,rhoa,sigma
0.0,19.813,16.65691027101722,0.0600351435968281,0.000165039882576,1.0,17.15015274309185,0.0583085185875562
1.0,19.813,16.77715971254351,0.0596048447492781,9.411393880761848e-05,1.0,17.521717305059386,0.0570720313876568
2.0,19.813,17.018363480556612,0.0587600565202696,5.892502233008949e-05,1.0,17.869834926153473,0.0559602259412282
3.0,19.813,17.37867694767358,0.0575417796769544,3.991537076863363e-05,1.0,18.0869019445724,0.0552886283712111
4.0,19.813,17.853424241261973,0.0560116640083445,2.475285822690909e-05,1.0,18.41049859691168,0.0543168342093542
5.0,19.813,18.43448422339847,0.0542461610469536,1.4276678007944364e-05,1.0,18.804376949892788,0.0531791083886829
6.0,19.813,19.11052460890364,0.0523271872680092,9.072543374499808e-06,1.5,19.09666338996243,0.0523651686988219
7.5,19.813,19.88637413725515,0.0502856877326168,6.166191246536363e-06,1.5,19.364750271711195,0.0516402218447836
9.0,19.813,20.717754624291125,0.0482677789236639,3.844962850663537e-06,1.5,19.69023327777533,0.0507865999296572
10.5,19.813,21.55734810827739,0.0463878949756361,2.2444365188890074e-06,1.5,20.03742344206248,0.0499066161321322
12.0,19.813,22.35947921986823,0.0447237607891787,1.4303262859950408e-06,1.5,20.33127630743027,0.0491853037103499
13.5,19.813,23.08471350989906,0.0433187095681818,9.786021711163463e-07,1.5,20.5694754622216,0.0486157268247615
15.0,19.813,23.702962380769645,0.0421888194368188,6.15483196196203e-07,1.5,20.84467465334914,0.0479738838158996
16.5,19.813,24.19580188500688,0.0413294837159192,3.606890156466562e-07,2.0,21.16039331190202,0.0472581007952027
18.5,19.813,24.51039957463107,0.0407990084761827,2.320241406840451e-07,2.0,21.405181591074,0.0467176601957444
20.5,19.813,24.659678093298545,0.0405520297635903,1.5936434284886168e-07,2.0,21.604818437240706,0.0462859710163672
22.5,19.813,24.671142868869605,0.0405331850784186,1.0058998892311685e-07,2.0,21.8539191362216,0.0457583829136879
24.5,19.813,24.579039404149945,0.0406850724943774,nan,2.0,nan,nan
26.5,19.813,24.418486109998923,0.0409525797584363,nan,2.0,nan,nan
28.5,19.813,24.22041334557955,0.0412874869529222,nan,nan,nan,nan
Name:	297.63514416313194_8_150_1
Lambda:	297.63514416313194	Maximal Depth:	30	Filter time:	8 to 150 [us]
Chi2:	0.8690919344725812	RelRMS:	5.810336117452732	AbsRMS:	3.10688017954468e-07	Phi model:	0.0119894507505689
depth_vector,start_model,resistivity_model,conductivity_model,E/I[V/A],modelled_thickness,rhoa,sigma
0.0,19.813,16.70477832429887,0.0598631110563971,0.0001646909063836,1.0,17.17437137764543,0.0582262941688581
1.0,19.813,16.82266151337436,0.0594436260400876,9.395323313884148e-05,1.0,17.54169204547762,0.057007043414481
2.0,19.813,17.059190010846386,0.058619430310829,5.884572587362708e-05,1.0,17.88588476394408,0.0559100102230272
3.0,19.813,17.41239760014492,0.0574303449165252,3.9873215344987945e-05,1.0,18.09964778945633,0.0552496938963936
4.0,19.813,17.877716002930686,0.0559355568595043,2.4735349587337725e-05,1.0,18.419185348835835,0.0542912176114892
5.0,19.813,18.44692789425014,0.0542095684296406,1.42717384291657e-05,1.0,18.808715610503505,0.0531668414105619
6.0,19.813,19.10891220062688,0.0523316026313206,9.07153374425606e-06,1.5,19.0980802919499,0.0523612836847017
7.5,19.813,19.8686710658006,0.0503304924968672,6.16646364129371e-06,1.5,19.36417999398597,0.0516417426563156
9.0,19.813,20.68319887555152,0.0483484206682383,3.845594549945531e-06,1.5,19.688076932097463,0.0507921623553644
10.5,19.813,21.506929986578967,0.0464966408791972,2.244880108001737e-06,1.5,20.03478375376177,0.0499131915917104
12.0,19.813,22.29599795140648,0.044851098487696,1.4305374905132384e-06,1.5,20.3292751187793,0.0491901454506975
13.5,19.813,23.0129319067358,0.0434538286582816,9.78652851827686e-07,1.5,20.5687653127924,0.0486174053129998
15.0,19.813,23.629131164921954,0.0423206419660713,6.154068884065341e-07,1.5,20.846397717346274,0.0479699185230405
16.5,19.813,24.12709474270813,0.0414471783969028,3.605473965159663e-07,2.0,21.16593399881203,0.0472457298627183
18.5,19.813,24.4566735149521,0.04088863513628,2.3187201116598525e-07,2.0,21.414543088875856,0.0466972372863498
20.5,19.813,24.629912884617536,0.040601036823989,1.5922087746218977e-07,2.0,21.617794450582306,0.0462581880073831
22.5,19.813,24.67240649745869,0.0405311091199393,1.004674764767574e-07,2.0,21.87168165560621,0.0457212214289739
24.5,19.813,24.615690201270706,0.0406244956701794,nan,2.0,nan,nan
26.5,19.813,24.492207683428514,0.0408293124460398,nan,2.0,nan,nan
28.5,19.813,24.330355420937245,0.041100920340007,nan,nan,nan,nan
Name:	379.26901907322497_8_150_1
Lambda:	379.26901907322497	Maximal Depth:	30	Filter time:	8 to 150 [us]
Chi2:	0.8659312862144415	RelRMS:	5.753629089897825	AbsRMS:	3.241550678678423e-07	Phi model:	0.0118522578408
depth_vector,start_model,resistivity_model,conductivity_model,E/I[V/A],modelled_thickness,rhoa,sigma
0.0,19.813,16.72742162007186,0.0597820765634353,0.0001646035888059,1.0,17.180444521676673,0.0582057116588743
1.0,19.813,16.843722380648643,0.0593692995764924,9.39272428623479e-05,1.0,17.544927829469714,0.0569965296933469
2.0,19.813,17.076970745854283,0.0585583950972549,5.884188037525917e-05,1.0,17.88666402061281,0.0559075744279418
3.0,19.813,17.4252729129796,0.0573879103640969,3.9876736967495285e-05,1.0,18.098582154534128,0.0552529469690793
4.0,19.813,17.884007262393528,0.0559158797761617,2.4741590280215768e-05,1.0,18.41608791086729,0.0543003489579294
5.0,19.813,18.445173430479088,0.0542147247229231,1.4277182330491451e-05,1.0,18.80393412082035,0.0531803607465719
6.0,19.813,19.097890962910867,0.0523618027740368,9.075313548707032e-06,1.5,19.09277711277561,0.0523758274709479
7.5,19.813,19.84780118580827,0.0503834147993697,6.168902306379392e-06,1.5,19.35907634569949,0.0516553570089176
9.0,19.813,20.65312424663852,0.0484188245835377,3.846734024621131e-06,1.5,19.684188755331984,0.0508021952252984
10.5,19.813,21.46973698808246,0.0465771891176443,2.245063941909749e-06,1.5,20.03369005874769,0.0499159164920469
12.0,19.813,22.25518200427507,0.044933355288126,1.4302898059667215e-06,1.5,20.331622010042228,0.0491844674028505
13.5,19.813,22.973186493800288,0.0435290071871338,9.782252502407235e-07,1.5,20.57475888537018,0.0486032427194593
15.0,19.813,23.596236714793896,0.0423796392656562,6.149083942296632e-07,1.5,20.85766270619286,0.0479440105100122
16.5,19.813,24.107027458591904,0.0414816800502541,3.60080321833368e-07,2.0,21.184233500832345,0.0472049177498307
18.5,19.813,24.457260484689574,0.0408876538165837,2.314717662179661e-07,2.0,21.43922167679604,0.0466434843146527
20.5,19.813,24.65778457914222,0.0405551438244736,1.588856478486766e-07,2.0,21.6481910660383,0.0461932360514316
22.5,19.813,24.7321907261312,0.0404331347381788,1.0020841013148124e-07,2.0,21.909361646537217,0.0456425895073054
24.5,19.813,24.70990839485796,0.0404695955978572,nan,2.0,nan,nan
26.5,19.813,24.620841003743816,0.0406159968235017,nan,2.0,nan,nan
28.5,19.813,24.49169530895871,0.0408301666089327,nan,nan,nan,nan
Name:	483.2930238571752_8_150_1
Lambda:	483.2930238571752	Maximal Depth:	30	Filter time:	8 to 150 [us]
Chi2:	0.8711168488145609	RelRMS:	5.749447092503206	AbsRMS:	3.987382653891862e-07	Phi model:	0.0114153647245101
depth_vector,start_model,resistivity_model,conductivity_model,E/I[V/A],modelled_thickness,rhoa,sigma
0.0,19.813,16.79098132717694,0.0595557806011883,0.0001641480296745,1.0,17.21221703262549,0.0580982681141258
1.0,19.813,16.903995180608945,0.0591576127013529,9.371514678593685e-05,1.0,17.57138963598928,0.0569106952105725
2.0,19.813,17.130822857473216,0.0583743120993021,5.873545603116871e-05,1.0,17.908263717746728,0.0558401426157813
3.0,19.813,17.46946482048879,0.0572427381305445,3.981889011224172e-05,1.0,18.116106378692034,0.0551994992244133
4.0,19.813,17.91514858186634,0.055818683022936,2.471643658912517e-05,1.0,18.428580381859064,0.0542635395282206
5.0,19.813,18.46052061784808,0.0541696532129855,1.4269214894710632e-05,1.0,18.81093311363087,0.0531605739045116
6.0,19.813,19.09473370427772,0.0523704606457001,9.07307576148346e-06,1.5,19.09591635079457,0.0523672172431982
7.5,19.813,19.824180338398417,0.0504434474934154,6.168747838924261e-06,1.5,19.35939951606893,0.0516544947156014
9.0,19.813,20.60892194602741,0.0485226739476666,3.847410115217083e-06,1.5,19.68188266988618,0.0508081476133392
10.5,19.813,21.40661282679173,0.0467145366757153,2.2457372113134707e-06,1.5,20.029685807335024,0.049925895474296
12.0,19.813,22.177215446681345,0.0450913236787643,1.4307566025743132e-06,1.5,20.32719952555115,0.0491951682150316
13.5,19.813,22.88601815573145,0.0436948006068747,9.785133203530409e-07,1.5,20.57072060687133,0.0486127841173422
15.0,19.813,23.506827383794064,0.0425408322302742,6.150287748665774e-07,1.5,20.85494094666988,0.0479502676395581
16.5,19.813,24.02322822482089,0.0416263788797042,3.600855299929011e-07,2.0,21.18402923244898,0.0472053729263285
18.5,19.813,24.38896589519205,0.0410021484427568,2.314303681781803e-07,2.0,21.441778285365043,0.0466379227828572
20.5,19.813,24.61367825648465,0.0406278163539633,1.5882748223596532e-07,2.0,21.653476060114087,0.0461819616039389
22.5,19.813,24.718382777437263,0.0404557211126608,1.0014666483253985e-07,2.0,21.91836618079456,0.0456238385539988
24.5,19.813,24.72989792598861,0.0404368834433846,nan,2.0,nan,nan
26.5,19.813,24.675249291990266,0.0405264395981039,nan,2.0,nan,nan
28.5,19.813,24.579051147110324,0.0406850530565565,nan,nan,nan,nan
Name:	615.8482110660261_8_150_1
Lambda:	615.8482110660261	Maximal Depth:	30	Filter time:	8 to 150 [us]
Chi2:	0.8742455299803168	RelRMS:	5.717826494912207	AbsRMS:	4.416359865812682e-07	Phi model:	0.0112152740020601
depth_vector,start_model,resistivity_model,conductivity_model,E/I[V/A],modelled_thickness,rhoa,sigma
0.0,19.813,16.829702681554203,0.0594187561670965,0.0001639378405373,1.0,17.22692605644826,0.0580486615385271
1.0,19.813,16.940188232945307,0.0590312212738698,9.362824024075033e-05,1.0,17.582261232145324,0.0568755057609836
2.0,19.813,17.161962390487624,0.0582683947934923,5.869859740963477e-05,1.0,17.91575969304022,0.0558167790332928
3.0,19.813,17.49324280055933,0.0571649299904547,3.980291660740535e-05,1.0,18.12095289725072,0.0551847359060084
4.0,19.813,17.929370985793142,0.0557744050693345,2.471290437518047e-05,1.0,18.43033633729235,0.0542583695543622
5.0,19.813,18.463057725665006,0.0541622094703157,1.4270638725334773e-05,1.0,18.809681871900548,0.053164110207195
6.0,19.813,19.084304539583016,0.052399079983548,9.07516370155189e-06,1.5,19.09298728275564,0.0523752509332669
7.5,19.813,19.799840889803427,0.050505456360257,6.170560072391864e-06,1.5,19.355608885632243,0.0516646108065504
9.0,19.813,20.57121657660945,0.0486116120685371,3.848571481090727e-06,1.5,19.67792292936991,0.050818371613168
10.5,19.813,21.35815935806092,0.0468205140356621,2.2462145755779257e-06,1.5,20.02684790839918,0.0499329702094858
12.0,19.813,22.121966508497792,0.045203937887523,1.4308501289009278e-06,1.5,20.32631373559308,0.0491973120659313
13.5,19.813,22.82923548664006,0.0438034817497595,9.784088772965631e-07,1.5,20.5721845011332,0.0486093248845262
15.0,19.813,23.45494334376368,0.0426349356442118,6.148024338726452e-07,1.5,20.86005916374932,0.0479385025780657
16.5,19.813,23.982736884326016,0.041696658926928,3.5982432328273373e-07,2.0,21.194280052020485,0.047182541588841
18.5,19.813,24.36792497961457,0.0410375524726281,2.3118664533304205e-07,2.0,21.45684528437426,0.0466051736285874
20.5,19.813,24.618488314468152,0.0406198783299096,1.5861349314296744e-07,2.0,21.6729471502903,0.0461404714857437
22.5,19.813,24.753178792107697,0.0403988517353108,9.997443976868965e-08,2.0,21.943531339835697,0.0455715164762303
24.5,19.813,24.79658275037153,0.0403281375529463,nan,2.0,nan,nan
26.5,19.813,24.77360655245166,0.04036553974823,nan,2.0,nan,nan
28.5,19.813,24.706615731352244,0.0404749890018736,nan,nan,nan,nan
Name:	784.7599703514607_8_150_1
Lambda:	784.7599703514607	Maximal Depth:	30	Filter time:	8 to 150 [us]
Chi2:	0.8824677818322397	RelRMS:	5.7049242112066825	AbsRMS:	5.031712716306607e-07	Phi model:	0.0109685127296477
depth_vector,start_model,resistivity_model,conductivity_model,E/I[V/A],modelled_thickness,rhoa,sigma
0.0,19.813,16.876286266358385,0.0592547426736547,0.0001636553947502,1.0,17.246741165274724,0.057981968327642
1.0,19.813,16.98393633875881,0.0588791655864791,9.35043407609021e-05,1.0,17.59778958225037,0.0568253186189149
2.0,19.813,17.200176532843734,0.058138938172553,5.86410973439608e-05,1.0,17.927469217893524,0.0557803216865598
3.0,19.813,17.523246692502507,0.0570670502760119,3.977447881307879e-05,1.0,18.12958923156164,0.0551584477302502
4.0,19.813,17.948707643571606,0.0557143177023195,2.4702939830704605e-05,1.0,18.43529222683382,0.0542437834830972
5.0,19.813,18.4694071914896,0.05414358943046,1.4269323834966936e-05,1.0,18.81083737116,0.0531608444785748
6.0,19.813,19.075789769742315,0.0524224691124549,9.076068255268276e-06,1.5,19.091718677672016,0.052378731159993
7.5,19.813,19.775384757803863,0.0505679162376537,6.171920691394841e-06,1.5,19.35276411187883,0.0516722052839054
9.0,19.813,20.531269036459776,0.0487061953269514,3.849740713198864e-06,1.5,19.67393837978788,0.0508286638239832
10.5,19.813,21.30491209098806,0.0469375323272513,2.2469019338351158e-06,1.5,20.02276337433853,0.0499431562619181
12.0,19.813,22.059537620116203,0.045331865845098,1.4311934531676912e-06,1.5,20.3230629308038,0.0492051814928099
13.5,19.813,22.76324010562197,0.0439304771798731,9.785441460321475e-07,1.5,20.57028859790899,0.0486138050635639
15.0,19.813,23.39156652712669,0.042750450203509,6.147805276584128e-07,1.5,20.86055469257694,0.0479373638303032
16.5,19.813,23.928649778859054,0.041790907938462,3.597195024444781e-07,2.0,21.19839713826093,0.0471733779435192
18.5,19.813,24.33114275384436,0.0410995903528616,2.3106269253503122e-07,2.0,21.46451823305863,0.0465885136177828
20.5,19.813,24.60505471654598,0.0406420555255883,1.5849275044870917e-07,2.0,21.68395298652248,0.046117052578999
22.5,19.813,24.767311165732867,0.0403757999125703,9.986934581121008e-08,2.0,21.958922971486206,0.0455395741083707
24.5,19.813,24.83983788910158,0.0402579116846309,nan,2.0,nan,nan
26.5,19.813,24.84560569804764,0.0402485659699002,nan,2.0,nan,nan
28.5,19.813,24.805826592518116,0.0403131093523655,nan,nan,nan,nan
Name:	1000.0_8_150_1
Lambda:	1000.0	Maximal Depth:	30	Filter time:	8.0 to 150.0 [us]
Chi2:	0.8979651300207449	RelRMS:	5.715319645983317	AbsRMS:	5.876292774121402e-07	Phi model:	0.010661743372186004
depth_vector,start_model,resistivity_model,conductivity_model,E/I[V/A],modelled_thickness,rhoa,sigma
0.0,19.813,16.930977567289457,0.05906333500388033,0.00016329176779996947,1.0,17.27233565667002,0.05789604949078397
1.0,19.813,17.035731997373198,0.0587001486143474,9.333826785334071e-05,1.0,17.618657408366126,0.05675801378175135
2.0,19.813,17.246127972028237,0.05798402990061975,5.855976994769099e-05,1.0,17.944063740347467,0.055728736504178075
3.0,19.813,17.560343757632417,0.056946493405936924,3.9731525660891906e-05,1.0,18.14265329507,0.05511872953399464
4.0,19.813,17.974016484768416,0.055635867522844565,2.46854079080471e-05,1.0,18.444019862560385,0.054218115543776084
5.0,19.813,18.480315605351084,0.05411162998268515,1.4264756380680289e-05,1.0,18.814852537542993,0.05314949973722136
6.0,19.813,19.070074042130795,0.05243818129865347,9.075563365866746e-06,1.5,19.092426741488126,0.05237678863666845
7.5,19.813,19.751509696210476,0.05062904129256813,6.172746129366305e-06,1.5,19.351038800640957,0.05167681230461268
9.0,19.813,20.48960690084585,0.04880523110273619,3.850927737916183e-06,1.5,19.669895258639382,0.05083911158910628
10.5,19.813,21.24765594569238,0.04706401508740233,2.2478519681395575e-06,1.5,20.017121350299156,0.04995723323548992
12.0,19.813,21.990521400341013,0.04547413777940221,1.4318475023012036e-06,1.5,20.3168735873898,0.04922017138604811
13.5,19.813,22.68768172159188,0.04407678194146648,9.789773376568822e-07,1.5,20.564219997071657,0.048628151232694455
15.0,19.813,23.31551344074761,0.04288989828773572,6.150127047155435e-07,1.5,20.855304235198965,0.04794943237088959
16.5,19.813,23.858319741745103,0.04191410002148188,3.5980909415368247e-07,2.0,21.19487808795017,0.04718121028346587
18.5,19.813,24.27428280290072,0.04119586181473103,2.3108765067799343e-07,2.0,21.462972718022264,0.046591868383651674
20.5,19.813,24.567937263586625,0.04070345789600132,1.5848794223991e-07,2.0,21.68439154962873,0.04611611986950685
22.5,19.813,24.75406081925179,0.04039741225901317,9.984770696381743e-08,2.0,21.96209546044509,0.04553299578362427
24.5,19.813,24.852520296725018,0.04023736780256353,nan,2.0,nan,nan
26.5,19.813,24.884304709976544,0.040185973112565325,nan,2.0,nan,nan
28.5,19.813,24.868903118800024,0.04021086073732118,nan,nan,nan,nan
