Name:	10.0_8_150_1
Lambda:	10	Maximal Depth:	30	Filter time:	8 to 150 [us]
Chi2:	0.727336210995158	RelRMS:	46.39609361402614	AbsRMS:	3.278456311758933e-07	Phi model:	0.3441107834931318
depth_vector,start_model,resistivity_model,conductivity_model,E/I[V/A],modelled_thickness,rhoa,sigma
0.0,20.2804,18.572126840343262,0.0538441293555971,0.0001295911588193,1.0,20.150091103653647,0.0496275671834892
1.0,20.2804,18.925801974117835,0.0528379194375783,7.561124216424445e-05,1.0,20.27472880095061,0.0493224846466559
2.0,20.2804,19.588851963828112,0.0510494439309947,4.8667888841070224e-05,1.0,20.299813109277583,0.0492615372672062
3.0,20.2804,20.515693519218534,0.0487431730769046,3.390698071073284e-05,1.0,20.16499954189449,0.0495908764055469
4.0,20.2804,21.603180079442144,0.0462894812857488,2.1826820985025613e-05,1.0,20.02113967992048,0.0499472066019756
5.0,20.2804,22.70204092712942,0.0440489030572127,1.314136970023592e-05,1.0,19.872383943346737,0.050321088946895
6.0,20.2804,23.62000358287813,0.0423369961181923,8.618053236510655e-06,1.5,19.762296616993453,0.0506014062727966
7.5,20.2804,23.916706596189403,0.0418117768840015,5.9900751582501775e-06,1.5,19.74248029575968,0.0506521969387393
9.0,20.2804,23.398308683038824,0.0427381317832125,3.810921157885783e-06,1.5,19.80731693886243,0.0504863936436527
10.5,20.2804,22.1004046793411,0.0452480402286377,2.250608695983408e-06,1.5,20.00077228372696,0.0499980693652325
12.0,20.2804,20.32325037859896,0.049204727657788,1.4350930225270217e-06,1.5,20.28623041559388,0.0492945204463076
13.5,20.2804,18.465364353640734,0.0541554437187606,9.75824545665044e-07,1.5,20.60849014518145,0.0485236906224211
15.0,20.2804,16.884449989628784,0.0592260926837561,6.044779650030731e-07,1.5,21.09691428949252,0.0474002968527988
16.5,20.2804,15.83103309191375,0.0631670715482734,3.447975383599102e-07,2.0,21.80567705129676,0.0458596170918036
18.5,20.2804,15.738501691429022,0.0635384498223605,2.154404486668186e-07,2.0,22.49000413248755,0.0444641981437196
20.5,20.2804,16.911813736814178,0.0591302633509478,1.4378145369139518e-07,2.0,23.138905457835698,0.0432172559684046
22.5,20.2804,19.77798638191314,0.050561264462923,8.72465912148103e-08,2.0,24.02887990283521,0.0416165882073432
24.5,20.2804,25.0567672962628,0.0399093781003884,nan,2.0,nan,nan
26.5,20.2804,33.936721805842794,0.0294666056940076,nan,2.0,nan,nan
28.5,20.2804,48.2446267561544,0.0207276968905647,nan,nan,nan,nan
Name:	12.742749857031335_8_150_1
Lambda:	12.742749857031336	Maximal Depth:	30	Filter time:	8 to 150 [us]
Chi2:	0.7176111912857597	RelRMS:	46.59393621033324	AbsRMS:	4.2972103293329843e-07	Phi model:	0.289757455525935
depth_vector,start_model,resistivity_model,conductivity_model,E/I[V/A],modelled_thickness,rhoa,sigma
0.0,20.2804,19.055306754937504,0.05247881930533,0.0001290444504726,1.0,20.20696276829439,0.0494878924391865
1.0,20.2804,19.36242896006593,0.0516464128577283,7.548378827337393e-05,1.0,20.2975448825863,0.0492670421858715
2.0,20.2804,19.935163788681027,0.0501626177040887,4.864782710474429e-05,1.0,20.30539364646617,0.0492479987047202
3.0,20.2804,20.723567196947844,0.0482542407152413,3.390036839872899e-05,1.0,20.167621596670497,0.0495844289425328
4.0,20.2804,21.627843327243504,0.0462366952113228,2.18163164735554e-05,1.0,20.02756592264545,0.0499311800476605
5.0,20.2804,22.50792283880674,0.0444287999013335,1.3123003866067673e-05,1.0,19.8909207475648,0.0502741935725839
6.0,20.2804,23.199748544585987,0.0431039154617632,8.597203053795674e-06,1.5,19.794235773675148,0.0505197579453875
7.5,20.2804,23.35089773900597,0.0428249059705132,5.970744690805722e-06,1.5,19.785068589656703,0.0505431656942944
9.0,20.2804,22.78934254997677,0.0438801601146242,3.795601536322609e-06,1.5,19.860578034205755,0.0503510017824106
10.5,20.2804,21.580819429731697,0.0463374434532503,2.2403817031635853e-06,1.5,20.06159300539484,0.0498464902428778
12.0,20.2804,19.98799041684776,0.0500300419974739,1.428498375803133e-06,1.5,20.348616579567764,0.0491433899739459
13.5,20.2804,18.35594358607796,0.0544782672332055,9.71594888020793e-07,1.5,20.66825698620466,0.0483833736278518
15.0,20.2804,16.99601109901482,0.0588373350766972,6.02275252756023e-07,1.5,21.14832173818636,0.0472850759686691
16.5,20.2804,16.137972763082857,0.0619656517383394,3.4399203295538615e-07,2.0,21.83970447279877,0.0457881653685146
18.5,20.2804,16.19951348232231,0.0617302489418122,2.152577822694025e-07,2.0,22.50272558419968,0.0444390612265276
20.5,20.2804,17.469997555896494,0.0572409925531145,1.4387999921029378e-07,2.0,23.128338801217623,0.04323700065944
22.5,20.2804,20.331457752086,0.0491848647644264,8.749792985922077e-08,2.0,23.982842385722968,0.0416964755018071
24.5,20.2804,25.385203243903938,0.0393930271265463,nan,2.0,nan,nan
26.5,20.2804,33.555045932829884,0.0298017771157813,nan,2.0,nan,nan
28.5,20.2804,46.152530093928895,0.0216672845013007,nan,nan,nan,nan
Name:	16.237767391887218_8_150_1
Lambda:	16.237767391887218	Maximal Depth:	30	Filter time:	8 to 150 [us]
Chi2:	0.7314835968696733	RelRMS:	46.8902231070013	AbsRMS:	5.296033387689908e-07	Phi model:	0.2404408178260625
depth_vector,start_model,resistivity_model,conductivity_model,E/I[V/A],modelled_thickness,rhoa,sigma
0.0,20.2804,19.579131987702844,0.051074787208548,0.0001285882202033,1.0,20.254730674871592,0.0493711822710444
1.0,20.2804,19.83124403327785,0.0504254800315072,7.540339129190313e-05,1.0,20.31197015321535,0.0492320534373029
2.0,20.2804,20.297233342377226,0.0492677983807855,4.8653995710698487e-05,1.0,20.30367732810785,0.0492521617557243
3.0,20.2804,20.92870811314368,0.0477812579063099,3.390958508892331e-05,1.0,20.1639670323124,0.0495934157399443
4.0,20.2804,21.63502996726283,0.0462213364859284,2.181449807360329e-05,1.0,20.02867887113372,0.0499284054846596
5.0,20.2804,22.294163475113564,0.0448547890624501,1.3109328492329644e-05,1.0,19.904751534995984,0.0502392606228632
6.0,20.2804,22.76878261721232,0.0439197833635619,8.579431685117867e-06,1.5,19.82156076393065,0.0504501139899993
7.5,20.2804,22.772646248899665,0.0439123318858175,5.95368176431443e-06,1.5,19.82285250627708,0.0504468264435374
9.0,20.2804,22.181056786223674,0.0450835147142802,3.78191128472054e-06,1.5,19.908478423233248,0.050229855780088
10.5,20.2804,21.06794855411444,0.0474654662000637,2.231295359653341e-06,1.5,20.11601969504268,0.0497116236293224
12.0,20.2804,19.663623906555323,0.050855325791022,1.4227485852487553e-06,1.5,20.40340331175949,0.0490114313146792
13.5,20.2804,18.262456441641817,0.0547571463453192,9.68016486535208e-07,1.5,20.71916096046032,0.0482645026943109
15.0,20.2804,17.132107646037046,0.0583699344331003,6.005403749351713e-07,1.5,21.189031864418308,0.0471942279571182
16.5,20.2804,16.47721313182264,0.0606898746772103,3.4350046044682724e-07,2.0,21.86053557409756,0.0457445334132113
18.5,20.2804,16.69331668297229,0.0599042131046391,2.1529760946786565e-07,2.0,22.49995036171029,0.0444445424956033
20.5,20.2804,18.048233361659047,0.0554070850017021,1.4414288060325002e-07,2.0,23.100209954477258,0.0432896498330821
22.5,20.2804,20.87641066882185,0.0479009546163729,8.786144126327215e-08,2.0,23.916646800007868,0.0418118814214236
24.5,20.2804,25.6657066185758,0.0389624963326059,nan,2.0,nan,nan
26.5,20.2804,33.10890598436033,0.0302033537584229,nan,2.0,nan,nan
28.5,20.2804,44.10454068296557,0.0226734024323765,nan,nan,nan,nan
Name:	20.6913808111479_8_150_1
Lambda:	20.6913808111479	Maximal Depth:	30	Filter time:	8 to 150 [us]
Chi2:	0.7616143561209255	RelRMS:	47.28901583350981	AbsRMS:	6.101005567786439e-07	Phi model:	0.1974484336380337
depth_vector,start_model,resistivity_model,conductivity_model,E/I[V/A],modelled_thickness,rhoa,sigma
0.0,20.2804,20.11189994109676,0.0497218066382975,0.000128247959035,1.0,20.29054075414974,0.0492840487652101
1.0,20.2804,20.306519174059066,0.0492452690403714,7.537706550958912e-05,1.0,20.31669924315606,0.0492205937604191
2.0,20.2804,20.660956639532003,0.0484004694190506,4.8688354678416586e-05,1.0,20.29412411325493,0.0492753466185248
3.0,20.2804,21.130765025315924,0.0473243632590651,3.393564901164336e-05,1.0,20.153641226640428,0.049618825142036
4.0,20.2804,21.636787005991764,0.0462175830322254,2.182217298296004e-05,1.0,20.02398250696888,0.0499401155415499
5.0,20.2804,22.077157853159964,0.0452956855520633,1.3101202175899652e-05,1.0,19.912981598675977,0.0502184966648334
6.0,20.2804,22.34307032023265,0.0447566062169376,8.565587133813094e-06,1.5,19.84291339583654,0.0503958254542309
7.5,20.2804,22.206734846761183,0.0450313838076851,5.939633491844941e-06,1.5,19.854096541153595,0.050367439179476
9.0,20.2804,21.59150458171952,0.0463145120904011,3.770428805020344e-06,1.5,19.94887751110027,0.0501281337480549
10.5,20.2804,20.577673889692843,0.0485963576524988,2.223740302879893e-06,1.5,20.16155611076369,0.0495993461271636
12.0,20.2804,19.363311673168607,0.0516440584585374,1.418105494843843e-06,1.5,20.447914915704697,0.0489047418341889
13.5,20.2804,18.19283678399607,0.0549666889156991,9.652676997364072e-07,1.5,20.758476865417485,0.0481730912380159
15.0,20.2804,17.290980657133286,0.0578336197251748,5.993789680571685e-07,1.5,21.21639479400057,0.0471333612382992
16.5,20.2804,16.83656394694472,0.0593945417337643,3.433759120096789e-07,2.0,21.8658213864826,0.045733475195137
18.5,20.2804,17.199502413183787,0.0581412168780812,2.155874386831433e-07,2.0,22.47978034002912,0.0444844204380114
20.5,20.2804,18.622690175626587,0.0536979346468858,1.4458440824564754e-07,2.0,23.05315748864355,0.0433780058325034
22.5,20.2804,21.392103525758905,0.0467462210434737,8.834221190429533e-08,2.0,23.82979608612353,0.0419642701257656
24.5,20.2804,25.890796822539727,0.0386237629862913,nan,2.0,nan,nan
26.5,20.2804,32.615361880588175,0.0306603987305495,nan,2.0,nan,nan
28.5,20.2804,42.14287171618144,0.0237288053537185,nan,nan,nan,nan
Name:	26.366508987303583_8_150_1
Lambda:	26.366508987303583	Maximal Depth:	30	Filter time:	8 to 150 [us]
Chi2:	0.801113099227504	RelRMS:	47.78547797144233	AbsRMS:	6.66246201675216e-07	Phi model:	0.1611271902563263
depth_vector,start_model,resistivity_model,conductivity_model,E/I[V/A],modelled_thickness,rhoa,sigma
0.0,20.2804,20.632547697808644,0.0484671119944246,0.0001280291013669,1.0,20.313657770270776,0.0492279633392027
1.0,20.2804,20.769420187331487,0.0481477090347452,7.54028723930646e-05,1.0,20.31206334016608,0.0492318275722659
2.0,20.2804,21.012338579383325,0.0475910854102251,4.874827340381687e-05,1.0,20.27749108254869,0.0493157657389194
3.0,20.2804,21.322390209386807,0.0468990572904799,3.397676921396467e-05,1.0,20.13737738768508,0.0496588995055307
4.0,20.2804,21.63320847301276,0.0462252282756619,2.183846291204333e-05,1.0,20.01402363083153,0.0499649654884739
5.0,20.2804,21.86322666937475,0.0457389028217305,1.3098410972821511e-05,1.0,19.915810399911265,0.0502113637316237
6.0,20.2804,21.93258647466396,0.0455942577112452,8.555725371874935e-06,1.5,19.858158432024847,0.050357136761852
7.5,20.2804,21.674075886348547,0.0461380685960342,5.928734582634587e-06,1.5,19.878421209244426,0.0503058059527862
9.0,20.2804,21.0460275714575,0.0475149049674435,3.761293696673116e-06,1.5,19.9811645352785,0.0500471330504492
10.5,20.2804,20.131336583389366,0.0496738006370184,2.217818935852699e-06,1.5,20.197426460861248,0.0495112583743185
12.0,20.2804,19.097546375695604,0.0523627475659724,1.4146354844069118e-06,1.5,20.481339545927653,0.0488249314825129
13.5,20.2804,18.14509590836828,0.0551113096921584,9.633896195694337e-07,1.5,20.78544651989784,0.0481105854061255
15.0,20.2804,17.460755044281477,0.0572712919609686,5.98810229383095e-07,1.5,21.229826623045582,0.0471035405873014
16.5,20.2804,17.199023096565213,0.0581428372056613,3.436227762206455e-07,2.0,21.85534762349665,0.0457553921002336
18.5,20.2804,17.700526264243287,0.0564954953921394,2.16125464458372e-07,2.0,22.44245718931562,0.0445584006940237
20.5,20.2804,19.178858082118705,0.0521407476773783,1.4520032296956254e-07,2.0,22.987919634533,0.0435011090998324
22.5,20.2804,21.870124358171324,0.0457244770821968,8.893505952481695e-08,2.0,23.72377730176452,0.0421518035378633
24.5,20.2804,26.061935214321164,0.0383701360538451,nan,2.0,nan,nan
26.5,20.2804,32.089196331127425,0.0311631363304032,nan,2.0,nan,nan
28.5,20.2804,40.28920247066305,0.0248205459199188,nan,nan,nan,nan
Name:	33.59818286283781_8_150_1
Lambda:	33.59818286283781	Maximal Depth:	30	Filter time:	8 to 150 [us]
Chi2:	0.8453942923740323	RelRMS:	48.36952507787845	AbsRMS:	6.988554786606276e-07	Phi model:	0.1312808309051131
depth_vector,start_model,resistivity_model,conductivity_model,E/I[V/A],modelled_thickness,rhoa,sigma
0.0,20.2804,21.11971131270649,0.0473491320593174,0.0001279248804451,1.0,20.324689352578275,0.0492012439970279
1.0,20.2804,21.20105265903588,0.0471674692800595,7.547300479664034e-05,1.0,20.299478226318453,0.0492623499407729
2.0,20.2804,21.33661932400552,0.046867780917613,4.8827717330164925e-05,1.0,20.25549045465534,0.0493693303669262
3.0,20.2804,21.49378977006149,0.0465250665749458,3.402880034127505e-05,1.0,20.1168450223534,0.0497095841265776
4.0,20.2804,21.61938252353644,0.0462547900667989,2.1860911634527803e-05,1.0,20.0003198353716,0.0499992004243576
5.0,20.2804,21.65650877777312,0.0461754944096223,1.3099706645947624e-05,1.0,19.91449714883804,0.050214674893679
6.0,20.2804,21.56030614016337,0.0463815306470607,8.549170404330799e-06,1.5,19.86830779539048,0.0503314127352105
7.5,20.2804,21.19604212887232,0.0471786191931485,5.920584170286755e-06,1.5,19.89666042066327,0.0502596907650627
9.0,20.2804,20.56142356165537,0.0486347648547487,3.754289617411081e-06,1.5,20.00600832641924,0.0499849836950949
10.5,20.2804,19.73771632367449,0.0506644225502696,2.2134179798957737e-06,1.5,20.224190062071184,0.0494457378481335
12.0,20.2804,18.86752517140068,0.0530011218172797,1.4122670105740022e-06,1.5,20.50423227443518,0.0487704190342599
13.5,20.2804,18.115034893245515,0.0552027642173003,9.623304917073884e-07,1.5,20.80069451045456,0.0480753178456322
15.0,20.2804,17.63344870942374,0.0567104039872572,5.987973006921935e-07,1.5,21.23013220545029,0.0471028625880754
16.5,20.2804,17.553831379537698,0.0569676202521626,3.4421496990893254e-07,2.0,21.83027353897793,0.0458079463921741
18.5,20.2804,18.183276878290936,0.0549955877971534,2.1689186401338205e-07,2.0,22.38955821841005,0.0446636771590133
20.5,20.2804,19.702894142848702,0.050753965013965,1.459750181828201e-07,2.0,22.90651565803192,0.0436557010646602
22.5,20.2804,22.298743767042243,0.0448455756273593,8.962848376451754e-08,2.0,23.601257265275933,0.0423706241053217
24.5,20.2804,26.17495250594713,0.0382044628265435,nan,2.0,nan,nan
26.5,20.2804,31.53809157146205,0.0317076890253204,nan,2.0,nan,nan
28.5,20.2804,38.55551886353432,0.0259366241066411,nan,nan,nan,nan
Name:	42.81332398719393_8_150_1
Lambda:	42.81332398719393	Maximal Depth:	30	Filter time:	8 to 150 [us]
Chi2:	0.8919804425790288	RelRMS:	49.027601810043805	AbsRMS:	7.112399080789424e-07	Phi model:	0.1073575823549545
depth_vector,start_model,resistivity_model,conductivity_model,E/I[V/A],modelled_thickness,rhoa,sigma
0.0,20.2804,21.55706497450353,0.0463885042413122,0.000127921487084,1.0,20.325048785059348,0.0492003739117755
1.0,20.2804,21.583777202674018,0.0463310935157406,7.557541821305382e-05,1.0,20.281135324332137,0.0493069043723729
2.0,20.2804,21.61625545508477,0.046261481415125,4.891762026673829e-05,1.0,20.230665230616506,0.0494299118986274
3.0,20.2804,21.63347487199401,0.0462246590488598,3.40852233469004e-05,1.0,20.09463860109932,0.0497645177826334
4.0,20.2804,21.59938280912495,0.0462976191883379,2.188536070532524e-05,1.0,19.985421586489743,0.050036472619422
5.0,20.2804,21.474685679662503,0.0465664557291772,1.3102735745179077e-05,1.0,19.911427799369257,0.0502224154930606
6.0,20.2804,21.22974202149765,0.047103728297187,8.54450106384835e-06,1.5,19.875545467565587,0.0503130845707794
7.5,20.2804,20.78138029415142,0.0481199990494102,5.914263591299141e-06,1.5,19.91083361656291,0.0502239142397406
9.0,20.2804,20.145818863685506,0.0496380914951331,3.7488789462667856e-06,1.5,20.025253174822872,0.0499369466777712
10.5,20.2804,19.40613393550567,0.0515300988503634,2.2102438199206908e-06,1.5,20.24354824589856,0.0493984546509826
12.0,20.2804,18.6825785856564,0.0535258018808898,1.4108198610609617e-06,1.5,20.51825136602113,0.048737096654154
13.5,20.2804,18.108427678244013,0.0552229060285244,9.619686346513997e-07,1.5,20.8059104852774,0.048063265518114
15.0,20.2804,17.80868797574265,0.0561523679544561,5.992630562715335e-07,1.5,21.21913054408273,0.0471272844060457
16.5,20.2804,17.89164478326567,0.0558920106068345,3.451054319238837e-07,2.0,21.792705505574897,0.0458869138457446
18.5,20.2804,18.631324012574044,0.0536730507893648,2.1785468531413266e-07,2.0,22.323541571745704,0.044795759525257
20.5,20.2804,20.174023516320226,0.0495686940778584,1.4688531300909584e-07,2.0,22.811778345792835,0.0438370031849984
22.5,20.2804,22.65952139242453,0.0441315587686824,9.040674426609796e-08,2.0,23.46561560872444,0.0426155450883719
24.5,20.2804,26.22060507044668,0.0381379452271718,nan,2.0,nan,nan
26.5,20.2804,30.96675018383895,0.0322927008505362,nan,2.0,nan,nan
28.5,20.2804,36.948846807952286,0.0270644441272461,nan,nan,nan,nan
Name:	54.5559478116852_8_150_1
Lambda:	54.5559478116852	Maximal Depth:	30	Filter time:	8 to 150 [us]
Chi2:	0.9401783583017131	RelRMS:	49.74816275691251	AbsRMS:	7.082712534056595e-07	Phi model:	0.0883240010917038
depth_vector,start_model,resistivity_model,conductivity_model,E/I[V/A],modelled_thickness,rhoa,sigma
0.0,20.2804,21.91990640470524,0.0456206327498435,0.0001279992149153,1.0,20.316819662195176,0.0492203020269341
1.0,20.2804,21.902233485331912,0.0456574440533522,7.569751817828667e-05,1.0,20.259320499808403,0.0493599970447901
2.0,20.2804,21.84912593467345,0.0457684212627037,4.900957171564797e-05,1.0,20.20535288045608,0.0494918354515483
3.0,20.2804,21.74932437202603,0.0459784397388545,3.41401621447419e-05,1.0,20.073075110692194,0.0498179772897545
4.0,20.2804,21.5776510015496,0.0463442475702376,2.190802935889474e-05,1.0,19.971633011365338,0.0500710182002105
5.0,20.2804,21.31375732166638,0.0469180532042304,1.3105227917592814e-05,1.0,19.90890339794789,0.0502287835754466
6.0,20.2804,20.94948899560972,0.0477338612034673,8.54023507678786e-06,1.5,19.88216368995165,0.0502963367364989
7.5,20.2804,20.43281949756396,0.0489408718223748,5.908745167822059e-06,1.5,19.923228726142128,0.0501926677520826
9.0,20.2804,19.80236347757461,0.0504990225602342,3.744410193820524e-06,1.5,20.04118271674129,0.0498972547745226
10.5,20.2804,19.137883310793576,0.0522523825524638,2.2079148258792134e-06,1.5,20.257781529963413,0.0493637468900972
12.0,20.2804,18.542383524888912,0.0539304992078137,1.4100528557447675e-06,1.5,20.525691362046345,0.0487194308031485
13.5,20.2804,18.124669556487696,0.0551734196799219,9.621415115599218e-07,1.5,20.803418149751096,0.0480690236960873
15.0,20.2804,17.983334789203216,0.0556070390570928,6.001080885663742e-07,1.5,21.199206287405705,0.0471715773903333
16.5,20.2804,18.2084394578652,0.0549195883762595,3.462384070383701e-07,2.0,21.745138900745708,0.0459872895990426
18.5,20.2804,19.03751286031923,0.0525278699658476,2.189796353409457e-07,2.0,22.247021763013976,0.0449498369108675
20.5,20.2804,20.58469864022284,0.0485797736210713,1.4790866544604578e-07,2.0,22.706436348129305,0.0440403762469924
22.5,20.2804,22.94547048271573,0.0435815862112426,9.125644875485464e-08,2.0,23.31972703309348,0.0428821486023777
24.5,20.2804,26.196261717110765,0.0381733856074137,nan,2.0,nan,nan
26.5,20.2804,30.3743189419966,0.0329225488778734,nan,2.0,nan,nan
28.5,20.2804,35.45827629546065,0.0282021605243123,nan,nan,nan,nan
Name:	69.51927961775606_8_150_1
Lambda:	69.51927961775606	Maximal Depth:	30	Filter time:	8 to 150 [us]
Chi2:	0.9893457466169387	RelRMS:	50.52160495527166	AbsRMS:	6.933944436396005e-07	Phi model:	0.0732585382267663
depth_vector,start_model,resistivity_model,conductivity_model,E/I[V/A],modelled_thickness,rhoa,sigma
0.0,20.2804,22.20743570730283,0.0450299626296409,0.0001281423088441,1.0,20.301691924336787,0.0492569783704206
1.0,20.2804,22.15174877994432,0.0451431627332906,7.582691845135138e-05,1.0,20.23626529417547,0.0494162329591432
2.0,20.2804,22.027100012647207,0.0453986225797238,4.909438043790489e-05,1.0,20.182076843769217,0.0495489145017663
3.0,20.2804,21.82511604697653,0.0458187712655269,3.4186878882098786e-05,1.0,20.05478422810224,0.0498634135688543
4.0,20.2804,21.54180514433025,0.0464213650295317,2.192447170994441e-05,1.0,19.961646555314108,0.0500960678383409
5.0,20.2804,21.171617775171267,0.0472330461762226,1.3104543596414493e-05,1.0,19.909596489142288,0.0502270350152676
6.0,20.2804,20.718040881776,0.0482671120163499,8.534708991531794e-06,1.5,19.89074501581226,0.050274637737553
7.5,20.2804,20.156408106395457,0.0496120139422414,5.9029207117773655e-06,1.5,19.93633217111635,0.0501596778894361
9.0,20.2804,19.539739266633724,0.0511777555654292,3.740219072244583e-06,1.5,20.056151421806035,0.0498600144648265
10.5,20.2804,18.94381188148156,0.0527876863567012,2.20606661520834e-06,1.5,20.26909440142049,0.049336195302831
12.0,20.2804,18.45732592301224,0.0541790291925884,1.4097471710833766e-06,1.5,20.52865840105948,0.0487123893078366
13.5,20.2804,18.16808945893859,0.0550415607684057,9.627070309597737e-07,1.5,20.7952703690393,0.0480878575875038
15.0,20.2804,18.156779634029053,0.0550758460561927,6.01248562819255e-07,1.5,21.17239009160308,0.0472313232315041
16.5,20.2804,18.494385921225984,0.0540704624776052,3.475680820583642e-07,2.0,21.68964390237295,0.046104952414207
18.5,20.2804,19.38732342603083,0.0515800958195873,2.202387248259584e-07,2.0,22.16215098254705,0.0451219739811136
20.5,20.2804,20.91741798358468,0.0478070477333659,1.4902659054188236e-07,2.0,22.592738795952062,0.0442620086493971
22.5,20.2804,23.14353229937928,0.0432086159996769,9.216640594426868e-08,2.0,23.165983200417365,0.0431667411371507
24.5,20.2804,26.09577840691692,0.0383203744455057,nan,2.0,nan,nan
26.5,20.2804,29.762645636419748,0.0335991636031283,nan,2.0,nan,nan
28.5,20.2804,34.07722689061766,0.0293451108333972,nan,nan,nan,nan
Name:	88.58667904100822_8_150_1
Lambda:	88.58667904100822	Maximal Depth:	30	Filter time:	8 to 150 [us]
Chi2:	1.0727833609671762	RelRMS:	52.06945289639096	AbsRMS:	7.087177307312684e-07	Phi model:	0.0529800203499101
depth_vector,start_model,resistivity_model,conductivity_model,E/I[V/A],modelled_thickness,rhoa,sigma
0.0,20.2804,22.49795731956917,0.0444484797350993,0.0001280231854833,1.0,20.314283554367293,0.0492264468655117
1.0,20.2804,22.403957353443,0.0446349715911382,7.577447767028303e-05,1.0,20.245600743476373,0.0493934466391284
2.0,20.2804,22.20963350920408,0.0450255065931448,4.904515491808008e-05,1.0,20.195578783790765,0.0495157881190616
3.0,20.2804,21.919124324534664,0.0456222605061221,3.4130898470450966e-05,1.0,20.07670704983501,0.0498089650617389
4.0,20.2804,21.53777757766427,0.0464300458296611,2.186862315581872e-05,1.0,19.995617757358787,0.0500109580076354
5.0,20.2804,21.07530918150433,0.047448888715597,1.3058081050758586e-05,1.0,19.95679601361937,0.0501082437941219
6.0,20.2804,20.54651502792308,0.0486700541985335,8.499611946747408e-06,1.5,19.945463341751843,0.0501367144430633
7.5,20.2804,19.94953860919773,0.0501264725761101,5.877758866796764e-06,1.5,19.99318804488773,0.0500170356900984
9.0,20.2804,19.344237655225268,0.0516949811009936,3.725544794138762e-06,1.5,20.108782055560344,0.049729516051097
10.5,20.2804,18.80422017574997,0.0531795517524095,2.200002394019854e-06,1.5,20.30632462509502,0.0492457408449078
12.0,20.2804,18.40961942274086,0.0543194281770284,1.4082090344134271e-06,1.5,20.543604163649377,0.0486769503556458
13.5,20.2804,18.23862918195362,0.054828682025591,9.634696400675656e-07,1.5,20.78429562059276,0.0481132494578847
15.0,20.2804,18.360210153784884,0.0544656075079758,6.034478819823551e-07,1.5,21.12091569421606,0.0473464320618375
16.5,20.2804,18.829377091050425,0.0531085014211807,3.502386047244693e-07,2.0,21.5792495517138,0.0463408144756628
18.5,20.2804,19.810506007445248,0.0504782664119824,2.227744600670257e-07,2.0,21.99365619952639,0.0454676562608782
20.5,20.2804,21.31816297053496,0.0469083570372436,1.5127241204459548e-07,2.0,22.36857083678866,0.0447055829939453
22.5,20.2804,23.32639734960551,0.0428698862071348,9.398581012850681e-08,2.0,22.866041067245845,0.0437329748975408
24.5,20.2804,25.7787116784669,0.0387916980674913,nan,2.0,nan,nan
26.5,20.2804,28.5991064054806,0.0349661274664289,nan,2.0,nan,nan
28.5,20.2804,31.7024984307662,0.0315432552479691,nan,nan,nan,nan
Name:	112.88378916846884_8_150_1
Lambda:	112.88378916846884	Maximal Depth:	30	Filter time:	8 to 150 [us]
Chi2:	1.1269648739208349	RelRMS:	52.9926533827193	AbsRMS:	6.736344481469055e-07	Phi model:	0.0441532854558829
depth_vector,start_model,resistivity_model,conductivity_model,E/I[V/A],modelled_thickness,rhoa,sigma
0.0,20.2804,22.57696139516096,0.0442929401568776,0.0001282255108924,1.0,20.29290883031329,0.0492782975748756
1.0,20.2804,22.4678310245749,0.0445080790800953,7.586729335929615e-05,1.0,20.22908512647661,0.0494337728942156
2.0,20.2804,22.245857759955506,0.0449521888879505,4.907940763188722e-05,1.0,20.18618130731328,0.049538839703065
3.0,20.2804,21.91875458224805,0.0456230300972436,3.4135288529063e-05,1.0,20.07498566777376,0.0498132360614978
4.0,20.2804,21.49750978912847,0.0465170156827053,2.185612047615501e-05,1.0,20.003242623041714,0.0499918947565081
5.0,20.2804,20.998247039452515,0.0476230229181108,1.3041763662245818e-05,1.0,19.97343869757693,0.0500664915611809
6.0,20.2804,20.44177120443005,0.0489194400034809,8.486088177452276e-06,1.5,19.9666483090857,0.050083518501448
7.5,20.2804,19.83921517557213,0.0504052197201476,5.867951723968573e-06,1.5,20.01545833422876,0.049961384011371
9.0,20.2804,19.256379623255487,0.0519308415997534,3.720154644012317e-06,1.5,20.128201176007305,0.0496815384174515
10.5,20.2804,18.76571532844244,0.0532886693897749,2.198373235591934e-06,1.5,20.31635571979953,0.0492214260171394
12.0,20.2804,18.43961115309567,0.0542310785025485,1.4085199306947415e-06,1.5,20.54058105407984,0.0486841145032446
13.5,20.2804,18.34387159863653,0.0545141190409514,9.647120896912955e-07,1.5,20.76644643587246,0.0481546037781686
15.0,20.2804,18.53267306003837,0.0539587568809099,6.051902758106306e-07,1.5,21.080356951949305,0.0474375269014374
16.5,20.2804,19.04571793042036,0.0525052404773238,3.5202162915800937e-07,2.0,21.506320541249323,0.046497958499316
18.5,20.2804,20.016582038588304,0.0499585792455566,2.243679997602453e-07,2.0,21.889394799807665,0.0456842233029113
20.5,20.2804,21.439068470269888,0.0466438176353942,1.52640574144239e-07,2.0,22.23470633138998,0.0449747338730642
22.5,20.2804,23.272775312896226,0.0429686613029717,9.506650659152537e-08,2.0,22.69242011176752,0.0440675782959541
24.5,20.2804,25.45317868949585,0.0392878238195328,nan,2.0,nan,nan
26.5,20.2804,27.90220526845657,0.0358394610884215,nan,2.0,nan,nan
28.5,20.2804,30.537666258934657,0.0327464447191481,nan,nan,nan,nan
Name:	143.8449888287663_8_150_1
Lambda:	143.8449888287663	Maximal Depth:	30	Filter time:	8 to 150 [us]
Chi2:	1.1860171483496789	RelRMS:	53.94790204217157	AbsRMS:	6.283464585342466e-07	Phi model:	0.0366087953534611
depth_vector,start_model,resistivity_model,conductivity_model,E/I[V/A],modelled_thickness,rhoa,sigma
0.0,20.2804,22.582077647016764,0.0442829050378412,0.0001284985606942,1.0,20.26415136709793,0.049348229880658
1.0,20.2804,22.4647889833841,0.0445141060857345,7.59771743119412e-05,1.0,20.20957639647644,0.0494814923569774
2.0,20.2804,22.228544156105595,0.0449872017248293,4.911494756986119e-05,1.0,20.176442219504807,0.049562751902478
3.0,20.2804,21.883339704461022,0.0456968640758314,3.413754047472942e-05,1.0,20.07410280249017,0.0498154268631099
4.0,20.2804,21.44387153696645,0.0466333702044488,2.1840965231793948e-05,1.0,20.01249493029276,0.0499687821774939
5.0,20.2804,20.93036502908636,0.0477774753861352,1.3023823649278335e-05,1.0,19.991776452829303,0.050020567324745
6.0,20.2804,20.36749586520048,0.0490978373884725,8.471866240568971e-06,1.5,19.98898774123049,0.0500275458140053
7.5,20.2804,19.775530760559693,0.0505675428946968,5.857943266224744e-06,1.5,20.03824982263908,0.0499045579754279
9.0,20.2804,19.22301027579871,0.0520209886824528,3.714888166614485e-06,1.5,20.14722008604142,0.0496346392072635
10.5,20.2804,18.779852905228275,0.0532485533857191,2.196995377824824e-06,1.5,20.32484917518762,0.0492008571075051
12.0,20.2804,18.51105971930288,0.0540217586223453,1.4090801254074156e-06,1.5,20.535136609738355,0.0486970220361607
13.5,20.2804,18.47172043571816,0.0541368089388323,9.661701941521875e-07,1.5,20.745547930539907,0.0482031134269479
15.0,20.2804,18.703764963895125,0.0534651714203184,6.070973145731503e-07,1.5,21.03618815816792,0.0475371294685686
16.5,20.2804,19.23459450128413,0.0519896585255924,3.5391576119231985e-07,2.0,21.42951839846113,0.0466646044678171
18.5,20.2804,20.17206325602563,0.0495735110141144,2.260381513619259e-07,2.0,21.78143728089597,0.0459106525939442
20.5,20.2804,21.49557137671992,0.0465212104611937,1.540633469137842e-07,2.0,22.09760330359371,0.0452537764508321
22.5,20.2804,23.156256225806104,0.0431848736794321,9.618257915953156e-08,2.0,22.51653502567602,0.0444118066505206
24.5,20.2804,25.08663375746954,0.0398618646753373,nan,2.0,nan,nan
26.5,20.2804,27.21033645681323,0.0367507399839449,nan,2.0,nan,nan
28.5,20.2804,29.45043302574,0.0339553581139533,nan,nan,nan,nan
Name:	183.29807108324357_8_150_1
Lambda:	183.2980710832436	Maximal Depth:	30	Filter time:	8 to 150 [us]
Chi2:	1.2519136390458347	RelRMS:	54.9314348068278	AbsRMS:	5.801937785307022e-07	Phi model:	0.0299988048090468
depth_vector,start_model,resistivity_model,conductivity_model,E/I[V/A],modelled_thickness,rhoa,sigma
0.0,20.2804,22.52906996010128,0.0443870963946132,0.0001288163816954,1.0,20.230806622041488,0.049429566437084
1.0,20.2804,22.409310979566463,0.0446243082133061,7.609406306483927e-05,1.0,20.18887502342877,0.0495322299454288
2.0,20.2804,22.16962600667238,0.0451067600192727,4.9147344926967626e-05,1.0,20.167574528004323,0.0495845446665596
3.0,20.2804,21.821293117377174,0.0458267983762914,3.413520082048301e-05,1.0,20.0750200554965,0.0498131507333763
4.0,20.2804,21.38117756582264,0.0467701087520305,2.182182034461056e-05,1.0,20.024198230039087,0.0499395775307428
5.0,20.2804,20.871760177041686,0.047911627554056,1.3003434219689214e-05,1.0,20.01266911141284,0.0499683472720647
6.0,20.2804,20.31969331586805,0.0492133411885247,8.45631587120146e-06,1.5,20.01348548222981,0.0499663090113868
7.5,20.2804,19.751149123340745,0.050629965565814,5.847234303953393e-06,1.5,20.06270849850832,0.0498437187618187
9.0,20.2804,19.23471773791853,0.0519893254283966,3.709380382258797e-06,1.5,20.167158564398687,0.0495855673870344
10.5,20.2804,18.83667120803866,0.0530879362364855,2.19562672637302e-06,1.5,20.33329467422176,0.0491804213740031
12.0,20.2804,18.615191959266465,0.0537195642241126,1.409726699386631e-06,1.5,20.52885714192295,0.0487119177208288
13.5,20.2804,18.61642917044397,0.0537159941277907,9.677316851586856e-07,1.5,20.723225831096048,0.048255035589076
15.0,20.2804,18.87250807776396,0.0529871279365472,6.091011164860725e-07,1.5,20.99002669312262,0.0476416735728902
16.5,20.2804,19.40118081212619,0.0515432544896946,3.558857185000985e-07,2.0,21.35036512645681,0.0468376064801264
18.5,20.2804,20.288823766445496,0.0492882195395595,2.277658912756979e-07,2.0,21.671147435588768,0.0461443032941477
20.5,20.2804,21.504804113270733,0.0465012373390043,1.5553031968067293e-07,2.0,21.958433198908224,0.0455405898472628
22.5,20.2804,22.995408886659654,0.0434869414555237,9.732983685830661e-08,2.0,22.33924588490367,0.0447642684606366
24.5,20.2804,24.69319431165233,0.0404969882542946,nan,2.0,nan,nan
26.5,20.2804,26.525844110138443,0.0376990830470043,nan,2.0,nan,nan
28.5,20.2804,28.42342735367441,0.0351822455313689,nan,nan,nan,nan
Name:	233.57214690901213_8_150_1
Lambda:	233.57214690901213	Maximal Depth:	30	Filter time:	8 to 150 [us]
Chi2:	1.3246166736268747	RelRMS:	55.91967476657624	AbsRMS:	5.347842295948433e-07	Phi model:	0.024264875011485
depth_vector,start_model,resistivity_model,conductivity_model,E/I[V/A],modelled_thickness,rhoa,sigma
0.0,20.2804,22.43078074711897,0.0445815957667207,0.0001291787538124,1.0,20.192954618201348,0.0495222229192071
1.0,20.2804,22.312909102844227,0.0448171054428994,7.622242663152754e-05,1.0,20.166202396789057,0.0495879184550495
2.0,20.2804,22.077957790586908,0.0452940443806064,4.918139948666186e-05,1.0,20.1582637294523,0.0496074470212901
3.0,20.2804,21.737860755861195,0.0460026867975207,3.413226963006416e-05,1.0,20.07616936600511,0.0498102990550227
4.0,20.2804,21.310492053632665,0.0469252421522353,2.18015511773626e-05,1.0,20.036607468098367,0.0499086485370423
5.0,20.2804,20.819202641065303,0.0480325792125932,1.298232207049942e-05,1.0,20.03435994198144,0.0499142474676482
6.0,20.2804,20.29126562630092,0.0492822881734804,8.440465054150944e-06,1.5,20.038533935287496,0.0499038504128796
7.5,20.2804,19.75632842178968,0.0506166924668592,5.836443359809055e-06,1.5,20.087430050710225,0.0497823762161473
9.0,20.2804,19.280893030684428,0.0518648175895461,3.7039244267203775e-06,1.5,20.18695812696156,0.0495369333859372
10.5,20.2804,18.926541253813888,0.0528358555633343,2.194354081886372e-06,1.5,20.34115562213682,0.0491614153382575
12.0,20.2804,18.74481690217808,0.0533480804437094,1.4104607567582104e-06,1.5,20.52173385909663,0.0487288260761033
13.5,20.2804,18.77411120786803,0.0532648384218002,9.693625209378812e-07,1.5,20.6999764200368,0.0483092337743939
15.0,20.2804,19.03864217310368,0.0525247541766777,6.111514998960225e-07,1.5,20.943053394021216,0.0477485293660893
16.5,20.2804,19.54887701294933,0.051153833508574,3.578816314010793e-07,2.0,21.270910220490123,0.047012562679932
18.5,20.2804,20.373777662139123,0.0490826991725895,2.295081310884312e-07,2.0,21.56133500960478,0.0463793174010114
20.5,20.2804,21.477033026265524,0.0465613662174398,1.5700551043372573e-07,2.0,21.820672358015653,0.0458281020672884
22.5,20.2804,22.80363058853808,0.0438526661847712,9.848072981126816e-08,2.0,22.164860369305888,0.0451164583641956
24.5,20.2804,24.288706547114472,0.0411713978288729,nan,2.0,nan,nan
26.5,20.2804,25.8653193221906,0.0386618076329748,nan,2.0,nan,nan
28.5,20.2804,27.4708259121672,0.03640225463906,nan,nan,nan,nan
Name:	297.63514416313194_8_150_1
Lambda:	297.63514416313194	Maximal Depth:	30	Filter time:	8 to 150 [us]
Chi2:	1.4043746538855593	RelRMS:	56.89993495558001	AbsRMS:	5.001375821353615e-07	Phi model:	0.0193038757085472
depth_vector,start_model,resistivity_model,conductivity_model,E/I[V/A],modelled_thickness,rhoa,sigma
0.0,20.2804,22.300079783509258,0.0448428888913434,0.0001295631587269,1.0,20.152994110435888,0.0496204184112854
1.0,20.2804,22.18747748610718,0.0450704682686959,7.635341286373129e-05,1.0,20.14313204009024,0.0496447125506466
2.0,20.2804,21.96367675773727,0.0455297175891884,4.92132819568815e-05,1.0,20.149556531832594,0.0496288838129109
3.0,20.2804,21.640647527917743,0.0462093381776094,3.412677386858134e-05,1.0,20.07832468014074,0.0498049521526609
4.0,20.2804,21.236325432801674,0.0470891258077726,2.1779244148782665e-05,1.0,20.05028657495867,0.0498745988622889
5.0,20.2804,20.773892145250244,0.0481373443651309,1.2960024534489884e-05,1.0,20.05733257673772,0.049857078261732
6.0,20.2804,20.28006081545577,0.0493095168254073,8.423980400018644e-06,1.5,20.06466731832825,0.0498388527521979
7.5,20.2804,19.785993476222146,0.0505408030787916,5.825301456703629e-06,1.5,20.113035697030337,0.049718998915099
9.0,20.2804,19.354406496224385,0.0516678204622331,3.6983081060606905e-06,1.5,20.20739048867096,0.0494868449521297
10.5,20.2804,19.041602112549423,0.0525165894177017,2.193017851343985e-06,1.5,20.349417513822463,0.0491414557355631
12.0,20.2804,18.89283006281495,0.0529301325780836,1.411160803192818e-06,1.5,20.51494637149996,0.0487449482875194
13.5,20.2804,18.939963179938022,0.0527984130961374,9.709685016326151e-07,1.5,20.677144966431705,0.0483625762465489
15.0,20.2804,19.201024687551545,0.0520805538387918,6.131812729427115e-07,1.5,20.896810263265547,0.0478541934104602
16.5,20.2804,19.68114031452481,0.0508100640521318,3.598594154650777e-07,2.0,21.192902170183263,0.0471856092181145
18.5,20.2804,20.43519511649172,0.0489351823801757,2.31234444253826e-07,2.0,21.453888258402856,0.0466115972990737
20.5,20.2804,21.42422205623033,0.0466761405560204,1.584670129485031e-07,2.0,21.68630079644652,0.046112059838433
22.5,20.2804,22.59425930321516,0.0442590299854485,9.962079985769389e-08,2.0,21.99543164240316,0.0454639861703001
24.5,20.2804,23.884503182545053,0.041868151594244,nan,2.0,nan,nan
26.5,20.2804,25.2341579253761,0.0396288238726751,nan,2.0,nan,nan
28.5,20.2804,26.587924193800564,0.0376110595438348,nan,nan,nan,nan
Name:	379.26901907322497_8_150_1
Lambda:	379.26901907322497	Maximal Depth:	30	Filter time:	8 to 150 [us]
Chi2:	1.4911045134405558	RelRMS:	57.86775899139547	AbsRMS:	4.819622341127128e-07	Phi model:	0.0150431851890601
depth_vector,start_model,resistivity_model,conductivity_model,E/I[V/A],modelled_thickness,rhoa,sigma
0.0,20.2804,22.147607028405627,0.0451516048084761,0.0001299547115694,1.0,20.11249318042643,0.049720340040846
1.0,20.2804,22.042759066713607,0.0453663716494584,7.648188074938064e-05,1.0,20.12056921827254,0.0497003831825914
2.0,20.2804,21.83491441070341,0.0457982102054772,4.924123814650431e-05,1.0,20.14192934562851,0.049647676885384
3.0,20.2804,21.535512560906547,0.046434929151178,3.411808423340751e-05,1.0,20.08173374046644,0.0497964973006744
4.0,20.2804,21.16182563590021,0.0472549021622945,2.175482069709404e-05,1.0,20.06529031842242,0.0498373053233063
5.0,20.2804,20.73604891322568,0.0482251948857136,1.293660269925674e-05,1.0,20.081534597779125,0.0497969911179294
6.0,20.2804,20.28343989975481,0.0493013021924396,8.406902921313506e-06,1.5,20.09183055371063,0.0497714729042106
7.5,20.2804,19.835049592449543,0.0504158053822392,5.813823962717135e-06,1.5,20.13949806888886,0.0496536704429979
9.0,20.2804,19.44866333377485,0.051417415317349,3.692522457040253e-06,1.5,20.228493020550776,0.0494352198645775
10.5,20.2804,19.17493815621623,0.0521514067921942,2.191595382518759e-06,1.5,20.35822184022022,0.0491202035152389
12.0,20.2804,19.05331564710957,0.0524843034420469,1.4118022479307655e-06,1.5,20.50873199736044,0.048759718549577
13.5,20.2804,19.11016902722995,0.0523281609165835,9.725269558657565e-07,1.5,20.655049265791583,0.0484143120227835
15.0,20.2804,19.358772999159523,0.0516561664338652,6.151718785186607e-07,1.5,20.851706583464573,0.0479577053320422
16.5,20.2804,19.800454448926324,0.0505038913414547,3.618056013716734e-07,2.0,21.116834814084104,0.0473555818759845
18.5,20.2804,20.478656684189133,0.048831327924554,2.329350060111145e-07,2.0,21.349343506601727,0.046839847777557
20.5,20.2804,21.354015033967435,0.0468296008225768,1.599075010611095e-07,2.0,21.55586727143261,0.0463910817137602
22.5,20.2804,22.37523915224438,0.0446922597428279,1.0074504952625613e-07,2.0,21.83148923838503,0.0458053955495513
24.5,20.2804,23.48651282975396,0.0425776277325064,nan,2.0,nan,nan
26.5,20.2804,24.633650738954795,0.0405948761146732,nan,2.0,nan,nan
28.5,20.2804,25.76855157791885,0.0388069929726629,nan,nan,nan,nan
Name:	483.2930238571752_8_150_1
Lambda:	483.2930238571752	Maximal Depth:	30	Filter time:	8 to 150 [us]
Chi2:	1.583922285067901	RelRMS:	58.81564179367219	AbsRMS:	4.826253342137333e-07	Phi model:	0.0114445092918416
depth_vector,start_model,resistivity_model,conductivity_model,E/I[V/A],modelled_thickness,rhoa,sigma
0.0,20.2804,21.982380063753684,0.0454909794617226,0.0001303407258345,1.0,20.07276373840228,0.0498187500751003
1.0,20.2804,21.887143668683755,0.0456889220054239,7.660384370936389e-05,1.0,20.099207228319024,0.049753206116062
2.0,20.2804,21.698673980952425,0.0460857654655681,4.926425517632349e-05,1.0,20.1356551075767,0.0496631470224039
3.0,20.2804,21.427561186147305,0.0466688668538951,3.410612523461186e-05,1.0,20.08642778286732,0.0497848602454314
4.0,20.2804,21.0897975169674,0.0474162921287162,2.1728599193855607e-05,1.0,20.081429917196697,0.049797250699944
5.0,20.2804,20.705873751876,0.0482954746070253,1.291238601069733e-05,1.0,20.10663485869853,0.0497348266891801
6.0,20.2804,20.299002075748,0.0492635054801407,8.389461423035828e-06,1.5,20.119667884314616,0.0497026096926582
7.5,20.2804,19.89880416779748,0.0502542761649121,5.802159290759542e-06,1.5,20.16648135593729,0.0495872325146888
9.0,20.2804,19.55746972035686,0.0511313587237272,3.686640552820989e-06,1.5,20.25000319863797,0.049382708249017
10.5,20.2804,19.31997366138804,0.0517599049318867,2.1901065565677912e-06,1.5,20.367447088751685,0.0490979549691462
12.0,20.2804,19.220438256084183,0.0520279499705711,1.4123821016568946e-06,1.5,20.503118370794702,0.0487730686579087
13.5,20.2804,19.280683745240022,0.0518653805649853,9.740255214531131e-07,1.5,20.63385824784184,0.0484640336280585
15.0,20.2804,19.510353152639688,0.0512548385042791,6.171068919690042e-07,1.5,20.808095069967266,0.0480582194880164
16.5,20.2804,19.908169416296303,0.0502306354285606,3.637043840489275e-07,2.0,21.04327461632998,0.04752112103427
18.5,20.2804,20.50828144644804,0.0487607897624789,2.3459631830059122e-07,2.0,21.24843279955371,0.047062294402296
20.5,20.2804,21.27252383420301,0.0470089965720076,1.6131576279818977e-07,2.0,21.43023109698512,0.0466630525575939
22.5,20.2804,22.15337445691577,0.0451398500009475,1.0184492211508861e-07,2.0,21.67402575290689,0.0461381753164098
24.5,20.2804,23.10064480461132,0.0432888349419744,nan,2.0,nan,nan
26.5,20.2804,24.06685722053616,0.041550917547585,nan,2.0,nan,nan
28.5,20.2804,25.01099703183805,0.0399824124854773,nan,nan,nan,nan
Name:	615.8482110660261_8_150_1
Lambda:	615.8482110660261	Maximal Depth:	30	Filter time:	8 to 150 [us]
Chi2:	1.6804141133559125	RelRMS:	59.724273336510606	AbsRMS:	5.011522961460356e-07	Phi model:	0.0084972067578052
depth_vector,start_model,resistivity_model,conductivity_model,E/I[V/A],modelled_thickness,rhoa,sigma
0.0,20.2804,21.81405727880056,0.0458419993685367,0.0001307138528076,1.0,20.03454663438347,0.0499137823405392
1.0,20.2804,21.72935447577242,0.0460206952357912,7.671889724661764e-05,1.0,20.079107328096224,0.049803010844049
2.0,20.2804,21.56187812098943,0.0463781491755372,4.92838417024226e-05,1.0,20.13031984083906,0.0496763095622189
3.0,20.2804,21.32115127486652,0.0469017825120356,3.409266351191643e-05,1.0,20.091714944410366,0.049771759293161
4.0,20.2804,21.021652345680995,0.0475699999008619,2.170212230144222e-05,1.0,20.09775968127224,0.0497567896053525
5.0,20.2804,20.681813987485945,0.0483516581575037,1.2888432343347652e-05,1.0,20.131539805285417,0.0496732991948015
6.0,20.2804,20.322440353657942,0.0492066888915732,8.372332929133274e-06,1.5,20.14709968155581,0.0496349358372151
7.5,20.2804,19.97092029227,0.0500728051269156,5.790737284670154e-06,1.5,20.192991050585896,0.0495221335707463
9.0,20.2804,19.673464629708263,0.0508298878119277,3.680879805250401e-06,1.5,20.271125820690752,0.049331251201613
10.5,20.2804,19.46939749170254,0.0513626577517963,2.1886235651201062e-06,1.5,20.376646581460133,0.0490757885995754
12.0,20.2804,19.387981580405675,0.0515783448551778,1.4129080421436248e-06,1.5,20.49803000512271,0.0487851759291057
13.5,20.2804,19.44716321541236,0.051421381562092,9.754435186968346e-07,1.5,20.613856510492457,0.0485110585440914
15.0,20.2804,19.65384688542668,0.0508806243291485,6.18950946233949e-07,1.5,20.76674517478828,0.0481539110526594
16.5,20.2804,20.005161318286444,0.0499871000333255,3.655184569530016e-07,2.0,20.973591531398675,0.0476790061684448
18.5,20.2804,20.5278166345093,0.0487143868149572,2.361851147413271e-07,2.0,21.15303475410509,0.0472745405859995
20.5,20.2804,21.18610066538705,0.047200757505781,1.626634088608842e-07,2.0,21.31170252444321,0.0469225768731081
22.5,20.2804,21.937018483515963,0.0455850461516192,1.0289817431409049e-07,2.0,21.525870627009503,0.0464557284268564
24.5,20.2804,22.73630090549848,0.0439825283873755,nan,2.0,nan,nan
26.5,20.2804,23.54300845665237,0.0424754551586391,nan,2.0,nan,nan
28.5,20.2804,24.322600465826067,0.0411140248512912,nan,nan,nan,nan
Name:	784.7599703514607_8_150_1
Lambda:	784.7599703514607	Maximal Depth:	30	Filter time:	8 to 150 [us]
Chi2:	1.777723880182075	RelRMS:	60.57715336607608	AbsRMS:	5.33162750863663e-07	Phi model:	0.0061586281872513
depth_vector,start_model,resistivity_model,conductivity_model,E/I[V/A],modelled_thickness,rhoa,sigma
0.0,20.2804,21.6500477327322,0.0461892746078394,0.0001310653000827,1.0,19.998715959068186,0.0500032103084379
1.0,20.2804,21.57609690362925,0.0463475856855181,7.682528867884211e-05,1.0,20.06056535760954,0.0498490437419637
2.0,20.2804,21.429989514507124,0.0466635785949893,4.930043707527901e-05,1.0,20.12580211336519,0.0496874606222982
3.0,20.2804,21.220079489548937,0.0471251769105063,3.407865951237773e-05,1.0,20.09721878178941,0.0497581287668582
4.0,20.2804,20.959110826497994,0.0477119477194485,2.1676391725541304e-05,1.0,20.11366099558929,0.0497174532383383
5.0,20.2804,20.66329669548073,0.0483949882120557,1.2865482261785547e-05,1.0,20.15547378187016,0.0496143137503172
6.0,20.2804,20.35089860490253,0.0491378793346796,8.356003751790627e-06,1.5,20.17333858048319,0.0495703770603174
7.5,20.2804,20.04653966977948,0.0498839209396082,5.7798698964678176e-06,1.5,20.21829454550741,0.0494601558874907
9.0,20.2804,19.790492667765776,0.0505293130791419,3.675397394834411e-06,1.5,20.291279110016724,0.0492822554250093
10.5,20.2804,19.616708411407853,0.050976951842668,2.1871954724232514e-06,1.5,20.385515343536724,0.0490544380727197
12.0,20.2804,19.550036993783287,0.0511507983497928,1.4133807442412982e-06,1.5,20.49345940280172,0.0487960563585124
13.5,20.2804,19.605187174786334,0.0510069090942457,9.767604349455225e-07,1.5,20.59532393732941,0.0485547109160774
15.0,20.2804,19.787036660136632,0.0505381385386837,6.206728602835486e-07,1.5,20.728319022603905,0.0482431787599137
16.5,20.2804,20.09182137030673,0.0497714956533447,3.672158419008601e-07,2.0,20.908910696324508,0.0478264991669693
18.5,20.2804,20.540304613584635,0.0486847697155686,2.37673080577152e-07,2.0,21.06465585844232,0.0474728857058074
20.5,20.2804,21.10001678108557,0.0473933272364227,1.6392631946063245e-07,2.0,21.202102662129885,0.0471651333801976
22.5,20.2804,21.73288210353832,0.0460132252701628,1.0388590041062168e-07,2.0,21.389211085573045,0.046752542485052
24.5,20.2804,22.40051283211913,0.0446418350996921,nan,2.0,nan,nan
26.5,20.2804,23.06814756110045,0.0433498180706234,nan,2.0,nan,nan
28.5,20.2804,23.70712064853377,0.0421814194488375,nan,nan,nan,nan
Name:	1000.0_8_150_1
Lambda:	1000	Maximal Depth:	30	Filter time:	8 to 150 [us]
Chi2:	1.8738152761709688	RelRMS:	61.37530003487214	AbsRMS:	5.731390236038099e-07	Phi model:	0.0043454244753429
depth_vector,start_model,resistivity_model,conductivity_model,E/I[V/A],modelled_thickness,rhoa,sigma
0.0,20.2804,21.494594022034025,0.0465233257708847,0.0001313895522421,1.0,19.965799607879315,0.0500856474391017
1.0,20.2804,21.43124841827997,0.0466608375061828,7.692181545314313e-05,1.0,20.04377959609005,0.0498907900681102
2.0,20.2804,21.3061343788843,0.0469348396202298,4.931421604793597e-05,1.0,20.12205301469508,0.0496967182856392
3.0,20.2804,21.12639035671265,0.0473341627753395,3.406464847268074e-05,1.0,20.102729159721743,0.0497444895195435
4.0,20.2804,20.90294791935993,0.0478401421587917,2.1652020107698105e-05,1.0,20.12875152110381,0.0496801800624126
5.0,20.2804,20.64972305031004,0.0484267996022826,1.2844036239844112e-05,1.0,20.1779036226104,0.049559162274888
6.0,20.2804,20.38240081778488,0.0490619338192701,8.340843115547063e-06,1.5,20.19777640347767,0.0495104005522023
7.5,20.2804,20.122524686269006,0.0496955533955622,5.769829578121519e-06,1.5,20.24174287353444,0.0494028605267718
9.0,20.2804,19.90464106982259,0.0502395394366643,3.670372562419359e-06,1.5,20.309794401504824,0.0492373275785552
10.5,20.2804,19.75771708350757,0.0506131348967808,2.1859274600230226e-06,1.5,20.39339806556008,0.0490354769119511
12.0,20.2804,19.70271018763601,0.0507544388805722,1.413865189461626e-06,1.5,20.48877789777241,0.0488072058269869
13.5,20.2804,19.75165684255484,0.0506286641151797,9.780184666869165e-07,1.5,20.57765887959113,0.0485963931004706
15.0,20.2804,19.907963146427765,0.0502311558769103,6.222966546470674e-07,1.5,20.692244928146646,0.0483272841333783
16.5,20.2804,20.167496318545684,0.0495847369551974,3.688083764184229e-07,2.0,20.84867675710714,0.0479646747681052
18.5,20.2804,20.546267589078138,0.0486706403323382,2.390663955304132e-07,2.0,20.982730826402527,0.0476582389715309
20.5,20.2804,21.015430474089456,0.0475840835729217,1.651077914502097e-07,2.0,21.10083685453668,0.0473914853185076
22.5,20.2804,21.54190941218126,0.04642114033933,1.0480937051349893e-07,2.0,21.263386348579765,0.047029197683124
24.5,20.2804,22.09300702378486,0.045263191150187,nan,2.0,nan,nan
26.5,20.2804,22.63970456343318,0.0441701876982601,nan,2.0,nan,nan
28.5,20.2804,23.15860590019421,0.0431804921379837,nan,nan,nan,nan
Name:	10.0_12_80_1
Lambda:	10	Maximal Depth:	30	Filter time:	12 to 80 [us]
Chi2:	0.5201633418990401	RelRMS:	2.258548262299165	AbsRMS:	3.353440019791881e-07	Phi model:	0.0769311541097151
depth_vector,start_model,resistivity_model,conductivity_model,E/I[V/A],modelled_thickness,rhoa,sigma
0.0,20.1948,25.002319567554608,0.0399962890362258,4.885362851668262e-05,1.0,20.24832769502891,0.0493867945571379
1.0,20.1948,24.698675925274763,0.0404880003699581,3.4387309598749565e-05,1.0,19.976780457588696,0.0500581163277551
2.0,20.1948,24.10740756252988,0.0414810260044012,2.2030495564156623e-05,1.0,19.897550193657988,0.0502574432664948
3.0,20.1948,23.274327092776883,0.0429657964337171,1.3153512442239435e-05,1.0,19.8601518558048,0.0503520822630425
4.0,20.1948,22.262066962270204,0.0449194588128228,8.66201848223625e-06,1.0,19.695369115090767,0.0507733566279695
5.0,20.1948,21.14166580097364,0.0472999625201693,6.031219966826963e-06,1.0,19.652589475394947,0.0508838797682107
6.0,20.1948,19.98616664280529,0.0500346073297644,3.826684080962314e-06,1.5,19.75288583508064,0.0506255140817968
7.5,20.1948,18.89826938704547,0.0529148981591662,2.251950532177426e-06,1.5,19.99282645314818,0.0500179403019093
9.0,20.1948,17.9824669729501,0.0556097225983641,1.4479246143406564e-06,1.5,20.166200859639115,0.0495879222348425
10.5,20.1948,17.323672158025992,0.0577244819041847,9.931633956214034e-07,1.5,20.367928597642567,0.0490967942668329
12.0,20.1948,16.97461526425813,0.0589114972228918,6.209954871336701e-07,1.5,20.72113905473044,0.0482598952383223
13.5,20.1948,16.96679864281045,0.0589386378097757,nan,1.5,nan,nan
15.0,20.1948,17.321765474007503,0.0577308358954847,nan,1.5,nan,nan
16.5,20.1948,18.056429451169688,0.0553819348783388,nan,2.0,nan,nan
18.5,20.1948,19.301197324497544,0.0518102573217453,nan,2.0,nan,nan
20.5,20.1948,21.05080704070353,0.0475041169712123,nan,2.0,nan,nan
22.5,20.1948,23.28361713165204,0.0429486533104252,nan,2.0,nan,nan
24.5,20.1948,25.95318907949812,0.0385309102837753,nan,2.0,nan,nan
26.5,20.1948,28.98293222421641,0.0345030651924328,nan,2.0,nan,nan
28.5,20.1948,32.26136783621885,0.0309968258344375,nan,nan,nan,nan
Name:	12.742749857031335_12_80_1
Lambda:	12.742749857031336	Maximal Depth:	30	Filter time:	12 to 80 [us]
Chi2:	0.5254675118660194	RelRMS:	2.288483382418554	AbsRMS:	3.43591585112149e-07	Phi model:	0.0727630515366768
depth_vector,start_model,resistivity_model,conductivity_model,E/I[V/A],modelled_thickness,rhoa,sigma
0.0,20.1948,25.01061386273296,0.0399830250264288,4.888478216879995e-05,1.0,20.239724112631027,0.0494077880921276
1.0,20.1948,24.70304136547403,0.0404808454637347,3.440090977206011e-05,1.0,19.97151498480494,0.0500713141071589
2.0,20.1948,24.10433493658387,0.0414863136705866,2.203208300900093e-05,1.0,19.896594416492032,0.0502598574945626
3.0,20.1948,23.26018641441416,0.0429919168395102,1.315008087752066e-05,1.0,19.86360676143539,0.0503433244531134
4.0,20.1948,22.23455281527309,0.0449750443963546,8.65837272415621e-06,1.0,19.700897445122973,0.0507591089586405
5.0,20.1948,21.103210916490102,0.0473861538870654,6.0283273070068445e-06,1.0,19.65887576429112,0.0508676087071278
6.0,20.1948,19.95786562337036,0.0501055583232816,3.825031561606463e-06,1.5,19.758574620602296,0.0506109382484148
7.5,20.1948,18.870741832683542,0.0529920873734826,2.251524868958872e-06,1.5,19.995346209971803,0.0500116371829207
9.0,20.1948,17.962052435452094,0.0556729251066141,1.448192918783909e-06,1.5,20.16371000900305,0.0495940478986011
10.5,20.1948,17.3149044699392,0.0577537116497594,9.9377408116973e-07,1.5,20.35958352596021,0.0491169182672579
12.0,20.1948,16.981000409249713,0.058889345497883,6.217814752571738e-07,1.5,20.70367310882812,0.0483006080488006
13.5,20.1948,16.99238457487575,0.0588498921733774,nan,1.5,nan,nan
15.0,20.1948,17.367958286437762,0.0575772916716915,nan,1.5,nan,nan
16.5,20.1948,18.1230028467197,0.0551784937881308,nan,2.0,nan,nan
18.5,20.1948,19.37850561737689,0.0516035663298665,nan,2.0,nan,nan
20.5,20.1948,21.11781548718284,0.0473533827685413,nan,2.0,nan,nan
22.5,20.1948,23.301980675562085,0.0429148068536829,nan,2.0,nan,nan
24.5,20.1948,25.86574540357317,0.0386611707645532,nan,2.0,nan,nan
26.5,20.1948,28.71266091558362,0.0348278413811955,nan,2.0,nan,nan
28.5,20.1948,31.718875314249605,0.0315269690394965,nan,nan,nan,nan
Name:	16.237767391887218_12_80_1
Lambda:	16.237767391887218	Maximal Depth:	30	Filter time:	12 to 80 [us]
Chi2:	0.52264893464978	RelRMS:	2.307435586283205	AbsRMS:	3.486671117701742e-07	Phi model:	0.0682556071222854
depth_vector,start_model,resistivity_model,conductivity_model,E/I[V/A],modelled_thickness,rhoa,sigma
0.0,20.1948,24.97110641353345,0.0400462832298866,4.891067638062437e-05,1.0,20.232579960650646,0.0494252340504696
1.0,20.1948,24.66399295886817,0.0405449353503987,3.4407813604646163e-05,1.0,19.968843409315063,0.0500780130076797
2.0,20.1948,24.06702312448205,0.0415506311199225,2.2027181617010728e-05,1.0,19.89954584241359,0.0502524031412121
3.0,20.1948,23.22495021933005,0.0430571428810944,1.3141888823029473e-05,1.0,19.8718606154586,0.0503224141589482
4.0,20.1948,22.20255597459632,0.045039859426283,8.651647394818778e-06,1.0,19.71110574092936,0.0507328210372053
5.0,20.1948,21.077251268948565,0.0474445167085529,6.0234247658876335e-06,1.0,19.66954138850837,0.0508400262237041
6.0,20.1948,19.93939412876357,0.0501519752075841,3.822233713632258e-06,1.5,19.768215535668144,0.0505862554055869
7.5,20.1948,18.86177751704707,0.0530172725818768,2.2505675204989084e-06,1.5,20.00101623374415,0.0499974595447244
9.0,20.1948,17.96500800369512,0.055663765905048,1.4482346006198588e-06,1.5,20.16332311750357,0.0495949995034256
10.5,20.1948,17.33188910337326,0.0576971150712805,9.943069096925809e-07,1.5,20.352309356166963,0.0491344732678697
12.0,20.1948,17.012824414957205,0.0587791877238695,6.225798537046798e-07,1.5,20.68596946154171,0.0483419450975768
13.5,20.1948,17.039574041413303,0.0586869130395854,nan,1.5,nan,nan
15.0,20.1948,17.428647099282536,0.0573768000639112,nan,1.5,nan,nan
16.5,20.1948,18.19301216822263,0.0549661590259737,nan,2.0,nan,nan
18.5,20.1948,19.44512691957553,0.0514267664148436,nan,2.0,nan,nan
20.5,20.1948,21.15758705423933,0.0472643689205395,nan,2.0,nan,nan
22.5,20.1948,23.27784497784499,0.0429593031894388,nan,2.0,nan,nan
24.5,20.1948,25.72586383468669,0.038871386649092,nan,2.0,nan,nan
26.5,20.1948,28.39222774902205,0.0352209065396231,nan,2.0,nan,nan
28.5,20.1948,31.147069797422947,0.0321057488394217,nan,nan,nan,nan
Name:	20.6913808111479_12_80_1
Lambda:	20.6913808111479	Maximal Depth:	30	Filter time:	12 to 80 [us]
Chi2:	0.5126202916660353	RelRMS:	2.317478703706612	AbsRMS:	3.507796059933368e-07	Phi model:	0.0633131455540028
depth_vector,start_model,resistivity_model,conductivity_model,E/I[V/A],modelled_thickness,rhoa,sigma
0.0,20.1948,24.88778728900208,0.0401803498393728,4.893199086355228e-05,1.0,20.22670407336693,0.0494395921536582
1.0,20.1948,24.58454713193129,0.0406759577320488,3.440817425146671e-05,1.0,19.9687038744008,0.0500783629368136
2.0,20.1948,23.99679991906928,0.0416722231036039,2.2015632420092947e-05,1.0,19.906504645743365,0.0502348361902817
3.0,20.1948,23.16607922942065,0.0431665622005648,1.3128710369104037e-05,1.0,19.885156493962,0.0502887669153443
4.0,20.1948,22.15799340417419,0.0451304403679268,8.6416714700673e-06,1.0,19.72627245915305,0.0506938146611676
5.0,20.1948,21.05168761026008,0.0475021299248533,6.016393960011596e-06,1.0,19.684862393867537,0.0508004567159957
6.0,20.1948,19.93218733919366,0.0501701084272697,3.81822525985517e-06,1.5,19.78204851035644,0.0505508820017539
7.5,20.1948,18.87299019932419,0.052985774349409,2.249057482240905e-06,1.5,20.00996781198644,0.0499750928835066
9.0,20.1948,17.994125919349628,0.0555736913525024,1.4480524115108365e-06,1.5,20.16501433660438,0.049590840021609
10.5,20.1948,17.377617702381247,0.0575452871116488,9.94775936458647e-07,1.5,20.345911581707032,0.0491499236091784
12.0,20.1948,17.072328324925955,0.0585743186850489,6.234103027064593e-07,1.5,20.66759476904852,0.0483849238953332
13.5,20.1948,17.109874888541658,0.0584457809606598,nan,1.5,nan,nan
15.0,20.1948,17.504482157229603,0.0571282252749753,nan,1.5,nan,nan
16.5,20.1948,18.266771447667203,0.0547442115244567,nan,2.0,nan,nan
18.5,20.1948,19.500775284543007,0.0512800124819978,nan,2.0,nan,nan
20.5,20.1948,21.169507282903805,0.0472377550708318,nan,2.0,nan,nan
22.5,20.1948,23.21039074764798,0.0430841518728561,nan,2.0,nan,nan
24.5,20.1948,25.532159414901443,0.0391662915678164,nan,2.0,nan,nan
26.5,20.1948,28.01809492520933,0.0356912203584637,nan,2.0,nan,nan
28.5,20.1948,30.53720651406818,0.0327469377246183,nan,nan,nan,nan
Name:	26.366508987303583_12_80_1
Lambda:	26.366508987303583	Maximal Depth:	30	Filter time:	12 to 80 [us]
Chi2:	0.4976110645311022	RelRMS:	2.3227335028164564	AbsRMS:	3.5042126663872496e-07	Phi model:	0.0578925876607989
depth_vector,start_model,resistivity_model,conductivity_model,E/I[V/A],modelled_thickness,rhoa,sigma
0.0,20.1948,24.76000885750422,0.0403877076843985,4.894986282141724e-05,1.0,20.22178049397581,0.0494516296573343
1.0,20.1948,24.46433473228436,0.0408758305076798,3.440259322064616e-05,1.0,19.97086345847661,0.0500729476258849
2.0,20.1948,23.89320914317333,0.0418528961098436,2.199765481673348e-05,1.0,19.917348908321127,0.0502074851729999
3.0,20.1948,23.08350407132106,0.0433209792114014,1.311058037905958e-05,1.0,19.903484421455108,0.0502424589998946
4.0,20.1948,22.101616029175243,0.0452455602649122,8.62844246446603e-06,1.0,19.7464300045601,0.050642065414815
5.0,20.1948,21.02693491260145,0.0475580489575158,6.007229683650438e-06,1.0,19.704877352772023,0.0507488568488513
6.0,20.1948,19.935092560008773,0.0501627969365977,3.8130110700042808e-06,1.5,19.80007868133632,0.0505048498086326
7.5,20.1948,18.90459542506134,0.0528971912656922,2.24701359945321e-06,1.5,20.022100013046423,0.0499448109513187
9.0,20.1948,18.049549051508112,0.0554030462005612,1.4476732737765605e-06,1.5,20.16853492112363,0.0495821835304776
10.5,20.1948,17.45150475696605,0.0573016489939547,9.952110325826816e-07,1.5,20.339981132695712,0.0491642540608132
12.0,20.1948,17.16087871654888,0.0582720743219088,6.24302192561151e-07,1.5,20.647906002816203,0.0484310612351493
13.5,20.1948,17.20333010334461,0.0581282806289686,nan,1.5,nan,nan
15.0,20.1948,17.596601586446255,0.0568291550551583,nan,1.5,nan,nan
16.5,20.1948,18.34579788662509,0.0545083951202277,nan,2.0,nan,nan
18.5,20.1948,19.545982795512785,0.0511614079712365,nan,2.0,nan,nan
20.5,20.1948,21.155568529234536,0.0472688785753082,nan,2.0,nan,nan
22.5,20.1948,23.10003785350155,0.0432899723516434,nan,2.0,nan,nan
24.5,20.1948,25.284386128578525,0.039550100006965,nan,2.0,nan,nan
26.5,20.1948,27.58770770992896,0.0362480279447101,nan,2.0,nan,nan
28.5,20.1948,29.88127912686177,0.0334657695125591,nan,nan,nan,nan
Name:	33.59818286283781_12_80_1
Lambda:	33.59818286283781	Maximal Depth:	30	Filter time:	12 to 80 [us]
Chi2:	0.4808361091842686	RelRMS:	2.3286751656443374	AbsRMS:	3.483426709754874e-07	Phi model:	0.0520229941277411
depth_vector,start_model,resistivity_model,conductivity_model,E/I[V/A],modelled_thickness,rhoa,sigma
0.0,20.1948,24.58887078362288,0.0406688053631986,4.896585011699839e-05,1.0,20.21737866186758,0.0494623965215688
1.0,20.1948,24.305750141592288,0.0411425277629587,3.439205789467408e-05,1.0,19.974941702677235,0.0500627243315543
2.0,20.1948,23.75596861326045,0.042094684341425,2.1973784061973e-05,1.0,19.93177082461856,0.0501711568329322
3.0,20.1948,22.97746356546872,0.0435209046094553,1.3087753750663654e-05,1.0,19.926620425080888,0.0501841244861239
4.0,20.1948,22.03382090089548,0.0453847748194848,8.612104504479345e-06,1.0,19.7713959861434,0.0505781180398612
5.0,20.1948,21.0007592840356,0.0476173259487899,5.996025492605979e-06,1.0,19.72941677589364,0.0506857354862029
6.0,20.1948,19.949577647366617,0.0501263744865296,3.8066533386299526e-06,1.5,19.82211878764863,0.0504486937402025
7.5,20.1948,18.95497289946456,0.0527566040481254,2.244481741493748e-06,1.5,20.03715429380537,0.0499072865007161
9.0,20.1948,18.13022363444508,0.0551565176559725,1.4471359976716598e-06,1.5,20.173526574290776,0.0495699151220493
10.5,20.1948,17.555028572352388,0.0569637352556014,9.9564632238979e-07,1.5,20.334052366274687,0.0491785888020315
12.0,20.1948,17.27652975416819,0.0578819944878534,6.25284187937744e-07,1.5,20.626282278714125,0.048481834316404
13.5,20.1948,17.321705449992095,0.0577310359471824,nan,1.5,nan,nan
15.0,20.1948,17.705171858236387,0.0564806717498651,nan,1.5,nan,nan
16.5,20.1948,18.43044096884667,0.0542580615238842,nan,2.0,nan,nan
18.5,20.1948,19.58362446281081,0.0510630706741233,nan,2.0,nan,nan
20.5,20.1948,21.115928617955674,0.0473576141543527,nan,2.0,nan,nan
22.5,20.1948,22.949799988417247,0.0435733644957559,nan,2.0,nan,nan
24.5,20.1948,24.984157646410218,0.0400253638386596,nan,2.0,nan,nan
26.5,20.1948,27.10066563179052,0.0368994626769221,nan,2.0,nan,nan
28.5,20.1948,29.17624938931252,0.0342744533972316,nan,nan,nan,nan
Name:	42.81332398719393_12_80_1
Lambda:	42.81332398719393	Maximal Depth:	30	Filter time:	12 to 80 [us]
Chi2:	0.4662253877335622	RelRMS:	2.3419009788833347	AbsRMS:	3.454997334416647e-07	Phi model:	0.045802735836214
depth_vector,start_model,resistivity_model,conductivity_model,E/I[V/A],modelled_thickness,rhoa,sigma
0.0,20.1948,24.38052483952221,0.0410163442576487,4.898174389942328e-05,1.0,20.2130049507344,0.0494730992466148
1.0,20.1948,24.110339673083065,0.0414759814071141,3.437787460259737e-05,1.0,19.98043537088324,0.050048959466482
2.0,20.1948,23.586096351368155,0.0423978595314265,2.194488055392311e-05,1.0,19.94926835161008,0.0501271516516189
3.0,20.1948,22.84819023299861,0.0437671425965171,1.3060739208632004e-05,1.0,19.95408814677302,0.0501150437266019
4.0,20.1948,21.95545551285965,0.0455467662428722,8.592977769433856e-06,1.0,19.800723972483304,0.0505032038924274
5.0,20.1948,20.97470180671778,0.047676482326901,5.982997084430255e-06,1.0,19.758047877566824,0.0506122875193249
6.0,20.1948,19.97265197537961,0.0500684636788697,3.79928841476575e-06,1.5,19.847727314635456,0.0503836023211893
7.5,20.1948,19.02388385414445,0.0525655017485898,2.241545396676262e-06,1.5,20.05464911567179,0.0498637495092619
9.0,20.1948,18.23620191929013,0.0548359797958919,1.4464979204122678e-06,1.5,20.179458751211,0.0495553430014562
10.5,20.1948,17.685551175641926,0.0565433324677653,9.961245368462257e-07,1.5,20.327543932405668,0.0491943347078849
12.0,20.1948,17.41936944593992,0.0574073592677075,6.263868736805867e-07,1.5,20.6020682913482,0.0485388159022824
13.5,20.1948,17.463797314233105,0.0572613150511655,nan,1.5,nan,nan
15.0,20.1948,17.83057549799092,0.0560834393770787,nan,1.5,nan,nan
16.5,20.1948,18.52141580336401,0.0539915528389774,nan,2.0,nan,nan
18.5,20.1948,19.61397450706988,0.0509840572923937,nan,2.0,nan,nan
20.5,20.1948,21.05402682775059,0.0474968521785074,nan,2.0,nan,nan
22.5,20.1948,22.76174201972418,0.0439333685063933,nan,2.0,nan,nan
24.5,20.1948,24.63593092738595,0.0405911188396933,nan,2.0,nan,nan
26.5,20.1948,26.561488340496265,0.037648492704205,nan,2.0,nan,nan
28.5,20.1948,28.4234013668794,0.0351822776976037,nan,nan,nan,nan
Name:	54.5559478116852_12_80_1
Lambda:	54.5559478116852	Maximal Depth:	30	Filter time:	12 to 80 [us]
Chi2:	0.4578170591205	RelRMS:	2.368769805702616	AbsRMS:	3.4300768696421585e-07	Phi model:	0.0394026803988268
depth_vector,start_model,resistivity_model,conductivity_model,E/I[V/A],modelled_thickness,rhoa,sigma
0.0,20.1948,24.132526172730017,0.0414378500138128,4.899948066917612e-05,1.0,20.20812687117864,0.0494850416555047
1.0,20.1948,23.88175906175392,0.0418729624318786,3.436165456978124e-05,1.0,19.98672256960622,0.0500332156268931
2.0,20.1948,23.39247616773244,0.0427487878080816,2.191215359837597e-05,1.0,19.969126932381883,0.0500773019965335
3.0,20.1948,22.703366464789287,0.0440463312588863,1.303032238058257e-05,1.0,19.985128779731475,0.0500372057153907
4.0,20.1948,21.868045037247747,0.0457288247896281,8.571566977237191e-06,1.0,19.83368355362077,0.0504192777552631
5.0,20.1948,20.94716755051813,0.0477391512522305,5.968480743895032e-06,1.0,19.790071483532053,0.0505303884744495
6.0,20.1948,20.00373442782646,0.0499906656733523,3.7911176696733074e-06,1.5,19.87623474309833,0.0503113397947381
7.5,20.1948,19.109161186723185,0.0523309207677199,2.238312072603262e-06,1.5,20.073957587496395,0.0498157872278696
9.0,20.1948,18.364008762926403,0.0544543412557512,1.4458200946299274e-06,1.5,20.185765247631828,0.0495398607747763
10.5,20.1948,17.841319882322036,0.0560496648564013,9.966826107929566e-07,1.5,20.3199552032358,0.0492127069178163
12.0,20.1948,17.587482984523703,0.056858619330575,6.276300121279057e-07,1.5,20.574855140523088,0.0486030153393622
13.5,20.1948,17.627512113430203,0.056729502925039,nan,1.5,nan,nan
15.0,20.1948,17.971757330788385,0.0556428612736076,nan,1.5,nan,nan
16.5,20.1948,18.619296444872464,0.0537077221451827,nan,2.0,nan,nan
18.5,20.1948,19.63859044841784,0.0509201514551959,nan,2.0,nan,nan
20.5,20.1948,20.972777433960854,0.0476808569179167,nan,2.0,nan,nan
22.5,20.1948,22.54208526925757,0.0443614682517317,nan,2.0,nan,nan
24.5,20.1948,24.246497562502448,0.0412430701556877,nan,2.0,nan,nan
26.5,20.1948,25.97768886140385,0.0384945714507244,nan,2.0,nan,nan
28.5,20.1948,27.63115340524297,0.0361910335530999,nan,nan,nan,nan
Name:	69.51927961775606_12_80_1
Lambda:	69.51927961775606	Maximal Depth:	30	Filter time:	12 to 80 [us]
Chi2:	0.4592408202134566	RelRMS:	2.414516737740948	AbsRMS:	3.421017620173732e-07	Phi model:	0.033044213002112
depth_vector,start_model,resistivity_model,conductivity_model,E/I[V/A],modelled_thickness,rhoa,sigma
0.0,20.1948,23.8566694046289,0.0419169995207281,4.902117984213197e-05,1.0,20.202163027276843,0.049499650044889
1.0,20.1948,23.627233485804098,0.0423240410520693,3.4345348315579136e-05,1.0,19.993048177226616,0.0500173856000139
2.0,20.1948,23.177970298702192,0.0431444163191456,2.1877194060038923e-05,1.0,19.990394914597164,0.0500240242512563
3.0,20.1948,22.54311579657855,0.0443594403286423,1.2997596811545477e-05,1.0,20.018660648498305,0.0499533918656548
4.0,20.1948,21.77137597337727,0.0459318694979514,8.548589277367096e-06,1.0,19.869208207391992,0.0503291318688767
5.0,20.1948,20.918923954403144,0.0478036060640448,5.95295640819438e-06,1.0,19.824462724171163,0.0504427289613624
6.0,20.1948,20.04221482704072,0.0498946852246495,3.7824235668786016e-06,1.5,19.90668081237349,0.0502343916308953
7.5,20.1948,19.20819921791004,0.0520611010254195,2.234922875701891e-06,1.5,20.09424685168878,0.0497654879717951
9.0,20.1948,18.510373359318592,0.0540237617355554,1.4451731484676324e-06,1.5,20.191789037573752,0.0495250816130832
10.5,20.1948,18.01887403589519,0.0554973633761971,9.973553356492464e-07,1.5,20.310816851274748,0.0492348489636071
12.0,20.1948,17.77759018867253,0.0562505935499163,6.290243909097958e-07,1.5,20.54443792970392,0.0486749748725986
13.5,20.1948,17.8105564320467,0.056146477164559,nan,1.5,nan,nan
15.0,20.1948,18.12644141062097,0.0551680264949336,nan,1.5,nan,nan
16.5,20.1948,18.7224719751032,0.0534117503997218,nan,2.0,nan,nan
18.5,20.1948,19.65874054049552,0.0508679586029469,nan,2.0,nan,nan
20.5,20.1948,20.87645463242525,0.0479008537420335,nan,2.0,nan,nan
22.5,20.1948,22.29732310279936,0.044848432943704,nan,2.0,nan,nan
24.5,20.1948,23.82570902316421,0.041971468678131,nan,2.0,nan,nan
26.5,20.1948,25.36252027627944,0.0394282582766532,nan,2.0,nan,nan
28.5,20.1948,26.81389813438666,0.0372940926003437,nan,nan,nan,nan
Name:	88.58667904100822_12_80_1
Lambda:	88.58667904100822	Maximal Depth:	30	Filter time:	12 to 80 [us]
Chi2:	0.4727185979223707	RelRMS:	2.481244773717859	AbsRMS:	3.436798950849071e-07	Phi model:	0.0269684937535739
depth_vector,start_model,resistivity_model,conductivity_model,E/I[V/A],modelled_thickness,rhoa,sigma
0.0,20.1948,23.563131565718017,0.0424391807689475,4.904813550412108e-05,1.0,20.19476060427156,0.0495177942237394
1.0,20.1948,23.3551462459462,0.0428171157426844,3.4330565898973784e-05,1.0,19.99878697691978,0.0500030327416398
2.0,20.1948,22.948019125477515,0.043576745972369,2.1841559960910444e-05,1.0,20.01213164526903,0.0499696892727769
3.0,20.1948,22.37157254306636,0.0446995846212845,1.29637239520687e-05,1.0,20.05351659615996,0.0498665655574588
4.0,20.1948,21.66925913146212,0.0461483244043205,8.524814964524191e-06,1.0,19.90613236992655,0.0502357756603067
5.0,20.1948,20.890056200421373,0.0478696653759997,5.93693587473553e-06,1.0,19.86011027129742,0.0503521876938033
6.0,20.1948,20.086225961279457,0.0497853604717838,3.7734989009775008e-06,1.5,19.938055852375467,0.0501553414938827
7.5,20.1948,19.317378049159075,0.0517668597392042,2.2315110939250244e-06,1.5,20.11472317903386,0.0497148278452237
9.0,20.1948,18.67159215069028,0.0535572966638,1.4446105861204284e-06,1.5,20.19703077456185,0.0495122283647505
10.5,20.1948,18.21338580658753,0.0549046734428869,9.98156996242938e-07,1.5,20.299940431471423,0.0492612282964968
12.0,20.1948,17.984939267389457,0.0556020782240401,6.305603545288369e-07,1.5,20.51106197158072,0.0487541796414812
13.5,20.1948,18.008268131134493,0.055530048348797,nan,1.5,nan,nan
15.0,20.1948,18.29132896866228,0.0546707131949381,nan,1.5,nan,nan
16.5,20.1948,18.829924386645978,0.0531069578117473,nan,2.0,nan,nan
18.5,20.1948,19.675369051240384,0.0508249678771315,nan,2.0,nan,nan
20.5,20.1948,20.76934568552207,0.0481478817455998,nan,2.0,nan,nan
22.5,20.1948,22.03581610753396,0.0453806655092798,nan,2.0,nan,nan
24.5,20.1948,23.386678431235016,0.0427593855596188,nan,2.0,nan,nan
26.5,20.1948,24.732123253017967,0.0404332450461152,nan,2.0,nan,nan
28.5,20.1948,25.99043594379317,0.0384756916799162,nan,nan,nan,nan
Name:	112.88378916846884_12_80_1
Lambda:	112.88378916846884	Maximal Depth:	30	Filter time:	12 to 80 [us]
Chi2:	0.498964316482376	RelRMS:	2.567942168121336	AbsRMS:	3.484040644614712e-07	Phi model:	0.0214004808664171
depth_vector,start_model,resistivity_model,conductivity_model,E/I[V/A],modelled_thickness,rhoa,sigma
0.0,20.1948,23.26166144527585,0.0429891907055971,4.908131420102194e-05,1.0,20.1856585476164,0.0495401226391042
1.0,20.1948,23.07466636881712,0.0433375713441036,3.431887229672796e-05,1.0,20.003329561725543,0.0499916774812031
2.0,20.1948,22.710540091770376,0.0440324182498138,2.180692240878308e-05,1.0,20.03331720787536,0.0499168455040929
3.0,20.1948,22.194138262987885,0.0450569419794799,1.2929998117752138e-05,1.0,20.088372383946524,0.0497800409553908
4.0,20.1948,21.563357874930936,0.0463749665427839,8.501105806370788e-06,1.0,19.94312665789396,0.0501425888304317
5.0,20.1948,20.861750082290364,0.0479346169930827,5.92098818875862e-06,1.0,19.89575531163935,0.0502619772075194
6.0,20.1948,20.134131936452544,0.0496669040987813,3.7646621746446462e-06,1.5,19.96924382798952,0.0500770088549055
7.5,20.1948,19.433909292324703,0.0514564509362479,2.228211419797418e-06,1.5,20.134576370262995,0.0496658077930515
9.0,20.1948,18.84170933797833,0.053073740925636,1.4441753312679536e-06,1.5,20.20108864479635,0.0495022826533456
10.5,20.1948,18.418115404539183,0.0542943714943575,9.99086322428064e-07,1.5,20.28735013327897,0.0492917997387751
12.0,20.1948,18.202494988616643,0.0549375237089955,6.322112157393851e-07,1.5,20.47534008050855,0.0488392376423553
13.5,20.1948,18.215471837199257,0.0548983857754275,nan,1.5,nan,nan
15.0,20.1948,18.46321845244392,0.0541617379751921,nan,1.5,nan,nan
16.5,20.1948,18.93999961329194,0.0527983115320767,nan,2.0,nan,nan
18.5,20.1948,19.689482618192155,0.0507885361637713,nan,2.0,nan,nan
20.5,20.1948,20.655559304553723,0.0484131165491868,nan,2.0,nan,nan
22.5,20.1948,21.767104849553697,0.0459408822124777,nan,2.0,nan,nan
24.5,20.1948,22.94347714606869,0.0435853725934191,nan,2.0,nan,nan
26.5,20.1948,24.105347374419853,0.0414845712226151,nan,2.0,nan,nan
28.5,20.1948,25.182071477314523,0.0397107918981509,nan,nan,nan,nan
Name:	143.8449888287663_12_80_1
Lambda:	143.8449888287663	Maximal Depth:	30	Filter time:	12 to 80 [us]
Chi2:	0.5369525924923481	RelRMS:	2.67050729731856	AbsRMS:	3.564475105016136e-07	Phi model:	0.0165121124833654
depth_vector,start_model,resistivity_model,conductivity_model,E/I[V/A],modelled_thickness,rhoa,sigma
0.0,20.1948,22.95981723390264,0.0435543536698276,4.9120824276750416e-05,1.0,20.17483294410242,0.0495667053487213
1.0,20.1948,22.79561373967791,0.0438680884585882,3.431133756042247e-05,1.0,20.006257929011944,0.0499843600711483
2.0,20.1948,22.475018131322727,0.0444938461965613,2.177472059393498e-05,1.0,20.05306335551004,0.0498676926448361
3.0,20.1948,22.0184889872223,0.0454163771446949,1.2897616804001268e-05,1.0,20.12198148716663,0.0496968949423683
4.0,20.1948,21.45850868686282,0.0466015609282397,8.478264998723483e-06,1.0,19.978929017144907,0.0500527330139593
5.0,20.1948,20.833177358514785,0.0480003593686724,5.90563961664529e-06,1.0,19.930212692763515,0.0501750791833291
6.0,20.1948,20.18208495129943,0.049548894597018,3.756199758320653e-06,1.5,19.99922531220515,0.0500019367945076
7.5,20.1948,19.552249403602744,0.0511450104465084,2.225132336947164e-06,1.5,20.15314657347052,0.0496200430217876
9.0,20.1948,19.015829559404164,0.0525877662542182,1.443887041727473e-06,1.5,20.20377748338001,0.0494956945958555
10.5,20.1948,18.62785717936804,0.0536830398886451,1.0001213293372355e-06,1.5,20.27335105118817,0.0493258365365992
12.0,20.1948,18.42465113317106,0.0542751117930063,6.339330422242146e-07,1.5,20.43824787556451,0.0489278731762313
13.5,20.1948,18.425523601192943,0.0542725418090835,nan,1.5,nan,nan
15.0,20.1948,18.63582127202772,0.0536600982271167,nan,1.5,nan,nan
16.5,20.1948,19.04929438007207,0.0524953827710345,nan,2.0,nan,nan
18.5,20.1948,19.702072729223485,0.050756081034902,nan,2.0,nan,nan
20.5,20.1948,20.541262836652468,0.048682498634683,nan,2.0,nan,nan
22.5,20.1948,21.501325478342515,0.0465087606346531,nan,2.0,nan,nan
24.5,20.1948,22.51046710450784,0.0444237782964417,nan,2.0,nan,nan
26.5,20.1948,23.49974618545401,0.0425536510951333,nan,2.0,nan,nan
28.5,20.1948,24.409453510671494,0.0409677340610191,nan,nan,nan,nan
Name:	183.29807108324357_12_80_1
Lambda:	183.2980710832436	Maximal Depth:	30	Filter time:	12 to 80 [us]
Chi2:	0.5842476489030525	RelRMS:	2.782861892561596	AbsRMS:	3.6751612631943844e-07	Phi model:	0.0124004851001192
depth_vector,start_model,resistivity_model,conductivity_model,E/I[V/A],modelled_thickness,rhoa,sigma
0.0,20.1948,22.6692479483876,0.044112623509909,4.916593589697204e-05,1.0,20.162490270661333,0.0495970481114186
1.0,20.1948,22.526287106852426,0.0443925798892886,3.430846055367925e-05,1.0,20.007376357403984,0.0499815659053135
2.0,20.1948,22.246741588051503,0.0449504030081011,2.1746042568362506e-05,1.0,20.07068973314462,0.049823898096965
3.0,20.1948,21.84765915113756,0.0457714940114274,1.2867575348481432e-05,1.0,20.15328801406845,0.0496196947764517
4.0,20.1948,21.35682024916879,0.0468234497613904,8.456963893443417e-06,1.0,20.012463101973747,0.0499688616490877
5.0,20.1948,20.806393449759486,0.048062149858632,5.891324664865675e-06,1.0,19.962484395735448,0.0500939652688534
6.0,20.1948,20.23027657285613,0.0494308615306695,3.748339306807259e-06,1.5,20.027175120629902,0.0499321543840651
7.5,20.1948,19.66931838366211,0.0508406026327088,2.222346556963033e-06,1.5,20.1699847842224,0.0495786194535075
9.0,20.1948,19.187425982182862,0.0521174648922989,1.443741019735084e-06,1.5,20.205139752684847,0.0494923575011214
10.5,20.1948,18.83430551660236,0.0530946043706525,1.001222204712295e-06,1.5,20.25848753417388,0.04936202657346
12.0,20.1948,18.643287295696982,0.053638609121837,6.356696334347832e-07,1.5,20.401007292347664,0.0490171875177504
13.5,20.1948,18.63200506870157,0.0536710888770538,nan,1.5,nan,nan
15.0,20.1948,18.804987715356013,0.0531773811893217,nan,1.5,nan,nan
16.5,20.1948,19.155784104501503,0.0522035534825747,nan,2.0,nan,nan
18.5,20.1948,19.714100355975887,0.0507251146105113,nan,2.0,nan,nan
20.5,20.1948,20.431091683023126,0.0489450106491829,nan,2.0,nan,nan
22.5,20.1948,21.24759969604981,0.0470641396819007,nan,2.0,nan,nan
24.5,20.1948,22.100608673377824,0.0452476225781324,nan,2.0,nan,nan
26.5,20.1948,22.93135443675164,0.0436084140933829,nan,2.0,nan,nan
28.5,20.1948,23.69019041154553,0.0422115644757606,nan,nan,nan,nan
Name:	233.57214690901213_12_80_1
Lambda:	233.57214690901213	Maximal Depth:	30	Filter time:	12 to 80 [us]
Chi2:	0.6375312521083208	RelRMS:	2.8977715154279378	AbsRMS:	3.810625691232437e-07	Phi model:	0.009085287422023
depth_vector,start_model,resistivity_model,conductivity_model,E/I[V/A],modelled_thickness,rhoa,sigma
0.0,20.1948,22.39781081588358,0.0446472205797381,4.921554822556371e-05,1.0,20.148937964990218,0.049630407405966
1.0,20.1948,22.27375667401477,0.0448958841849354,3.4310287604080534e-05,1.0,20.00666607851508,0.0499833403564368
2.0,20.1948,22.03193941765354,0.0453886505878247,2.172154276612281e-05,1.0,20.08577876384997,0.0497864689120136
3.0,20.1948,21.68663362018949,0.0461113521588263,1.2840546183945276e-05,1.0,20.181559688368964,0.049550184199902
4.0,20.1948,21.26020892999809,0.0470362263744738,8.437656032510017e-06,1.0,20.042981106594983,0.0498927776602532
5.0,20.1948,20.780183325635264,0.048122770830725,5.878326144778735e-06,1.0,19.991901751532072,0.050020253822194
6.0,20.1948,20.275559477976664,0.0493204639352221,3.741209993368957e-06,1.5,20.05260979728974,0.0498688205729289
7.5,20.1948,19.780608535419443,0.0505545619695868,2.21986718687538e-06,1.5,20.185000563156013,0.0495417375328349
9.0,20.1948,19.35169791565392,0.0516750522025813,1.4436937951739696e-06,1.5,20.205580369505544,0.0494912782366404
10.5,20.1948,19.032957090137835,0.0525404431515354,1.002321873596481e-06,1.5,20.243667475201644,0.0493981637084778
12.0,20.1948,18.854002820221314,0.0530391349537446,6.373464158520667e-07,1.5,20.365209839463525,0.0491033486952935
13.5,20.1948,18.83074350388922,0.0531046477157667,nan,1.5,nan,nan
15.0,20.1948,18.967311986136945,0.0527222835123338,nan,1.5,nan,nan
16.5,20.1948,19.257411548924807,0.0519280588390308,nan,2.0,nan,nan
18.5,20.1948,19.725405725293804,0.0506960421461802,nan,2.0,nan,nan
20.5,20.1948,20.32788540097908,0.0491935083396247,nan,2.0,nan,nan
22.5,20.1948,21.012353554389584,0.0475910514931867,nan,2.0,nan,nan
24.5,20.1948,21.72421383002688,0.0460315852082902,nan,2.0,nan,nan
26.5,20.1948,22.41372221974532,0.0446155257121484,nan,2.0,nan,nan
28.5,20.1948,23.04026508269122,0.0434022784204527,nan,nan,nan,nan
Name:	297.63514416313194_12_80_1
Lambda:	297.63514416313194	Maximal Depth:	30	Filter time:	12 to 80 [us]
Chi2:	0.693414435938589	RelRMS:	3.009343454888507	AbsRMS:	3.9631116393284746e-07	Phi model:	0.0065126117856908
depth_vector,start_model,resistivity_model,conductivity_model,E/I[V/A],modelled_thickness,rhoa,sigma
0.0,20.1948,22.14834708238703,0.0451500961349493,4.926797503309148e-05,1.0,20.13464156621836,0.0496656469752005
1.0,20.1948,22.042634032555444,0.0453666289846789,3.431636934164916e-05,1.0,20.00430221370216,0.0499892467788773
2.0,20.1948,21.835569583658646,0.0457968360371227,2.1701491546996568e-05,1.0,20.09814910734253,0.0497558255070695
3.0,20.1948,21.538973736189632,0.0464274673551324,1.2816940022068829e-05,1.0,20.2063322701987,0.0494894366096735
4.0,20.1948,21.171640037281616,0.0472329965103826,8.420621981776981e-06,1.0,20.070001925551345,0.0498256055833701
5.0,20.1948,20.75628015582361,0.048178189564445,5.866815583353066e-06,1.0,20.01804231878,0.0499549348570337
6.0,20.1948,20.317406290718058,0.0492188808793397,3.734887167617603e-06,1.5,20.075234918219152,0.0498126175894687
7.5,20.1948,19.883965747448208,0.0502917784460745,2.2176956630687427e-06,1.5,20.19817491640585,0.0495094237047999
9.0,20.1948,19.504499657251674,0.0512702205938517,1.4437098483078173e-06,1.5,20.20543058710634,0.0494916451143648
10.5,20.1948,19.217642548671087,0.0520355187930764,1.0033699371867052e-06,1.5,20.22956809180579,0.0494325927010305
12.0,20.1948,19.05002939074964,0.0524933573323294,6.389095043238735e-07,1.5,20.331980700995043,0.0491835997046298
13.5,20.1948,19.015876149384443,0.0525876374111939,nan,1.5,nan,nan
15.0,20.1948,19.118676961526944,0.052304874548188,nan,1.5,nan,nan
16.5,20.1948,19.352723408656647,0.0516723139624209,nan,2.0,nan,nan
18.5,20.1948,19.738052479991413,0.0506635596907904,nan,2.0,nan,nan
20.5,20.1948,20.23621000995144,0.0494163679616013,nan,2.0,nan,nan
22.5,20.1948,20.80163154441235,0.0480731522363983,nan,2.0,nan,nan
24.5,20.1948,21.388079086575367,0.0467550169396778,nan,2.0,nan,nan
26.5,20.1948,21.953934020492905,0.045549922809577,nan,2.0,nan,nan
28.5,20.1948,22.46584394073272,0.0445120157799593,nan,nan,nan,nan
Name:	379.26901907322497_12_80_1
Lambda:	379.26901907322497	Maximal Depth:	30	Filter time:	12 to 80 [us]
Chi2:	0.7488345250269262	RelRMS:	3.112624238653954	AbsRMS:	4.125486139217745e-07	Phi model:	0.0045855248525514
depth_vector,start_model,resistivity_model,conductivity_model,E/I[V/A],modelled_thickness,rhoa,sigma
0.0,20.1948,21.925817785189885,0.0456083330527112,4.9321687968600366e-05,1.0,20.120020721717207,0.0497017380762743
1.0,20.1948,21.83582630536824,0.0457962976081264,3.432605849170095e-05,1.0,20.000537652823123,0.049998655904075
2.0,20.1948,21.65931249014967,0.0461695171744156,2.1685799390351595e-05,1.0,20.10784347844178,0.0497318372839001
3.0,20.1948,21.40606439351136,0.0467157335237729,1.2796848838849178e-05,1.0,20.227476171780943,0.0494377050061779
4.0,20.1948,21.09133676274847,0.0474128316876624,8.405926709393483e-06,1.0,20.09338608356001,0.0497676198447298
5.0,20.1948,20.733991153737083,0.0482299810289906,5.856820527256342e-06,1.0,20.04081059830195,0.0498981812684128
6.0,20.1948,20.354650485139743,0.0491288219726527,3.729361971322304e-06,1.5,20.09505819162647,0.0497634786853563
7.5,20.1948,19.97701610020125,0.0500575258579245,2.2157936476049483e-06,1.5,20.20973187313633,0.0494811116880399
9.0,20.1948,19.64283305124362,0.0509091533482584,1.4437369104535757e-06,1.5,20.205178092342244,0.0494922635885599
10.5,20.1948,19.385674209233613,0.0515844839445248,1.0043105548719434e-06,1.5,20.21693503993368,0.0494634818791642
12.0,20.1948,19.228829515519624,0.0520052455191252,6.403062943299985e-07,1.5,20.30240127103756,0.0492552573781778
13.5,20.1948,19.185054122137423,0.0521239082065507,nan,1.5,nan,nan
15.0,20.1948,19.257459572210355,0.0519279293434456,nan,1.5,nan,nan
16.5,20.1948,19.440945422753607,0.0514378276495547,nan,2.0,nan,nan
18.5,20.1948,19.752078287422385,0.050627583864771,nan,2.0,nan,nan
20.5,20.1948,20.15755461291959,0.0496091921467036,nan,2.0,nan,nan
22.5,20.1948,20.618512493226568,0.0485001039880307,nan,2.0,nan,nan
24.5,20.1948,21.09600242280956,0.0474023457126063,nan,2.0,nan,nan
26.5,20.1948,21.55552882644233,0.0463918101036469,nan,2.0,nan,nan
28.5,20.1948,21.970195449435263,0.0455162086428186,nan,nan,nan,nan
Name:	483.2930238571752_12_80_1
Lambda:	483.2930238571752	Maximal Depth:	30	Filter time:	12 to 80 [us]
Chi2:	0.8014095081861963	RelRMS:	3.204137068978228	AbsRMS:	4.2922419346592073e-07	Phi model:	0.0031864326760831
depth_vector,start_model,resistivity_model,conductivity_model,E/I[V/A],modelled_thickness,rhoa,sigma
0.0,20.1948,21.729853979189954,0.0460196373596284,4.937551189388885e-05,1.0,20.105396261174302,0.0497378906145266
1.0,20.1948,21.65356843168876,0.0461817645971255,3.433871356927342e-05,1.0,19.99562339564136,0.0500109439057539
2.0,20.1948,21.503744597383303,0.0465035285120381,2.16741927042078e-05,1.0,20.11502143447131,0.0497140906987198
3.0,20.1948,21.2883136116188,0.0469741294798577,1.2780164746642589e-05,1.0,20.245076554835244,0.0493947255418584
4.0,20.1948,21.01974305516269,0.047574320836162,8.393493210145098e-06,1.0,20.113224423797465,0.0497185323908992
5.0,20.1948,20.713571736754982,0.0482775260929799,5.848273082302648e-06,1.0,20.060332717495097,0.0498496218424072
6.0,20.1948,20.386942639359862,0.0490510037571479,3.724572923998029e-06,1.5,20.11227995548615,0.0497208671624135
7.5,20.1948,20.05915178528412,0.0498525566137659,2.214104070031236e-06,1.5,20.22001189833201,0.0494559550720389
9.0,20.1948,19.76568490769192,0.0505927320338312,1.443721795105508e-06,1.5,20.20531912032873,0.0494919181451527
10.5,20.1948,19.53544436394268,0.0511890070873298,1.0050953955488952e-06,1.5,20.20640924721216,0.0494892480779566
12.0,20.1948,19.388740791917527,0.051576325184401,6.414959605537062e-07,1.5,20.27729271843789,0.0493162481740332
13.5,20.1948,19.336858893427983,0.0517147074150636,nan,1.5,nan,nan
15.0,20.1948,19.382674738282905,0.051592466648831,nan,1.5,nan,nan
16.5,20.1948,19.521846123246,0.0512246635736582,nan,2.0,nan,nan
18.5,20.1948,19.7681398766392,0.0505864490154554,nan,2.0,nan,nan
20.5,20.1948,20.0932363929613,0.0497679906035596,nan,2.0,nan,nan
22.5,20.1948,20.464362751847943,0.0488654355928918,nan,2.0,nan,nan
24.5,20.1948,20.84906122036005,0.0479637902844016,nan,2.0,nan,nan
26.5,20.1948,21.218974997138112,0.0471276298753768,nan,2.0,nan,nan
28.5,20.1948,21.552315404399057,0.0463987270618677,nan,nan,nan,nan
Name:	615.8482110660261_12_80_1
Lambda:	615.8482110660261	Maximal Depth:	30	Filter time:	12 to 80 [us]
Chi2:	0.8495984433352927	RelRMS:	3.28205384002942	AbsRMS:	4.459626970253533e-07	Phi model:	0.0021966653515661
depth_vector,start_model,resistivity_model,conductivity_model,E/I[V/A],modelled_thickness,rhoa,sigma
0.0,20.1948,21.55958199698293,0.0463830885097837,4.942866041555257e-05,1.0,20.09098136275124,0.0497735766085575
1.0,20.1948,21.495033884537047,0.0465223737432381,3.435375809156184e-05,1.0,19.98978518793633,0.0500255500796222
2.0,20.1948,21.368105004502464,0.0467987217298534,2.166627928771528e-05,1.0,20.119919025241035,0.0497019892945627
3.0,20.1948,21.185206157410946,0.047202750474542,1.2766634423051902e-05,1.0,20.259378109230823,0.0493598566850562
4.0,20.1948,20.95649659808386,0.047717899569694,8.383143220961082e-06,1.0,20.12977580059347,0.049677652146057
5.0,20.1948,20.694731475346654,0.0483214774345483,5.841041426659035e-06,1.0,20.076886786044444,0.0498085191522375
6.0,20.1948,20.414098513363708,0.04898575361265,3.720429357069437e-06,1.5,20.12721033199451,0.0496839841937948
7.5,20.1948,20.130109749689424,0.0496768280170667,2.212567550465342e-06,1.5,20.229372019062648,0.0494330718253475
9.0,20.1948,19.872742122057787,0.0503201819788145,1.4436222770064066e-06,1.5,20.20624769741361,0.0494896437465724
10.5,20.1948,19.666703883421675,0.0508473614047224,1.0056926269305128e-06,1.5,20.19840872688973,0.0495088505991425
12.0,20.1948,19.529586124729725,0.0512043621207993,6.424558781658623e-07,1.5,20.25708963896774,0.0493654329334822
13.5,20.1948,19.47133199607001,0.0513575547991187,nan,1.5,nan,nan
15.0,20.1948,19.494648435650547,0.0512961289505105,nan,1.5,nan,nan
16.5,20.1948,19.595984064182648,0.0510308641160711,nan,2.0,nan,nan
18.5,20.1948,19.78689485564269,0.0505385007246261,nan,2.0,nan,nan
20.5,20.1948,20.043650727180307,0.0498911108366074,nan,2.0,nan,nan
22.5,20.1948,20.33891883509599,0.0491668218998171,nan,2.0,nan,nan
24.5,20.1948,20.64585949692786,0.0484358619290614,nan,2.0,nan,nan
26.5,20.1948,20.941261657099755,0.0477526147361311,nan,2.0,nan,nan
28.5,20.1948,21.207481261807075,0.0471531714518554,nan,nan,nan,nan
Name:	784.7599703514607_12_80_1
Lambda:	784.7599703514607	Maximal Depth:	30	Filter time:	12 to 80 [us]
Chi2:	0.892624614020021	RelRMS:	3.345753033400145	AbsRMS:	4.625874458231608e-07	Phi model:	0.001510684550701
depth_vector,start_model,resistivity_model,conductivity_model,E/I[V/A],modelled_thickness,rhoa,sigma
0.0,20.1948,21.412737068494422,0.0467011758842986,4.9480830612057474e-05,1.0,20.076856906800703,0.0498085932794224
1.0,20.1948,21.358142421319624,0.0468205511637474,3.437078745173345e-05,1.0,19.983181879461156,0.0500420806872506
2.0,20.1948,21.25065895435401,0.0470573642985838,2.1661647478718053e-05,1.0,20.122787021969668,0.0496949055271627
3.0,20.1948,21.095463760162332,0.047403556108989,1.2755931903241348e-05,1.0,20.270708580843102,0.0493322666058675
4.0,20.1948,20.900823055628035,0.0478450057846275,8.374644767611775e-06,1.0,20.14339174450146,0.0496440724920603
5.0,20.1948,20.677185434153422,0.0483624815952105,5.834959654866716e-06,1.0,20.09083510782254,0.0497739389444613
6.0,20.1948,20.436259472600213,0.0489326337503565,3.716825326253205e-06,1.5,20.140219170094625,0.0496518926410124
7.5,20.1948,20.190368599758845,0.0495285658138972,2.2111249324103867e-06,1.5,20.23816997960544,0.049411582223478
9.0,20.1948,19.96472101137246,0.0500883533223615,1.4434044896767614e-06,1.5,20.20828018569703,0.0494846662264598
10.5,20.1948,19.780330418639902,0.0505552727803603,1.0060821559384887e-06,1.5,20.193194855861574,0.0495216337552314
12.0,20.1948,19.652355900988383,0.0508844845390626,6.431760280554836e-07,1.5,20.241965874064785,0.0494023162681674
13.5,20.1948,19.58953527629653,0.0510476632495721,nan,1.5,nan,nan
15.0,20.1948,19.59444579951726,0.0510348703010848,nan,1.5,nan,nan
16.5,20.1948,19.664298078475703,0.0508535822641229,nan,2.0,nan,nan
18.5,20.1948,19.808901062210182,0.0504823562326594,nan,2.0,nan,nan
20.5,20.1948,20.008619456895637,0.0499784606406398,nan,2.0,nan,nan
22.5,20.1948,20.24086410121222,0.0494050053890787,nan,2.0,nan,nan
24.5,20.1948,20.48357083564225,0.0488196129485372,nan,2.0,nan,nan
26.5,20.1948,20.71778837111312,0.0482677003011722,nan,2.0,nan,nan
28.5,20.1948,20.929209996814546,0.0477801121089712,nan,nan,nan,nan
Name:	1000.0_12_80_1
Lambda:	1000.0	Maximal Depth:	30	Filter time:	12.0 to 80.0 [us]
Chi2:	0.9303453057956158	RelRMS:	3.39555697952001	AbsRMS:	4.790728223893714e-07	Phi model:	0.0010420138021236362
depth_vector,start_model,resistivity_model,conductivity_model,E/I[V/A],modelled_thickness,rhoa,sigma
0.0,20.1948,21.286413441697007,0.046978322709881434,4.953209195605199e-05,1.0,20.063002666376075,0.04984298794297211
1.0,20.1948,21.24021178624602,0.047080509839715644,3.438955409128297e-05,1.0,19.975911235843654,0.05006029453142824
2.0,20.1948,21.149149239781785,0.047283225848110656,2.1659905839839712e-05,1.0,20.123865701899305,0.04969224177965068
3.0,20.1948,21.017407306511284,0.04757960796097793,1.2747706257574526e-05,1.0,20.27942762598485,0.04931105642837077
4.0,20.1948,20.851709726443666,0.047957698103375315,8.367746973800164e-06,1.0,20.154460106622818,0.04961680911866237
5.0,20.1948,20.660608137324797,0.04840128583598814,5.829851943258527e-06,1.0,20.10256819173153,0.04974488784031654
6.0,20.1948,20.45374982259212,0.048890790621456286,3.7136539681467934e-06,1.5,20.151683666702176,0.04962364517721958
7.5,20.1948,20.24081573678722,0.049405123439887996,2.209723673599002e-06,1.5,20.246724870569913,0.04939070424439721
9.0,20.1948,20.042937997754546,0.04989288497085768,1.4430449472975208e-06,1.5,20.211636713835343,0.04947644835291722
10.5,20.1948,19.877923180211532,0.05030706633354433,1.0062554753020223e-06,1.5,20.190876046344844,0.04952732103870402
12.0,20.1948,19.75878853150718,0.05061039032860792,6.43657590550811e-07,1.5,20.231868385756904,0.049426972385011814
13.5,20.1948,19.693199500652714,0.05077895036643771,nan,1.5,nan,nan
15.0,20.1948,19.683621579049483,0.05080365907178194,nan,1.5,nan,nan
16.5,20.1948,19.727957642035587,0.050689484342222924,nan,2.0,nan,nan
18.5,20.1948,19.834623642953172,0.050416888064083794,nan,2.0,nan,nan
20.5,20.1948,19.9875450884673,0.05003115668151735,nan,2.0,nan,nan
22.5,20.1948,20.168189219754325,0.049583033414845226,nan,2.0,nan,nan
24.5,20.1948,20.358495169262515,0.04911954403731231,nan,2.0,nan,nan
26.5,20.1948,20.54300722265449,0.04867836481589786,nan,2.0,nan,nan
28.5,20.1948,20.710095617743654,0.04828562931130248,nan,nan,nan,nan
