Name:	10.0_12_80_0.08
Lambda:	10.0	Maximal Depth:	20	Filter time:	12.0 to 80.0 [us]
Chi2:	0.08092364054610392	RelRMS:	2.2757664631834813	AbsRMS:	1.1091994155908685e-07	Phi model:	0.008401967383499149
depth_vector,start_model,resistivity_model,conductivity_model,E/I[V/A],modelled_thickness,rhoa,sigma
0.0,18.4711,18.52048624363286,0.0539942627231933,5.585702268048282e-05,1.0,18.518331571216464,0.0540005451438361
1.0,18.4711,18.562767602874963,0.05387127724667102,3.87448877736555e-05,1.0,18.44936222976784,0.0542024156470033
2.0,18.4711,18.64559459797623,0.05363197160301548,2.4394972780754062e-05,1.0,18.590121490917845,0.053792009938641194
3.0,18.4711,18.762490025680876,0.05329782979931049,1.4391519264553499e-05,1.0,18.70420681704127,0.05346390840208776
4.0,18.4711,18.90269973589817,0.052902496149843464,9.498769443083395e-06,1.0,18.521036920419245,0.05399265733861319
5.0,18.4711,19.05181326660247,0.052488442228907646,6.6609701322464035e-06,1.0,18.393522309841806,0.05436696588912342
6.0,18.4711,19.192589613663724,0.05210344305429596,4.282259707812202e-06,1.5,18.32582880111273,0.054567791222587474
7.5,18.4711,19.284910315621588,0.05185401350764686,2.580600584315338e-06,1.5,18.257146458374066,0.05477307213807921
9.0,18.4711,19.286649255367013,0.05184933820071021,1.7053974832569268e-06,1.5,18.081632746133767,0.05530474012164753
10.5,18.4711,19.162301206935997,0.05218579904369938,1.202281477239126e-06,1.5,17.931772875414154,0.05576693430971777
12.0,18.4711,18.88892339408227,0.052941079760707326,7.79729218411949e-07,1.5,17.80369103085942,0.0561681281857051
13.5,18.4711,18.459939882143974,0.054171357349179945,nan,1.5,nan,nan
15.0,18.4711,17.885872610795555,0.05591004821293539,nan,1.5,nan,nan
16.5,18.4711,17.19191651127639,0.0581668715843337,nan,1.5,nan,nan
18.0,18.4711,16.41317541077854,0.060926662572758444,nan,1.5,nan,nan
19.5,18.4711,15.588927240754188,0.06414809592450316,nan,nan,nan,nan
Name:	12.742749857031335_12_80_0.08
Lambda:	12.742749857031335	Maximal Depth:	20	Filter time:	12.0 to 80.0 [us]
Chi2:	0.08208900358047277	RelRMS:	2.292094288887405	AbsRMS:	1.5161133264105434e-07	Phi model:	0.007718915872011133
depth_vector,start_model,resistivity_model,conductivity_model,E/I[V/A],modelled_thickness,rhoa,sigma
0.0,18.4711,18.680724476432516,0.053531114452311186,5.56541484095867e-05,1.0,18.563307125096042,0.053869711536910544
1.0,18.4711,18.71480531331093,0.05343363092795567,3.8631972923557436e-05,1.0,18.48529435744385,0.05409705578192807
2.0,18.4711,18.781200406830354,0.053244732942433204,2.4347656641396126e-05,1.0,18.614198499995506,0.053722431293522596
3.0,18.4711,18.87374418702609,0.052983657619318864,1.4378331258957751e-05,1.0,18.715642241950917,0.05343124147556692
4.0,18.4711,18.982365184156908,0.052680474234824096,9.49533380964931e-06,1.0,18.525504213396587,0.05397963739507058
5.0,18.4711,19.093746615999084,0.05237316803827685,6.661332492806737e-06,1.0,18.392855261370965,0.05436893760047248
6.0,18.4711,19.192182089012213,0.05210454941298799,4.284707483805119e-06,1.5,18.318848659746735,0.054588583517116374
7.5,18.4711,19.239265725764916,0.051977035623600544,2.583349199058992e-06,1.5,18.244194082480135,0.054811958011359796
9.0,18.4711,19.198152349333643,0.052088345888905783,1.7076185743748165e-06,1.5,18.065950217759024,0.0553527485654748
10.5,18.4711,19.038888188870065,0.05252407546489976,1.2040151219300489e-06,1.5,17.914555601077215,0.05582053064938263
12.0,18.4711,18.74346719339963,0.05335192201537517,7.809912581292007e-07,1.5,17.784505992401282,0.05622871956225639
13.5,18.4711,18.30875388710566,0.054618681651746485,nan,1.5,nan,nan
15.0,18.4711,17.7466119287088,0.05634878387024929,nan,1.5,nan,nan
16.5,18.4711,17.081347220625403,0.05854339163555665,nan,1.5,nan,nan
18.0,18.4711,16.345301052239112,0.06117966238762007,nan,1.5,nan,nan
19.5,18.4711,15.573810848511771,0.06421035992584691,nan,nan,nan,nan
Name:	16.237767391887218_12_80_0.08
Lambda:	16.237767391887218	Maximal Depth:	20	Filter time:	12.0 to 80.0 [us]
Chi2:	0.08386139988768493	RelRMS:	2.316706626401331	AbsRMS:	1.597956276108053e-07	Phi model:	0.006266326153649778
depth_vector,start_model,resistivity_model,conductivity_model,E/I[V/A],modelled_thickness,rhoa,sigma
0.0,18.4711,18.831239343642185,0.053103249433108644,5.560535013529796e-05,1.0,18.574166091102878,0.05383821782874038
1.0,18.4711,18.854493894526673,0.053037753524123654,3.862010905753677e-05,1.0,18.489079878064956,0.05408597975642792
2.0,18.4711,18.899327091113808,0.052911936767853794,2.435691446547527e-05,1.0,18.60948148507125,0.05373604851925681
3.0,18.4711,18.96048337017134,0.052741271436845406,1.4391145749681284e-05,1.0,18.70453045442776,0.05346298333638622
4.0,18.4711,19.029437810769483,0.05255015991245217,9.503829426003706e-06,1.0,18.514462416309197,0.05401183018520216
5.0,18.4711,19.095066781681226,0.05236954714184849,6.666449693632881e-06,1.0,18.383441757058936,0.054396777992674665
6.0,18.4711,19.14442674927492,0.05223452303359641,4.287037167436953e-06,1.5,18.312211443654473,0.05460836901522994
7.5,18.4711,19.143642363899474,0.05223666327395308,2.5836078589213923e-06,1.5,18.242976374599294,0.054815616677131446
9.0,18.4711,19.063550940926003,0.05245612441768026,1.7068430584028438e-06,1.5,18.07142206323489,0.055335988307994514
10.5,18.4711,18.881314109655005,0.05296241533785234,1.2028223985581345e-06,1.5,17.926396406757302,0.05578365987840439
12.0,18.4711,18.584271751373024,0.05380894195792843,7.796955381259636e-07,1.5,17.804203734480463,0.05616651072484374
13.5,18.4711,18.17192238319521,0.05502995109228327,nan,1.5,nan,nan
15.0,18.4711,17.65569411916711,0.056638951334934774,nan,1.5,nan,nan
16.5,18.4711,17.05667037896355,0.058628089643646214,nan,1.5,nan,nan
18.0,18.4711,16.402004025742436,0.06096815964869482,nan,1.5,nan,nan
19.5,18.4711,15.720953631075531,0.0636093727815153,nan,nan,nan,nan
Name:	20.6913808111479_12_80_0.08
Lambda:	20.6913808111479	Maximal Depth:	20	Filter time:	12.0 to 80.0 [us]
Chi2:	0.08566138699531975	RelRMS:	2.3414373294411415	AbsRMS:	1.6593894530160887e-07	Phi model:	0.00512316794585605
depth_vector,start_model,resistivity_model,conductivity_model,E/I[V/A],modelled_thickness,rhoa,sigma
0.0,18.4711,18.969594154773866,0.05271594067015615,5.556845828144734e-05,1.0,18.58238609747793,0.05381440223845762
1.0,18.4711,18.982667132883535,0.05267963627027455,3.861417010286881e-05,1.0,18.4909756068853,0.05408043476233022
2.0,18.4711,19.007366384728936,0.052611181357740795,2.4368031539808977e-05,1.0,18.60382109836412,0.05375239821500608
3.0,18.4711,19.039250665459946,0.05252307549131384,1.4404079837651496e-05,1.0,18.693331670675008,0.05349501189072362
4.0,18.4711,19.071318455421068,0.05243475968048489,9.51221248016671e-06,1.0,18.50358303027339,0.054043587037381755
5.0,18.4711,19.0945853658595,0.05237086749147052,6.671441846332412e-06,1.0,18.374269886896275,0.05442393119049352
6.0,18.4711,19.09879143951792,0.05235933400114878,4.2892701080227125e-06,1.5,18.30585548599737,0.05462732953206838
7.5,18.4711,19.054513078826297,0.052481005201398576,2.5838374846539503e-06,1.5,18.241895522600846,0.05481886456158283
9.0,18.4711,18.939682002527746,0.0527991969382874,1.7060951589566041e-06,1.5,18.076702979798256,0.055319822487405856
10.5,18.4711,18.737821667609367,0.05336799643731391,1.2016851571255575e-06,1.5,17.93770465246159,0.055748492874352795
12.0,18.4711,18.44085063850785,0.05422743340872888,7.784652824291406e-07,1.5,17.822956836101024,0.05610741299527051
13.5,18.4711,18.05034626317739,0.0554005992693888,nan,1.5,nan,nan
15.0,18.4711,17.57708918916034,0.056892241328370376,nan,1.5,nan,nan
16.5,18.4711,17.03913514811477,0.05868842469452689,nan,1.5,nan,nan
18.0,18.4711,16.458987240685104,0.06075707972651512,nan,1.5,nan,nan
19.5,18.4711,15.860560906542457,0.06304947258123145,nan,nan,nan,nan
Name:	26.366508987303583_12_80_0.08
Lambda:	26.366508987303583	Maximal Depth:	20	Filter time:	12.0 to 80.0 [us]
Chi2:	0.0874211312714135	RelRMS:	2.3653651729427456	AbsRMS:	1.6934345643607217e-07	Phi model:	0.004250348543925959
depth_vector,start_model,resistivity_model,conductivity_model,E/I[V/A],modelled_thickness,rhoa,sigma
0.0,18.4711,19.09240632812184,0.05237684463728738,5.554438996782995e-05,1.0,18.587753749103577,0.053798862062513955
1.0,18.4711,19.09615383484596,0.052366565992741254,3.86143384734196e-05,1.0,18.490921855901714,0.05408059196793543
2.0,18.4711,19.10241659197436,0.052349397532254496,2.4380760547178533e-05,1.0,18.597345260277446,0.05377111550087345
3.0,18.4711,19.10765690371851,0.052335040609055083,1.4416800443547038e-05,1.0,18.682334062311774,0.05352650245224545
4.0,18.4711,19.106406656851075,0.05233846520488589,9.520227579396983e-06,1.0,18.493196102664115,0.054073941272700876
5.0,18.4711,19.091763071641427,0.05237860936402373,6.67612074113856e-06,1.0,18.365683930627473,0.05444937437545428
6.0,18.4711,19.055982999121763,0.052476956977033785,4.29128040742181e-06,1.5,18.300137981253265,0.05464439672664786
7.5,18.4711,18.97377636942794,0.05270432098120855,2.583965655695319e-06,1.5,18.241292289073588,0.054820677403376365
9.0,18.4711,18.82932352493293,0.05310865250553721,1.7053344653766967e-06,1.5,18.082078195075372,0.05530337769871765
10.5,18.4711,18.611572150503413,0.053730012269433754,1.2005806782660056e-06,1.5,17.94870420710378,0.055714328369410517
12.0,18.4711,18.31620644749431,0.05459645821675055,7.772902763955407e-07,1.5,17.84091392776108,0.05605094021803252
13.5,18.4711,17.946386340694918,0.055721524156226214,nan,1.5,nan,nan
15.0,18.4711,17.512199104223775,0.05710305108162056,nan,1.5,nan,nan
16.5,18.4711,17.029064508875102,0.05872313182434809,nan,1.5,nan,nan
18.0,18.4711,16.515540345144718,0.060549033159183474,nan,1.5,nan,nan
19.5,18.4711,15.991030292497074,0.06253505757344453,nan,nan,nan,nan
Name:	33.59818286283781_12_80_0.08
Lambda:	33.59818286283781	Maximal Depth:	20	Filter time:	12.0 to 80.0 [us]
Chi2:	0.08910323261091603	RelRMS:	2.3880131672791562	AbsRMS:	1.6966001809009708e-07	Phi model:	0.0035945758808942625
depth_vector,start_model,resistivity_model,conductivity_model,E/I[V/A],modelled_thickness,rhoa,sigma
0.0,18.4711,19.197108688964267,0.05209117769775739,5.553338396839717e-05,1.0,18.590209569798354,0.053791755076532305
1.0,18.4711,19.192645833450825,0.0521032904310203,3.862058903053435e-05,1.0,18.48892669073326,0.05408642787800143
2.0,18.4711,19.182710958054514,0.05213027513090458,2.439492582316648e-05,1.0,18.590145346889212,0.0537919409095602
3.0,18.4711,19.16462980633536,0.05217945820531448,1.4429109300276514e-05,1.0,18.671707817104107,0.053556964890161575
4.0,18.4711,19.134367893113584,0.052261982501125515,9.5277130792605e-06,1.0,18.48350864681323,0.05410228215368685
5.0,18.4711,19.086932237410654,0.0523918662025732,6.680356900065871e-06,1.0,18.357919057995623,0.054472404897354595
6.0,18.4711,19.016847978026803,0.05258494999568064,4.2929710348216795e-06,1.5,18.29533311216617,0.05465874788226799
7.5,18.4711,18.90254709711904,0.05290292333949064,2.583925692259181e-06,1.5,18.24148037055043,0.05482011216668734
9.0,18.4711,18.733593733564387,0.0533800409159259,1.7045142709788713e-06,1.5,18.08787833428517,0.05528564387258855
10.5,18.4711,18.503488880293077,0.05404386202350402,1.199474840698984e-06,1.5,17.959734202427832,0.05568011133844164
12.0,18.4711,18.210983855205097,0.054911915135995144,7.761472844238422e-07,1.5,17.858425225787,0.05599597878070636
13.5,18.4711,17.860443424198014,0.05598965133447704,nan,1.5,nan,nan
15.0,18.4711,17.4612767981323,0.05726958065901357,nan,1.5,nan,nan
16.5,18.4711,17.026648978507296,0.05873146273599097,nan,1.5,nan,nan
18.0,18.4711,16.571808434663797,0.06034344434662104,nan,1.5,nan,nan
19.5,18.4711,16.11239140037255,0.06206403352247748,nan,nan,nan,nan
Name:	42.81332398719393_12_80_0.08
Lambda:	42.81332398719393	Maximal Depth:	20	Filter time:	12.0 to 80.0 [us]
Chi2:	0.09069645038718663	RelRMS:	2.409268109775237	AbsRMS:	1.6667880088594654e-07	Phi model:	0.003103443308742019
depth_vector,start_model,resistivity_model,conductivity_model,E/I[V/A],modelled_thickness,rhoa,sigma
0.0,18.4711,19.282463288511885,0.05186059400386778,5.5535690829754976e-05,1.0,18.589694761725077,0.053793244742185456
1.0,18.4711,19.27102096978203,0.05189138663530347,3.863301417444325e-05,1.0,18.484962207752726,0.05409802783262347
2.0,18.4711,19.24734472258625,0.05195521846847407,2.4410505500639738e-05,1.0,18.5822345647603,0.05381484107925421
3.0,18.4711,19.20954751715245,0.05205744690795487,1.4440928584029655e-05,1.0,18.66151842952536,0.053586207562716225
4.0,18.4711,19.15488152018812,0.05220601333117403,9.534580834368072e-06,1.0,18.4746318045646,0.05412827766088016
5.0,18.4711,19.080043416116837,0.052410782207932716,6.684064235466404e-06,1.0,18.351130248685,0.05449255639562897
6.0,18.4711,18.98152699920982,0.05268280049553595,4.294265173011318e-06,1.5,18.291657220762776,0.05466973210414771
7.5,18.4711,18.841042488067092,0.05307561938960365,2.58365541901292e-06,1.5,18.242752495341076,0.0548162893869982
9.0,18.4711,18.652665812627685,0.053611639754088614,1.7035850748675385e-06,1.5,18.094454919532932,0.05526554982988196
10.5,18.4711,18.41363740409314,0.054307575307077104,1.1983277533858642e-06,1.5,17.9711935592107,0.05564460683733909
12.0,18.4711,18.125159228236377,0.055171929107367214,7.750063200126056e-07,1.5,17.87594837866667,0.05594108792534944
13.5,18.4711,17.792496742917997,0.05620346680114094,nan,1.5,nan,nan
15.0,18.4711,17.42443102868331,0.05739068313644476,nan,1.5,nan,nan
16.5,18.4711,17.032237240346248,0.058712192995479376,nan,1.5,nan,nan
18.0,18.4711,16.628434915075275,0.06013795075166117,nan,1.5,nan,nan
19.5,18.4711,16.22555422499953,0.061631176731038836,nan,nan,nan,nan
Name:	54.5559478116852_12_80_0.08
Lambda:	54.5559478116852	Maximal Depth:	20	Filter time:	12.0 to 80.0 [us]
Chi2:	0.09222169841567718	RelRMS:	2.4294420550001474	AbsRMS:	1.6033983479916322e-07	Phi model:	0.002729850297028977
depth_vector,start_model,resistivity_model,conductivity_model,E/I[V/A],modelled_thickness,rhoa,sigma
0.0,18.4711,19.348181673118408,0.05168444337016745,5.555152819203573e-05,1.0,18.586161396924084,0.05380347123023988
1.0,18.4711,19.33102531374082,0.051730313512609344,3.8651778911729305e-05,1.0,18.478978981080402,0.054115543993195965
2.0,18.4711,19.29612005028282,0.05182388984905508,2.4427593898092118e-05,1.0,18.57356738164528,0.05383995327619277
3.0,18.4711,19.242269134326907,0.051968922844763024,1.4452276602449658e-05,1.0,18.651748389625265,0.05361427674824489
4.0,18.4711,19.16783751497801,0.052170726051834815,9.5408023407213e-06,1.0,18.466599458812343,0.05415182162966098
5.0,18.4711,19.0709651316625,0.052435731128245504,6.687192180022181e-06,1.0,18.34540728930585,0.054509555674075075
6.0,18.4711,18.949808303029208,0.05277098237664735,4.295102597095437e-06,1.5,18.289279571373967,0.05467683929798859
7.5,18.4711,18.788893488080422,0.053222931974913526,2.5830962032792657e-06,1.5,18.24538532183053,0.054808379344200756
9.0,18.4711,18.585990627905066,0.05380396557924638,1.7024947948786078e-06,1.5,18.102179237643725,0.05524196765881572
10.5,18.4711,18.341339791576647,0.05452164407636431,1.197094439106501e-06,1.5,17.983534732895816,0.05560642080951869
12.0,18.4711,18.0580583781884,0.05537693915132425,7.738314936683353e-07,1.5,17.89403657562086,0.0558845398451022
13.5,18.4711,17.74206406740499,0.05636322787477473,nan,1.5,nan,nan
15.0,18.4711,17.401569803804527,0.05746607985800044,nan,1.5,nan,nan
16.5,18.4711,17.046287564586624,0.05866379974003742,nan,1.5,nan,nan
18.0,18.4711,16.68651293781154,0.05992863839957874,nan,1.5,nan,nan
19.5,18.4711,16.332252079952617,0.061228543075665116,nan,nan,nan,nan
Name:	69.51927961775606_12_80_0.08
Lambda:	69.51927961775606	Maximal Depth:	20	Filter time:	12.0 to 80.0 [us]
Chi2:	0.09373581077587216	RelRMS:	2.449304368520952	AbsRMS:	1.5071446286388582e-07	Phi model:	0.002434846217324881
depth_vector,start_model,resistivity_model,conductivity_model,E/I[V/A],modelled_thickness,rhoa,sigma
0.0,18.4711,19.39459833380116,0.05156074814177445,5.5581308117641964e-05,1.0,18.579521947315452,0.05382269806702371
1.0,18.4711,19.37296789196771,0.05161831710951285,3.8677239203311424e-05,1.0,18.470868581003238,0.054139305664730436
2.0,18.4711,19.329288648264995,0.05173496129097127,2.4446446324786577e-05,1.0,18.564017204535322,0.05386765100366815
3.0,18.4711,19.26294627136625,0.0519131386192188,1.4463281495638807e-05,1.0,18.642285966332903,0.053641490201681984
4.0,18.4711,19.17323428994791,0.0521560413270638,9.546418063230335e-06,1.0,18.459356709574617,0.054173068744119
5.0,18.4711,19.059484818651217,0.05246731532960538,6.689733912624865e-06,1.0,18.340760161465226,0.05452336714489324
6.0,18.4711,18.921212328263554,0.052850736128902814,4.295446755844489e-06,1.5,18.28830264549681,0.05467976002935589
7.5,18.4711,18.74532929561296,0.053346622202792335,2.582199286870936e-06,1.5,18.24961005081481,0.05479569137179191
9.0,18.4711,18.532547399793152,0.053959122749156506,1.7011946409753438e-06,1.5,18.111401236333474,0.0552138394457238
10.5,18.4711,18.285450689195976,0.054688288355443905,1.1957301203254564e-06,1.5,17.997211515180595,0.05556416332366283
12.0,18.4711,18.008611070328453,0.055528990886344984,7.725853598577428e-07,1.5,17.91327274473628,0.055824528228312985
13.5,18.4711,17.708391898558784,0.056470401475663415,nan,1.5,nan,nan
15.0,18.4711,17.392494185203834,0.05749606636929172,nan,1.5,nan,nan
16.5,18.4711,17.069345245570187,0.058584555272236855,nan,1.5,nan,nan
18.0,18.4711,16.747444114254172,0.0597106037899165,nan,1.5,nan,nan
19.5,18.4711,16.43476479689581,0.06084662679132953,nan,nan,nan,nan
Name:	88.58667904100822_12_80_0.08
Lambda:	88.58667904100822	Maximal Depth:	20	Filter time:	12.0 to 80.0 [us]
Chi2:	0.09533400059391392	RelRMS:	2.4700963620900485	AbsRMS:	1.3816530154065494e-07	Phi model:	0.002188337509756126
depth_vector,start_model,resistivity_model,conductivity_model,E/I[V/A],modelled_thickness,rhoa,sigma
0.0,18.4711,19.42244338524866,0.05148682790134941,5.562556852395231e-05,1.0,18.56966501396209,0.053851267604888065
1.0,18.4711,19.39751553628674,0.05155299389395049,3.870986756841444e-05,1.0,18.46048778357113,0.05416974956046112
2.0,18.4711,19.347387463280366,0.05168656501545295,2.4467413192500476e-05,1.0,18.55341031006493,0.053898446877850587
3.0,18.4711,19.271917547690222,0.051888972517934624,1.4474136201145726e-05,1.0,18.632964427912558,0.05366832550283731
4.0,18.4711,19.171145604200102,0.05216172369902169,9.551510314254586e-06,1.0,18.452795231900502,0.05419233170003628
5.0,18.4711,19.045353354150677,0.05250624556052479,6.691710235911251e-06,1.0,18.33714882200599,0.05453410504036064
6.0,18.4711,18.895126489437523,0.05292369969362234,4.295277166057992e-06,1.5,18.288784025209466,0.05467832080151358
7.5,18.4711,18.70937737602312,0.053449133015059255,2.580923813977426e-06,1.5,18.25562210123442,0.05477764572768963
9.0,18.4711,18.49108626234641,0.05408011113096748,1.6996396648235512e-06,1.5,18.122446128195214,0.055180188862263065
10.5,18.4711,18.24460804190151,0.05481071436028378,1.1941918149348267e-06,1.5,18.012663676624637,0.05551649761260564
12.0,18.4711,17.975573815121614,0.05563104745834421,7.712309214325289e-07,1.5,17.934239511986153,0.055759264246006135
13.5,18.4711,17.690617393615714,0.05652713965544727,nan,1.5,nan,nan
15.0,18.4711,17.396973151364804,0.057481263625537606,nan,1.5,nan,nan
16.5,18.4711,17.102012936944927,0.058472649020147344,nan,1.5,nan,nan
18.0,18.4711,16.812792094344083,0.059478520544865694,nan,1.5,nan,nan
19.5,18.4711,16.53566182034676,0.0604753538663643,nan,nan,nan,nan
Name:	112.88378916846884_12_80_0.08
Lambda:	112.88378916846884	Maximal Depth:	20	Filter time:	12.0 to 80.0 [us]
Chi2:	0.0971516376729299	RelRMS:	2.4935325967525497	AbsRMS:	1.2368365982519675e-07	Phi model:	0.0019685751282159988
depth_vector,start_model,resistivity_model,conductivity_model,E/I[V/A],modelled_thickness,rhoa,sigma
0.0,18.4711,19.43267789686878,0.05145971159029666,5.568490245002071e-05,1.0,18.556471648626502,0.05388955502615807
1.0,18.4711,19.405544214744836,0.051531664813614146,3.875018963588142e-05,1.0,18.447679344113013,0.054207360250931404
2.0,18.4711,19.351121681038272,0.051676590974045575,2.4490891229707395e-05,1.0,18.541551008843854,0.053932920688405474
3.0,18.4711,19.269635944783797,0.05189511638234637,1.4485069210183064e-05,1.0,18.623587415825536,0.053695347607960985
4.0,18.4711,19.16170092323023,0.05218743388211815,9.556188078938875e-06,1.0,18.446772964667716,0.054210023721512915
5.0,18.4711,19.028322518821707,0.05255323999321844,6.693162490044317e-06,1.0,18.334496247998217,0.054541994853509065
6.0,18.4711,18.870895543913726,0.052991655731066865,4.294588123803719e-06,1.5,18.29074019386541,0.05467247303285152
7.5,18.4711,18.679998027174644,0.053533196231886876,2.57923887572449e-06,1.5,18.26357179735593,0.05475380232823751
9.0,18.4711,18.460286302563304,0.054170340785080075,1.6977919423284022e-06,1.5,18.135592293620203,0.05514018973352104
10.5,18.4711,18.217389624051762,0.0548926064950456,1.192441741024985e-06,1.5,18.030283425994075,0.055462245177927166
12.0,18.4711,17.95765922797632,0.055686545072761794,7.697347701100001e-07,1.5,17.957471454786624,0.05568712736187848
13.5,18.4711,17.687847610872815,0.056535991376661036,nan,1.5,nan,nan
15.0,18.4711,17.414754139550702,0.05742257352510633,nan,1.5,nan,nan
16.5,18.4711,17.14487834637844,0.05832645643771702,nan,1.5,nan,nan
18.0,18.4711,16.884117789884026,0.05922725797371192,nan,1.5,nan,nan
19.5,18.4711,16.637536409145014,0.06010505253952974,nan,nan,nan,nan
Name:	143.8449888287663_12_80_0.08
Lambda:	143.8449888287663	Maximal Depth:	20	Filter time:	12.0 to 80.0 [us]
Chi2:	0.09936315852439813	RelRMS:	2.5217537836913184	AbsRMS:	1.0960281150510821e-07	Phi model:	0.0017611438929616982
depth_vector,start_model,resistivity_model,conductivity_model,E/I[V/A],modelled_thickness,rhoa,sigma
0.0,18.4711,19.426426100030465,0.0514762723133326,5.575979770342271e-05,1.0,18.539851514741574,0.05393786456190714
1.0,18.4711,19.39808131526801,0.05155149026068426,3.8798672815609e-05,1.0,18.432307881339714,0.05425256600734021
2.0,18.4711,19.34132633739429,0.051702762393632334,2.4517256402498143e-05,1.0,18.528255914531897,0.05397162067562387
3.0,18.4711,19.25665683889058,0.05193009401197868,1.4496311357188655e-05,1.0,18.61395755559193,0.0537231266920765
4.0,18.4711,19.145103799680367,0.05223267580386246,9.560571234272817e-06,1.0,18.44113444170012,0.054226598865780413
5.0,18.4711,19.008193933680644,0.052608890854596066,6.694145976770531e-06,1.0,18.332700432638305,0.05454733762079412
6.0,18.4711,18.847897506978374,0.05305631567816799,4.2933884658374024e-06,1.5,18.294147232481027,0.0546622910208415
7.5,18.4711,18.65617718544007,0.05360154923809551,2.577126512396784e-06,1.5,18.2735503608771,0.05472390314150215
9.0,18.4711,18.438850362984773,0.054233316086097126,1.695624397759711e-06,1.5,18.15104435338149,0.0550932486600256
10.5,18.4711,18.20239320536165,0.054937830905962555,1.1904511385738556e-06,1.5,18.050377282370917,0.05540050406462474
12.0,18.4711,17.95358581030745,0.05569917957146384,7.680704723130187e-07,1.5,17.98340292706912,0.0556068283658802
13.5,18.4711,17.699165532438656,0.05649983882953245,nan,1.5,nan,nan
15.0,18.4711,17.445514570715233,0.05732132439811444,nan,1.5,nan,nan
16.5,18.4711,17.198402650455613,0.058144934754944144,nan,1.5,nan,nan
18.0,18.4711,16.96279757552156,0.05895253984773515,nan,1.5,nan,nan
19.5,18.4711,16.74274771806262,0.059727352812057696,nan,nan,nan,nan
Name:	183.29807108324357_12_80_0.08
Lambda:	183.29807108324357	Maximal Depth:	20	Filter time:	12.0 to 80.0 [us]
Chi2:	0.10217493229078321	RelRMS:	2.557185106051208	AbsRMS:	1.0066781832736544e-07	Phi model:	0.0015578627965970935
depth_vector,start_model,resistivity_model,conductivity_model,E/I[V/A],modelled_thickness,rhoa,sigma
0.0,18.4711,19.40498949185346,0.05153313792928446,5.585041633868775e-05,1.0,18.519791852973256,0.05399628721202151
1.0,18.4711,19.376324215897696,0.05160937589904332,3.885558528665022e-05,1.0,18.41430473050954,0.05430560722410339
2.0,18.4711,19.318993160902558,0.051762531912055466,2.4546788137063257e-05,1.0,18.51339229146767,0.054014952217097095
3.0,18.4711,19.23367536785168,0.05199214299267315,1.4508063207467164e-05,1.0,18.603904388070134,0.05375215756544395
4.0,18.4711,19.121679855748642,0.052296660520616614,9.564776816659745e-06,1.0,18.43572839851521,0.054242500127119404
5.0,18.4711,18.98487536378901,0.05267350882415378,6.694725556612288e-06,1.0,18.33164234426299,0.054550486051401545
6.0,18.4711,18.82560378080247,0.0531191462246622,4.291703272312634e-06,1.5,18.298935876875916,0.05464798645825546
7.5,18.4711,18.63698170944657,0.05365675706453732,2.574586113279437e-06,1.5,18.28556898658493,0.05468793455285107
9.0,18.4711,18.425545142750444,0.054272478358310686,1.6931255402854974e-06,1.5,18.168899191338063,0.05503910773398673
10.5,18.4711,18.198251541300145,0.054950333977445205,1.188204691474018e-06,1.5,18.073121091580767,0.05533078625062955
12.0,18.4711,17.96205971412588,0.05567290254655881,7.662223076842774e-07,1.5,18.012309196100862,0.05551759017197366
13.5,18.4711,17.723572658719338,0.0564220329194203,nan,1.5,nan,nan
15.0,18.4711,17.4887609746974,0.05717957958524289,nan,1.5,nan,nan
16.5,18.4711,17.262772602973424,0.05792812215042183,nan,1.5,nan,nan
18.0,18.4711,17.04982487174202,0.05865162883035687,nan,1.5,nan,nan
19.5,18.4711,16.853168179968517,0.05933602449826547,nan,nan,nan,nan
Name:	233.57214690901213_12_80_0.08
Lambda:	233.57214690901213	Maximal Depth:	20	Filter time:	12.0 to 80.0 [us]
Chi2:	0.1058083479094913	RelRMS:	2.602255611235653	AbsRMS:	1.0371381990679692e-07	Phi model:	0.0013557206992001062
depth_vector,start_model,resistivity_model,conductivity_model,E/I[V/A],modelled_thickness,rhoa,sigma
0.0,18.4711,19.36991428797738,0.05162645456932585,5.595634356959593e-05,1.0,18.496412082158248,0.0540645394121926
1.0,18.4711,19.341708165888992,0.0517017417191517,3.892084142601097e-05,1.0,18.39371623293831,0.05436639270368121
2.0,18.4711,19.28533882482785,0.05185286134110358,2.4579591135848336e-05,1.0,18.496917107090226,0.05406306327753832
3.0,18.4711,19.20159398415944,0.05207900973351278,1.452046423842698e-05,1.0,18.593310583270625,0.053782783626480826
4.0,18.4711,19.091941250911997,0.05237812053042177,9.568907124371996e-06,1.0,18.430422971321747,0.054258114507519876
5.0,18.4711,18.958438384320356,0.052746960468381905,6.694972716366356e-06,1.0,18.331191172686584,0.054551828660758105
6.0,18.4711,18.80362525177814,0.05318123428913987,4.289576611278909e-06,1.5,18.30498346969014,0.05462993187925166
7.5,18.4711,18.621586696543073,0.05370111668226644,2.571639380994632e-06,1.5,18.299534757940084,0.054646198016925246
9.0,18.4711,18.41920284834756,0.054291166031092,1.6903044342732252e-06,1.5,18.189109414030707,0.05497795286385052
10.5,18.4711,18.203603127598626,0.05493417940341119,1.185705005360413e-06,1.5,18.098513169624013,0.05525315757309662
12.0,18.4711,17.981711630527773,0.055612058548547054,7.641889565883686e-07,1.5,18.044246433095804,0.05541932735776944
13.5,18.4711,17.759891058627762,0.056306651696165645,nan,1.5,nan,nan
15.0,18.4711,17.543696345767373,0.05700053057754058,nan,1.5,nan,nan
16.5,18.4711,17.337733425538964,0.057677666131777765,nan,1.5,nan,nan
18.0,18.4711,17.145608148363877,0.05832397377490662,nan,1.5,nan,nan
19.5,18.4711,16.96994533179895,0.0589277089847874,nan,nan,nan,nan
Name:	297.63514416313194_12_80_0.08
Lambda:	297.63514416313194	Maximal Depth:	20	Filter time:	12.0 to 80.0 [us]
Chi2:	0.11047077290082429	RelRMS:	2.6589715052352014	AbsRMS:	1.2278447835976095e-07	Phi model:	0.0011557901474187886
depth_vector,start_model,resistivity_model,conductivity_model,E/I[V/A],modelled_thickness,rhoa,sigma
0.0,18.4711,19.3230712558808,0.051751607534731785,5.6076354121478516e-05,1.0,18.470012872557884,0.05414181391750766
1.0,18.4711,19.29598470199927,0.05182425335859586,3.899386037118347e-05,1.0,18.37074664633505,0.05443436890462475
2.0,18.4711,19.241880174577343,0.05196997335640905,2.4615525710861894e-05,1.0,18.478911108539204,0.054115742758126834
3.0,18.4711,19.161592069348302,0.052187730350425454,1.4533566267620254e-05,1.0,18.582134307573433,0.05381513142935549
4.0,18.4711,19.0566474753999,0.05247512718545554,9.573039534295603e-06,1.0,18.425118662064317,0.05427373458706191
5.0,18.4711,18.929166442720707,0.05282852802979892,6.694962987222867e-06,1.0,18.331208931982776,0.05455177581088407
6.0,18.4711,18.78174329464411,0.05324319389910759,4.287073725967166e-06,1.5,18.31210733713495,0.05460867947033651
7.5,18.4711,18.609283825198123,0.05373661928063766,2.5683343182561146e-06,1.5,18.315230571825193,0.05459936723583085
9.0,18.4711,18.41870248525401,0.05429264090674133,1.6871946334087574e-06,1.5,18.21145307052221,0.054910500338857644
10.5,18.4711,18.217044101680372,0.054893647642196695,1.182976110050673e-06,1.5,18.126335641144845,0.05516834840739167
12.0,18.4711,18.011019199240458,0.05552156648870659,7.61986353653795e-07,1.5,18.07900224990194,0.05531278696563158
13.5,18.4711,17.806657926747796,0.05615876960818553,nan,1.5,nan,nan
15.0,18.4711,17.609089297522925,0.05678885393242172,nan,1.5,nan,nan
16.5,18.4711,17.422434842718154,0.057397258708529936,nan,1.5,nan,nan
18.0,18.4711,17.249795265355704,0.0579717025400521,nan,1.5,nan,nan
19.5,18.4711,17.093304794454575,0.0585024377687585,nan,nan,nan,nan
Name:	379.26901907322497_12_80_0.08
Lambda:	379.26901907322497	Maximal Depth:	20	Filter time:	12.0 to 80.0 [us]
Chi2:	0.11631608109671122	RelRMS:	2.728411477433255	AbsRMS:	1.5562137372715205e-07	Phi model:	0.0009620110392117159
depth_vector,start_model,resistivity_model,conductivity_model,E/I[V/A],modelled_thickness,rhoa,sigma
0.0,18.4711,19.266701616680106,0.05190302003401828,5.6208259935617025e-05,1.0,18.441105425204945,0.05422668418961585
1.0,18.4711,19.241266635729804,0.051971630502903786,3.907347408869051e-05,1.0,18.345784092412615,0.054508436105141805
2.0,18.4711,19.1904771024021,0.052109178665226026,2.4654162315710407e-05,1.0,18.459599994858777,0.05417235477900453
3.0,18.4711,19.115164999316825,0.05231448433930547,1.454731531281728e-05,1.0,18.57042415760762,0.053849066209418636
4.0,18.4711,19.016838322983403,0.05258497669359782,9.577218476135886e-06,1.0,18.419758504512206,0.05428952826688984
5.0,18.4711,18.897578946115,0.05291683145504635,6.694772645379712e-06,1.0,18.331556385112417,0.054550741846018526
6.0,18.4711,18.759921904093517,0.05330512595480446,4.284280829366759e-06,1.5,18.320064840272554,0.05458495964499668
7.5,18.4711,18.599477955285412,0.05376494987676953,2.5647463550637955e-06,1.5,18.332308039840093,0.054548505176041255
9.0,18.4711,18.42294846685695,0.05428012795014918,1.6838554728600287e-06,1.5,18.235521202981662,0.054838026775812225
10.5,18.4711,18.237088088122082,0.054833315229272026,1.1800646560844003e-06,1.5,18.156137575941017,0.055077793711208474
12.0,18.4711,18.048249069415892,0.05540703677979349,7.596486861970525e-07,1.5,18.11607293773704,0.05519960111868011
13.5,18.4711,17.8620521366765,0.055984608730744914,nan,1.5,nan,nan
15.0,18.4711,17.68318791871893,0.05655088916073939,nan,1.5,nan,nan
16.5,18.4711,17.51533479527475,0.05709282818103927,nan,1.5,nan,nan
18.0,18.4711,17.361168781569692,0.05759980866389492,nan,1.5,nan,nan
19.5,18.4711,17.222437884413086,0.058063789035641425,nan,nan,nan,nan
Name:	483.2930238571752_12_80_0.08
Lambda:	483.2930238571752	Maximal Depth:	20	Filter time:	12.0 to 80.0 [us]
Chi2:	0.12340241629447725	RelRMS:	2.8102944050128533	AbsRMS:	1.9752217984761626e-07	Phi model:	0.000779809230693159
depth_vector,start_model,resistivity_model,conductivity_model,E/I[V/A],modelled_thickness,rhoa,sigma
0.0,18.4711,19.20338915933967,0.052074141272799475,5.634890424250692e-05,1.0,18.410407204805118,0.054317103846513504
1.0,18.4711,19.180001686899203,0.05213763879296448,3.915792255693297e-05,1.0,18.31939810353695,0.05458694627128217
2.0,18.4711,19.133308965221595,0.05226487492663653,2.469477716840571e-05,1.0,18.439354429270857,0.0542318335403645
3.0,18.4711,19.064104109721846,0.05245460233770148,1.4561547090784374e-05,1.0,18.5583222739619,0.053884181190400046
4.0,18.4711,18.97381752694559,0.05270420665634915,9.581450818189462e-06,1.0,18.414333824367574,0.054305521423572006
5.0,18.4711,18.864418053001323,0.053009851519957185,6.694474266546604e-06,1.0,18.33210108387484,0.05454912098862543
6.0,18.4711,18.7382966285371,0.05336664371493996,4.281301132791421e-06,1.5,18.32856411073316,0.0545596476602552
7.5,18.4711,18.59167723800574,0.0537875086361636,2.5609750544208505e-06,1.5,18.350301105306155,0.054495018597315606
9.0,18.4711,18.430861220002747,0.05425682435906546,1.6803693550126254e-06,1.5,18.26073360247927,0.0547623124990022
10.5,18.4711,18.262157366349314,0.05475804309093545,1.1770376651858012e-06,1.5,18.187252374029523,0.05498356648022048
12.0,18.4711,18.091449562724943,0.05527473055892485,7.572266564979121e-07,1.5,18.154682521502814,0.05508220806481069
13.5,18.4711,17.923889956981782,0.05579146058138324,nan,1.5,nan,nan
15.0,18.4711,17.763720250509806,0.0562945140937637,nan,1.5,nan,nan
16.5,18.4711,17.614206032904463,0.05677235738766403,nan,1.5,nan,nan
18.0,18.4711,17.477659299080383,0.05721589961721114,nan,1.5,nan,nan
19.5,18.4711,17.35552149481548,0.05761855097806911,nan,nan,nan,nan
Name:	615.8482110660261_12_80_0.08
Lambda:	615.8482110660261	Maximal Depth:	20	Filter time:	12.0 to 80.0 [us]
Chi2:	0.13166003883439234	RelRMS:	2.9027990776836607	AbsRMS:	2.4451396371681665e-07	Phi model:	0.0006146627633954258
depth_vector,start_model,resistivity_model,conductivity_model,E/I[V/A],modelled_thickness,rhoa,sigma
0.0,18.4711,19.13593984075603,0.05225768936993541,5.649434246558562e-05,1.0,18.378796640370286,0.05441052641082232
1.0,18.4711,19.114856944724977,0.052315327438323546,3.9244959863877115e-05,1.0,18.292302292482,0.05466780419493683
2.0,18.4711,19.072768533106014,0.052430773134179556,2.4736400142121316e-05,1.0,18.4186638366746,0.054292754831044523
3.0,18.4711,19.01040419875092,0.05260277422537418,1.457600016123455e-05,1.0,18.546052374449324,0.05391983047441881
4.0,18.4711,18.92907709709838,0.05282877738150737,9.585706193339279e-06,1.0,18.40888364707036,0.05432159924369682
5.0,18.4711,18.830592238559706,0.05310507430309515,6.694131567382462e-06,1.0,18.3327267405467,0.05454725934403902
6.0,18.4711,18.71713890294021,0.053426969003415016,4.278246872528004e-06,1.5,18.33728630435975,0.05453369617522123
7.5,18.4711,18.58548026726811,0.05380544304583583,2.5571359371645597e-06,1.5,18.368663143461855,0.054440543233323986
9.0,18.4711,18.44138833933051,0.05422585228397743,1.6768345998188443e-06,1.5,18.286386924382196,0.054685488398293035
10.5,18.4711,18.290618749196796,0.05467283604300775,1.1739764679728112e-06,1.5,18.218854710218633,0.05488819225497845
12.0,18.4711,18.138511766809028,0.055131314677638654,7.547827163524575e-07,1.5,18.193850568924645,0.05496362610056907
13.5,18.4711,17.98971163125068,0.055587327940424466,nan,1.5,nan,nan
15.0,18.4711,17.84800625744894,0.05602866704412129,nan,1.5,nan,nan
16.5,18.4711,17.71627282107742,0.05644528113217353,nan,1.5,nan,nan
18.0,18.4711,17.596505564782603,0.05682946516388946,nan,1.5,nan,nan
19.5,18.4711,17.489899564810038,0.057175857202291555,nan,nan,nan,nan
Name:	784.7599703514607_12_80_0.08
Lambda:	784.7599703514607	Maximal Depth:	20	Filter time:	12.0 to 80.0 [us]
Chi2:	0.140882622950641	RelRMS:	3.0027467207277114	AbsRMS:	2.936012320493312e-07	Phi model:	0.000470857574805287
depth_vector,start_model,resistivity_model,conductivity_model,E/I[V/A],modelled_thickness,rhoa,sigma
0.0,18.4711,19.067181994563594,0.05244613494983782,5.664020016886931e-05,1.0,18.347230827717322,0.05450413794812519
1.0,18.4711,19.048526785000266,0.05249749816807085,3.933206581372959e-05,1.0,18.2652852003987,0.05474866606398085
2.0,18.4711,19.011285131152523,0.052600336752688374,2.477791298911182e-05,1.0,18.398085702224297,0.054353480910196095
3.0,18.4711,18.956108845244326,0.05275344260596384,1.4590346903654155e-05,1.0,18.533892779586772,0.0539552058432862
4.0,18.4711,18.884170910906665,0.052954403172788704,9.589923231994952e-06,1.0,18.40348654689138,0.054337529872507485
5.0,18.4711,18.79708322118461,0.05319974318531421,6.693794784418781e-06,1.0,18.333341648180912,0.05454542980707627
6.0,18.4711,18.696800275297367,0.05348508756983528,4.275228644276877e-06,1.5,18.345915800776805,0.054508044780062596
7.5,18.4711,18.580562501784396,0.05381968387146322,2.5533485891500224e-06,1.5,18.386822651898793,0.054386775732387385
9.0,18.4711,18.45353625442323,0.05419015554594878,1.6733548293851144e-06,1.5,18.311729385597296,0.05460980658585578
10.5,18.4711,18.320862012234652,0.05458258456027894,1.1709676372345942e-06,1.5,18.25005056300001,0.05479436873601825
12.0,18.4711,18.187294999814792,0.05498343761456464,7.523839068954961e-07,1.5,18.232501424239,0.05484710938623928
13.5,18.4711,18.056953102103478,0.05538032880439329,nan,1.5,nan,nan
15.0,18.4711,17.933174096457424,0.05576257692148002,nan,1.5,nan,nan
16.5,18.4711,17.818469177293018,0.05612154389078221,nan,1.5,nan,nan
18.0,18.4711,17.714551329620637,0.056450766457059084,nan,1.5,nan,nan
19.5,18.4711,17.622414600765303,0.0567459126717273,nan,nan,nan,nan
Name:	1000.0_12_80_0.08
Lambda:	1000.0	Maximal Depth:	20	Filter time:	12.0 to 80.0 [us]
Chi2:	0.15074893834794303	RelRMS:	3.1061120479255666	AbsRMS:	3.4245249297475687e-07	Phi model:	0.0003506922074419706
depth_vector,start_model,resistivity_model,conductivity_model,E/I[V/A],modelled_thickness,rhoa,sigma
0.0,18.4711,18.999730773219625,0.052632324738491214,5.678213929090045e-05,1.0,18.316642852576777,0.05459515742314758
1.0,18.4711,18.983506121239387,0.052677308059608983,3.9416722905085535e-05,1.0,18.239123039812288,0.054827197438012995
2.0,18.4711,18.951115394206727,0.05276734267080108,2.4818179793639034e-05,1.0,18.378180063123946,0.0544123518523204
3.0,18.4711,18.90312690765403,0.05290130066233073,1.4604237112825767e-05,1.0,18.522139091413095,0.05398944447316035
4.0,18.4711,18.84056446305232,0.053076966030453636,9.594021105529698e-06,1.0,18.39824574609751,0.054353008096552476
5.0,18.4711,18.764835532286636,0.05329116784846888,6.693497968555395e-06,1.0,18.333883625528607,0.05454381736161848
6.0,18.4711,18.67764731087539,0.0535399337698026,4.272344475669243e-06,1.5,18.354171496315654,0.05448352709359484
7.5,18.4711,18.576663280003075,0.05383098056562473,2.54972362431801e-06,1.5,18.404245665025577,0.05433528861768811
9.0,18.4711,18.46641389135873,0.05415236579680179,1.6700271540087712e-06,1.5,18.336046464186342,0.05453738361501118
10.5,18.4711,18.351402655350775,0.054491747512739955,1.1680928389692348e-06,1.5,18.279981812220342,0.05470464961466704
12.0,18.4711,18.23578926802905,0.05483722065999074,7.500938082042514e-07,1.5,18.269592793746153,0.05473575745718367
13.5,18.4711,18.12316713843849,0.05517799357922608,nan,1.5,nan,nan
15.0,18.4711,18.016437492615736,0.05550486884046097,nan,1.5,nan,nan
16.5,18.4711,17.917768909286522,0.05581051999625435,nan,1.5,nan,nan
18.0,18.4711,17.828623543433157,0.05608957963377557,nan,1.5,nan,nan
19.5,18.4711,17.749828868441465,0.05633857134126869,nan,nan,nan,nan
