Name:	10.0_8_150_1
Lambda:	10	Maximal Depth:	30	Filter time:	8 to 150 [us]
Chi2:	0.6122383757170731	RelRMS:	7.407671530139756	AbsRMS:	6.471261892918827e-07	Phi model:	0.2835534851130711
depth_vector,start_model,resistivity_model,conductivity_model,E/I[V/A],modelled_thickness,rhoa,sigma
0.0,17.3109,15.791387581840263,0.0633256574077111,0.0001790243704104,1.0,16.24497919870541,0.0615574811003569
1.0,17.3109,15.90920194383824,0.0628567041596519,0.0001019537415025,1.0,16.611563989880526,0.0601990276538189
2.0,17.3109,16.15629270929695,0.0618953876358381,6.368828015658794e-05,1.0,16.96735046251574,0.058936720981228
3.0,17.3109,16.508280690241218,0.060575660104395,4.303133021285998e-05,1.0,17.202878219926795,0.058129807536605
4.0,17.3109,16.941203677394192,0.0590276829818396,2.6610659274088187e-05,1.0,17.54332990458946,0.0570017211919609
5.0,17.3109,17.423798459770545,0.0573927666983109,1.5344215157670808e-05,1.0,17.9217578536851,0.0557980979412897
6.0,17.3109,17.935123573263635,0.055756515750509,9.802206380423736e-06,1.5,18.136812658720974,0.0551364795356782
7.5,17.3109,18.46312677606742,0.0541620069086151,6.733453728106998e-06,1.5,18.26128387024753,0.054760662344736
9.0,17.3109,19.00355421538525,0.0526217353167757,4.297897637965059e-06,1.5,18.28134936448385,0.0547005573857011
10.5,17.3109,19.493742321602312,0.0512985133127482,2.6192630590003943e-06,1.5,18.077041223604127,0.0553187873850864
12.0,17.3109,19.92724327714792,0.0501825559156381,1.754931436249626e-06,1.5,17.73976872187787,0.0563705207028281
13.5,17.3109,20.242361015990628,0.0494013519080131,1.264249431764449e-06,1.5,17.340920833125576,0.0576670644900093
15.0,17.3109,20.3256710095952,0.0491988677533906,8.551418191109825e-07,1.5,16.740965100858237,0.0597337127205846
16.5,17.3109,20.030355266085493,0.0499242268405071,5.504704536003394e-07,2.0,15.963312099492551,0.0626436414803785
18.5,17.3109,18.99913587646944,0.0526339727502294,3.8453437119352177e-07,2.0,15.284488936784172,0.0654258054774318
20.5,17.3109,17.106232848920452,0.0584582244864688,2.837589216049912e-07,2.0,14.706580633277824,0.0679967713050316
22.5,17.3109,14.490495131277118,0.0690107543559048,1.956379446381836e-07,2.0,14.025890508935106,0.0712967208294515
24.5,17.3109,11.538097725999984,0.0866693993886528,nan,2.0,nan,nan
26.5,17.3109,8.699801508050685,0.1149451512284059,nan,2.0,nan,nan
28.5,17.3109,6.299347939259987,0.1587465892727739,nan,nan,nan,nan
Name:	12.742749857031335_8_150_1
Lambda:	12.742749857031336	Maximal Depth:	30	Filter time:	8 to 150 [us]
Chi2:	0.62921674751558	RelRMS:	7.503933528285069	AbsRMS:	5.940431969708728e-07	Phi model:	0.2595071257653712
depth_vector,start_model,resistivity_model,conductivity_model,E/I[V/A],modelled_thickness,rhoa,sigma
0.0,17.3109,15.710442836257046,0.0636519295109981,0.000179487011851,1.0,16.217052078787827,0.061663488230886
1.0,17.3109,15.827707915999598,0.063180342049978,0.0001020635035316,1.0,16.59965215152055,0.0602422262148667
2.0,17.3109,16.069828962150584,0.062228415893866,6.368828922367457e-05,1.0,16.967348852126115,0.0589367265749766
3.0,17.3109,16.421428522554955,0.0608960419385251,4.300632983860581e-05,1.0,17.209544474830352,0.0581072904900266
4.0,17.3109,16.86549774926834,0.0592926467316022,2.6585857395703223e-05,1.0,17.554238960597093,0.0569662975560853
5.0,17.3109,17.384454440742388,0.0575226564289753,1.5332576489000032e-05,1.0,17.93082608483914,0.0557698789374528
6.0,17.3109,17.963729997910793,0.0556677260299671,9.800587874268557e-06,1.5,18.1388093916657,0.0551304100730819
7.5,17.3109,18.598017954599577,0.0537691705880241,6.736890921145702e-06,1.5,18.255072014054,0.0547792963637794
9.0,17.3109,19.22100358431856,0.0520264197242983,4.303887205774148e-06,1.5,18.26438442257308,0.0547513662034014
10.5,17.3109,19.79589463225108,0.050515524485103,2.6249892891613588e-06,1.5,18.05074245732261,0.055399383286549
12.0,17.3109,20.262749188160527,0.0493516447701133,1.7592475817534931e-06,1.5,17.710741628528655,0.0564629094012183
13.5,17.3109,20.530572540655346,0.0487078476754491,1.2671932640143062e-06,1.5,17.314053819644823,0.0577565491257387
15.0,17.3109,20.481042933358207,0.048825638579726,8.565999928921886e-07,1.5,16.72196115687301,0.0598015980672807
16.5,17.3109,19.983604254904137,0.0500410229928663,5.507088783173066e-07,2.0,15.958704313655558,0.0626617286933701
18.5,17.3109,18.73405761401253,0.0533787191543613,3.841616158683893e-07,2.0,15.294374452734251,0.0653835175207983
20.5,17.3109,16.708962327093776,0.0598481210516878,2.8309767279001e-07,2.0,14.72947244320172,0.0678910941214016
22.5,17.3109,14.113607807752938,0.07085360551472,1.948304049095933e-07,2.0,14.064620445408858,0.0711003900803048
24.5,17.3109,11.31463826312929,0.0883810844628301,nan,2.0,nan,nan
26.5,17.3109,8.683689394197451,0.1151584257111052,nan,2.0,nan,nan
28.5,17.3109,6.466514184879429,0.1546428216825515,nan,nan,nan,nan
Name:	16.237767391887218_8_150_1
Lambda:	16.237767391887218	Maximal Depth:	30	Filter time:	8 to 150 [us]
Chi2:	0.653756755299926	RelRMS:	7.629321216449017	AbsRMS:	5.605468253747851e-07	Phi model:	0.2373526996187891
depth_vector,start_model,resistivity_model,conductivity_model,E/I[V/A],modelled_thickness,rhoa,sigma
0.0,17.3109,15.5702025206206,0.0642252404023414,0.0001800219333874,1.0,16.184910987075565,0.0617859437595021
1.0,17.3109,15.696834957388171,0.0637071105553875,0.0001021998631773,1.0,16.584883532049922,0.0602958711206818
2.0,17.3109,15.956148354846173,0.0626717662534318,6.370208926650107e-05,1.0,16.964898293089284,0.0589452399138374
3.0,17.3109,16.336432442897397,0.0612128751791686,4.299185196835892e-05,1.0,17.21340789790986,0.0580942487351052
4.0,17.3109,16.822890329873044,0.059442817517764,2.6569038465174845e-05,1.0,17.56164638923907,0.0569422694111841
5.0,17.3109,17.4004711245137,0.0574697083110126,1.5326707762788324e-05,1.0,17.93540303622647,0.0557556469726478
6.0,17.3109,18.054192649828952,0.055388796353044,9.803195383520656e-06,1.5,18.13559280711112,0.0551401881722825
7.5,17.3109,18.77545435263289,0.053261028000623,6.743350398544241e-06,1.5,18.243412423312368,0.0548143064902785
9.0,17.3109,19.48253149542856,0.0513280319980308,4.311687883432196e-06,1.5,18.24234857108972,0.0548175031357963
10.5,17.3109,20.11289981056578,0.0497193348258353,2.631549025856594e-06,1.5,18.02073291685808,0.0554916386927036
12.0,17.3109,20.57768823851508,0.0485963237662581,1.7638694698028465e-06,1.5,17.67978965742875,0.0565617588996494
13.5,17.3109,20.76668698841036,0.0481540459755611,1.2701619816623486e-06,1.5,17.28706483106564,0.057846720063371
15.0,17.3109,20.564825892340927,0.0486267185161259,8.578915472402244e-07,1.5,16.705173685728827,0.0598616942758456
16.5,17.3109,19.87085278704515,0.0503249664580048,5.506947993060417e-07,2.0,15.95897631164879,0.0626606607135621
18.5,17.3109,18.439551387871635,0.0542312542732322,3.835289338816614e-07,2.0,15.31118990153056,0.065311710352442
20.5,17.3109,16.331990134266462,0.061229525108632,2.821942206087643e-07,2.0,14.76089355313183,0.0677465762083101
22.5,17.3109,13.789242189937449,0.0725203014223464,1.9381584903630865e-07,2.0,14.113659857759211,0.070853344212503
24.5,17.3109,11.146695871839412,0.0897126836057635,nan,2.0,nan,nan
26.5,17.3109,8.707378918369278,0.1148451226683586,nan,2.0,nan,nan
28.5,17.3109,6.6570176370737375,0.1502174178465261,nan,nan,nan,nan
Name:	20.6913808111479_8_150_1
Lambda:	20.6913808111479	Maximal Depth:	30	Filter time:	8 to 150 [us]
Chi2:	0.6658789347779716	RelRMS:	7.407521927148249	AbsRMS:	5.966201253142769e-07	Phi model:	0.2406688146587384
depth_vector,start_model,resistivity_model,conductivity_model,E/I[V/A],modelled_thickness,rhoa,sigma
0.0,17.3109,15.307539431052428,0.065327285583954,0.0001811041039318,1.0,16.120372330097013,0.0620333066459626
1.0,17.3109,15.454573679998951,0.0647057641773828,0.000102504257955,1.0,16.55203381489224,0.0604155363131434
2.0,17.3109,15.753777477454998,0.0634768392172027,6.37407960592518e-05,1.0,16.958029606990934,0.0589691151139251
3.0,17.3109,16.196064490092088,0.061743394551914,4.294990184204565e-05,1.0,17.22461455351483,0.058056451532957
4.0,17.3109,16.766852365857627,0.0596414865581032,2.650048097231577e-05,1.0,17.591921661636256,0.0568442731404812
5.0,17.3109,17.451365095095387,0.0573021075744409,1.5269166814321863e-05,1.0,17.980433784059738,0.0556160108265315
6.0,17.3109,18.23210206212261,0.0548483107758326,9.76382174503151e-06,1.5,18.184315887650783,0.0549924454776499
7.5,17.3109,19.08961959269181,0.0523844906989574,6.71757701396408e-06,1.5,18.290045738518195,0.0546745488937753
9.0,17.3109,19.91568945629814,0.0502116686542207,4.298523654231791e-06,1.5,18.279574382993523,0.0547058689140133
10.5,17.3109,20.6147197724367,0.0485090270951472,2.627428304902897e-06,1.5,18.03956984436113,0.055433694296906
12.0,17.3109,21.06999839432758,0.0474608484198659,1.7638628003479924e-06,1.5,17.67983422419234,0.0565616163205672
13.5,17.3109,21.157422430296496,0.0472647366802131,1.271987143575473e-06,1.5,17.270524180304815,0.0579021221104796
15.0,17.3109,20.772261245961687,0.0481411237880714,8.606716191612737e-07,1.5,16.669181156792284,0.0599909492010364
16.5,17.3109,19.84548331440537,0.0503892993764542,5.53593797407361e-07,2.0,15.90321278277335,0.0628803760384328
18.5,17.3109,18.18230325166161,0.0549985327028694,3.861465754798512e-07,2.0,15.241916333496176,0.0656085480407975
20.5,17.3109,15.921953890737765,0.0628063620119969,2.8446926792785497e-07,2.0,14.682087962789426,0.0681102035714824
22.5,17.3109,13.344292205461816,0.0749384069685389,1.9564983847744585e-07,2.0,14.025322066937605,0.0712996104636581
24.5,17.3109,10.771018960778846,0.0928417268265295,nan,2.0,nan,nan
26.5,17.3109,8.458036519534668,0.1182307498543428,nan,2.0,nan,nan
28.5,17.3109,6.542992700332612,0.1528352614468246,nan,nan,nan,nan
Name:	26.366508987303583_8_150_1
Lambda:	26.366508987303583	Maximal Depth:	30	Filter time:	8 to 150 [us]
Chi2:	0.7113369609679877	RelRMS:	7.745963402683246	AbsRMS:	6.401529833483856e-07	Phi model:	0.2113783120638523
depth_vector,start_model,resistivity_model,conductivity_model,E/I[V/A],modelled_thickness,rhoa,sigma
0.0,17.3109,15.159063412133678,0.0659671361490299,0.0001815009986842,1.0,16.09686309205047,0.0621239054020317
1.0,17.3109,15.321264701658436,0.065268763347699,0.0001026138047832,1.0,16.540251478309997,0.0604585729129539
2.0,17.3109,15.648282654790616,0.0639047761380931,6.377426304105388e-05,1.0,16.952096349168865,0.0589897543880482
3.0,17.3109,16.134042682984322,0.0619807459078216,4.297259005877464e-05,1.0,17.218551305854813,0.0580768952182388
4.0,17.3109,16.762098295792168,0.0596584020898524,2.6525664781968e-05,1.0,17.580785233498784,0.0568802807564351
5.0,17.3109,17.51758437125754,0.0570854964249966,1.52993602751221e-05,1.0,17.956769603041103,0.0556893039286221
6.0,17.3109,18.37870156163303,0.054410807893392,9.794124894679734e-06,1.5,18.14678817941183,0.0551061703103216
7.5,17.3109,19.3075620187722,0.0517931781872681,6.744508452890842e-06,1.5,18.24132406082316,0.0548205819196917
9.0,17.3109,20.172375456913933,0.0495727437820049,4.319074956938231e-06,1.5,18.221542262043503,0.0548800966251389
10.5,17.3109,20.86069584273199,0.047937039470733,2.6401228927502886e-06,1.5,17.98169657389436,0.055612105114252
12.0,17.3109,21.245261334079885,0.0470693198014883,1.7709002070282213e-06,1.5,17.632964376216147,0.0567119616795023
13.5,17.3109,21.20684584977652,0.0471545842830058,1.2753087641723427e-06,1.5,17.240523048243958,0.0580028806087675
15.0,17.3109,20.66810255189079,0.0483837351536905,8.608252682048611e-07,1.5,16.667197571942967,0.0599980888018852
16.5,17.3109,19.596725680394066,0.0510289329099743,5.516957223363234e-07,2.0,15.939667913588844,0.0627365642384232
18.5,17.3109,17.858655107415032,0.0559952579847288,3.834998910925694e-07,2.0,15.311962911826717,0.0653084131511065
20.5,17.3109,15.632566290126494,0.0639690234757935,2.816395729458704e-07,2.0,14.78026680186051,0.0676577773192918
22.5,17.3109,13.1893802874854,0.0758185735950641,1.9294214465000202e-07,2.0,14.156235240977058,0.0706402502485527
24.5,17.3109,10.80430524209054,0.0925556967887468,nan,2.0,nan,nan
26.5,17.3109,8.677621209308459,0.1152389549946364,nan,2.0,nan,nan
28.5,17.3109,6.911175675718874,0.1446931820172526,nan,nan,nan,nan
Name:	33.59818286283781_8_150_1
Lambda:	33.59818286283781	Maximal Depth:	30	Filter time:	8 to 150 [us]
Chi2:	0.7737243395143644	RelRMS:	8.108322753177474	AbsRMS:	6.841764358788451e-07	Phi model:	0.1859688687480564
depth_vector,start_model,resistivity_model,conductivity_model,E/I[V/A],modelled_thickness,rhoa,sigma
0.0,17.3109,15.022773553729357,0.0665656043089162,0.0001818229111573,1.0,16.077858111826863,0.0621973395364399
1.0,17.3109,15.196792528619234,0.0658033593678901,0.000102700057943,1.0,16.530989239298254,0.0604924475797705
2.0,17.3109,15.553864148928946,0.0642927050426154,6.380292406462653e-05,1.0,16.94701924835716,0.0590074269312545
3.0,17.3109,16.080426797174088,0.0621874041412716,4.299643652575111e-05,1.0,17.212184273112303,0.058098378691084
4.0,17.3109,16.769015462580455,0.0596337931843088,2.6553983805532924e-05,1.0,17.568283425585594,0.0569207574681797
5.0,17.3109,17.598414479785678,0.0568233008234147,1.5331925156232188e-05,1.0,17.931333907645694,0.0557682995113716
6.0,17.3109,18.534429347084217,0.0539536438523971,9.825577142580688e-06,1.5,18.108041534762137,0.0552240836249625
7.5,17.3109,19.511788186110348,0.0512510688647112,6.771735179136219e-06,1.5,18.19239667572059,0.0549680186632358
9.0,17.3109,20.4043484222131,0.0490091611507356,4.339236109488839e-06,1.5,18.16505730282598,0.055050748441318
10.5,17.3109,21.07195406533865,0.0474564436169165,2.652088627343622e-06,1.5,17.927569088940356,0.0557800109450927
12.0,17.3109,21.37778859929941,0.0467775230985665,1.7771765645835303e-06,1.5,17.59142431560694,0.056845880245911
13.5,17.3109,21.219093147317583,0.0471273674636946,1.2779399475886797e-06,1.5,17.216850282721996,0.0580826332098358
15.0,17.3109,20.53854381553545,0.0486889435288783,8.604276136850705e-07,1.5,16.67233244203993,0.0599796101401182
16.5,17.3109,19.349023497450624,0.0516821947180826,5.494150093212493e-07,2.0,15.983749590716918,0.0625635426984405
18.5,17.3109,17.563901862509702,0.056934957154054,3.805907716315172e-07,2.0,15.389890487113998,0.0649777203312332
20.5,17.3109,15.391393065529094,0.0649713769080215,2.786294155259147e-07,2.0,14.886527903125147,0.0671748312640497
22.5,17.3109,13.087377020412111,0.076409505009317,1.9012888985869324e-07,2.0,14.295535567010866,0.069951908783862
24.5,17.3109,10.880004549286229,0.0919117262745633,nan,2.0,nan,nan
26.5,17.3109,8.927076329514037,0.1120187576635672,nan,2.0,nan,nan
28.5,17.3109,7.299954302527193,0.1369871588995847,nan,nan,nan,nan
Name:	42.81332398719393_8_150_1
Lambda:	42.81332398719393	Maximal Depth:	30	Filter time:	8 to 150 [us]
Chi2:	0.8484820001897937	RelRMS:	8.492987188177155	AbsRMS:	7.115454365712953e-07	Phi model:	0.1639682917336036
depth_vector,start_model,resistivity_model,conductivity_model,E/I[V/A],modelled_thickness,rhoa,sigma
0.0,17.3109,14.906319096705849,0.0670856429083817,0.0001820150773059,1.0,16.06653976748421,0.0622411554990714
1.0,17.3109,15.09495302752719,0.0662473078370232,0.0001027414885988,1.0,16.526544843478398,0.0605087154920112
2.0,17.3109,15.480182378595227,0.0645987221302199,6.381722004825481e-05,1.0,16.944488234983513,0.0590162409234292
3.0,17.3109,16.04883304920753,0.0623098263240627,4.301622321010048e-05,1.0,17.206905672829368,0.0581162016584454
4.0,17.3109,16.78955955496046,0.0595608238993113,2.658275485284001e-05,1.0,17.55560480146516,0.0569618655300637
5.0,17.3109,17.678767208445993,0.0565650301409168,1.536533938272252e-05,1.0,17.905328233065166,0.0558492973143789
6.0,17.3109,18.67436726716313,0.053549337746955,9.857057757399336e-06,1.5,18.06946639014384,0.05534197736716
7.5,17.3109,19.6966806780862,0.0507699757306094,6.798375197555333e-06,1.5,18.14483993439274,0.0551120871617359
9.0,17.3109,20.600399147582163,0.0485427487514176,4.358356804871586e-06,1.5,18.111890019510177,0.0552123493971527
10.5,17.3109,21.23292530624272,0.0470966664073361,2.662887874444008e-06,1.5,17.87906652249112,0.0559313316912849
12.0,17.3109,21.45972061999788,0.0465989291150472,1.782396127379505e-06,1.5,17.55706442036723,0.0569571299652999
13.5,17.3109,21.186756683269127,0.0471992960012461,1.2796782786793714e-06,1.5,17.201255026415353,0.0581352929460284
15.0,17.3109,20.39133605765964,0.0490404354659423,8.593597884143286e-07,1.5,16.68614074693629,0.0599299751312242
16.5,17.3109,19.11437667536285,0.0523166419174386,5.466949085292875e-07,2.0,16.036724214318664,0.0623568745484275
18.5,17.3109,17.313146011577697,0.0577595775678941,3.773933125971857e-07,2.0,15.476695272580749,0.0646132770845238
20.5,17.3109,15.211627746520024,0.0657391843045048,2.7542883191753565e-07,2.0,15.001630290256038,0.0666594217196198
22.5,17.3109,13.042406567667893,0.0766729663587545,1.872109822041402e-07,2.0,14.443694391309783,0.0692343643466772
24.5,17.3109,11.000066497169234,0.090908541349031,nan,2.0,nan,nan
26.5,17.3109,9.204631567489226,0.1086409589202898,nan,2.0,nan,nan
28.5,17.3109,7.707477441276039,0.1297441358238268,nan,nan,nan,nan
Name:	54.5559478116852_8_150_1
Lambda:	54.5559478116852	Maximal Depth:	30	Filter time:	8 to 150 [us]
Chi2:	0.9306862398924496	RelRMS:	8.901437809348208	AbsRMS:	7.07696964960373e-07	Phi model:	0.14458791943627
depth_vector,start_model,resistivity_model,conductivity_model,E/I[V/A],modelled_thickness,rhoa,sigma
0.0,17.3109,14.825037826921037,0.0674534535206435,0.0001820299533664,1.0,16.06566441677519,0.0622445467587282
1.0,17.3109,15.025843579432626,0.0665520038667779,0.0001027180083199,1.0,16.529063279503692,0.060499496135393
2.0,17.3109,15.433418228193084,0.0647944599967649,6.380741231099384e-05,1.0,16.946224530977027,0.0590101941687388
3.0,17.3109,16.036162172092222,0.0623590600586655,4.302631628699122e-05,1.0,17.204214646691234,0.0581252920017667
4.0,17.3109,16.81864039652433,0.059457838233265,2.660903696073652e-05,1.0,17.5440429578073,0.0569994044363068
5.0,17.3109,17.7526960109238,0.0563294724015252,1.5398115266360134e-05,1.0,17.879910778280834,0.0559286907189002
6.0,17.3109,18.79190990346149,0.0532143888054613,9.88764145459028e-06,1.5,18.032186426323378,0.0554563920512822
7.5,17.3109,19.842970785002294,0.0503956797011372,6.823794824040654e-06,1.5,18.09975046906692,0.055249380465716
9.0,17.3109,20.745576400219687,0.0482030472765948,4.376027252554516e-06,1.5,18.06309980180164,0.0553614834094122
10.5,17.3109,21.33900678522141,0.0468625372335774,2.672264246657901e-06,1.5,17.837219620169723,0.0560625490572103
12.0,17.3109,21.48895074185998,0.0465355434061293,1.7863850417518948e-06,1.5,17.530918613984657,0.0570420764604021
13.5,17.3109,21.121169594056624,0.0473458629053096,1.2803982258172336e-06,1.5,17.194806431013568,0.0581570955167218
15.0,17.3109,20.235988189761688,0.0494169096474342,8.575370127735475e-07,1.5,16.70977768667013,0.059845200741224
16.5,17.3109,18.90195765480461,0.052904573074515,5.434810126273442e-07,2.0,16.099884590282056,0.0621122464817917
18.5,17.3109,17.111396376243214,0.058440584158775,3.7386940108919193e-07,2.0,15.573793681425151,0.0642104307053135
20.5,17.3109,15.090564621597208,0.0662665728602909,2.720093826019607e-07,2.0,15.127092711268816,0.0661065559051579
22.5,17.3109,13.054532420868416,0.0766017477884878,1.8416826553807534e-07,2.0,14.602346175420433,0.0684821458132023
24.5,17.3109,11.164045172433486,0.0895732670868461,nan,2.0,nan,nan
26.5,17.3109,9.51295588354459,0.1051197979094793,nan,2.0,nan,nan
28.5,17.3109,8.13625515741922,0.1229066665993296,nan,nan,nan,nan
Name:	69.51927961775606_8_150_1
Lambda:	69.51927961775606	Maximal Depth:	30	Filter time:	8 to 150 [us]
Chi2:	0.8783720116674975	RelRMS:	9.191337592574024	AbsRMS:	5.467077396852937e-07	Phi model:	0.1318509091211421
depth_vector,start_model,resistivity_model,conductivity_model,E/I[V/A],modelled_thickness,rhoa,sigma
0.0,17.3109,15.0172892905199,0.066589913842259,0.000178763689074,1.0,16.260768140909185,0.0614977097843353
1.0,17.3109,15.235224770442947,0.0656373644017413,0.0001011142158977,1.0,16.703384946559282,0.0598681047703441
2.0,17.3109,15.669441660414453,0.063818483240937,6.295081698779591e-05,1.0,17.099607060385402,0.0584808759913961
3.0,17.3109,16.29989925011537,0.0613500724547682,4.252733737807956e-05,1.0,17.338525742704466,0.0576750304402766
4.0,17.3109,17.09134612887092,0.058509142138944,2.6359607447933072e-05,1.0,17.654543581246106,0.0566426424675328
5.0,17.3109,17.996091896272954,0.0555676202235388,1.5289480996805186e-05,1.0,17.96450393252978,0.0556653277906115
6.0,17.3109,18.957325240236653,0.052750057686277,9.832752220686434e-06,1.5,18.099231358589847,0.0552509650928022
7.5,17.3109,19.862066304723395,0.0503472289669172,6.792491748902508e-06,1.5,18.15531609274861,0.0550802858452797
9.0,17.3109,20.576855842491884,0.0485982896344623,4.358913458421476e-06,1.5,18.11034800488194,0.0552170504802245
10.5,17.3109,20.98979711537063,0.0476421946578849,2.661932683609212e-06,1.5,17.883343339704854,0.0559179556643519
12.0,17.3109,21.026697987510904,0.047558584833147,1.7786009586911432e-06,1.5,17.582030990022947,0.0568762505632857
13.5,17.3109,20.6509438052591,0.0484239369120424,1.2738643808041616e-06,1.5,17.253552808509177,0.057959077246213
15.0,17.3109,19.86498776135434,0.0503398246207539,8.521075508838193e-07,1.5,16.780683466730306,0.0595923284044192
16.5,17.3109,18.70713855167256,0.0534555296758943,5.391099791771614e-07,2.0,16.18679125971342,0.0617787666471523
18.5,17.3109,17.132316786385122,0.0583692218903335,3.7028251636217924e-07,2.0,15.674206382819415,0.0637990833842857
20.5,17.3109,15.288520324548672,0.0654085535272047,2.690292299926754e-07,2.0,15.238600350787536,0.0656228247332649
22.5,17.3109,13.344217647191234,0.0749388256725927,1.8184149723805826e-07,2.0,14.726645736643771,0.0679041254799616
24.5,17.3109,11.460609677686405,0.0872553928738173,nan,2.0,nan,nan
26.5,17.3109,9.768110090422288,0.1023739485676464,nan,2.0,nan,nan
28.5,17.3109,8.351896413291112,0.1197332857731103,nan,nan,nan,nan
Name:	88.58667904100822_8_150_1
Lambda:	88.58667904100822	Maximal Depth:	30	Filter time:	8 to 150 [us]
Chi2:	0.9577381331501272	RelRMS:	9.666089939682417	AbsRMS:	5.967232529934695e-07	Phi model:	0.1154212812664655
depth_vector,start_model,resistivity_model,conductivity_model,E/I[V/A],modelled_thickness,rhoa,sigma
0.0,17.3109,14.988938922539528,0.0667158632887786,0.0001784890346555,1.0,16.277444971970656,0.0614347031565441
1.0,17.3109,15.214717991800828,0.065725832088304,0.0001009631087879,1.0,16.72004694702036,0.059808444507879
2.0,17.3109,15.66375409617006,0.0638416559568251,6.28746731507426e-05,1.0,17.113409830963818,0.0584337084121405
3.0,17.3109,16.31446402701305,0.0612953020304085,4.249541131982792e-05,1.0,17.347208742847055,0.0576461616865214
4.0,17.3109,17.129521736363074,0.0583787460847298,2.635971181222005e-05,1.0,17.654496982227077,0.056642791975705
5.0,17.3109,18.057849977474174,0.0553775782414532,1.530503653533651e-05,1.0,17.952329513529094,0.0557030773775842
6.0,17.3109,19.039056806855463,0.0525236102893461,9.8502223076106e-06,1.5,18.07782482414331,0.0553163895395467
7.5,17.3109,19.951183858927752,0.0501223389584733,6.807413093016601e-06,1.5,18.12877632129375,0.0551609210835381
9.0,17.3109,20.6556226772519,0.0484129680148206,4.368633632176177e-06,1.5,18.08347444997443,0.0552991076336778
10.5,17.3109,21.04119650141441,0.047525814415201,2.665655892966272e-06,1.5,17.866687291202417,0.0559700846441971
12.0,17.3109,21.03715217888372,0.0475349510949377,1.778457384126048e-06,1.5,17.58297724022525,0.0568731896957849
13.5,17.3109,20.61542559388253,0.0485073662654212,1.2714779046317724e-06,1.5,17.275135211554264,0.0578866670363981
15.0,17.3109,19.79020077743528,0.0505300583478767,8.481505621178733e-07,1.5,16.832835725346847,0.0594076967372884
16.5,17.3109,18.611099988052544,0.0537313753965081,5.345601615083713e-07,2.0,16.278508868789128,0.0614306880353952
18.5,17.3109,17.05176801403592,0.0586449451562362,3.658787557726461e-07,2.0,15.799726509123602,0.0632922348005547
20.5,17.3109,15.26957372830302,0.065489712928033,2.650071666402139e-07,2.0,15.39239899928994,0.064967130857648
22.5,17.3109,13.428752644749794,0.0744670801864064,1.7843157206717302e-07,2.0,14.913676010048714,0.0670525495743777
24.5,17.3109,11.67475569409368,0.0856548973016973,nan,2.0,nan,nan
26.5,17.3109,10.117989627537607,0.0988338629324497,nan,2.0,nan,nan
28.5,17.3109,8.823989239401913,0.1133274274105732,nan,nan,nan,nan
Name:	112.88378916846884_8_150_1
Lambda:	112.88378916846884	Maximal Depth:	30	Filter time:	8 to 150 [us]
Chi2:	1.0494491124609642	RelRMS:	10.150254655075832	AbsRMS:	6.621756947030981e-07	Phi model:	0.1004388639700459
depth_vector,start_model,resistivity_model,conductivity_model,E/I[V/A],modelled_thickness,rhoa,sigma
0.0,17.3109,15.00674238999794,0.0666367139524234,0.0001781751233522,1.0,16.296557908584354,0.0613626512794607
1.0,17.3109,15.233831303409216,0.0656433683741927,0.0001008332086431,1.0,16.734403794178387,0.0597571334060842
2.0,17.3109,15.684883172903778,0.0637556549817047,6.283105507437852e-05,1.0,17.12132913855653,0.058406680457304
3.0,17.3109,16.337648745985444,0.0612083180112269,4.249283505649699e-05,1.0,17.34790988891309,0.0576438318162519
4.0,17.3109,17.154078709805194,0.0582951738135843,2.638176438811271e-05,1.0,17.64465732205162,0.0566743792043066
5.0,17.3109,18.08267403521581,0.0553015554033939,1.5333940096321177e-05,1.0,17.92976304133467,0.0557731854957945
6.0,17.3109,19.062227694652105,0.0524597657744141,9.875500469971942e-06,1.5,18.046962633671573,0.0554109863415035
7.5,17.3109,19.968254623670216,0.0500794896122071,6.826913192914381e-06,1.5,18.09423836380259,0.0552662112598501
9.0,17.3109,20.660357573968493,0.0484018728339907,4.3804427605425785e-06,1.5,18.05095929893455,0.055398717787759
10.5,17.3109,21.02645107858634,0.0475591433029996,2.670001484678376e-06,1.5,17.847295940069777,0.0560308969693753
12.0,17.3109,20.99629573636343,0.0476274487917458,1.7784034951803776e-06,1.5,17.583332436453233,0.0568720408155868
13.5,17.3109,20.547322704092487,0.0486681410712854,1.269003393957938e-06,1.5,17.29758517820849,0.0578115378359171
15.0,17.3109,19.70262300252781,0.0507546634715439,8.440590295476654e-07,1.5,16.887189406332016,0.0592164851082347
16.5,17.3109,18.52274523022769,0.0539876777211229,5.299156225603314e-07,2.0,16.37348770359149,0.0610743427486528
18.5,17.3109,16.999901332630113,0.0588238708233306,3.614297190444811e-07,2.0,15.929120283394004,0.0627781058971908
20.5,17.3109,15.294770014469355,0.065381826536389,2.609758757460366e-07,2.0,15.550504479175231,0.0643065954123334
22.5,17.3109,13.563183689545395,0.0737290021936964,1.750432717889255e-07,2.0,15.105515718531557,0.0662009837090959
24.5,17.3109,11.934489876676142,0.0837907619289471,nan,2.0,nan,nan
26.5,17.3109,10.500622207349048,0.0952324519684302,nan,2.0,nan,nan
28.5,17.3109,9.31432636305659,0.1073614946504665,nan,nan,nan,nan
Name:	143.8449888287663_8_150_1
Lambda:	143.8449888287663	Maximal Depth:	30	Filter time:	8 to 150 [us]
Chi2:	1.1642136972481227	RelRMS:	10.68821308910882	AbsRMS:	7.834339240844678e-07	Phi model:	0.0857112973522158
depth_vector,start_model,resistivity_model,conductivity_model,E/I[V/A],modelled_thickness,rhoa,sigma
0.0,17.3109,15.063494513194662,0.0663856583294177,0.0001776355449855,1.0,16.32954238970084,0.0612387032125717
1.0,17.3109,15.289230680730014,0.0654055145665611,0.0001006180122496,1.0,16.75825572561079,0.0596720814130882
2.0,17.3109,15.736920531702395,0.0635448338183748,6.275510278104391e-05,1.0,17.135140945447205,0.058359601662086
3.0,17.3109,16.38360723845902,0.061036619435834,4.247775340027526e-05,1.0,17.35201587714487,0.0576301916203952
4.0,17.3109,17.190348003034522,0.0581721789357304,2.640177712974556e-05,1.0,17.635739675018744,0.056703037038844
5.0,17.3109,18.10476369439877,0.0552340818626303,1.5363845807729538e-05,1.0,17.90648864205594,0.0558456780661819
6.0,17.3109,19.06507171940304,0.0524519401090043,9.901502093208345e-06,1.5,18.01535423486245,0.0555082063312886
7.5,17.3109,19.94542364635004,0.0501368142252018,6.846525197981117e-06,1.5,18.059667646585872,0.0553720045999322
9.0,17.3109,20.6074939379209,0.0485260363541754,4.391691299979341e-06,1.5,18.02012323592176,0.0554935161601212
10.5,17.3109,20.943539827944548,0.0477474203604168,2.673364179412798e-06,1.5,17.832326637285842,0.0560779319681755
12.0,17.3109,20.88945376256405,0.0478710459050919,1.7772859604646465e-06,1.5,17.590702447489452,0.0568482130253257
13.5,17.3109,20.42944768006009,0.0489489493627396,1.2655204322637394e-06,1.5,17.32930821409753,0.057705708020502
15.0,17.3109,19.592703718529915,0.0510394080554713,8.39106690066066e-07,1.5,16.953568764981405,0.0589846311335675
16.5,17.3109,18.44384179465362,0.0542186389979702,5.246133469436156e-07,2.0,16.483627428594247,0.0606662583422198
18.5,17.3109,16.985886218853746,0.058872406603668,3.5648102192447455e-07,2.0,16.07620080931117,0.0622037514871554
20.5,17.3109,15.376220840337677,0.0650354863125157,2.56560643502024e-07,2.0,15.728405630470244,0.0635792351427359
22.5,17.3109,13.761271310988874,0.0726677047055575,1.7138519515911005e-07,2.0,15.31970149304251,0.0652754233138389
24.5,17.3109,12.25746433941451,0.0815829418148457,nan,2.0,nan,nan
26.5,17.3109,10.943463009668305,0.0913787526961549,nan,2.0,nan,nan
28.5,17.3109,9.861252035246212,0.1014070015070893,nan,nan,nan,nan
Name:	183.29807108324357_8_150_1
Lambda:	183.2980710832436	Maximal Depth:	30	Filter time:	8 to 150 [us]
Chi2:	1.3034540953023446	RelRMS:	11.256364951964894	AbsRMS:	9.405115744963258e-07	Phi model:	0.0717053465807553
depth_vector,start_model,resistivity_model,conductivity_model,E/I[V/A],modelled_thickness,rhoa,sigma
0.0,17.3109,15.16314117566868,0.0659493958682278,0.0001769726466919,1.0,16.37029474827107,0.0610862550355493
1.0,17.3109,15.38263496394237,0.0650083683545795,0.0001003724871132,1.0,16.78557328704217,0.059574968510129
2.0,17.3109,15.817360967801315,0.0632216715566936,6.267843023422776e-05,1.0,17.14911201633478,0.0583120571518505
3.0,17.3109,16.444255555362375,0.0608115093221052,4.2469571554867965e-05,1.0,17.354244405290082,0.0576227910962905
4.0,17.3109,17.224494950024095,0.0580568546654891,2.643014046646055e-05,1.0,17.623120296223632,0.0567436403537621
5.0,17.3109,18.10626427576211,0.0552295042627123,1.5399675431635927e-05,1.0,17.878703130015765,0.05593246852011
6.0,17.3109,19.0287992752502,0.0525519232997874,9.930888697872636e-06,1.5,17.979797058990375,0.0556179803764789
7.5,17.3109,19.86884310533252,0.0503300566972424,6.867876071639764e-06,1.5,18.02221892718363,0.0554870631657714
9.0,17.3109,20.4933087127012,0.0487964151625855,4.4033575302058535e-06,1.5,17.988280890861585,0.055591749209788
10.5,17.3109,20.800541308578097,0.0480756719339607,2.6763959848957333e-06,1.5,17.818857190966444,0.0561203218187845
12.0,17.3109,20.732604586579367,0.0482332065816429,1.77562751547127e-06,1.5,17.601653945936402,0.0568128428766698
13.5,17.3109,20.278952209333934,0.0493122124692282,1.2614830882001172e-06,1.5,17.366263188455292,0.0575829117149841
15.0,17.3109,19.472076030821064,0.0513555924092102,8.336807819852965e-07,1.5,17.027049336645902,0.0587300817792183
16.5,17.3109,18.37729682768252,0.0544149669767349,5.189707612407331e-07,2.0,16.60289239439414,0.0602304692607442
18.5,17.3109,17.004944160847796,0.0588064265628346,3.512956584011004e-07,2.0,16.23401128372557,0.0615990701572623
20.5,17.3109,15.505191521211673,0.064494527438243,2.519812244102188e-07,2.0,15.91839475740337,0.0628204046475802
22.5,17.3109,14.013590664687444,0.0713592985500767,1.6762972327409309e-07,2.0,15.547664240974408,0.0643183429035336
24.5,17.3109,12.634464871921098,0.079148583666761,nan,2.0,nan,nan
26.5,17.3109,11.435589275844372,0.0874463025803419,nan,2.0,nan,nan
28.5,17.3109,10.45097149879325,0.095684884425861,nan,nan,nan,nan
Name:	233.57214690901213_8_150_1
Lambda:	233.57214690901213	Maximal Depth:	30	Filter time:	8 to 150 [us]
Chi2:	1.4703938398999998	RelRMS:	11.84831246495218	AbsRMS:	1.1281824280382178e-06	Phi model:	0.0585382288710377
depth_vector,start_model,resistivity_model,conductivity_model,E/I[V/A],modelled_thickness,rhoa,sigma
0.0,17.3109,15.302303274990312,0.0653496393339932,0.0001762040350339,1.0,16.417865620892247,0.060909257213524
1.0,17.3109,15.511102385663404,0.0644699503063225,0.0001001015418744,1.0,16.815848691209606,0.0594677092047542
2.0,17.3109,15.92411514422171,0.0627978378040593,6.260162212822581e-05,1.0,17.163136377199503,0.0582644091396055
3.0,17.3109,16.518733206721823,0.0605373297991808,4.246756222368725e-05,1.0,17.35479180582517,0.0576209735725177
4.0,17.3109,17.257261212932153,0.0579466224484465,2.646568627780911e-05,1.0,17.607337131775544,0.0567945051835989
5.0,17.3109,18.08976130665686,0.0552798891620537,1.544044751410595e-05,1.0,17.84721556477776,0.0560311493056397
6.0,17.3109,18.958043808607744,0.0527480582962867,9.962995848667882e-06,1.5,17.94114800401865,0.0557377933550299
7.5,17.3109,19.745041073629725,0.0506456277437446,6.890544583449812e-06,1.5,17.98267089567002,0.0556090919864849
9.0,17.3109,20.32559039213962,0.0491990628910205,4.415249776886632e-06,1.5,17.955966038088448,0.0556917961349885
10.5,17.3109,20.60557762873856,0.0485305492530965,2.6790711248615657e-06,1.5,17.806993409002178,0.0561577115817012
12.0,17.3109,20.533142828202216,0.0487017505487032,1.7734759659663346e-06,1.5,17.615887078051465,0.0567669397271484
13.5,17.3109,20.10145524483072,0.0497476420398547,1.2569692927829945e-06,1.5,17.407813351531352,0.0574454688711394
15.0,17.3109,19.343814202046023,0.051696112749792,8.278706031942792e-07,1.5,17.106622836037396,0.0584568917889138
16.5,17.3109,18.323363976173056,0.0545751315806616,5.130711041855978e-07,2.0,16.729924306482012,0.0597731335588021
18.5,17.3109,17.054701231734768,0.0586348588821501,3.459449975645186e-07,2.0,16.400974818185926,0.0609719855731482
20.5,17.3109,15.677651121004018,0.0637850652678612,2.4729754039332866e-07,2.0,16.118756222763704,0.0620395262624389
22.5,17.3109,14.315762897715327,0.0698530708523813,1.6382335980397588e-07,2.0,15.787569896205342,0.0633409705593992
24.5,17.3109,13.062001425856934,0.0765579460143409,nan,2.0,nan,nan
26.5,17.3109,11.975135971917924,0.0835063587039873,nan,2.0,nan,nan
28.5,17.3109,11.083352960888616,0.0902254041289527,nan,nan,nan,nan
Name:	297.63514416313194_8_150_1
Lambda:	297.63514416313194	Maximal Depth:	30	Filter time:	8 to 150 [us]
Chi2:	1.6655857008708026	RelRMS:	12.452514721330838	AbsRMS:	1.3386241807612328e-06	Phi model:	0.0464613882233768
depth_vector,start_model,resistivity_model,conductivity_model,E/I[V/A],modelled_thickness,rhoa,sigma
0.0,17.3109,15.47485535468432,0.0646209594261115,0.0001753565903161,1.0,16.4707181201883,0.0607138069331835
1.0,17.3109,15.669221514707896,0.0638193798627041,9.981263673635402e-05,1.0,16.848281755191298,0.0593532334353252
2.0,17.3109,16.053222164951528,0.0622927901778664,6.252556231593057e-05,1.0,17.177052396608822,0.05821720612539
3.0,17.3109,16.60525047681352,0.0602219160377215,4.247063436235681e-05,1.0,17.353954882923684,0.0576237524383563
4.0,17.3109,17.28962840487678,0.0578381429943246,2.650667094275605e-05,1.0,17.589182785978046,0.0568531245691068
5.0,17.3109,18.05942786832832,0.0553727397839522,1.5484711539581357e-05,1.0,17.813187745191545,0.0561381833675411
6.0,17.3109,18.860316954432736,0.0530213782947571,9.996855257302452e-06,1.5,17.90061391708745,0.0558640058174444
7.5,17.3109,19.58428948909136,0.0510613367187515,6.913928418625944e-06,1.5,17.94210146565533,0.0557348313916401
9.0,17.3109,20.11624178895148,0.049711074786804,4.427107821845188e-06,1.5,17.92388823816834,0.0557914659315121
10.5,17.3109,20.37064231820226,0.0490902537278584,2.681373263212033e-06,1.5,17.796799619803696,0.0561898780321846
12.0,17.3109,20.30151256528802,0.0492574135441426,1.7709207364673029e-06,1.5,17.63282810225804,0.0567123999735437
13.5,17.3109,19.9044348130777,0.0502400600364184,1.2521100398849332e-06,1.5,17.452822360896256,0.0572973229957659
15.0,17.3109,19.211504411479,0.0520521443079956,8.218204203793199e-07,1.5,17.1904786400802,0.0581717368630135
16.5,17.3109,18.28146057267584,0.0547002246360248,5.070461684290236e-07,2.0,16.862191220496985,0.0593042735029858
18.5,17.3109,17.130722188620787,0.0583746551365042,3.405409480792296e-07,2.0,16.574030661537023,0.0603353535673538
20.5,17.3109,15.88646182129724,0.0629466781998877,2.426029975241815e-07,2.0,16.326030996429957,0.061251874397315
22.5,17.3109,14.659491331502531,0.0682151909221467,1.6003820178203212e-07,2.0,16.035532882652024,0.0623615072425716
24.5,17.3109,13.532039563851663,0.0738986902367116,nan,2.0,nan,nan
26.5,17.3109,12.55527189467077,0.0796478171392259,nan,2.0,nan,nan
28.5,17.3109,11.753111591977582,0.0850838513847327,nan,nan,nan,nan
Name:	379.26901907322497_8_150_1
Lambda:	379.26901907322497	Maximal Depth:	30	Filter time:	8 to 150 [us]
Chi2:	1.8857964991786105	RelRMS:	13.053001499100503	AbsRMS:	1.562328958460038e-06	Phi model:	0.0357696953484911
depth_vector,start_model,resistivity_model,conductivity_model,E/I[V/A],modelled_thickness,rhoa,sigma
0.0,17.3109,15.672149247353174,0.0638074576892436,0.0001744643679348,1.0,16.526825263967705,0.0605076888045903
1.0,17.3109,15.849350772516011,0.063094067028542,9.95152719027736e-05,1.0,16.88182832935743,0.0592352901883858
2.0,17.3109,16.1990424905318,0.0617320437664443,6.245141514677171e-05,1.0,17.19064566122088,0.0581711716771538
3.0,17.3109,16.70107469231085,0.0598763863058703,4.247743965853169e-05,1.0,17.352101319284788,0.0576299078480264
4.0,17.3109,17.32249029172508,0.0577284202882594,2.655091448562667e-05,1.0,17.569637343626034,0.0569163711488207
5.0,17.3109,18.020242060020745,0.0554931502401166,1.5530658564314365e-05,1.0,17.778037182719366,0.0562491792385281
6.0,17.3109,18.744807669563347,0.0533481067199071,1.003126889817334e-05,1.5,17.85965013542892,0.0559921382791401
7.5,17.3109,19.39919547763778,0.0515485294816859,6.9372921146128085e-06,1.5,17.901794724801483,0.0558603210109755
9.0,17.3109,19.87980215229061,0.0503023114787275,4.438626525389457e-06,1.5,17.89286522470518,0.0558881983093055
10.5,17.3109,20.110293566069668,0.0497257783291245,2.683301036530847e-06,1.5,17.788274720972357,0.056216806614809
12.0,17.3109,20.05029279877667,0.0498745833806982,1.7680897679637248e-06,1.5,17.651644895527177,0.0566519441059792
13.5,17.3109,19.69679136772058,0.0507696904196698,1.247082250687572e-06,1.5,17.499699918446638,0.0571438370177929
15.0,17.3109,19.07923866460646,0.0524129928651231,8.157201288826147e-07,1.5,17.276077162705352,0.0578835108561997
16.5,17.3109,18.25046870122913,0.0547931133370099,5.010667169863738e-07,2.0,16.996075154625256,0.058837113327771
18.5,17.3109,17.226914011142192,0.0580487021269863,3.352271735183529e-07,2.0,16.748717404783,0.0597060644007538
20.5,17.3109,16.121689767175347,0.06202823738961,2.3801670832539642e-07,2.0,16.535084877543344,0.0604774639746858
22.5,17.3109,15.03257149712725,0.066522218117579,1.5636551697705388e-07,2.0,16.28565318554421,0.0614037391443187
24.5,17.3109,14.03161332304127,0.0712676423571267,nan,2.0,nan,nan
26.5,17.3109,13.16337927965659,0.075968334479692,nan,2.0,nan,nan
28.5,17.3109,12.448578803721013,0.080330455047695,nan,nan,nan,nan
Name:	483.2930238571752_8_150_1
Lambda:	483.2930238571752	Maximal Depth:	30	Filter time:	8 to 150 [us]
Chi2:	2.123880607396251	RelRMS:	13.631583362292371	AbsRMS:	1.789321356663291e-06	Phi model:	0.0266962943153531
depth_vector,start_model,resistivity_model,conductivity_model,E/I[V/A],modelled_thickness,rhoa,sigma
0.0,17.3109,15.883916863403266,0.0629567636622432,0.0001735641553081,1.0,16.583921636593107,0.0602993683830161
1.0,17.3109,16.042352381558025,0.062334997774365,9.92196371197576e-05,1.0,16.915345756739065,0.0591179166173177
2.0,17.3109,16.354698573280622,0.0611445081374806,6.238035795980933e-05,1.0,17.203697709179202,0.0581270385532547
3.0,17.3109,16.802597916683904,0.0595146063101982,4.2486458120611406e-05,1.0,17.349645716386977,0.0576380645660958
4.0,17.3109,17.35629177877864,0.0576159938278227,2.6596032496659325e-05,1.0,17.549761411931588,0.0569808316208862
5.0,17.3109,17.97717035973613,0.0556261068894202,1.5576340850835666e-05,1.0,17.7432605562473,0.0563594271092358
6.0,17.3109,18.6210817769808,0.053702572813798,1.0064967784472983e-05,1.5,17.819763492366835,0.056117467576287
7.5,17.3109,19.20303953750166,0.0520750893652589,6.959873759086247e-06,1.5,17.863051600407438,0.0559814763104189
9.0,17.3109,19.63162661063813,0.0509382141293433,4.44950958661553e-06,1.5,17.863677196713446,0.0559795158067444
10.5,17.3109,19.839875224117947,0.0504035427997233,2.684880374183231e-06,1.5,17.78129825942488,0.0562388631814302
12.0,17.3109,19.792680154238067,0.0505237285808348,1.7651416675857151e-06,1.5,17.671293685198954,0.056588952558554
13.5,17.3109,19.48774214737905,0.051314307857593,1.2420916110317418e-06,1.5,17.546543653992533,0.0569912810020827
15.0,17.3109,18.95102639083033,0.0527675904922944,8.097833383519433e-07,1.5,17.360412095867922,0.0576023192581941
16.5,17.3109,18.228677465808087,0.0548586150517897,4.95320590036493e-07,2.0,17.12726796003146,0.0583864281409983
18.5,17.3109,17.335922005690776,0.0576836928357046,3.301594986677737e-07,2.0,16.919667890529922,0.0591028149293467
20.5,17.3109,16.371319315460575,0.0610824320710445,2.336665160927573e-07,2.0,16.73967683330598,0.0597383097629672
22.5,17.3109,15.419747826449235,0.0648519036274196,1.5290210397141672e-07,2.0,16.5306601600662,0.0604936518152941
24.5,17.3109,14.543662966917251,0.0687584690510718,nan,2.0,nan,nan
26.5,17.3109,13.78175391326262,0.0725597051212522,nan,2.0,nan,nan
28.5,17.3109,13.15216017654241,0.0760331372623908,nan,nan,nan,nan
Name:	615.8482110660261_8_150_1
Lambda:	615.8482110660261	Maximal Depth:	30	Filter time:	8 to 150 [us]
Chi2:	2.369844211602661	RelRMS:	14.170866890580388	AbsRMS:	2.010486011474688e-06	Phi model:	0.0193374578044453
depth_vector,start_model,resistivity_model,conductivity_model,E/I[V/A],modelled_thickness,rhoa,sigma
0.0,17.3109,16.099559878453125,0.0621134992229416,0.0001726901575767,1.0,16.639829517622232,0.0600967695577025
1.0,17.3109,16.238764766209002,0.0615810386071288,9.893504097502536e-05,1.0,16.947769301713503,0.0590048154537302
2.0,17.3109,16.512960470951725,0.0605584929340271,6.231331239266116e-05,1.0,17.2160356284964,0.0580853816510913
3.0,17.3109,16.905780503095208,0.0591513654052774,4.249614402972317e-05,1.0,17.34700934423782,0.0576468243116598
4.0,17.3109,17.390909679420265,0.0575013049020294,2.663974002896199e-05,1.0,17.530560357007335,0.0570432421802352
5.0,17.3109,17.93441488625203,0.0557587189959885,1.561994166560128e-05,1.0,17.710226673916978,0.0564645511552241
6.0,17.3109,18.497705545157583,0.0540607589173017,1.0096797528246116e-05,1.5,17.782293067743616,0.0562357169680192
7.5,17.3109,19.00790678927023,0.0526096855948646,6.981002571962324e-06,1.5,17.82699033135556,0.0560947182565707
9.0,17.3109,19.385781092145937,0.0515841995350471,4.459521058020642e-06,1.5,17.836931622686404,0.0560634542506246
10.5,17.3109,19.57348579221887,0.051089520314135,2.6861671833464008e-06,1.5,17.775619048556827,0.0562568311836761
12.0,17.3109,19.54078611758567,0.0511750138393896,1.7622464753745317e-06,1.5,17.690643151475395,0.0565270573510268
13.5,17.3109,19.285667253738144,0.0518519783030151,1.2373444009667167e-06,1.5,17.591394522282894,0.0568459765218332
15.0,17.3109,18.830274798385545,0.0531059695467501,8.04216074110691e-07,1.5,17.440439371108237,0.0573380050078667
16.5,17.3109,18.21391323813018,0.0549030835343245,4.899837901287015e-07,2.0,17.251407676616402,0.0579662841865049
18.5,17.3109,17.449919888179647,0.0573068533499335,3.254811398463805e-07,2.0,17.08141377272431,0.0585431635405264
20.5,17.3109,16.62258491618825,0.0601591151461725,2.296681772527677e-07,2.0,16.9334003352466,0.0590548844415209
22.5,17.3109,15.804467306416576,0.0632732493042649,1.4973409666374334e-07,2.0,16.76301115720307,0.059655153278968
24.5,17.3109,15.0490737927448,0.0664492721460441,nan,2.0,nan,nan
26.5,17.3109,14.389773349387587,0.0694937978326502,nan,2.0,nan,nan
28.5,17.3109,13.842507745694686,0.0722412454716538,nan,nan,nan,nan
Name:	784.7599703514607_8_150_1
Lambda:	784.7599703514607	Maximal Depth:	30	Filter time:	8 to 150 [us]
Chi2:	2.612806643635816	RelRMS:	14.657077079728335	AbsRMS:	2.2186897621816457e-06	Phi model:	0.0136305921987316
depth_vector,start_model,resistivity_model,conductivity_model,E/I[V/A],modelled_thickness,rhoa,sigma
0.0,17.3109,16.309567811069144,0.0613137031945941,0.0001718693849097,1.0,16.692763784669996,0.0599061972540677
1.0,17.3109,16.43005377035216,0.0608640734824914,9.866857558455486e-05,1.0,16.978268466666915,0.0588988212763439
2.0,17.3109,16.66720926237886,0.0599980467190266,6.225074944314777e-05,1.0,17.22756861557838,0.0580464964217718
3.0,17.3109,17.006724943140778,0.0588002689138171,4.250508950083132e-05,1.0,17.34457539862111,0.0576549138285333
4.0,17.3109,17.425756137385324,0.057386318970377,2.6680140353532035e-05,1.0,17.512858821179865,0.0571008999850219
5.0,17.3109,17.895003502807914,0.055881520215578,1.5660018415284738e-05,1.0,17.679998041811682,0.0565610922374021
6.0,17.3109,18.38130902770049,0.054403089491233,1.0125878349809182e-05,1.5,17.748230407419783,0.056343645368833
7.5,17.3109,18.82333032886112,0.0531255618707778,7.000194716861536e-06,1.5,17.794391741945372,0.0561974814594407
9.0,17.3109,19.153428073212662,0.0522099749547479,4.4685211342187965e-06,1.5,17.81297325914939,0.0561388593275052
10.5,17.3109,19.32230825718609,0.0517536511005662,2.6872411459799997e-06,1.5,17.770882686014872,0.0562718249660704
12.0,17.3109,19.30415760678697,0.0518023122463742,1.759562138418493e-06,1.5,17.708630801180703,0.0564696396478787
13.5,17.3109,19.09702201088632,0.0523641853389469,1.2330179359579098e-06,1.5,17.632520776326913,0.0567133884420304
15.0,17.3109,18.719283447139496,0.0534208482297868,7.991864866930465e-07,1.5,17.513535755066076,0.0570986929187462
16.5,17.3109,18.20372884535469,0.0549338000195045,4.85194028271128e-07,2.0,17.364757210647074,0.057587905656801
18.5,17.3109,17.561529774982937,0.0569426475263298,3.213008421264978e-07,2.0,17.229253299160362,0.0580408206111133
20.5,17.3109,16.86361743606945,0.0592992579315223,2.26107477657943e-07,2.0,17.110713054169185,0.058442918003136
22.5,17.3109,16.17116002394349,0.061838482738367,1.46923473034446e-07,2.0,16.976117848227656,0.0589062828698731
24.5,17.3109,15.529471001984202,0.0643936937627965,nan,2.0,nan,nan
26.5,17.3109,14.967084855911835,0.0668132779112968,nan,2.0,nan,nan
28.5,17.3109,14.497962100131218,0.068975211349942,nan,nan,nan,nan
Name:	1000.0_8_150_1
Lambda:	1000.0	Maximal Depth:	30	Filter time:	8.0 to 150.0 [us]
Chi2:	2.8430720473100153	RelRMS:	15.081712108445652	AbsRMS:	2.4094222227129143e-06	Phi model:	0.009384461693276348
depth_vector,start_model,resistivity_model,conductivity_model,E/I[V/A],modelled_thickness,rhoa,sigma
0.0,17.3109,16.506618691496858,0.06058175927424406,0.0001711189512255558,1.0,16.74153170890734,0.0597316910655164
1.0,17.3109,16.60962657655927,0.0602060495093414,9.842435060094966e-05,1.0,17.00634284986023,0.05880159002017408
2.0,17.3109,16.81226935839895,0.0594803698823935,6.219259158738958e-05,1.0,17.23830689738672,0.058010337439322254
3.0,17.3109,17.10224615750065,0.05847185163812082,4.251213069062449e-05,1.0,17.34266018341417,0.05766128087756457
4.0,17.3109,17.46003529730731,0.057273652828996297,2.6715893952637597e-05,1.0,17.497230484508037,0.05715190189015314
5.0,17.3109,17.860713588496758,0.055988804425152014,1.569563510126866e-05,1.0,17.653241501769255,0.05664682035306532
6.0,17.3109,18.276193350775404,0.054715989309533815,1.015168489235743e-05,1.5,17.718139196432617,0.05643933535646569
7.5,17.3109,18.655626269952567,0.05360313213449374,7.017195019475904e-06,1.5,17.765640242046953,0.05628843015931635
9.0,17.3109,18.941993534338483,0.05279275373984142,4.476474554980227e-06,1.5,17.791867951810122,0.05620545311535213
10.5,17.3109,19.0937472789397,0.0523731662198648,2.68819324361352e-06,1.5,17.766686406771353,0.05628511569939534
12.0,17.3109,19.08901155793902,0.0523861592814692,1.7572151144698024e-06,1.5,17.724395645435155,0.05641941310746727
13.5,17.3109,18.925805617380988,0.05283790926615166,1.2292399836878368e-06,1.5,17.668630213549104,0.05659748310500917
15.0,17.3109,18.619054448832614,0.05370842019653144,7.948060317616441e-07,1.5,17.577825618486045,0.05688985780746007
16.5,17.3109,18.195650791081587,0.05495818816714925,4.81035751022439e-07,2.0,17.464685806192797,0.05725840196022366
18.5,17.3109,17.664609490479574,0.056610365518635145,3.1768130360040065e-07,2.0,17.359875025527003,0.057604101327316005
20.5,17.3109,17.08481749173771,0.05853150029162467,2.230312652305054e-07,2.0,17.26768932492401,0.057911627964988346
22.5,17.3109,16.50722131824367,0.06057954762469967,1.445017279590408e-07,2.0,17.165263649868688,0.05825718849402292
24.5,17.3109,15.969786331708626,0.06261824543102756,nan,2.0,nan,nan
26.5,17.3109,15.49668649178159,0.06452992389891435,nan,2.0,nan,nan
28.5,17.3109,15.100053308459133,0.06622493176496234,nan,nan,nan,nan
