Name:	5.000000000000001_8_110_0.015
Lambda:	5.000000000000001	Maximal Depth:	20	Filter time:	8.0 to 110.0 [us]
Chi2:	2.5901845500077934	RelRMS:	2.4141075447290112	AbsRMS:	5.699476427018509e-07	Phi model:	0.47748410345796954
depth_vector,start_model,resistivity_model,conductivity_model,E/I[V/A],modelled_thickness,rhoa,sigma,rel_err
0.0,19.5918,10.574396848876237,0.0945680414960284,0.000162803824521816,1.0,17.306829996853093,0.05778065654899426,0.015
1.0,19.5918,12.053084373602282,0.08296631542629217,9.022538349700719e-05,1.0,18.021605468319873,0.055488951955911865,0.015
2.0,19.5918,15.048157077756551,0.06645332015294757,5.5296060686249754e-05,1.0,18.643362719442504,0.05363839212102736,0.015
3.0,19.5918,19.31251946482785,0.05177988308678263,3.733774290133551e-05,1.0,18.91003163246183,0.05288198451679763,0.015
4.0,19.5918,24.286051428644402,0.0411758989697494,2.3336290296992704e-05,1.0,19.148197906163425,0.05222423566439743,0.015
5.0,19.5918,29.171356585213783,0.0342802021249459,1.3574784029677584e-05,1.0,19.44711156286976,0.05142151813996343,0.015
6.0,19.5918,33.11865343135512,0.030194464339339623,8.722925494628355e-06,1.5,19.603581373997283,0.05101108725604735,0.015
7.5,19.5918,34.35526175190496,0.029107622792149186,6.024811109648589e-06,1.5,19.666523889549694,0.050847826774887014,0.015
9.0,19.5918,32.618087753654166,0.03065783646032319,3.819727974028537e-06,1.5,19.776859883601567,0.0505641444539521,0.015
10.5,19.5918,28.617784803512624,0.034943305600552886,2.267741830221399e-06,1.5,19.89990575594396,0.05025149426656492,0.015
12.0,19.5918,23.633843261072116,0.042312204111428824,1.4705708964350078e-06,1.5,19.95863080952257,0.05010363734584862,0.015
13.5,19.5918,18.99079966755525,0.05265707697967272,1.0181095988121355e-06,1.5,20.03384513428407,0.049915530109029965,0.015
15.0,19.5918,15.703494482449008,0.06368009369619283,6.49323024007699e-07,1.5,20.114012678540796,0.04971658395477091,0.015
16.5,19.5918,14.463068015487336,0.06914162326618256,3.861450485966093e-07,1.5,20.219885868359192,0.049456263329598515,0.015
18.0,19.5918,15.961862446930517,0.06264933076104168,2.511399681702922e-07,1.5,20.304726400263238,0.04924961707373883,0.015
19.5,19.5918,21.48897565400868,0.04653548945751884,nan,nan,nan,nan,nan
Name:	5.8538995686138975_8_110_0.015
Lambda:	5.8538995686138975	Maximal Depth:	20	Filter time:	8.0 to 110.0 [us]
Chi2:	2.6054195946306313	RelRMS:	2.4211968296524176	AbsRMS:	6.074561319845801e-07	Phi model:	0.43769449812974803
depth_vector,start_model,resistivity_model,conductivity_model,E/I[V/A],modelled_thickness,rhoa,sigma,rel_err
0.0,19.5918,10.754839882148552,0.0929813935826095,0.00016264335031019618,1.0,17.31821213404388,0.05774268107238478,0.015
1.0,19.5918,12.175041689755638,0.08213524236565228,9.022940976751555e-05,1.0,18.021069350451413,0.055490602724690745,0.015
2.0,19.5918,15.049102896835205,0.0664491436370136,5.532998008875467e-05,1.0,18.635742542556116,0.05366032492219856,0.015
3.0,19.5918,19.13939146930653,0.05224826513443129,3.736226404731918e-05,1.0,18.90175685943401,0.05290513508541363,0.015
4.0,19.5918,23.91210837334648,0.04181981715650993,2.3347365685000102e-05,1.0,19.142141819867973,0.052240758082885065,0.015
5.0,19.5918,28.606588543822863,0.03495698197176098,1.3578111063793292e-05,1.0,19.443934692592467,0.05142991970555059,0.015
6.0,19.5918,32.41678896595344,0.030848212666907744,8.722757720679563e-06,1.5,19.603832744020355,0.05101043316669922,0.015
7.5,19.5918,33.6590810720429,0.029709664320889496,6.0233763923932475e-06,1.5,19.669646698566428,0.050839754029383885,0.015
9.0,19.5918,32.07427034823721,0.031177638310795112,3.818240918564451e-06,1.5,19.78199442584214,0.05055102020924915,0.015
10.5,19.5918,28.315223760088347,0.03531669071284358,2.266769193281286e-06,1.5,19.90559785127793,0.05023712462551335,0.015
12.0,19.5918,23.578624325762846,0.04241129534038864,1.4700123142307374e-06,1.5,19.96368647241626,0.050090948952824704,0.015
13.5,19.5918,19.13153521939257,0.05226972057037826,1.0178337293435194e-06,1.5,20.037464898118717,0.04990651287897643,0.015
15.0,19.5918,15.961433124592338,0.06265101587020185,6.492871506295778e-07,1.5,20.114753543284976,0.049714752798143816,0.015
16.5,19.5918,14.749119661619137,0.06780065678104488,3.8624562716922286e-07,1.5,20.2163755364384,0.04946485081846546,0.015
18.0,19.5918,16.160983379973498,0.06187742270926337,2.512818041312586e-07,1.5,20.29708501561841,0.04926815841932522,0.015
19.5,19.5918,21.381855191574164,0.046768626531249954,nan,nan,nan,nan,nan
Name:	6.853628031883595_8_110_0.015
Lambda:	6.853628031883595	Maximal Depth:	20	Filter time:	8.0 to 110.0 [us]
Chi2:	2.6235819098564312	RelRMS:	2.42962122504249	AbsRMS:	6.553336961394445e-07	Phi model:	0.3972682825453204
depth_vector,start_model,resistivity_model,conductivity_model,E/I[V/A],modelled_thickness,rhoa,sigma,rel_err
0.0,19.5918,10.947418502032377,0.0913457359663697,0.0001624331658404846,1.0,17.33314847068153,0.05769292299615781,0.015
1.0,19.5918,12.31147398236482,0.08122504270669932,9.021368954851213e-05,1.0,18.02316280161389,0.055484157303980784,0.015
2.0,19.5918,15.062746483461218,0.0663889551017799,5.535504515778789e-05,1.0,18.630116540078795,0.05367652949721004,0.015
3.0,19.5918,18.977123545093068,0.05269502501914053,3.7381656952825744e-05,1.0,18.89521904176344,0.052923440463417494,0.015
4.0,19.5918,23.548370069949126,0.0424657841298381,2.335552739639895e-05,1.0,19.137682012267632,0.052252932165921674,0.015
5.0,19.5918,28.03852591921828,0.03566521303156583,1.357989421998314e-05,1.0,19.442232552120988,0.051434422323629096,0.015
6.0,19.5918,31.690873481731078,0.03155482604720481,8.721608096672529e-06,1.5,19.60555540352825,0.05100595108976297,0.015
7.5,19.5918,32.92310613188746,0.030373804828562532,6.021252313862055e-06,1.5,19.67427224998253,0.050827801267255925,0.015
9.0,19.5918,31.489033365816017,0.03175708788462157,3.816327147901007e-06,1.5,19.788607247666896,0.050534127414040286,0.015
10.5,19.5918,27.982553998464514,0.035736552140840074,2.2655614195808646e-06,1.5,19.912671689366647,0.05021927823648091,0.015
12.0,19.5918,23.522686159573954,0.042512151597660565,1.469314728773331e-06,1.5,19.970004735549335,0.050075100794536295,0.015
13.5,19.5918,19.292824263908827,0.05183274290590541,1.017472780918507e-06,1.5,20.042203477848318,0.04989471347824863,0.015
15.0,19.5918,16.24847622305578,0.061544232595857194,6.492082979017664e-07,1.5,20.116382266644415,0.0497107276420239,0.015
16.5,19.5918,15.062639826742595,0.06638942519388763,3.86329531571592e-07,1.5,20.2134483215884,0.049472014081435985,0.015
18.0,19.5918,16.3761228429731,0.0610645150618844,2.5141805372984937e-07,1.5,20.28975136161232,0.04928596620912634,0.015
19.5,19.5918,21.269739138248557,0.047015151126218485,nan,nan,nan,nan,nan
Name:	8.024090035856696_8_110_0.015
Lambda:	8.024090035856696	Maximal Depth:	20	Filter time:	8.0 to 110.0 [us]
Chi2:	2.644583045551956	RelRMS:	2.439326106221122	AbsRMS:	6.89970769597395e-07	Phi model:	0.3570502369695767
depth_vector,start_model,resistivity_model,conductivity_model,E/I[V/A],modelled_thickness,rhoa,sigma,rel_err
0.0,19.5918,11.171007086153862,0.0895174438873529,0.0001622999230947745,1.0,17.34263379209331,0.057661368624176944,0.015
1.0,19.5918,12.460059182065905,0.08025644063066142,9.023920624932694e-05,1.0,18.0197650668708,0.055494619174502574,0.015
2.0,19.5918,15.061265891145371,0.0663954814440868,5.5403395856039034e-05,1.0,18.61927592644393,0.05370778133105355,0.015
3.0,19.5918,18.773306032468017,0.05326712291753632,3.7414978914846744e-05,1.0,18.883998593259907,0.05295488638496938,0.015
4.0,19.5918,23.115475970589912,0.04326106030748887,2.337087586027468e-05,1.0,19.129302175669316,0.05227582223422172,0.015
5.0,19.5918,27.41403270560726,0.03647766859909889,1.3584912493513747e-05,1.0,19.437444276948124,0.051447092825158705,0.015
6.0,19.5918,30.952042999437364,0.03230804506242698,8.722072304473205e-06,1.5,19.604859763610833,0.051007760935690545,0.015
7.5,19.5918,32.22760677583687,0.031029297550873837,6.02001195785608e-06,1.5,19.67697459941288,0.05082082079985192,0.015
9.0,19.5918,30.96123679895585,0.03229845133427372,3.8148295864509034e-06,1.5,19.79378576064628,0.050520906515426955,0.015
10.5,19.5918,27.695584529425695,0.03610683858062397,2.2645315438659703e-06,1.5,19.918708559092753,0.05020405801075426,0.015
12.0,19.5918,23.46758237594888,0.04261197357188637,1.4687092264390828e-06,1.5,19.97549302579615,0.05006134260158736,0.015
13.5,19.5918,19.455712235110894,0.05139878653197505,1.0171674479818352e-06,1.5,20.046214117878012,0.049884731057928795,0.015
15.0,19.5918,16.5548662725818,0.060405199506576614,6.491630314116326e-07,1.5,20.117317406604556,0.04970841687230614,0.015
16.5,19.5918,15.405871087590386,0.06491031856066302,3.864346633097569e-07,1.5,20.209782033293155,0.049480988877199254,0.015
18.0,19.5918,16.61481331933741,0.06018725463716973,2.5156993295709925e-07,1.5,20.281584243818415,0.049305812996575354,0.015
19.5,19.5918,21.153365220696738,0.04727380204363826,nan,nan,nan,nan,nan
Name:	9.394443439884116_8_110_0.015
Lambda:	9.394443439884116	Maximal Depth:	20	Filter time:	8.0 to 110.0 [us]
Chi2:	2.6700103629927177	RelRMS:	2.451024952287025	AbsRMS:	7.476898887239021e-07	Phi model:	0.3155734201661841
depth_vector,start_model,resistivity_model,conductivity_model,E/I[V/A],modelled_thickness,rhoa,sigma,rel_err
0.0,19.5918,11.395361425096683,0.08775500510213222,0.00016205350783796298,1.0,17.360209909668203,0.057602990125314245,0.015
1.0,19.5918,12.633259763028354,0.07915613378951745,9.021890475235028e-05,1.0,18.022468228980248,0.05548629562248268,0.015
2.0,19.5918,15.113329866529105,0.06616675536306929,5.543133527248104e-05,1.0,18.613018870909777,0.05372583603635069,0.015
3.0,19.5918,18.62538851349884,0.05369015520268182,3.7437113287403175e-05,1.0,18.87655452465659,0.052975769423058545,0.015
4.0,19.5918,22.72627390747582,0.04400193380011359,2.3380562560446997e-05,1.0,19.124018224903605,0.052290266001618,0.015
5.0,19.5918,26.77997039657861,0.03734134075546847,1.3587428778733226e-05,1.0,19.435044428073663,0.05145344553756272,0.015
6.0,19.5918,30.12946388563948,0.03319010267808406,8.721186766332854e-06,1.5,19.606186842729418,0.05100430838599455,0.015
7.5,19.5918,31.389772096034132,0.03185751068662084,6.0179327828284754e-06,1.5,19.68150655639604,0.05080911855678156,0.015
9.0,19.5918,30.30007333305211,0.03300322045455824,3.8128931024990317e-06,1.5,19.800487077057312,0.05050380811887669,0.015
10.5,19.5918,27.3349710680807,0.03658317389505889,2.263310371972253e-06,1.5,19.925872690747394,0.050186007685593184,0.015
12.0,19.5918,23.445620174434072,0.04265188945995274,1.4680156336407163e-06,1.5,19.981784406268368,0.05004558049812088,0.015
13.5,19.5918,19.679021350073015,0.050815535092464836,1.0168253940625885e-06,1.5,20.050709482743827,0.04987354691167545,0.015
15.0,19.5918,16.910046747241033,0.05913644207773438,6.491157921232639e-07,1.5,20.11829341760642,0.049706005337652306,0.015
16.5,19.5918,15.778208268246402,0.06337855243123498,3.865539942345269e-07,1.5,20.205622586637663,0.04949117483077793,0.015
18.0,19.5918,16.862310026536928,0.05930385566546089,2.5173955464110444e-07,1.5,20.27247275575035,0.04932797355548779,0.015
19.5,19.5918,21.0284494366674,0.04755462370213067,nan,nan,nan,nan,nan
Name:	10.998825680021056_8_110_0.015
Lambda:	10.998825680021056	Maximal Depth:	20	Filter time:	8.0 to 110.0 [us]
Chi2:	2.6978589217536992	RelRMS:	2.4637740509116948	AbsRMS:	7.886174165590384e-07	Phi model:	0.2767251789790597
depth_vector,start_model,resistivity_model,conductivity_model,E/I[V/A],modelled_thickness,rhoa,sigma,rel_err
0.0,19.5918,11.648786812677777,0.08584584953616504,0.00016189669656396766,1.0,17.37141803360831,0.05756582439414617,0.015
1.0,19.5918,12.81366561098919,0.07804168068365895,9.02417545709481e-05,1.0,18.019425827211947,0.05549566393452198,0.015
2.0,19.5918,15.143412255144492,0.0660353151027954,5.548188886983789e-05,1.0,18.601710700091836,0.05375849652339035,0.015
3.0,19.5918,18.439501717288948,0.05423140035624694,3.7472490277273806e-05,1.0,18.864672015778012,0.053009137882896726,0.015
4.0,19.5918,22.29193549263762,0.04485927210449137,2.3397095590340398e-05,1.0,19.115008126131766,0.05231491367418876,0.015
5.0,19.5918,26.12921321863986,0.03827133988430343,1.3593043928325543e-05,1.0,19.429691778722688,0.05146762035078151,0.015
6.0,19.5918,29.342759337543317,0.03407995780139618,8.721892896371497e-06,1.5,19.605128608815114,0.05100706146606796,0.015
7.5,19.5918,30.635697490854717,0.03264165930279594,6.016760452379014e-06,1.5,19.68406302404939,0.05080251972259134,0.015
9.0,19.5918,29.726294188304916,0.03364025107419631,3.811395477144753e-06,1.5,19.80567358857706,0.05049058268721296,0.015
10.5,19.5918,27.029289329718143,0.0369969031668369,2.26227217296568e-06,1.5,19.93196846163522,0.05017065935684106,0.015
12.0,19.5918,23.425651939246883,0.042688246311925235,1.4674079959409562e-06,1.5,19.987300185449453,0.05003176970984754,0.015
13.5,19.5918,19.89726086764522,0.050258174059832135,1.016526111029799e-06,1.5,20.054644808922173,0.04986376021753858,0.015
15.0,19.5918,17.274468805561167,0.05788890015987468,6.490849053073546e-07,1.5,20.118931634160283,0.0497044285543514,0.015
16.5,19.5918,16.171863941937172,0.06183579107457006,3.866770508526441e-07,1.5,20.201335516455572,0.049501677707665497,0.015
18.0,19.5918,17.128659150038004,0.058381685994246736,2.5190910428330464e-07,1.5,20.263375357439934,0.04935011972883572,0.015
19.5,19.5918,20.905363996421553,0.047834613172541444,nan,nan,nan,nan,nan
Name:	12.87720418070694_8_110_0.015
Lambda:	12.87720418070694	Maximal Depth:	20	Filter time:	8.0 to 110.0 [us]
Chi2:	2.729020847170769	RelRMS:	2.477962248730644	AbsRMS:	8.442162999549179e-07	Phi model:	0.2396238912677795
depth_vector,start_model,resistivity_model,conductivity_model,E/I[V/A],modelled_thickness,rhoa,sigma,rel_err
0.0,19.5918,11.902639139903272,0.0840149809001205,0.00016166867306405483,1.0,17.38774839166526,0.05751175928444799,0.015
1.0,19.5918,13.008062885322214,0.07687539711453584,9.023220023978088e-05,1.0,18.020697808634655,0.055491746802437805,0.015
2.0,19.5918,15.205028806251969,0.06576771492789427,5.5516199483317446e-05,1.0,18.59404564771333,0.05378065747208589,0.015
3.0,19.5918,18.29871469310172,0.05464864700999911,3.749846727834475e-05,1.0,18.855958696041668,0.05303363335272498,0.015
4.0,19.5918,21.904638918818538,0.04565243023206778,2.3408745029698403e-05,1.0,19.10866583535403,0.0523322773351263,0.015
5.0,19.5918,25.504077863160614,0.039209416053597096,1.3596422016699056e-05,1.0,19.426473386216713,0.05147614701438865,0.015
6.0,19.5918,28.54355288275429,0.03503418106735372,8.721402344943768e-06,1.5,19.605863753103037,0.051005148897953,0.015
7.5,19.5918,29.83761403423916,0.03351474413646089,6.014864778289368e-06,1.5,19.688198623641767,0.050791848412134105,0.015
9.0,19.5918,29.106071296571976,0.03435709305493857,3.809515606845407e-06,1.5,19.812188683918293,0.05047397922329035,0.015
10.5,19.5918,26.70553806826306,0.03744541665642015,2.261052344948381e-06,1.5,19.93913662471636,0.05015262289543719,0.015
12.0,19.5918,23.41790737986595,0.0427023637842112,1.4667024456042747e-06,1.5,19.99370953636611,0.05001573110688251,0.015
13.5,19.5918,20.145186266151974,0.049639650226526034,1.0161705167006293e-06,1.5,20.059323093388496,0.04985213086924142,0.015
15.0,19.5918,17.669714129790634,0.05659401123609739,6.490269712056036e-07,1.5,20.120128867294806,0.04970147092971637,0.015
16.5,19.5918,16.585737931392,0.06029276503322108,3.8678979945133494e-07,1.5,20.197409554697135,0.049511299817527284,0.015
18.0,19.5918,17.40220949022597,0.05746396746698484,2.5207491505389824e-07,1.5,20.254488437622957,0.04937177273470348,0.015
19.5,19.5918,20.78114999711429,0.04812053231601051,nan,nan,nan,nan,nan
Name:	15.076371999678692_8_110_0.015
Lambda:	15.076371999678692	Maximal Depth:	20	Filter time:	8.0 to 110.0 [us]
Chi2:	2.76248947395851	RelRMS:	2.4931107709860485	AbsRMS:	8.975575153727953e-07	Phi model:	0.20562471536512378
depth_vector,start_model,resistivity_model,conductivity_model,E/I[V/A],modelled_thickness,rhoa,sigma,rel_err
0.0,19.5918,12.175034106351927,0.08213529352482739,0.0001614542722104907,1.0,17.403138191939984,0.0574609009576868,0.015
1.0,19.5918,13.210115669055366,0.07569956426214308,9.02286014102547e-05,1.0,18.021176984027157,0.05549027130061135,0.015
2.0,19.5918,15.263797313758978,0.06551449678243483,5.5553486188069196e-05,1.0,18.585724678528116,0.05380473547826139,0.015
3.0,19.5918,18.152766068747876,0.0550880232914816,3.752626871549128e-05,1.0,18.846644553914334,0.053059842941236245,0.015
4.0,19.5918,21.522697791060345,0.04646257684365941,2.3421466279794172e-05,1.0,19.101746025846467,0.052351235256028715,0.015
5.0,19.5918,24.900469655607584,0.04015988508774171,1.3600380678275867e-05,1.0,19.422703562084465,0.05148613820951912,0.015
6.0,19.5918,27.78073143428414,0.03599617246815547,8.721263453542846e-06,1.5,19.606071909384497,0.05100460737988763,0.015
7.5,19.5918,29.07690993475453,0.03439154993580449,6.0131958211367216e-06,1.5,19.69184141649201,0.05078245243040071,0.015
9.0,19.5918,28.517159309643468,0.0350666063594152,3.8077585985959865e-06,1.5,19.818282820672035,0.05045845843702064,0.015
10.5,19.5918,26.400485180436892,0.03787809175344297,2.259886122760247e-06,1.5,19.945995809275292,0.05013537602043312,0.015
12.0,19.5918,23.420573266221325,0.042697503115445304,1.4660196261645468e-06,1.5,19.99991729045223,0.05000020677472453,0.015
13.5,19.5918,20.40118992762795,0.049016748706690275,1.01582274084381e-06,1.5,20.06390115607501,0.04984075590390441,0.015
15.0,19.5918,18.07690795902946,0.05531919520011151,6.489673894771524e-07,1.5,20.12136033514279,0.0496984290994212,0.015
16.5,19.5918,17.012881356566805,0.05877899099167055,3.868968527531816e-07,1.5,20.193683670841356,0.049520435018200706,0.015
18.0,19.5918,17.683914811933384,0.05654856464956415,2.522344792850284e-07,1.5,20.245945506378686,0.049392605531064976,0.015
19.5,19.5918,20.660650755846863,0.04840118599444429,nan,nan,nan,nan,nan
Name:	17.651113509036346_8_110_0.015
Lambda:	17.651113509036346	Maximal Depth:	20	Filter time:	8.0 to 110.0 [us]
Chi2:	2.79641986063466	RelRMS:	2.508374909463891	AbsRMS:	9.469720493423247e-07	Phi model:	0.17613053482398974
depth_vector,start_model,resistivity_model,conductivity_model,E/I[V/A],modelled_thickness,rhoa,sigma,rel_err
0.0,19.5918,12.449580879514963,0.08032398919110922,0.00016125783184474976,1.0,17.41726871023687,0.057414283297602085,0.015
1.0,19.5918,13.411425022218125,0.07456329199494785,9.02273915794525e-05,1.0,18.02133807720815,0.05548977527172162,0.015
2.0,19.5918,15.319583402635383,0.06527592648687647,5.55894456317106e-05,1.0,18.57770871570327,0.053827951299221584,0.015
3.0,19.5918,18.009843771815934,0.05552519014989601,3.75527628607797e-05,1.0,18.837779081562765,0.05308481406806268,0.015
4.0,19.5918,21.16389625415288,0.0472502788707337,2.3433445210796178e-05,1.0,19.09523572984379,0.052369083793875774,0.015
5.0,19.5918,24.345714659325008,0.04107499056787702,1.3603963429857958e-05,1.0,19.419293292372256,0.051495179816496824,0.015
6.0,19.5918,27.090979232483104,0.036912656106611395,8.720958189561344e-06,1.5,19.606529427356488,0.05100341718839468,0.015
7.5,19.5918,28.397224187066993,0.03521470948753618,6.011455364418337e-06,1.5,19.695642065090404,0.05077265299070665,0.015
9.0,19.5918,27.990821073914322,0.035725997367470466,3.8059575516372084e-06,1.5,19.824534570805724,0.05044254615049745,0.015
10.5,19.5918,26.122288337228653,0.03828148541545772,2.2586743041735757e-06,1.5,19.953129423763823,0.050117451692014675,0.015
12.0,19.5918,23.424601776649713,0.04269016009470981,1.4652896848223792e-06,1.5,20.00655877794103,0.04998360843058062,0.015
13.5,19.5918,20.649625466381426,0.04842702845279434,1.0154276299889023e-06,1.5,20.069105499471398,0.04982783114206755,0.015
15.0,19.5918,18.476914442713763,0.054121590653050985,6.48862879978343e-07,1.5,20.12352084999918,0.04969309334355577,0.015
16.5,19.5918,17.437622212081124,0.057347268328085496,3.869656386194158e-07,1.5,20.19129055365761,0.049526304291572495,0.015
18.0,19.5918,17.96544264434604,0.05566241922320311,2.5236239686789614e-07,1.5,20.23910341135694,0.04940930335080266,0.015
19.5,19.5918,20.55007250793221,0.04866162879055564,nan,nan,nan,nan,nan
Name:	20.665569151220556_8_110_0.015
Lambda:	20.665569151220556	Maximal Depth:	20	Filter time:	8.0 to 110.0 [us]
Chi2:	2.833049817428533	RelRMS:	2.524749906270757	AbsRMS:	9.994892791364344e-07	Phi model:	0.14887108223191342
depth_vector,start_model,resistivity_model,conductivity_model,E/I[V/A],modelled_thickness,rhoa,sigma,rel_err
0.0,19.5918,12.720359225150101,0.07861413206184041,0.0001610495041726672,1.0,17.43228569618577,0.057364823949552564,0.015
1.0,19.5918,13.624685722043791,0.07339618838929031,9.022359154856274e-05,1.0,18.02184408795681,0.05548821725010123,0.015
2.0,19.5918,15.408219956734976,0.06490042346279573,5.5625827990813164e-05,1.0,18.569607268407456,0.05385143506515099,0.015
3.0,19.5918,17.908446281850903,0.055839573364521174,3.7580391507357244e-05,1.0,18.82854507922895,0.05311084822497348,0.015
4.0,19.5918,20.83247389138972,0.04800198023592918,2.3446671761229473e-05,1.0,19.08805381926001,0.05238878774487692,0.015
5.0,19.5918,23.79207970551805,0.04203079396073442,1.3608607928050286e-05,1.0,19.41487461833951,0.0515068997177756,0.015
6.0,19.5918,26.374476787143983,0.0379154440890157,8.721463527765328e-06,1.5,19.605772060276312,0.05100538744026929,0.015
7.5,19.5918,27.67999032295318,0.0361271802602751,6.010324877059281e-06,1.5,19.698111701580025,0.05076628740610644,0.015
9.0,19.5918,27.43852864405972,0.03644510290519875,3.8045772561150733e-06,1.5,19.829329157279627,0.050430349512499056,0.015
10.5,19.5918,25.852081844908668,0.03868160429009863,2.2577290408780037e-06,1.5,19.95869833679261,0.05010346782768707,0.015
12.0,19.5918,23.457285407032973,0.0426306788124844,1.4647376230916432e-06,1.5,20.011585462858722,0.04997105311100856,0.015
13.5,19.5918,20.930364126058915,0.04777747744746451,1.015157966206578e-06,1.5,20.072659410294094,0.04981900900919778,0.015
15.0,19.5918,18.90079347948868,0.05290783167834776,6.488397986936982e-07,1.5,20.12399808537629,0.04969191488478029,0.015
16.5,19.5918,17.87076895035775,0.05595730115351199,3.870834197678092e-07,1.5,20.1871944959996,0.049536353364909885,0.015
18.0,19.5918,18.24449100516526,0.05481106596598868,2.5252233688033065e-07,1.5,20.230556618242943,0.04943017727442299,0.015
19.5,19.5918,20.438922204037663,0.04892625892976158,nan,nan,nan,nan,nan
Name:	24.19483326789813_8_110_0.015
Lambda:	24.19483326789813	Maximal Depth:	20	Filter time:	8.0 to 110.0 [us]
Chi2:	2.868872983024265	RelRMS:	2.5406621601079893	AbsRMS:	1.053297373665086e-06	Phi model:	0.12616574232238373
depth_vector,start_model,resistivity_model,conductivity_model,E/I[V/A],modelled_thickness,rhoa,sigma,rel_err
0.0,19.5918,12.991294595648393,0.0769746227088841,0.00016083267826699652,1.0,17.447949686873567,0.057313324370273686,0.015
1.0,19.5918,13.831382620276122,0.0722993519486656,9.020751183073411e-05,1.0,18.023985650621977,0.055481624285774536,0.015
2.0,19.5918,15.48720542481516,0.0645694282841822,5.565247729628534e-05,1.0,18.563678731605023,0.053868633176541704,0.015
3.0,19.5918,17.81119936943478,0.05614445042460573,3.760172358847977e-05,1.0,18.82142324190157,0.05313094483597446,0.015
4.0,19.5918,20.535112880998472,0.048697078306558464,2.3456654345448404e-05,1.0,19.082637825997995,0.05240365661803894,0.015
5.0,19.5918,23.306829858101512,0.042905878066141094,1.3611808133069948e-05,1.0,19.411831475531372,0.05151497432174294,0.015
6.0,19.5918,25.749627448871767,0.038835513328710915,8.721307583257231e-06,1.5,19.60600577166566,0.05100477943575773,0.015
7.5,19.5918,27.04966237932649,0.036969038133513994,6.008874804358918e-06,1.5,19.70128063045493,0.050758121705761855,0.015
9.0,19.5918,26.948707250204382,0.03710753138232321,3.8030503577294164e-06,1.5,19.834636361088286,0.05041685573635251,0.015
10.5,19.5918,25.603580079047664,0.039057037996742344,2.256700056412433e-06,1.5,19.964764902906932,0.050088243205628574,0.015
12.0,19.5918,23.483013005394007,0.04258397335002547,1.4641191101668229e-06,1.5,20.01722095743229,0.0499569846446994,0.015
13.5,19.5918,21.191117375779488,0.04718958336491288,1.0148279257046632e-06,1.5,20.077011170421375,0.04980821057036908,0.015
15.0,19.5918,19.303723606655037,0.051803476903038846,6.48761536737584e-07,1.5,20.12561646306211,0.04968791896811543,0.015
16.5,19.5918,18.288499481466328,0.0546791715205179,3.871542720100568e-07,1.5,20.184731478493084,0.049542397978665415,0.015
18.0,19.5918,18.5159195113971,0.05400757976855917,2.526430837613508e-07,1.5,20.224110182163535,0.049445933145772746,0.015
19.5,19.5918,20.340541453450637,0.049162899733446216,nan,nan,nan,nan,nan
Name:	28.326824805926805_8_110_0.015
Lambda:	28.326824805926805	Maximal Depth:	20	Filter time:	8.0 to 110.0 [us]
Chi2:	2.904722658125316	RelRMS:	2.55648703904048	AbsRMS:	1.097967212161924e-06	Phi model:	0.10670975301617272
depth_vector,start_model,resistivity_model,conductivity_model,E/I[V/A],modelled_thickness,rhoa,sigma,rel_err
0.0,19.5918,13.257873179534617,0.0754268792934028,0.00016065931277768232,1.0,17.460499342524226,0.0572721306752406,0.015
1.0,19.5918,14.038527124929864,0.07123254392009418,9.020983347502949e-05,1.0,18.0236764052301,0.05548257622456097,0.015
2.0,19.5918,15.573069616322377,0.06421341614962567,5.568810867308163e-05,1.0,18.55575938695253,0.05389162357338764,0.015
3.0,19.5918,17.724345286896387,0.056419573406714225,3.762858035970285e-05,1.0,18.812466525095388,0.05315624076545324,0.015
4.0,19.5918,20.251463536883133,0.049379147249221884,2.346993953901361e-05,1.0,19.07543597644103,0.05242344139526049,0.015
5.0,19.5918,22.838602832603595,0.04378551557332722,1.3616839243527344e-05,1.0,19.40704969606848,0.05152766729930011,0.015
6.0,19.5918,25.150387491179977,0.03976081880848521,8.722312092926683e-06,1.5,19.604500452112294,0.05100869580649042,0.015
7.5,19.5918,26.45507167698,0.037799935385174344,6.008217637175612e-06,1.5,19.702717196157938,0.050754420826534606,0.015
9.0,19.5918,26.495427554364575,0.03774236131680278,3.8019966300596426e-06,1.5,19.838300986438618,0.050407542494873725,0.015
10.5,19.5918,25.386222655992423,0.03939144525560008,2.2559173750234098e-06,1.5,19.969382432098453,0.050076661278849396,0.015
12.0,19.5918,23.528847585937143,0.042501019072335944,1.4636364754359074e-06,1.5,20.02162117353191,0.04994600543746055,0.015
13.5,19.5918,21.458958128491933,0.04660058489383319,1.0145746364504001e-06,1.5,20.080352524480436,0.04979992252530807,0.015
15.0,19.5918,19.702629816352186,0.050754645918894066,6.48716366956207e-07,1.5,20.126550676320445,0.04968561260606534,0.015
16.5,19.5918,18.694888949300527,0.053490555772325955,3.8723282923011127e-07,1.5,20.182001492997983,0.04954909949575336,0.015
18.0,19.5918,18.776392589122572,0.053258366603354576,2.5276201604628824e-07,1.5,20.21776564158275,0.04946144978272262,0.015
19.5,19.5918,20.249714627535376,0.04938341198350565,nan,nan,nan,nan,nan
Name:	33.164477502323265_8_110_0.015
Lambda:	33.164477502323265	Maximal Depth:	20	Filter time:	8.0 to 110.0 [us]
Chi2:	2.938735154407007	RelRMS:	2.571410915706738	AbsRMS:	1.1376447484233257e-06	Phi model:	0.09096797984097743
depth_vector,start_model,resistivity_model,conductivity_model,E/I[V/A],modelled_thickness,rhoa,sigma,rel_err
0.0,19.5918,13.514504562778564,0.07399457341219776,0.00016050693758378894,1.0,17.47154819491245,0.05723591228687968,0.015
1.0,19.5918,14.235959113905045,0.07024465243253228,9.021494804670992e-05,1.0,18.022995185853745,0.05548467331250803,0.015
2.0,19.5918,15.653407235926913,0.06388385512036321,5.5722451182707155e-05,1.0,18.54813449121119,0.05391377771569631,0.015
3.0,19.5918,17.643964539417574,0.05667660449928619,3.7654390375516935e-05,1.0,18.803868934566985,0.05318054510376367,0.015
4.0,19.5918,19.993336603113722,0.050016664044172696,2.3482924260276224e-05,1.0,19.06840357427725,0.05244277509151171,0.015
5.0,19.5918,22.420251649141058,0.04460253237337374,1.3621920356979612e-05,1.0,19.402223379362454,0.05154048484276648,0.015
6.0,19.5918,24.62197655731012,0.04061412363351089,8.723512462079668e-06,1.5,19.602702003958473,0.0510133755947555,0.015
7.5,19.5918,25.93398743162148,0.03855943875335937,6.007780868346001e-06,1.5,19.703672116524345,0.0507519610601598,0.015
9.0,19.5918,26.09872671281065,0.03831604549156594,3.801100374548653e-06,1.5,19.841419291873358,0.05039962037441443,0.015
10.5,19.5918,25.19750791125579,0.039686464372665105,2.255207728627101e-06,1.5,19.97357139053887,0.050066158948102915,0.015
12.0,19.5918,23.57500163735274,0.04241781253646144,1.4631775006262844e-06,1.5,20.025807924353824,0.04993556333794044,0.015
13.5,19.5918,21.707507320706593,0.046067011989262774,1.014316722566045e-06,1.5,20.083756314866545,0.04979148244592933,0.015
15.0,19.5918,20.073856648689368,0.04981603772015033,6.486465788061079e-07,1.5,20.127994266301858,0.04968204912867015,0.015
16.5,19.5918,19.074769984909587,0.05242527174855157,3.8727931333924533e-07,1.5,20.180386532605052,0.04955306472372666,0.015
18.0,19.5918,19.02120342229621,0.05257290917922803,2.528497020140373e-07,1.5,20.213091147041393,0.049472888274506736,0.015
19.5,19.5918,20.172105798418123,0.04957340646500174,nan,nan,nan,nan,nan
Name:	38.82830410883109_8_110_0.015
Lambda:	38.82830410883109	Maximal Depth:	20	Filter time:	8.0 to 110.0 [us]
Chi2:	2.9710966231704905	RelRMS:	2.5855303908741054	AbsRMS:	1.185701874200392e-06	Phi model:	0.07815813953115978
depth_vector,start_model,resistivity_model,conductivity_model,E/I[V/A],modelled_thickness,rhoa,sigma,rel_err
0.0,19.5918,13.750610404188519,0.07272404428645537,0.0001603129650037833,1.0,17.485638626172616,0.05718978994013942,0.015
1.0,19.5918,14.422488295239841,0.06933616304823427,9.019306346606291e-05,1.0,18.025910485748838,0.05547569987050547,0.015
2.0,19.5918,15.740993103073087,0.0635283932501547,5.573998798450682e-05,1.0,18.544243902919636,0.05392508884347441,0.015
3.0,19.5918,17.593061941473366,0.0568405888256796,3.7670041371251826e-05,1.0,18.798660203798644,0.05319528036354049,0.015
4.0,19.5918,19.7847001710187,0.050544106878346026,2.349085846121919e-05,1.0,19.064109675189275,0.0524545870244041,0.015
5.0,19.5918,22.062129090794407,0.04532654105524465,1.3624883752902126e-05,1.0,19.399409970449273,0.05154795952677322,0.015
6.0,19.5918,24.15274021307726,0.04140316962704547,8.723783751469062e-06,1.5,19.602295602885114,0.051014433220403915,0.015
7.5,19.5918,25.456985396337004,0.03928194892015335,6.006917538899789e-06,1.5,19.70555997917392,0.050747098841995006,0.015
9.0,19.5918,25.729485708157913,0.03886591482405477,3.800047224613054e-06,1.5,19.84508504006771,0.050390310647748585,0.015
10.5,19.5918,25.015182118894238,0.0399757233526071,2.25444238675393e-06,1.5,19.97809157576414,0.05005483112376569,0.015
12.0,19.5918,23.610938041795734,0.04235325162557348,1.4626850918022152e-06,1.5,20.03030209351159,0.049924359369693666,0.015
13.5,19.5918,21.93608978196284,0.045586976071836635,1.014029282597979e-06,1.5,20.087551472576695,0.04978207529997815,0.015
15.0,19.5918,20.419319761944287,0.048973227887038194,6.485468746845088e-07,1.5,20.13005712677705,0.04967695787955801,0.015
16.5,19.5918,19.429214369567333,0.05146888499857902,3.8729719068132827e-07,1.5,20.17976552035634,0.04955458967009552,0.015
18.0,19.5918,19.249617023094537,0.05194908547012961,2.5291161614706307e-07,1.5,20.209792162992834,0.04948096407597651,0.015
19.5,19.5918,20.10514129672056,0.049738521368318585,nan,nan,nan,nan,nan
Name:	45.4593985345391_8_110_0.015
Lambda:	45.4593985345391	Maximal Depth:	20	Filter time:	8.0 to 110.0 [us]
Chi2:	3.002243018774026	RelRMS:	2.599047285495506	AbsRMS:	1.2298720415947723e-06	Phi model:	0.06762075488342777
depth_vector,start_model,resistivity_model,conductivity_model,E/I[V/A],modelled_thickness,rhoa,sigma,rel_err
0.0,19.5918,13.97402588415649,0.07156133875018672,0.0001601371327914609,1.0,17.498435891859945,0.05714796489126137,0.015
1.0,19.5918,14.60115997093873,0.06848770933202156,9.017722040474499e-05,1.0,18.028021715482005,0.05546920320942511,0.015
2.0,19.5918,15.830138401366877,0.063170641635935,5.5760241741114934e-05,1.0,18.539753088532628,0.053938150914131046,0.015
3.0,19.5918,17.5552523762988,0.05696300905078936,3.768788463027604e-05,1.0,18.79272627498209,0.053212077128546004,0.015
4.0,19.5918,19.599875728239592,0.0510207316549051,2.350070819948514e-05,1.0,19.058782470908184,0.05246924883719229,0.015
5.0,19.5918,21.736417571385314,0.046005741135394816,1.3629291073610392e-05,1.0,19.39522760422541,0.05155907527386488,0.015
6.0,19.5918,23.720525494145832,0.04215758205891339,8.725159176367225e-06,1.5,19.60023549194224,0.051019795165782846,0.015
7.5,19.5918,25.014890336839965,0.0399761896428256,6.006897750231502e-06,1.5,19.705603256818158,0.05074698739070569,0.015
9.0,19.5918,25.382290053503485,0.03939754836510393,3.799553690136757e-06,1.5,19.846803491308734,0.05038594756268523,0.015
10.5,19.5918,24.84574251821888,0.04024834432968627,2.253998819521564e-06,1.5,19.98071249880647,0.05004826529883427,0.015
12.0,19.5918,23.64797587811583,0.04228691728857074,1.4623841621616108e-06,1.5,20.03304989173246,0.049917511582332506,0.015
13.5,19.5918,22.15205603797639,0.04514253657925248,1.0138587147283866e-06,1.5,20.089804380038927,0.049776492646866795,0.015
15.0,19.5918,20.74332128814477,0.04820828767529722,6.485053761673843e-07,1.5,20.130915879474163,0.04967483873993123,0.015
16.5,19.5918,19.759350390654667,0.05060895121698725,3.873363458427352e-07,1.5,20.17840553904203,0.04955792954330102,0.015
18.0,19.5918,19.4616285746441,0.05138316128912594,2.5297936530448834e-07,1.5,20.206183812012988,0.04948980021677719,0.015
19.5,19.5918,20.04669446625714,0.04988353574616569,nan,nan,nan,nan,nan
Name:	53.22295069415713_8_110_0.015
Lambda:	53.22295069415713	Maximal Depth:	20	Filter time:	8.0 to 110.0 [us]
Chi2:	3.0310885833755488	RelRMS:	2.611503266816832	AbsRMS:	1.2717838928444688e-06	Phi model:	0.059294269648746074
depth_vector,start_model,resistivity_model,conductivity_model,E/I[V/A],modelled_thickness,rhoa,sigma,rel_err
0.0,19.5918,14.182774241485754,0.07050806724927762,0.00015997011395153403,1.0,17.510613417062903,0.05710822209264057,0.015
1.0,19.5918,14.76799187297106,0.06771401342861233,9.015970289124444e-05,1.0,18.030356800728832,0.055462019473712106,0.015
2.0,19.5918,15.91397035313571,0.06283786998528364,5.577751698590339e-05,1.0,18.5359248398626,0.05394929083060593,0.015
3.0,19.5918,17.52392862549135,0.057064829546574415,3.770390419455992e-05,1.0,18.787402819044022,0.05322715489904442,0.015
4.0,19.5918,19.437681904119746,0.05144646388045138,2.3509959223277104e-05,1.0,19.053782467478108,0.05248301756918066,0.015
5.0,19.5918,21.450247633517407,0.046619508412454644,1.3633681443023552e-05,1.0,19.39106356458981,0.05157014707672398,0.015
6.0,19.5918,23.34110352039235,0.042842875836026056,8.726720477704326e-06,1.5,19.597897631151664,0.05102588138895362,0.015
7.5,19.5918,24.62624741677528,0.04060708004252426,6.007101774316085e-06,1.5,19.70515706933595,0.050748136464039834,0.015
9.0,19.5918,25.077737152817896,0.0398760061127618,3.799228887724031e-06,1.5,19.84793463274158,0.05038307604814349,0.015
10.5,19.5918,24.69587091391317,0.040492599086133854,2.253640505153271e-06,1.5,19.982830312674974,0.050042961099745056,0.015
12.0,19.5918,23.67880403701816,0.042231862658124716,1.462116811437819e-06,1.5,20.035491870439188,0.049911427504079516,0.015
13.5,19.5918,22.342855435156434,0.04475703666893455,1.0136915989126957e-06,1.5,20.09201230455896,0.04977102267517007,0.015
15.0,19.5918,21.03311685159492,0.04754407095514097,6.484454208643696e-07,1.5,20.132156730823407,0.049671777016763764,0.015
16.5,19.5918,20.057194195063605,0.04985742224334229,3.873477002314163e-07,1.5,20.178011208438154,0.0495588980336087,0.015
18.0,19.5918,19.6547426217605,0.050878305518631546,2.5301893892725675e-07,1.5,20.20407684788582,0.04949496121643594,0.015
19.5,19.5918,20.000514807877668,0.04999871301343337,nan,nan,nan,nan,nan
Name:	62.312361621777015_8_110_0.015
Lambda:	62.312361621777015	Maximal Depth:	20	Filter time:	8.0 to 110.0 [us]
Chi2:	3.058125980018774	RelRMS:	2.623124750186739	AbsRMS:	1.3125209421754517e-06	Phi model:	0.052629084364147455
depth_vector,start_model,resistivity_model,conductivity_model,E/I[V/A],modelled_thickness,rhoa,sigma,rel_err
0.0,19.5918,14.378933870831446,0.06954618534191619,0.00015980753772721113,1.0,17.522487395746097,0.05706952314559908,0.015
1.0,19.5918,14.925069541424389,0.0670013628562674,9.01399989748361e-05,1.0,18.03298423734848,0.05545393856269667,0.015
2.0,19.5918,15.994532266429655,0.06252136563560935,5.5792242391010174e-05,1.0,18.53266320349277,0.05395878557872537,0.015
3.0,19.5918,17.499284858276216,0.05714519239493687,3.7718535959186185e-05,1.0,18.782543835261674,0.05324092459311267,0.015
4.0,19.5918,19.294601746191844,0.05182796790285495,2.3518899667509566e-05,1.0,19.04895344127574,0.05249632233512501,0.015
5.0,19.5918,21.19568274323866,0.04717941913520083,1.3638223779206161e-05,1.0,19.38675774387354,0.05158160086443606,0.015
6.0,19.5918,23.002989634509834,0.043472610121067366,8.728559998018441e-06,1.5,19.59514406529438,0.051033051692186006,0.015
7.5,19.5918,24.27930333367539,0.04118734323867523,6.007580579884789e-06,1.5,19.70411005169507,0.05075083306865583,0.015
9.0,19.5918,24.803999342612528,0.04031607912043563,3.7991006401741482e-06,1.5,19.848381305942585,0.05038194221412912,0.015
10.5,19.5918,24.55842199669162,0.04071922862693355,2.253384141722442e-06,1.5,19.9843458908699,0.05003916592821097,0.015
12.0,19.5918,23.703458939033258,0.042187935633025586,1.461895027340971e-06,1.5,20.037518208873713,0.04990638010036318,0.015
13.5,19.5918,22.51261614315867,0.04441953763351882,1.0135377553507461e-06,1.5,20.09404541319682,0.04976598686012958,0.015
15.0,19.5918,21.293401768619656,0.046962904793996424,6.483751438628332e-07,1.5,20.13361144631788,0.049668188077747186,0.015
16.5,19.5918,20.325974116013548,0.049198134086580546,3.8733767121562234e-07,1.5,20.178359508702354,0.04955804259353831,0.015
18.0,19.5918,19.830695338256263,0.05042687525287407,2.5303548866047657e-07,1.5,20.20319587600164,0.04949711947246176,0.015
19.5,19.5918,19.965080671014945,0.050087451008990286,nan,nan,nan,nan,nan
Name:	72.95406136340671_8_110_0.015
Lambda:	72.95406136340671	Maximal Depth:	20	Filter time:	8.0 to 110.0 [us]
Chi2:	3.082989641657632	RelRMS:	2.6337666361562238	AbsRMS:	1.3609617170247483e-06	Phi model:	0.047411504714442144
depth_vector,start_model,resistivity_model,conductivity_model,E/I[V/A],modelled_thickness,rhoa,sigma,rel_err
0.0,19.5918,14.557513748541794,0.06869304863958439,0.00015960866524906975,1.0,17.537039726898783,0.05702216654422999,0.015
1.0,19.5918,15.068828925702118,0.06636215759901236,9.009640894101338e-05,1.0,18.038800192584013,0.05543605945649939,0.015
2.0,19.5918,16.07141626688241,0.06222226986060038,5.579209371263986e-05,1.0,18.532696128169075,0.053958689717036566,0.015
3.0,19.5918,17.486047373037827,0.05718845309443259,3.7724272691422726e-05,1.0,18.780639612009878,0.053246322844112196,0.015
4.0,19.5918,19.18129429997786,0.05213412527647596,2.352352786716211e-05,1.0,19.046454801009265,0.05250320915087097,0.015
5.0,19.5918,20.987413317776667,0.047647605965475716,1.3641036728248007e-05,1.0,19.384092460819165,0.05158869325563155,0.015
6.0,19.5918,22.7199906484861,0.04401410262317308,8.729692050641261e-06,1.5,19.593449983871306,0.051037464092498645,0.015
7.5,19.5918,23.9812857537943,0.041699182031629846,6.0077670002900055e-06,1.5,19.703702438552824,0.05075188295796487,0.015
9.0,19.5918,24.559413502390118,0.04071758472174754,3.7988841212091935e-06,1.5,19.849135476556352,0.050380027945352665,0.015
10.5,19.5918,24.42453891519098,0.04094243103103348,2.2530998856299994e-06,1.5,19.986026701877048,0.05003495766900391,0.015
12.0,19.5918,23.708524734860944,0.04217892134509757,1.4616498758675209e-06,1.5,20.039758640452398,0.049900800600531835,0.015
13.5,19.5918,22.64693938812419,0.044156077024888815,1.0133562458623322e-06,1.5,20.096444800411692,0.049760045119001055,0.015
15.0,19.5918,21.512289306067522,0.04648505725134288,6.482719218909939e-07,1.5,20.13574859057884,0.04966291645436427,0.015
16.5,19.5918,20.55785851892444,0.04864319885650807,3.872941649979022e-07,1.5,20.179870621350354,0.0495543315794105,0.015
18.0,19.5918,19.986425164667295,0.05003396013849616,2.530214020439112e-07,1.5,20.20394572570007,0.04949528243525064,0.015
19.5,19.5918,19.941450227810186,0.050146804198092275,nan,nan,nan,nan,nan
Name:	85.41314966877566_8_110_0.015
Lambda:	85.41314966877566	Maximal Depth:	20	Filter time:	8.0 to 110.0 [us]
Chi2:	3.10714350901822	RelRMS:	2.644063708629388	AbsRMS:	1.4007154329306477e-06	Phi model:	0.04304857998641566
depth_vector,start_model,resistivity_model,conductivity_model,E/I[V/A],modelled_thickness,rhoa,sigma,rel_err
0.0,19.5918,14.727663120197304,0.06789943467871794,0.0001594500812923094,1.0,17.548665653262454,0.05698438956890669,0.015
1.0,19.5918,15.206975217109502,0.06575929701489164,9.007243485284556e-05,1.0,18.042000909909007,0.05542622489564232,0.015
2.0,19.5918,16.147059700875012,0.0619307798772683,5.5802968157360595e-05,1.0,18.530288378995927,0.05396570088642007,0.015
3.0,19.5918,17.475594802124053,0.057222658875019004,3.773729258487275e-05,1.0,18.776319641450986,0.053258573516845105,0.015
4.0,19.5918,19.073484749004606,0.052428804340653445,2.353268348694139e-05,1.0,19.04151434141788,0.05251683149091058,0.015
5.0,19.5918,20.787156399452517,0.048106627995849284,1.364641459815918e-05,1.0,19.378999451468086,0.05160225131872035,0.015
6.0,19.5918,22.449126666535122,0.04454516270740717,8.732421907330213e-06,1.5,19.589366344132287,0.051048103467600706,0.015
7.5,19.5918,23.699103034903846,0.042195689791601314,6.009011519422781e-06,1.5,19.700981804594868,0.05075889160847657,0.015
9.0,19.5918,24.331760830261445,0.04109854633933022,3.799278198118146e-06,1.5,19.84776289633181,0.05038351199695238,0.015
10.5,19.5918,24.30294114113643,0.04114728312892746,2.2531201550479167e-06,1.5,19.98590683676933,0.0500352577527399,0.015
12.0,19.5918,23.715707550045643,0.04216614654611371,1.4615643362391908e-06,1.5,20.040540531810407,0.049898853696720265,0.015
13.5,19.5918,22.77184971926269,0.043913867881979776,1.0132595891687041e-06,1.5,20.09772280461894,0.04975688090245607,0.015
15.0,19.5918,21.713268212467817,0.04605478964358748,6.482006865323306e-07,1.5,20.1372238034582,0.049659278248090404,0.015
16.5,19.5918,20.770270998227737,0.04814573676411477,3.8725338106915e-07,1.5,20.18128743697285,0.04955085264619758,0.015
18.0,19.5918,20.130362378936262,0.049676204589658386,2.529999940037663e-07,1.5,20.205085437931494,0.04949249054511177,0.015
19.5,19.5918,19.92628595010648,0.05018496685754208,nan,nan,nan,nan,nan
Name:	100.0_8_110_0.015
Lambda:	100.0	Maximal Depth:	20	Filter time:	8.0 to 110.0 [us]
Chi2:	3.130407389939111	RelRMS:	2.653943599129981	AbsRMS:	1.441116932561823e-06	Phi model:	0.039464115948120375
depth_vector,start_model,resistivity_model,conductivity_model,E/I[V/A],modelled_thickness,rhoa,sigma,rel_err
0.0,19.5918,14.886382468851618,0.06717548753650578,0.0001592886423132804,1.0,17.560520695335384,0.05694591961989093,0.015
1.0,19.5918,15.336732788726065,0.06520293557798006,9.004492209896609e-05,1.0,18.045675815311114,0.05541493764126781,0.015
2.0,19.5918,16.220370059869843,0.061650874567532786,5.5811604128065944e-05,1.0,18.528376815294767,0.05397126850175683,0.015
3.0,19.5918,17.47121063306201,0.05723701814387316,3.7749447835265766e-05,1.0,18.772288798973182,0.053270009358405916,0.015
4.0,19.5918,18.98104662118763,0.052684133807655686,2.3541963985894507e-05,1.0,19.03650976415796,0.05253063783166835,0.015
5.0,19.5918,20.61053814325194,0.04851886899068709,1.365224139825376e-05,1.0,19.373485065646694,0.05161693916254709,0.015
6.0,19.5918,22.20712809848198,0.045030586375928425,8.735612310233043e-06,1.5,19.584596460894367,0.05106053637596029,0.015
7.5,19.5918,23.443740709882505,0.04265530882528737,6.010641453413339e-06,1.5,19.697420038172215,0.05076807003465785,0.015
9.0,19.5918,24.121614147512492,0.04145659547842173,3.7999297505926113e-06,1.5,19.84549404235056,0.050389272137341914,0.015
10.5,19.5918,24.18479058912947,0.04134830096273308,2.2532731453479175e-06,1.5,19.985002172225094,0.05003752270739242,0.015
12.0,19.5918,23.71144225415624,0.04217373153776489,1.4615413485172114e-06,1.5,20.040750668488784,0.04989833048381551,0.015
13.5,19.5918,22.87351714887062,0.043718681018383526,1.0131867520155635e-06,1.5,20.098685998799446,0.04975449639144235,0.015
15.0,19.5918,21.88534933005167,0.04569266795421259,6.48125460776794e-07,1.5,20.138781946816252,0.04965543609543329,0.015
16.5,19.5918,20.956296397564135,0.047718355430219794,3.871948945718202e-07,1.5,20.183319666076933,0.049545863442907644,0.015
18.0,19.5918,20.260156036794836,0.04935796141865255,2.5295801920454196e-07,1.5,20.20732054122073,0.049487016250378615,0.015
19.5,19.5918,19.921157937870042,0.050197885239341634,nan,nan,nan,nan,nan
