Name:	10.0_12_80_0.08
Lambda:	10.0	Maximal Depth:	20	Filter time:	12.0 to 80.0 [us]
Chi2:	0.07926435504832313	RelRMS:	2.2523140818040193	AbsRMS:	2.658831103067219e-07	Phi model:	0.005891450924663171
depth_vector,start_model,resistivity_model,conductivity_model,E/I[V/A],modelled_thickness,rhoa,sigma
0.0,16.7298,15.93248194559514,0.06276486007733845,7.000495172540556e-05,1.0,15.930688200227216,0.06277192720310333
1.0,16.7298,15.95906125494719,0.06266032719750401,4.820407855371571e-05,1.0,15.949060505142933,0.06269961792906485
2.0,16.7298,16.01269988692665,0.06245043041220277,2.9973097935228455e-05,1.0,16.205460058231857,0.061707597094229474
3.0,16.7298,16.09413090685394,0.0621344517319748,1.7340359535127334e-05,1.0,16.51854001008286,0.06053803782837972
4.0,16.7298,16.204322056839615,0.061711930711591485,1.1229916008750004e-05,1.0,16.565041302734286,0.06036809578222641
5.0,16.7298,16.34445203083187,0.06118284039829653,7.731464475762193e-06,1.0,16.653878214449133,0.06004607378072372
6.0,16.7298,16.515885040169348,0.06054776946968543,4.846277298175132e-06,1.5,16.874857726060537,0.059259758881146526
7.5,16.7298,16.735794950385745,0.059752166118464,2.8288013984440093e-06,1.5,17.17295854839606,0.05823108447981429
9.0,16.7298,17.007011107340325,0.05879927952586531,1.8203447163989942e-06,1.5,17.31220146983953,0.057762728890496745
10.5,16.7298,17.33234933005408,0.05769558303709079,1.254455643331771e-06,1.5,17.431059843851422,0.0573688581737465
12.0,16.7298,17.71441893659811,0.056451188355605225,7.904160358365884e-07,1.5,17.642850722694206,0.056680182569004464
13.5,16.7298,18.155369752011126,0.05508012305225714,nan,1.5,nan,nan
15.0,16.7298,18.65655243351158,0.05360047112475955,nan,1.5,nan,nan
16.5,16.7298,19.2180847383043,0.05203432150587107,nan,1.5,nan,nan
18.0,16.7298,19.83834280818131,0.05040743622938108,nan,1.5,nan,nan
19.5,16.7298,20.51342680291532,0.04874855915628307,nan,nan,nan,nan
Name:	12.742749857031335_12_80_0.08
Lambda:	12.742749857031335	Maximal Depth:	20	Filter time:	12.0 to 80.0 [us]
Chi2:	0.07969350034178611	RelRMS:	2.2584029803988286	AbsRMS:	2.609832602368248e-07	Phi model:	0.005530223347888278
depth_vector,start_model,resistivity_model,conductivity_model,E/I[V/A],modelled_thickness,rhoa,sigma
0.0,16.7298,15.888900590448829,0.0629370165863535,7.003999826363064e-05,1.0,15.925373503304415,0.06279287577101449
1.0,16.7298,15.91866775615767,0.0628193273028881,4.821705693382353e-05,1.0,15.946198416222872,0.06271087151296509
2.0,16.7298,15.977680005190168,0.0625873092761378,2.9972490782636336e-05,1.0,16.20567890677387,0.061706763767978054
3.0,16.7298,16.06830329301039,0.062234324418994104,1.7335895064047333e-05,1.0,16.5213758747807,0.0605276465821751
4.0,16.7298,16.19016976349585,0.061765874886297416,1.1226661104884294e-05,1.0,16.568242908355547,0.06035643040311106
5.0,16.7298,16.34406283560011,0.06118429732305191,7.729423925270979e-06,1.0,16.65680914303513,0.06003550808638157
6.0,16.7298,16.530639618421482,0.06049372698716485,4.845311173227527e-06,1.5,16.877100812721448,0.05925188283797121
7.5,16.7298,16.7663260225213,0.05964335887640226,2.828696891800906e-06,1.5,17.173381517527083,0.05822965028636929
9.0,16.7298,17.05198805623384,0.05864418839036317,1.8206944706665131e-06,1.5,17.309984290142754,0.057770127530933364
10.5,16.7298,17.388079569296245,0.0575106639013657,1.2549908043573926e-06,1.5,17.426104117250183,0.05738517302958699
12.0,16.7298,17.77480772491924,0.05625939900312163,7.909939396384779e-07,1.5,17.634256377507228,0.056707806589197364
13.5,16.7298,18.211485635155753,0.05491040215135351,nan,1.5,nan,nan
15.0,16.7298,18.696892727618728,0.05348482309698537,nan,1.5,nan,nan
16.5,16.7298,19.228512881921255,0.05200610188321974,nan,1.5,nan,nan
18.0,16.7298,19.802494102449906,0.05049868944923877,nan,1.5,nan,nan
19.5,16.7298,20.413247535916103,0.04898779570671199,nan,nan,nan,nan
Name:	16.237767391887218_12_80_0.08
Lambda:	16.237767391887218	Maximal Depth:	20	Filter time:	12.0 to 80.0 [us]
Chi2:	0.08012480783603854	RelRMS:	2.2645060612651196	AbsRMS:	2.572755968102046e-07	Phi model:	0.00522626654566968
depth_vector,start_model,resistivity_model,conductivity_model,E/I[V/A],modelled_thickness,rhoa,sigma
0.0,16.7298,15.851857110276702,0.06308409122308474,7.00647323247883e-05,1.0,15.921625328073777,0.06280765809987701
1.0,16.7298,15.884040841739388,0.06295627227123742,4.8224531578739785e-05,1.0,15.944550634533048,0.06271735233692811
2.0,16.7298,15.948907773702546,0.06270021835908138,2.996979489471576e-05,1.0,16.20665073055394,0.061703063552466665
3.0,16.7298,16.046925914645655,0.06231723168157231,1.7331000849847283e-05,1.0,16.52448611435909,0.06051625406559794
4.0,16.7298,16.178523126544842,0.061810339063598105,1.122336517236569e-05,1.0,16.57148644760517,0.060344616830949105
5.0,16.7298,16.344071509399484,0.06118426485254298,7.727465513514452e-06,1.0,16.65962330533019,0.06002536682087244
6.0,16.7298,16.543867393130846,0.060445358768724686,4.8444789584694876e-06,1.5,16.879033593024797,0.05924509803767714
7.5,16.7298,16.793600601771637,0.059546491768686295,2.8287074578446498e-06,1.5,17.17333875245599,0.05822979528992219
9.0,16.7298,17.09220599734814,0.05850619868232048,1.8211196918356357e-06,1.5,17.307289662853083,0.05777912194688208
10.5,16.7298,17.437966329845793,0.05734613664716505,1.2555738535888592e-06,1.5,17.420708941119493,0.05740294516026383
12.0,16.7298,17.828489262600172,0.056090002089955904,7.915986185238508e-07,1.5,17.625275040892497,0.05673670326731892
13.5,16.7298,18.260687383144703,0.05476245110701788,nan,1.5,nan,nan
15.0,16.7298,18.730739016807966,0.05338817646771189,nan,1.5,nan,nan
16.5,16.7298,19.234016745584697,0.05199122020259013,nan,1.5,nan,nan
18.0,16.7298,19.76498642318096,0.05059451995510457,nan,1.5,nan,nan
19.5,16.7298,20.317098001336173,0.049219627721155554,nan,nan,nan,nan
Name:	20.6913808111479_12_80_0.08
Lambda:	20.6913808111479	Maximal Depth:	20	Filter time:	12.0 to 80.0 [us]
Chi2:	0.08057872419367186	RelRMS:	2.270911347541995	AbsRMS:	2.542450988694964e-07	Phi model:	0.004959032975246481
depth_vector,start_model,resistivity_model,conductivity_model,E/I[V/A],modelled_thickness,rhoa,sigma
0.0,16.7298,15.816025053959399,0.06322701162828893,7.008128595866973e-05,1.0,15.919118038338793,0.06281755041904023
1.0,16.7298,15.850977573840773,0.0630875916227604,4.8227282307852236e-05,1.0,15.943944344836181,0.06271973724769514
2.0,16.7298,15.92136347356781,0.06280869108102276,2.996497446386345e-05,1.0,16.208388780753058,0.0616964470390461
3.0,16.7298,16.027461995769716,0.06239291038493429,1.7325429386156603e-05,1.0,16.528028523561233,0.06050328377485966
4.0,16.7298,16.169355304158714,0.06184538475339229,1.1219864997485737e-05,1.0,16.574932721110343,0.06033206992909053
5.0,16.7298,16.34692698460555,0.06117357720761423,7.725494691518744e-06,1.0,16.662456500918665,0.06001516042636727
6.0,16.7298,16.559856747241245,0.06038699580940475,4.843735401704625e-06,1.5,16.880760937383457,0.05923903571108812
7.5,16.7298,16.82279822050395,0.05944314298326307,2.828825564014883e-06,1.5,17.17286074692842,0.05823141611270926
9.0,16.7298,17.13272152522091,0.05836784299143075,1.8216340079925946e-06,1.5,17.304031841363095,0.05778999999350595
10.5,16.7298,17.485805341207108,0.05718924467513067,1.256226834933978e-06,1.5,17.414671611263014,0.05742284565120629
12.0,16.7298,17.877537721226407,0.05593611467046031,7.922534435170848e-07,1.5,17.61556176778729,0.05676798805409945
13.5,16.7298,18.302824081169966,0.05463637718229532,nan,1.5,nan,nan
15.0,16.7298,18.756079377191384,0.05331604648762925,nan,1.5,nan,nan
16.5,16.7298,19.23128783392392,0.05199859773488512,nan,1.5,nan,nan
18.0,16.7298,19.72202632775318,0.050704728985823455,nan,1.5,nan,nan
19.5,16.7298,20.22146313455034,0.04945240576046164,nan,nan,nan,nan
Name:	26.366508987303583_12_80_0.08
Lambda:	26.366508987303583	Maximal Depth:	20	Filter time:	12.0 to 80.0 [us]
Chi2:	0.08104526547987881	RelRMS:	2.277476013202388	AbsRMS:	2.5211499382903583e-07	Phi model:	0.004724739952818077
depth_vector,start_model,resistivity_model,conductivity_model,E/I[V/A],modelled_thickness,rhoa,sigma
0.0,16.7298,15.78598118940537,0.06334734521735917,7.008507897270056e-05,1.0,15.918543669931916,0.06281981698419256
1.0,16.7298,15.823447056463786,0.06319735493989635,4.8222916546500405e-05,1.0,15.944906631521286,0.06271595206604173
2.0,16.7298,15.898832675618623,0.06289769949799727,2.9957155460264695e-05,1.0,16.211208984827014,0.061685713936323716
3.0,16.7298,16.01222323955344,0.062452289419110595,1.731900286039416e-05,1.0,16.53211695113203,0.06048832118451264
4.0,16.7298,16.163354199401336,0.06186834661069534,1.1216120632708837e-05,1.0,16.57862140835288,0.06031864624739941
5.0,16.7298,16.35162551342808,0.06115599939460407,7.72351398038208e-06,1.0,16.665305126795747,0.06000490194398684
6.0,16.7298,16.5761132697563,0.0603277730868632,4.843107276294098e-06,1.5,16.882220469471005,0.05923391427142845
7.5,16.7298,16.850377511115077,0.05934585141136252,2.8290764272582988e-06,1.5,17.171845550314043,0.058234858744214114
9.0,16.7298,17.16954666630917,0.05824265599057682,1.8222506460913157e-06,1.5,17.300127904509555,0.057803040851468736
10.5,16.7298,17.5278899458182,0.05705193283910251,1.2569552652268562e-06,1.5,17.407942864825156,0.05744504148279464
12.0,16.7298,17.91905122140731,0.05580652611815364,7.9295950233214e-07,1.5,17.605103504260345,0.05680171092194971
13.5,16.7298,18.336284192941502,0.05453667654131075,nan,1.5,nan,nan
15.0,16.7298,18.772661858060445,0.05326895075194829,nan,1.5,nan,nan
16.5,16.7298,19.22123889924364,0.052025782793810975,nan,1.5,nan,nan
18.0,16.7298,19.675157618340005,0.0508255140516821,nan,1.5,nan,nan
19.5,16.7298,20.127703235846123,0.04968276749127866,nan,nan,nan,nan
Name:	33.59818286283781_12_80_0.08
Lambda:	33.59818286283781	Maximal Depth:	20	Filter time:	12.0 to 80.0 [us]
Chi2:	0.08153791893947392	RelRMS:	2.2843876230023508	AbsRMS:	2.511111154459973e-07	Phi model:	0.004512405721105434
depth_vector,start_model,resistivity_model,conductivity_model,E/I[V/A],modelled_thickness,rhoa,sigma
0.0,16.7298,15.763240420930211,0.06343873298235139,7.007332564342152e-05,1.0,15.920323621183773,0.06281279349556614
1.0,16.7298,15.802849222789996,0.0632797279719568,4.820982151781339e-05,1.0,15.947793865585325,0.0627045977912944
2.0,16.7298,15.882489791345696,0.06296242044776229,2.9945596001736e-05,1.0,16.21538056638302,0.061669844621047874
3.0,16.7298,16.002062208634882,0.06249194553564411,1.731145393644614e-05,1.0,16.536922656674108,0.06047074300105115
4.0,16.7298,16.160976519848827,0.06187744897542579,1.1212018012976307e-05,1.0,16.58266538045204,0.06030393649375685
5.0,16.7298,16.3581822773217,0.06113148655803636,7.721477613089773e-06,1.0,16.668235066070597,0.05999435429342922
6.0,16.7298,16.592197377700405,0.06026929268235326,4.842593867012557e-06,1.5,16.883413677873154,0.059229728008771534
7.5,16.7298,16.875496652357885,0.05925751523646432,2.8294773640017354e-06,1.5,17.17022334579715,0.058240360644159904
9.0,16.7298,17.201557590590795,0.05813427038415389,1.8229876563113084e-06,1.5,17.295464779001286,0.05781862544764433
10.5,16.7298,17.562978252892584,0.056937951274596735,1.2577750830417005e-06,1.5,17.400377711263893,0.057470016834902604
12.0,16.7298,17.951843478429787,0.05570458550407705,7.937298308426496e-07,1.5,17.59371095629618,0.0568384920318436
13.5,16.7298,18.360079970447167,0.05446599369989806,nan,1.5,nan,nan
15.0,16.7298,18.77976732237635,0.05324879604916544,nan,1.5,nan,nan
16.5,16.7298,19.203378053603807,0.05207417138842063,nan,1.5,nan,nan
18.0,16.7298,19.623933160846256,0.05095818416234742,nan,1.5,nan,nan
19.5,16.7298,20.035077152862456,0.049912460649402975,nan,nan,nan,nan
Name:	42.81332398719393_12_80_0.08
Lambda:	42.81332398719393	Maximal Depth:	20	Filter time:	12.0 to 80.0 [us]
Chi2:	0.0820922231816737	RelRMS:	2.292139237399665	AbsRMS:	2.5184091844231055e-07	Phi model:	0.004310269010924588
depth_vector,start_model,resistivity_model,conductivity_model,E/I[V/A],modelled_thickness,rhoa,sigma
0.0,16.7298,15.748916600011507,0.06349643124018253,7.004335990848604e-05,1.0,15.924863953427359,0.06279488496256694
1.0,16.7298,15.790223295033726,0.06333032670377219,4.818639819180468e-05,1.0,15.952961577245132,0.06268428562044383
2.0,16.7298,15.8732272157306,0.06299916119193363,2.99295122487596e-05,1.0,16.221189344020956,0.061647760764755186
3.0,16.7298,15.997660488001015,0.06250914005520034,1.730247153793067e-05,1.0,16.54264547609474,0.06044982354515598
4.0,16.7298,16.16264211683321,0.06187107236375117,1.1207417850990977e-05,1.0,16.587202716371724,0.06028744069143079
5.0,16.7298,16.36672157539138,0.0610995913502663,7.719327208811907e-06,1.0,16.671330480912797,0.05998321496565087
6.0,16.7298,16.607922907803783,0.06021222554748956,4.842191143543157e-06,1.5,16.884349790263006,0.05922644415816874
7.5,16.7298,16.89768578788716,0.059179701442716746,2.830048455445172e-06,1.5,17.167913350612224,0.05824819706259404
9.0,16.7298,17.228069133589724,0.05804481002750859,1.823868462343719e-06,1.5,17.289895965076013,0.05783724795220904
10.5,16.7298,17.590264732348754,0.0568496276330046,1.2587083275436632e-06,1.5,17.39177586983936,0.05749844107261006
12.0,16.7298,17.975085730603364,0.05563255802988781,7.94583225041714e-07,1.5,17.581111428820517,0.056879225414652186
13.5,16.7298,18.373429288518004,0.05442642112678029,nan,1.5,nan,nan
15.0,16.7298,18.776672068926885,0.053257573883653146,nan,1.5,nan,nan
16.5,16.7298,19.17696623192108,0.05214589147763356,nan,1.5,nan,nan
18.0,16.7298,19.56742006609417,0.05110535761087736,nan,1.5,nan,nan
19.5,16.7298,19.942167081459374,0.050145001589607566,nan,nan,nan,nan
Name:	54.5559478116852_12_80_0.08
Lambda:	54.5559478116852	Maximal Depth:	20	Filter time:	12.0 to 80.0 [us]
Chi2:	0.08277475434064963	RelRMS:	2.3016481655113097	AbsRMS:	2.55494951157486e-07	Phi model:	0.004106994918613334
depth_vector,start_model,resistivity_model,conductivity_model,E/I[V/A],modelled_thickness,rhoa,sigma
0.0,16.7298,15.74382342537436,0.06351697252830577,6.999259938728773e-05,1.0,15.932562450374252,0.06276454293618729
1.0,16.7298,15.786339252560811,0.06334590838327404,4.815105159443844e-05,1.0,15.960767761112377,0.06265362763039825
2.0,16.7298,15.871728549524676,0.0630051098013485,2.9908083979063275e-05,1.0,16.228936425087134,0.061618332453023394
3.0,16.7298,15.999576516058024,0.06250165427793335,1.7291709394267772e-05,1.0,16.549508721383866,0.060424754404212924
4.0,16.7298,16.16875187119675,0.061847692881069845,1.1202161497717686e-05,1.0,16.592391082933972,0.06026858907807118
5.0,16.7298,16.377462606941258,0.06105951965820213,7.716995505911597e-06,1.0,16.67468849179479,0.05997113532238253
6.0,16.7298,16.623314097505187,0.06015647626787484,4.84189375519136e-06,1.5,16.885041139255808,0.05922401916303972
7.5,16.7298,16.91677913359163,0.059112907492792244,2.830813210950017e-06,1.5,17.164821224430888,0.058258690080423815
9.0,16.7298,17.248753177582753,0.05797520491508015,1.8249218157900799e-06,1.5,17.28324211874373,0.05785951461708084
10.5,16.7298,17.609297919515456,0.05678818113990523,1.2597827764055801e-06,1.5,17.381885682740013,0.057531157335420004
12.0,16.7298,17.98823752745223,0.0555918832222378,7.955437508407822e-07,1.5,17.566957159189013,0.05692505485942481
13.5,16.7298,18.375712407818938,0.05441965883045144,nan,1.5,nan,nan
15.0,16.7298,18.762641343995405,0.05329739995909634,nan,1.5,nan,nan
16.5,16.7298,19.141054865627666,0.05224372465468132,nan,1.5,nan,nan
18.0,16.7298,19.504282984946062,0.0512707901526976,nan,1.5,nan,nan
19.5,16.7298,19.84700379900464,0.05038543903791421,nan,nan,nan,nan
Name:	69.51927961775606_12_80_0.08
Lambda:	69.51927961775606	Maximal Depth:	20	Filter time:	12.0 to 80.0 [us]
Chi2:	0.08369375053628104	RelRMS:	2.314389775798793	AbsRMS:	2.6397148210434025e-07	Phi model:	0.0038925551085335413
depth_vector,start_model,resistivity_model,conductivity_model,E/I[V/A],modelled_thickness,rhoa,sigma
0.0,16.7298,15.748559551456674,0.06349787082003346,6.991854259511661e-05,1.0,15.943810837699692,0.0627202624378524
1.0,16.7298,15.791812709896885,0.06332395263105484,4.8102203998737656e-05,1.0,15.971571330331933,0.0626112471539278
2.0,16.7298,15.878532100541449,0.06297811369892942,2.9880473967179057e-05,1.0,16.238932075329107,0.061580404139952256
3.0,16.7298,16.008266723036627,0.062467724788777684,1.727880167088913e-05,1.0,16.557749643693413,0.06039468052839441
4.0,16.7298,16.179723497754473,0.06180575336400443,1.1196080523079174e-05,1.0,16.598398469646703,0.06024677632776971
5.0,16.7298,16.390703914774956,0.061010192435882946,7.714412033097306e-06,1.0,16.678411065435938,0.05995774993652623
6.0,16.7298,16.638521654943897,0.06010149343423575,4.841697702263089e-06,1.5,16.885496948990664,0.059222420460641245
7.5,16.7298,16.932853919628588,0.05905679011621299,2.831799205609776e-06,1.5,17.1608366188547,0.05827221727064839
9.0,16.7298,17.263557863269718,0.057925487197955844,1.8261814882606828e-06,1.5,17.275293391442986,0.05788613700160557
10.5,16.7298,17.61985119596512,0.056754168288833014,1.26103125676035e-06,1.5,17.370411198350133,0.05756916106251886
12.0,16.7298,17.990975150893107,0.05558342400080287,7.966399357247799e-07,1.5,17.550838583358775,0.056977334459002583
13.5,16.7298,18.366449573352654,0.054447104542778416,nan,1.5,nan,nan
15.0,16.7298,18.73690021530122,0.05337062099436087,nan,1.5,nan,nan
16.5,16.7298,19.094539043864902,0.05237099453947285,nan,1.5,nan,nan
18.0,16.7298,19.432936972862297,0.051459025539807995,nan,1.5,nan,nan
19.5,16.7298,19.747224531611067,0.05064002783779638,nan,nan,nan,nan
Name:	88.58667904100822_12_80_0.08
Lambda:	88.58667904100822	Maximal Depth:	20	Filter time:	12.0 to 80.0 [us]
Chi2:	0.08500995956575395	RelRMS:	2.3325173980504954	AbsRMS:	2.797670013007643e-07	Phi model:	0.0036590842790179662
depth_vector,start_model,resistivity_model,conductivity_model,E/I[V/A],modelled_thickness,rhoa,sigma
0.0,16.7298,15.763620789080488,0.06343720223799747,6.981896281174605e-05,1.0,15.958967217356689,0.06266069642103267
1.0,16.7298,15.807012873844483,0.06326305975588076,4.803843762636439e-05,1.0,15.98570201446096,0.06255590146090435
2.0,16.7298,15.894088150898439,0.06291647501297351,2.9845921820448563e-05,1.0,16.251462693125386,0.06153292284410898
3.0,16.7298,16.024203882914403,0.062405596390734695,1.7263416370561026e-05,1.0,16.567585785892216,0.060358824328619394
4.0,16.7298,16.195855416461296,0.061744191602476926,1.1189027440327994e-05,1.0,16.605373015778778,0.060221471631488124
5.0,16.7298,16.406751041016523,0.06095051954527875,7.711521002073928e-06,1.0,16.682579269651388,0.059942769270647484
6.0,16.7298,16.65389266798161,0.060046021668109885,4.841608493223114e-06,1.5,16.88570436412947,0.059221693003480125
7.5,16.7298,16.946033740318615,0.05901085854802495,2.833040215821702e-06,1.5,17.155824728916073,0.05828924087307234
9.0,16.7298,17.27252340017316,0.05789542019031075,1.8276859660628952e-06,1.5,17.26581187112466,0.05791792517283243
10.5,16.7298,17.621985212456718,0.05674729537811182,1.2624903625507306e-06,1.5,17.35702487721007,0.05761356033504388
12.0,16.7298,17.983070977753236,0.05560785481173348,7.979030840065437e-07,1.5,17.532310714932315,0.0570375472041057
13.5,16.7298,18.345139361128446,0.05451035177846084,nan,1.5,nan,nan
15.0,16.7298,18.698797772958105,0.0534793740293926,nan,1.5,nan,nan
16.5,16.7298,19.03626484316112,0.052531313691995374,nan,1.5,nan,nan
18.0,16.7298,19.35153876120267,0.05167547719796167,nan,1.5,nan,nan
19.5,16.7298,19.640386380577933,0.05091549527706258,nan,nan,nan,nan
Name:	112.88378916846884_12_80_0.08
Lambda:	112.88378916846884	Maximal Depth:	20	Filter time:	12.0 to 80.0 [us]
Chi2:	0.0869469979979865	RelRMS:	2.3589421086307176	AbsRMS:	3.0558558539902494e-07	Phi model:	0.0034010947295495123
depth_vector,start_model,resistivity_model,conductivity_model,E/I[V/A],modelled_thickness,rhoa,sigma
0.0,16.7298,15.7893356022904,0.06333388720010107,6.969181445303298e-05,1.0,15.97837207853123,0.06258459842374145
1.0,16.7298,15.832385961683945,0.06316167395237245,4.795842821893739e-05,1.0,16.003476452684822,0.06248642305667498
2.0,16.7298,15.918743720530625,0.06281902752855341,2.9803699662707093e-05,1.0,16.26680776588028,0.06147487659487226
3.0,16.7298,16.047683517473576,0.062314289717338114,1.7245225969906386e-05,1.0,16.57923415231552,0.06031641695948519
4.0,16.7298,16.21757505806413,0.061661499726048966,1.1180853880079865e-05,1.0,16.613464734417416,0.06019214029017933
5.0,16.7298,16.425965207709012,0.06087922306877171,7.708264505051894e-06,1.0,16.687277512268892,0.05992589260080176
6.0,16.7298,16.669667531489583,0.05998919883140831,4.841629295691394e-06,1.5,16.88565599686032,0.05922186263808393
7.5,16.7298,16.956666541687444,0.05897385535898408,2.8345684342417394e-06,1.5,17.149657957414796,0.05831020084967011
9.0,16.7298,17.27591557839705,0.05788405224962238,1.8294730084563915e-06,1.5,17.25456646037906,0.05795567233151051
10.5,16.7298,17.615710980257127,0.056767507205400546,1.2641964774977353e-06,1.5,17.341405077124346,0.05766545418624325
12.0,16.7298,17.964493262075724,0.055665360854406536,7.99364616783399e-07,1.5,17.51093385224025,0.0571071770608091
13.5,16.7298,18.31155822937933,0.05461031701800153,nan,1.5,nan,nan
15.0,16.7298,18.64761313623456,0.05362616613151843,nan,1.5,nan,nan
16.5,16.7298,18.96513506125073,0.052728335272612135,nan,1.5,nan,nan
18.0,16.7298,19.258519539568017,0.05192507128834217,nan,1.5,nan,nan
19.5,16.7298,19.524039034783158,0.051218910094291685,nan,nan,nan,nan
Name:	143.8449888287663_12_80_0.08
Lambda:	143.8449888287663	Maximal Depth:	20	Filter time:	12.0 to 80.0 [us]
Chi2:	0.08979558091318217	RelRMS:	2.397272862742925	AbsRMS:	3.436372760120532e-07	Phi model:	0.0031163702391831757
depth_vector,start_model,resistivity_model,conductivity_model,E/I[V/A],modelled_thickness,rhoa,sigma
0.0,16.7298,15.825917457616779,0.0631874899308738,6.953578814653231e-05,1.0,16.002264954863076,0.06249115377233526
1.0,16.7298,15.8681127980311,0.06301946631763791,4.786131332402902e-05,1.0,16.025117463704422,0.06240203869113085
2.0,16.7298,15.952725687809368,0.0626852125191479,2.9753325284167702e-05,1.0,16.285163121075502,0.06140558694839516
3.0,16.7298,16.078967458956416,0.062193048313122445,1.7224015114426857e-05,1.0,16.592842578314936,0.06026694915474535
4.0,16.7298,16.24512012411628,0.06155694709302121,1.117146959779208e-05,1.0,16.62276721829017,0.06015845538038285
5.0,16.7298,16.448624342906754,0.060795357663526214,7.704615604911124e-06,1.0,16.69254581784377,0.05990697949326781
6.0,16.7298,16.68617635387822,0.059929847245536204,4.841774872155675e-06,1.5,16.885317530563654,0.05922304974069497
7.5,16.7298,16.96503602026315,0.058944761378967515,2.836417318618209e-06,1.5,17.142204615913233,0.05833555382203831
9.0,16.7298,17.273996425376954,0.0578904832080963,1.8315784891141296e-06,1.5,17.241340666328156,0.05800012999876346
10.5,16.7298,17.601269318301018,0.05681408436607719,1.266183147434169e-06,1.5,17.323260959655535,0.057725852097299614
12.0,16.7298,17.93531278369258,0.05575592754140509,8.010529102446574e-07,1.5,17.48632125453276,0.05718755737378338
13.5,16.7298,18.26555545809851,0.054747856001095434,nan,1.5,nan,nan
15.0,16.7298,18.58295135021967,0.05381276532202615,nan,1.5,nan,nan
16.5,16.7298,18.880324066375714,0.05296519257214005,nan,1.5,nan,nan
18.0,16.7298,19.15249209971475,0.052212526432259626,nan,1.5,nan,nan
19.5,16.7298,19.39619923656073,0.05155649247585872,nan,nan,nan,nan
Name:	183.29807108324357_12_80_0.08
Lambda:	183.29807108324357	Maximal Depth:	20	Filter time:	12.0 to 80.0 [us]
Chi2:	0.09390691746736422	RelRMS:	2.4515388469105095	AbsRMS:	3.9508076327848953e-07	Phi model:	0.002806263789485428
depth_vector,start_model,resistivity_model,conductivity_model,E/I[V/A],modelled_thickness,rhoa,sigma
0.0,16.7298,15.873338400515962,0.06299871991436251,6.935056009318443e-05,1.0,16.03074586397286,0.06238012931434323
1.0,16.7298,15.91417997787947,0.06283704227236267,4.774683852796723e-05,1.0,16.050721110694823,0.06230249676032847
2.0,16.7298,15.996049876006612,0.06251543398223314,2.969462883278264e-05,1.0,16.306616308384342,0.061324800994172646
3.0,16.7298,16.118114521810988,0.06204199620537519,1.7199700649480284e-05,1.0,16.60847661371453,0.06021021814693379
4.0,16.7298,16.278604306836687,0.06143032788013774,1.1160845782432458e-05,1.0,16.63331416119783,0.06012030977763881
5.0,16.7298,16.474906114641513,0.06069837321326426,7.7005745861077e-06,1.0,16.69838512177693,0.05988603045787141
6.0,16.7298,16.703666189022076,0.05986709676090249,4.842064179568385e-06,1.5,16.884644939151727,0.05922540886135088
7.5,16.7298,16.971452634720464,0.058922475378105486,2.8386137566255115e-06,1.5,17.133360710567747,0.05836566549277203
9.0,16.7298,17.267118748268956,0.05791354160347399,1.8340296196820709e-06,1.5,17.225975521484354,0.058051864682658647
10.5,16.7298,17.57901745796293,0.05688600073305125,1.268475429807407e-06,1.5,17.30238457294982,0.057795501873387944
12.0,16.7298,17.895835516008898,0.05587892217188966,8.029889499249354e-07,1.5,17.45820311716847,0.05727966350767198
13.5,16.7298,18.20731266344494,0.054922987180184644,nan,1.5,nan,nan
15.0,16.7298,18.504781043187087,0.05404008821645422,nan,1.5,nan,nan
16.5,16.7298,18.781486933262197,0.05324392065193678,nan,1.5,nan,nan
18.0,16.7298,19.032690684997487,0.05254117857273064,nan,1.5,nan,nan
19.5,16.7298,19.255572892998405,0.051933017290989765,nan,nan,nan,nan
Name:	233.57214690901213_12_80_0.08
Lambda:	233.57214690901213	Maximal Depth:	20	Filter time:	12.0 to 80.0 [us]
Chi2:	0.09966724064536749	RelRMS:	2.5256095108514933	AbsRMS:	4.5980922517205794e-07	Phi model:	0.0024759925753701935
depth_vector,start_model,resistivity_model,conductivity_model,E/I[V/A],modelled_thickness,rhoa,sigma
0.0,16.7298,15.931219206050475,0.06276983494271504,6.913723895696119e-05,1.0,16.063703893700556,0.06225214350422345
1.0,16.7298,15.970234068792813,0.06261648988314357,4.761563359896019e-05,1.0,16.080192772231744,0.06218830919283884
2.0,16.7298,16.04841492569853,0.062311449736926185,2.962789431536803e-05,1.0,16.331093378253733,0.0612328872806267
3.0,16.7298,16.164901179342298,0.06186242581414204,1.7172390092414118e-05,1.0,16.62608109788517,0.06014646470882423
4.0,16.7298,16.31790617441612,0.06128237221806318,1.1149040453205889e-05,1.0,16.645053713343856,0.060077907660840354
5.0,16.7298,16.50481293277876,0.060588387403894044,7.696178454885074e-06,1.0,16.704743368779468,0.059863236322981295
6.0,16.7298,16.722281414553954,0.059800452773726614,4.8425194274213685e-06,1.5,16.883586699542416,0.05922912102717501
7.5,16.7298,16.976212682825093,0.058905953800384714,2.8411725458918213e-06,1.5,17.123072178405423,0.05840073496046692
9.0,16.7298,17.255723324978398,0.057951786845843616,1.836838842424932e-06,1.5,17.208407678177796,0.05811112908884143
10.5,16.7298,17.549513604888052,0.05698163621591602,1.2710841955365038e-06,1.5,17.278702259178694,0.05787471680454391
12.0,16.7298,17.84668960677913,0.05603280059401865,8.051815243575818e-07,1.5,17.426495316108024,0.05738388481794495
13.5,16.7298,18.13746095927659,0.05513450875209409,nan,1.5,nan,nan
15.0,16.7298,18.413652701830188,0.054307530189303885,nan,1.5,nan,nan
16.5,16.7298,18.66899799496281,0.053564738732620555,nan,1.5,nan,nan
18.0,16.7298,18.8992121003711,0.05291225870629625,nan,1.5,nan,nan
19.5,16.7298,19.10187891809838,0.052350871047168776,nan,nan,nan,nan
Name:	297.63514416313194_12_80_0.08
Lambda:	297.63514416313194	Maximal Depth:	20	Filter time:	12.0 to 80.0 [us]
Chi2:	0.10744882056152093	RelRMS:	2.6223509520919084	AbsRMS:	5.365537150370953e-07	Phi model:	0.002134448383317877
depth_vector,start_model,resistivity_model,conductivity_model,E/I[V/A],modelled_thickness,rhoa,sigma
0.0,16.7298,15.99870596067364,0.06250505524997436,6.889871954480021e-05,1.0,16.100756327813965,0.06210888356048875
1.0,16.7298,16.035462506424366,0.06236178093393721,4.746942659456835e-05,1.0,16.113194106041018,0.06206094169901973
2.0,16.7298,16.10909182426602,0.06207674590901794,2.9553964869359347e-05,1.0,16.358316930945684,0.06113098335368842
3.0,16.7298,16.21872394956782,0.061657131788512065,1.7142421336765397e-05,1.0,16.645452841844662,0.06007646709893771
4.0,16.7298,16.362588444166434,0.061115024888163005,1.1136213128408039e-05,1.0,16.65783307497224,0.060031817794024
5.0,16.7298,16.53811187172979,0.06046639469826043,7.691504019209557e-06,1.0,16.711510778728368,0.059838994405752535
6.0,16.7298,16.74202773846892,0.05972992134651972,4.8431619532610335e-06,1.5,16.88209340780397,0.05923436009054048
7.5,16.7298,16.9795909882583,0.058894233712197104,2.844089646670731e-06,1.5,17.111361748248843,0.05844070242406855
9.0,16.7298,17.240363943669312,0.0580034158946628,1.8399972757307357e-06,1.5,17.188709399267093,0.05817772450342542
10.5,16.7298,17.51357692354284,0.05709855869909349,1.2740003243182882e-06,1.5,17.252325414622128,0.05796320066815194
12.0,16.7298,17.788921634826213,0.056214762228321516,8.076225111084982e-07,1.5,17.391363968305235,0.05749980288046658
13.5,16.7298,18.057213336321716,0.055379530682540055,nan,1.5,nan,nan
15.0,16.7298,18.310865341845844,0.054612383485487095,nan,1.5,nan,nan
16.5,16.7298,18.54414815413158,0.05392536727426884,nan,1.5,nan,nan
18.0,16.7298,18.75323818680347,0.05332412408133831,nan,1.5,nan,nan
19.5,16.7298,18.93608974013422,0.05280921318621253,nan,nan,nan,nan
Name:	379.26901907322497_12_80_0.08
Lambda:	379.26901907322497	Maximal Depth:	20	Filter time:	12.0 to 80.0 [us]
Chi2:	0.11753934178632752	RelRMS:	2.7427208888847874	AbsRMS:	6.231055505184273e-07	Phi model:	0.0017933538020207748
depth_vector,start_model,resistivity_model,conductivity_model,E/I[V/A],modelled_thickness,rhoa,sigma
0.0,16.7298,16.07438220326613,0.062210789027824134,6.863984140526442e-05,1.0,16.14121405703341,0.061953208505047846
1.0,16.7298,16.108509350239284,0.06207899056687983,4.73111366305434e-05,1.0,16.14911428558411,0.061922900681474144
2.0,16.7298,16.176846805038352,0.06181674414376883,2.9474284738543683e-05,1.0,16.387785472092705,0.06102105752500438
3.0,16.7298,16.278532694232496,0.06143059812474998,1.7110374782532947e-05,1.0,16.66623021774255,0.06000157125727323
4.0,16.7298,16.411844505307293,0.060931603371980406,1.1122626190205294e-05,1.0,16.671395992620376,0.059982979256365324
5.0,16.7298,16.57429668748,0.060334385154055224,7.686664643361666e-06,1.0,16.718524206244442,0.05981389192393522
6.0,16.7298,16.762751353916613,0.05965607786494728,4.8440065351125345e-06,1.5,16.88013102068036,0.05924124633718007
7.5,16.7298,16.981839078099902,0.05888643717567779,2.8473361926326136e-06,1.5,17.0983523057591,0.05848516758326345
9.0,16.7298,17.221725347471374,0.058066191384641246,1.843469461511854e-06,1.5,17.167119260066155,0.05825089141928326
10.5,16.7298,17.472324964385162,0.057233367742321475,1.2771902558880066e-06,1.5,17.223586980617174,0.05805991522702938
12.0,16.7298,17.72405233259321,0.056420505944968044,8.102833869395096e-07,1.5,17.35326896313228,0.0576260301228858
13.5,16.7298,17.968436681195207,0.055653144329831754,nan,1.5,nan,nan
15.0,16.7298,18.19855205200434,0.054949426588576454,nan,1.5,nan,nan
16.5,16.7298,18.409240419507697,0.0543205464870963,nan,1.5,nan,nan
18.0,16.7298,18.597137086738886,0.0537717174066041,nan,1.5,nan,nan
19.5,16.7298,18.760533400157943,0.05330338848423047,nan,nan,nan,nan
Name:	483.2930238571752_12_80_0.08
Lambda:	483.2930238571752	Maximal Depth:	20	Filter time:	12.0 to 80.0 [us]
Chi2:	0.13006243046387472	RelRMS:	2.8851335410493544	AbsRMS:	7.16560920242872e-07	Phi model:	0.0014657299155874967
depth_vector,start_model,resistivity_model,conductivity_model,E/I[V/A],modelled_thickness,rhoa,sigma
0.0,16.7298,16.156259233341505,0.06189551588379508,6.836723814402626e-05,1.0,16.18409257346895,0.061789068213767444
1.0,16.7298,16.187466713986684,0.06177618880513008,4.7144776807242474e-05,1.0,16.187082242168056,0.06177765609882158
2.0,16.7298,16.249934848097293,0.06153870826854977,2.939084472699183e-05,1.0,16.418787208285398,0.06090583837369979
3.0,16.7298,16.342826762058706,0.06118892493687732,1.7077045505467534e-05,1.0,16.687908162546996,0.059923627950225655
4.0,16.7298,16.46449723571889,0.06073674681244142,1.1108628274996415e-05,1.0,16.68539806973923,0.05993264265079824
5.0,16.7298,16.61258868965684,0.06019531444985512,7.68179954311529e-06,1.0,16.72558233653976,0.0597886506956076
6.0,16.7298,16.784140560407078,0.059580053944433026,4.845055213182091e-06,1.5,16.877695209175272,0.05924979611294124
7.5,16.7298,16.983185570073275,0.05888176843348744,2.850855144067573e-06,1.5,17.08427918190724,0.0585333445650449
9.0,16.7298,17.200619726681374,0.05813744015564818,1.8471912533889383e-06,1.5,17.144052195543036,0.058329267118072084
10.5,16.7298,17.427163278652607,0.05738168536154988,1.2805945246632826e-06,1.5,17.19304922276193,0.05816303943782683
12.0,16.7298,17.65405636932069,0.05664420567602838,8.131142819662369e-07,1.5,17.312968082581644,0.05776017117516015
13.5,16.7298,17.8736190532322,0.055948378278721546,nan,1.5,nan,nan
15.0,16.7298,18.079632480672576,0.05531085883902875,nan,1.5,nan,nan
16.5,16.7298,18.267525692616577,0.054741951199454617,nan,1.5,nan,nan
18.0,16.7298,18.43438070418291,0.05424646566906866,nan,1.5,nan,nan
19.5,16.7298,18.578791239685366,0.053824814924662186,nan,nan,nan,nan
Name:	615.8482110660261_12_80_0.08
Lambda:	615.8482110660261	Maximal Depth:	20	Filter time:	12.0 to 80.0 [us]
Chi2:	0.14491239375157502	RelRMS:	3.045388842184328	AbsRMS:	8.135957947337011e-07	Phi model:	0.001163916808564467
depth_vector,start_model,resistivity_model,conductivity_model,E/I[V/A],modelled_thickness,rhoa,sigma
0.0,16.7298,16.241873816858654,0.06156925064656181,6.80888314268429e-05,1.0,16.228179050647373,0.06162120820081216
1.0,16.7298,16.269969733366587,0.06146292933472346,4.69751408753346e-05,1.0,16.226028526116107,0.06162937519741696
2.0,16.7298,16.32618894349108,0.06125128181850913,2.930601965910329e-05,1.0,16.4504542799782,0.06078859483030187
3.0,16.7298,16.409735216594036,0.06093943545102232,1.7043372550706406e-05,1.0,16.709881368482552,0.05984482941250297
4.0,16.7298,16.519066400273207,0.0605361087466457,1.109461971572371e-05,1.0,16.69944026516621,0.05988224659756564
5.0,16.7298,16.651987016507736,0.060052893327905116,7.677056862481405e-06,1.0,16.73247003944605,0.0597640394778861
6.0,16.7298,16.805754160450892,0.05950342903107006,4.846292467529609e-06,1.5,16.874822512773424,0.05925988254057478
7.5,16.7298,16.983836500106364,0.05887951170477514,2.8545624340553668e-06,1.5,17.069484131069796,0.05858407860023166
9.0,16.7298,17.177953156682833,0.05821415339061887,1.851072431697811e-06,1.5,17.120079642707413,0.058410943223968406
10.5,16.7298,17.37971302424514,0.05753834937348934,1.2841306006905933e-06,1.5,17.16147202680619,0.05827005972669487
12.0,16.7298,17.58124748141888,0.056878785254395145,8.160466012291482e-07,1.5,17.27146914352179,0.05789895414745777
13.5,16.7298,17.775710229479323,0.056256542612941295,nan,1.5,nan,nan
15.0,16.7298,17.95760822970796,0.05568670321839751,nan,1.5,nan,nan
16.5,16.7298,18.122953802392697,0.0551786431121385,nan,1.5,nan,nan
18.0,16.7298,18.26925321737167,0.0547367748479796,nan,1.5,nan,nan
19.5,16.7298,18.395366424378913,0.05436151566270109,nan,nan,nan,nan
Name:	784.7599703514607_12_80_0.08
Lambda:	784.7599703514607	Maximal Depth:	20	Filter time:	12.0 to 80.0 [us]
Chi2:	0.16172895341048152	RelRMS:	3.217243077274519	AbsRMS:	9.107858925668357e-07	Phi model:	0.0008976378908629994
depth_vector,start_model,resistivity_model,conductivity_model,E/I[V/A],modelled_thickness,rhoa,sigma
0.0,16.7298,16.328493067426898,0.06124263861157296,6.781303247969815e-05,1.0,16.272149815343543,0.06145469476055753
1.0,16.7298,16.353394540415316,0.06114938384985627,4.680731362953762e-05,1.0,16.264790915115817,0.06148249954265577
2.0,16.7298,16.403204032499886,0.06096369941010834,2.922231979278959e-05,1.0,16.481851384939628,0.060672795588592364
3.0,16.7298,16.477179399192398,0.0606899989235423,1.7010336058915245e-05,1.0,16.731509682080578,0.059767469821984956
4.0,16.7298,16.573902299856897,0.060335820853042815,1.1081006112523646e-05,1.0,16.71311489764048,0.05983325108003522
5.0,16.7298,16.691365720326374,0.059911214981181696,7.672574230729143e-06,1.0,16.738986600692723,0.059740773073957545
6.0,16.7298,16.82707435171312,0.059428037167862914,4.847683690526435e-06,1.5,16.871593786684155,0.05927122313656262
7.5,16.7298,16.9839745518855,0.05887903311118561,2.8583535121919685e-06,1.5,17.054387780215475,0.05863593656291105
9.0,16.7298,17.15466338492992,0.05829318696387147,1.8550045463430227e-06,1.5,17.09587775375177,0.05849363305025654
10.5,16.7298,17.331681719104576,0.05769780545287235,1.2877003514708348e-06,1.5,17.129740773961693,0.05837799959705545
12.0,16.7298,17.5080790994813,0.05711648858324077,8.189993949779818e-07,1.5,17.229930830049785,0.058038538277585795
13.5,16.7298,17.677851661323935,0.05656795967961571,nan,1.5,nan,nan
15.0,16.7298,17.83622393343429,0.05606567868468414,nan,1.5,nan,nan
16.5,16.7298,17.979769417835946,0.055618065880644676,nan,1.5,nan,nan
18.0,16.7298,18.106386923539322,0.05522913015295965,nan,1.5,nan,nan
19.5,16.7298,18.21516565988006,0.05489930855817342,nan,nan,nan,nan
Name:	1000.0_12_80_0.08
Lambda:	1000.0	Maximal Depth:	20	Filter time:	12.0 to 80.0 [us]
Chi2:	0.1799278332099038	RelRMS:	3.3934320864625898	AbsRMS:	1.0049432503828827e-06	Phi model:	0.0006726605406077353
depth_vector,start_model,resistivity_model,conductivity_model,E/I[V/A],modelled_thickness,rhoa,sigma
0.0,16.7298,16.413389960827132,0.06092586616089918,6.754781896985048e-05,1.0,16.31471496785019,0.061294359231565
1.0,16.7298,16.435123809433637,0.060845297643940324,4.664610844414933e-05,1.0,16.302242567118448,0.06134125387245774
2.0,16.7298,16.47858247420269,0.060684831451097536,2.914210927088197e-05,1.0,16.5120805441256,0.06056172008897836
3.0,16.7298,16.543088232622363,0.06044820567589289,1.6978844830091432e-05,1.0,16.752191617518754,0.05969368204660703
4.0,16.7298,16.627361031525588,0.06014183478087673,1.1068150763484736e-05,1.0,16.726053605628422,0.05978696610559072
5.0,16.7298,16.72959949926806,0.05977429406147776,7.66846179378523e-06,1.0,16.744970580051564,0.059719424123163826
6.0,16.7298,16.847574051955625,0.0593557266414818,4.849178062135504e-06,1.5,16.86812739498345,0.0592834033431238
7.5,16.7298,16.983757326651872,0.05887978618434117,2.8621145429063025e-06,1.5,17.039444019483838,0.05868736085852009
9.0,16.7298,17.131641201101647,0.058371523677235033,1.8588728459031404e-06,1.5,17.07215192998499,0.05857492389366753
10.5,16.7298,17.284702992319247,0.05785462442972651,1.2912009666805782e-06,1.5,17.09876611772005,0.058483752167571026
12.0,16.7298,17.436900937441564,0.057349640488737294,8.218884479719817e-07,1.5,17.189530057974945,0.058174946995485664
13.5,16.7298,17.58305130970859,0.05687295011462793,nan,1.5,nan,nan
15.0,16.7298,17.719064242692365,0.05643638886926077,nan,1.5,nan,nan
16.5,16.7298,17.842036976804447,0.05604741214806643,nan,1.5,nan,nan
18.0,16.7298,17.95022215309152,0.05570961693238836,nan,1.5,nan,nan
19.5,16.7298,18.042901769485308,0.05542345753337912,nan,nan,nan,nan
