Name:	10.0_12_80_0.08
Lambda:	10.0	Maximal Depth:	20	Filter time:	12.0 to 80.0 [us]
Chi2:	0.152340655279352	RelRMS:	3.1224672837162806	AbsRMS:	7.083243228966359e-07	Phi model:	0.02250406523689276
depth_vector,start_model,resistivity_model,conductivity_model,E/I[V/A],modelled_thickness,rhoa,sigma
0.0,18.615,23.800706193747207,0.04201556003673179,5.047660195337349e-05,1.0,19.480348158560986,0.05133378478970008
1.0,18.615,23.505585923963096,0.04254307904660807,3.560723157992533e-05,1.0,19.19118978821454,0.052107243533910955
2.0,18.615,22.932406803603634,0.04360641290572512,2.2910581388385936e-05,1.0,19.060229413442837,0.05246526567485688
3.0,18.615,22.12495598042014,0.045197830037943,1.3795124704467761e-05,1.0,18.917469749188648,0.05286119197007776
4.0,18.615,21.145453129581167,0.047291490698823685,9.183610347545196e-06,1.0,18.625344161830203,0.05369028305255949
5.0,18.615,20.06446125491995,0.049839364600671385,6.474120438558425e-06,1.0,18.431999721285663,0.054253473042600954
6.0,18.615,18.95140337739768,0.05276654082476268,4.187007166183829e-06,1.5,18.291369986797594,0.05467059059664658
7.5,18.615,17.869592223861073,0.05596098598515924,2.5325025639378505e-06,1.5,18.17815944098655,0.05501106991862366
9.0,18.615,16.923191139783302,0.059090510279068136,1.6716487322082756e-06,1.5,18.017496686346092,0.05550160587834679
10.5,18.615,16.181256215841042,0.06179989901037629,1.1755186987491484e-06,1.5,17.898256029318436,0.05587136525267819
12.0,18.615,15.681261589657243,0.06377037933348179,7.599788482614122e-07,1.5,17.80770673689488,0.05615546205779271
13.5,18.615,15.436903681527246,0.06477983024514572,nan,1.5,nan,nan
15.0,18.615,15.445797519397926,0.06474252939960719,nan,1.5,nan,nan
16.5,18.615,15.694993034841177,0.0637145870520687,nan,1.5,nan,nan
18.0,18.615,16.164025931493416,0.0618657755337818,nan,1.5,nan,nan
19.5,18.615,16.826162878773072,0.0594312563835658,nan,nan,nan,nan
Name:	12.742749857031335_12_80_0.08
Lambda:	12.742749857031335	Maximal Depth:	20	Filter time:	12.0 to 80.0 [us]
Chi2:	0.14366318424404445	RelRMS:	3.0322341254624194	AbsRMS:	6.854781963747253e-07	Phi model:	0.019045427530582554
depth_vector,start_model,resistivity_model,conductivity_model,E/I[V/A],modelled_thickness,rhoa,sigma
0.0,18.615,23.477964487280243,0.042593130275061716,5.044304754784233e-05,1.0,19.488986006426973,0.05131103278899299
1.0,18.615,23.210527603506026,0.04308389783646912,3.55530307627902e-05,1.0,19.210689561405975,0.05205435217739331
2.0,18.615,22.690111812211434,0.04407206135766228,2.2852568649663223e-05,1.0,19.09247287288033,0.052376662083434875
3.0,18.615,21.954504685571433,0.04554873882703457,1.3749834516790737e-05,1.0,18.958988119948213,0.05274543101526726
4.0,18.615,21.057919033507172,0.04748807317612006,9.152992886395714e-06,1.0,18.666856506659233,0.05357088375556211
5.0,18.615,20.062511812024432,0.04984420741378214,6.453371334401595e-06,1.0,18.47148738455152,0.05413749197243001
6.0,18.615,19.03026758117137,0.05254786858537945,4.174645490830734e-06,1.5,18.327460960816442,0.054562931665110066
7.5,18.615,18.01627108522534,0.05550538151149785,2.5263952142573145e-06,1.5,18.207443772855395,0.05492259168696992
9.0,18.615,17.116599054989692,0.05842282084118154,1.668798730663396e-06,1.5,18.03800456725487,0.055438504645649166
10.5,18.615,16.396504164711413,0.06098861013021312,1.1743350398296837e-06,1.5,17.910280918484073,0.05583385344715409
12.0,18.615,15.89241755399616,0.06292308873727957,7.598827273116789e-07,1.5,17.809208422648926,0.05615072698729531
13.5,18.615,15.618168559491707,0.0640279938195612,nan,1.5,nan,nan
15.0,18.615,15.57163254618195,0.06421934225805968,nan,1.5,nan,nan
16.5,18.615,15.739866387449133,0.06353294083851903,nan,1.5,nan,nan
18.0,18.615,16.10232220999197,0.06210284373638171,nan,1.5,nan,nan
19.5,18.615,16.632587897224806,0.06012293493827577,nan,nan,nan,nan
Name:	16.237767391887218_12_80_0.08
Lambda:	16.237767391887218	Maximal Depth:	20	Filter time:	12.0 to 80.0 [us]
Chi2:	0.13759539947841934	RelRMS:	2.967508309443941	AbsRMS:	6.676800120171838e-07	Phi model:	0.016184261809070188
depth_vector,start_model,resistivity_model,conductivity_model,E/I[V/A],modelled_thickness,rhoa,sigma
0.0,18.615,23.1710647862968,0.043157274351560776,5.042165181491012e-05,1.0,19.494498871637745,0.05129652250024672
1.0,18.615,22.929608956177912,0.04361173371561448,3.5508389014044e-05,1.0,19.22678752591203,0.052010768759591035
2.0,18.615,22.45883690355006,0.044525903291186476,2.280137543315205e-05,1.0,19.12103956243397,0.05229841174350393
3.0,18.615,21.79110823977263,0.04589027730929366,1.3708825566142441e-05,1.0,18.996778913218474,0.05264050313835957
4.0,18.615,20.97330836215522,0.04767964990227416,9.12508263127523e-06,1.0,18.704900472537492,0.05346192573802777
5.0,18.615,20.059786337159,0.049850979626218025,6.434380170871122e-06,1.0,18.50781543185248,0.054031228249605906
6.0,18.615,19.10547420329566,0.052341019613504375,4.163267322244316e-06,1.5,18.360838282556053,0.05446374422621339
7.5,18.615,18.157418846606426,0.05507390716973505,2.520738778637969e-06,1.5,18.234671439985558,0.05484058230998167
9.0,18.615,17.30357168495783,0.05779153681140351,1.6661473553896296e-06,1.5,18.057135665839297,0.05537976889057836
10.5,18.615,16.60513822451536,0.06022232314354529,1.1732260658227685e-06,1.5,17.92156542072952,0.05579869707382368
12.0,18.615,16.097332936116565,0.06212209214834362,7.597814857518029e-07,1.5,17.810790449441665,0.05614573945152154
13.5,18.615,15.794199839871716,0.06331438187046025,nan,1.5,nan,nan
15.0,18.615,15.694280687005064,0.0637174789939882,nan,1.5,nan,nan
16.5,18.615,15.785343665826646,0.06334990363021863,nan,1.5,nan,nan
18.0,18.615,16.047665056489652,0.0623143614027264,nan,1.5,nan,nan
19.5,18.615,16.456117597240986,0.06076767464080707,nan,nan,nan,nan
Name:	20.6913808111479_12_80_0.08
Lambda:	20.6913808111479	Maximal Depth:	20	Filter time:	12.0 to 80.0 [us]
Chi2:	0.13367825022633179	RelRMS:	2.9249629082238346	AbsRMS:	6.55227407416567e-07	Phi model:	0.013893700723741405
depth_vector,start_model,resistivity_model,conductivity_model,E/I[V/A],modelled_thickness,rhoa,sigma
0.0,18.615,22.885642081169497,0.04369551863361564,5.0413298565518676e-05,1.0,19.496652244111043,0.05129085688554812
1.0,18.615,22.667971671733138,0.044115107186541776,3.547439472314034e-05,1.0,19.239068621791308,0.0519775681275621
2.0,18.615,22.24276210250947,0.04495844515134108,2.2758020442340954e-05,1.0,19.145316117543572,0.05223209655356186
3.0,18.615,21.637592057272453,0.046215863454357776,1.3672799787656818e-05,1.0,19.030133387017983,0.052548239135422045
4.0,18.615,20.892818116684587,0.04786333726810267,9.100288749477922e-06,1.0,18.738859596880822,0.05336504043001929
5.0,18.615,20.055729241458906,0.04986106403614658,6.417376548300508e-06,1.0,18.540493489270283,0.05393599693442454
6.0,18.615,19.174751651698895,0.05215191404637563,4.152965801114868e-06,1.5,18.39118871362398,0.05437386433097778
7.5,18.615,18.289329890782003,0.05467668886567624,2.515538423587399e-06,1.5,18.259793728547663,0.05476513124223213
9.0,18.615,17.47949563731822,0.05720988870325462,1.6636622212095548e-06,1.5,18.075113369824674,0.05532468757122379
10.5,18.615,16.802302684982205,0.059515652035824464,1.172145599335073e-06,1.5,17.932576952185848,0.05576443378251375
12.0,18.615,16.29161317795046,0.06138127569548661,7.596263231601873e-07,1.5,17.81321574220054,0.05613809513522828
13.5,18.615,15.961724313404819,0.06264987293134676,nan,1.5,nan,nan
15.0,18.615,15.812141712744653,0.06324253969934988,nan,1.5,nan,nan
16.5,18.615,15.831879328298848,0.06316369517878652,nan,1.5,nan,nan
18.0,18.615,16.002710996179495,0.06248941196518147,nan,1.5,nan,nan
19.5,18.615,16.301461703965806,0.061344192205581224,nan,nan,nan,nan
Name:	26.366508987303583_12_80_0.08
Lambda:	26.366508987303583	Maximal Depth:	20	Filter time:	12.0 to 80.0 [us]
Chi2:	0.13141002895540244	RelRMS:	2.9000416985184465	AbsRMS:	6.481635048919111e-07	Phi model:	0.012103972710150035
depth_vector,start_model,resistivity_model,conductivity_model,E/I[V/A],modelled_thickness,rhoa,sigma
0.0,18.615,22.6247067082156,0.044199467992965175,5.041837306684369e-05,1.0,19.49534402462259,0.05129429871752976
1.0,18.615,22.42837357071201,0.044586380588285075,3.545156914703768e-05,1.0,19.247325815575365,0.051955269505064315
2.0,18.615,22.044136705883528,0.04536353649689998,2.2722993212667483e-05,1.0,19.164985920946737,0.05217848863155338
3.0,18.615,21.495454249803398,0.04652146395134433,1.364206535920942e-05,1.0,19.058704861242802,0.052469462499184265
4.0,18.615,20.81699179181255,0.048037680467996634,9.078753000705026e-06,1.0,18.768481579444995,0.05328081527358012
5.0,18.615,20.04979619580639,0.04987581869830476,6.402405950755128e-06,1.0,18.569384108530745,0.05385208223145116
6.0,18.615,19.236431495131534,0.05198469374390389,4.143721065726859e-06,1.5,18.41853265765754,0.054293141510610404
7.5,18.615,18.40936035685852,0.054320192587649786,2.5107394791321635e-06,1.5,18.28305376687224,0.05469545803184904
9.0,18.615,17.641105374208728,0.056685790305521254,1.6612790675224303e-06,1.5,18.092395427392887,0.05527184081362409
10.5,18.615,16.984603036394645,0.0588768543990812,1.1710303736744697e-06,1.5,17.94396048670046,0.05572905718005626
12.0,18.615,16.47227799606016,0.06070805751573523,7.59361712854238e-07,1.5,17.817353679522526,0.056125057513411736
13.5,18.615,16.11868123005239,0.06203981490343983,nan,1.5,nan,nan
15.0,18.615,15.924463140081992,0.06279646548855972,nan,1.5,nan,nan
16.5,18.615,15.880233200138159,0.06297136744763294,nan,1.5,nan,nan
18.0,18.615,15.969695035758498,0.06261860340857185,nan,1.5,nan,nan
19.5,18.615,16.172014228365708,0.06183521643494478,nan,nan,nan,nan
Name:	33.59818286283781_12_80_0.08
Lambda:	33.59818286283781	Maximal Depth:	20	Filter time:	12.0 to 80.0 [us]
Chi2:	0.1303472387910786	RelRMS:	2.8882907198945587	AbsRMS:	6.464458861688849e-07	Phi model:	0.010721775330125844
depth_vector,start_model,resistivity_model,conductivity_model,E/I[V/A],modelled_thickness,rhoa,sigma
0.0,18.615,22.388732714072987,0.04466532397215254,5.0437158214369454e-05,1.0,19.49050307450596,0.05130703892954019
1.0,18.615,22.211259074893167,0.04502221133111563,3.5440133658209866e-05,1.0,19.25146595692618,0.051944096217785736
2.0,18.615,21.86330748106139,0.045738733760490174,2.2696416769533534e-05,1.0,19.179943871172693,0.05213779595585742
3.0,18.615,21.36485432445016,0.04680584219362496,1.3616630340415152e-05,1.0,19.0824311289472,0.05240422424389335
4.0,18.615,20.745683779671257,0.04820279777810468,9.060411581218895e-06,1.0,18.793802324262725,0.053209030442392384
5.0,18.615,20.041425243099617,0.04989665095521617,6.389373244678138e-06,1.0,18.594626764565568,0.05377897672598772
6.0,18.615,19.28944091438808,0.05184183431952636,4.135428184578968e-06,1.5,18.443147875407366,0.054220678961937364
7.5,18.615,18.515981731372563,0.05400739828478279,2.5062442714800034e-06,1.5,18.304908932250395,0.054630154331888316
9.0,18.615,17.786595558076993,0.05622211382356948,1.6589129516784048e-06,1.5,18.109594856493494,0.05521934686691422
10.5,18.615,17.150256710089888,0.05830816511403454,1.1698079794047067e-06,1.5,17.95645870665442,0.05569026812783601
12.0,18.615,16.637915454964837,0.06010368322322464,7.589305969541865e-07,1.5,17.824100556810208,0.05610381274571083
13.5,18.615,16.264347018931243,0.0614841775594205,nan,1.5,nan,nan
15.0,18.615,16.031416038329564,0.06237752158693261,nan,1.5,nan,nan
16.5,18.615,15.931503545234778,0.0627687146514873,nan,1.5,nan,nan
18.0,18.615,15.950458780762808,0.06269412145098038,nan,1.5,nan,nan
19.5,18.615,16.069927037230542,0.06222803611262307,nan,nan,nan,nan
Name:	42.81332398719393_12_80_0.08
Lambda:	42.81332398719393	Maximal Depth:	20	Filter time:	12.0 to 80.0 [us]
Chi2:	0.13014023172853267	RelRMS:	2.8859963323999724	AbsRMS:	6.499552131388063e-07	Phi model:	0.009648091752771882
depth_vector,start_model,resistivity_model,conductivity_model,E/I[V/A],modelled_thickness,rhoa,sigma
0.0,18.615,22.176212097799493,0.045093363807574165,5.046973410704731e-05,1.0,19.482115356345357,0.051329128367690234
1.0,18.615,22.015233753158782,0.045423092537299016,3.5439963711934084e-05,1.0,19.251527501615378,0.05194393015910508
2.0,18.615,21.699118421861755,0.04608482153784206,2.267803715769961e-05,1.0,19.19030550640897,0.052109644615403905
3.0,18.615,21.24490240443858,0.047070115031033304,1.3596205432927012e-05,1.0,19.10153740935062,0.052351807007454704
4.0,18.615,20.678242810523887,0.04836000859275454,9.044997843496823e-06,1.0,18.815147494379683,0.05314866653576393
5.0,18.615,20.030114427740966,0.04992482712006064,6.378044125528995e-06,1.0,18.61663961805479,0.05371538690742984
6.0,18.615,19.33338084301619,0.051724010824585324,4.127897239030724e-06,1.5,18.465572875411144,0.054154832170498504
7.5,18.615,18.60880067653036,0.053738014468670825,2.5019109812232106e-06,1.5,18.326038808480817,0.054567165902607705
9.0,18.615,17.91562369352204,0.05581720274475187,1.6564564709946719e-06,1.5,18.127494464380813,0.05516482170025902
10.5,18.615,17.299085582916433,0.057806523657385776,1.1683948995186937e-06,1.5,17.97093372063125,0.05564541139295203
12.0,18.615,16.78866986783891,0.05956398022428463,7.58272530269216e-07,1.5,17.834411494180358,0.056071376413307235
13.5,18.615,16.399316796799127,0.060978150028492856,nan,1.5,nan,nan
15.0,18.615,16.13408728949445,0.061980574547352306,nan,1.5,nan,nan
16.5,18.615,15.987161969236714,0.06255018882802647,nan,1.5,nan,nan
18.0,18.615,15.946568547780755,0.06270941594761888,nan,1.5,nan,nan
19.5,18.615,15.996434784966924,0.06251392972512704,nan,nan,nan,nan
Name:	54.5559478116852_12_80_0.08
Lambda:	54.5559478116852	Maximal Depth:	20	Filter time:	12.0 to 80.0 [us]
Chi2:	0.1306190197593122	RelRMS:	2.8913002722989503	AbsRMS:	6.588398779488061e-07	Phi model:	0.008790344602829113
depth_vector,start_model,resistivity_model,conductivity_model,E/I[V/A],modelled_thickness,rhoa,sigma
0.0,18.615,21.98390563368642,0.045487822621821945,5.051696685092726e-05,1.0,19.469969770722198,0.05136114805395032
1.0,18.615,21.83733059229326,0.04579314288317437,3.5451312518142695e-05,1.0,19.247418701915255,0.05195501877353003
2.0,18.615,21.54906292575155,0.046405730190939326,2.266770696884535e-05,1.0,19.196135369021732,0.052093818926374956
3.0,18.615,21.13369804805593,0.04731779538659535,1.3580500071052566e-05,1.0,19.11626140149412,0.05231148387214669
4.0,18.615,20.613416285311736,0.04851209455817173,9.032236075091998e-06,1.0,18.83286610763643,0.053098662427941104
5.0,18.615,20.01523312913374,0.04996194616111774,6.3681783283078325e-06,1.0,18.635862341881342,0.05365997997058864
6.0,18.615,19.36810781816741,0.05163126978578638,4.120936240637812e-06,1.5,18.486361462475916,0.05409393308844606
7.5,18.615,18.688123467385658,0.053509920444671226,2.497600805655992e-06,1.5,18.347116567906212,0.05450447738198029
9.0,18.615,18.02885899405186,0.055466627163145675,1.6538088168972895e-06,1.5,18.146836699229155,0.055106022971071214
10.5,18.615,17.432087856618146,0.05736547499216205,1.1667155914139451e-06,1.5,17.98817385460882,0.055592080001149534
12.0,18.615,16.925853490767214,0.059081215641236896,7.573349345112053e-07,1.5,17.849128030151295,0.05602514578363544
13.5,18.615,16.525186830483047,0.0605136879999056,nan,1.5,nan,nan
15.0,18.615,16.23425284866932,0.061598153565901086,nan,1.5,nan,nan
16.5,18.615,16.048953103939546,0.06230936021331693,nan,1.5,nan,nan
18.0,18.615,15.959406186475489,0.06265897291638783,nan,1.5,nan,nan
19.5,18.615,15.952064521486392,0.06268781063749242,nan,nan,nan,nan
Name:	69.51927961775606_12_80_0.08
Lambda:	69.51927961775606	Maximal Depth:	20	Filter time:	12.0 to 80.0 [us]
Chi2:	0.131757379987678	RelRMS:	2.903871952964075	AbsRMS:	6.73318332181526e-07	Phi model:	0.008069870573120344
depth_vector,start_model,resistivity_model,conductivity_model,E/I[V/A],modelled_thickness,rhoa,sigma
0.0,18.615,21.807715215045132,0.04585533102111038,5.0579809000059385e-05,1.0,19.453839642005825,0.051403734090659604
1.0,18.615,21.673764144069672,0.046138732218031345,3.5474378696551364e-05,1.0,19.23907441633248,0.05197755247264275
2.0,18.615,21.40995829755612,0.04670723716982424,2.2665154996697488e-05,1.0,19.197576261692,0.052089908974366744
3.0,18.615,21.028859451000038,0.04755369649648043,1.3569107551538254e-05,1.0,19.126959816594148,0.052282224127036696
4.0,18.615,20.54972446320621,0.04866245295845577,9.021768912486014e-06,1.0,18.847430034461638,0.053057631633148236
5.0,18.615,19.99620342943598,0.05000949322849564,6.359478929362031e-06,1.0,18.65285365657733,0.05361109985695846
6.0,18.615,19.393890900141795,0.05156262893036532,4.114318122773696e-06,1.5,18.50618040355038,0.05403600192982835
7.5,18.615,18.754935053860144,0.05331929954053239,2.4931567626087623e-06,1.5,18.3689125425142,0.054439804081245165
9.0,18.615,18.1278572805832,0.055163717615490215,1.6508603253182147e-06,1.5,18.168437509350156,0.05504050634433273
10.5,18.615,17.551245188236837,0.05697601448073998,1.1646905454210467e-06,1.5,18.009018494003055,0.055527734636565386
12.0,18.615,17.051738063312403,0.05864504816383181,7.560645002926397e-07,1.5,17.869117327538213,0.05596247322518239
13.5,18.615,16.644366649648312,0.0600803876199837,nan,1.5,nan,nan
15.0,18.615,16.334262719120105,0.061221006248996346,nan,1.5,nan,nan
16.5,18.615,16.118897886148268,0.062038981018630764,nan,1.5,nan,nan
18.0,18.615,15.990312068268862,0.06253786641127522,nan,1.5,nan,nan
19.5,18.615,15.937070784011308,0.06274678788546507,nan,nan,nan,nan
Name:	88.58667904100822_12_80_0.08
Lambda:	88.58667904100822	Maximal Depth:	20	Filter time:	12.0 to 80.0 [us]
Chi2:	0.13370835747037949	RelRMS:	2.9252922722531998	AbsRMS:	6.938093345531811e-07	Phi model:	0.007424411636191832
depth_vector,start_model,resistivity_model,conductivity_model,E/I[V/A],modelled_thickness,rhoa,sigma
0.0,18.615,21.64306350581365,0.046204179908790874,5.0659661263462936e-05,1.0,19.433391531689562,0.05145782188195633
1.0,18.615,21.520302400661116,0.046467748518686215,3.5509607235258965e-05,1.0,19.226347783614838,0.05201195834251081
2.0,18.615,21.278228919018588,0.04699639259478946,2.2670214918380518e-05,1.0,19.19471959575129,0.052097661287083756
3.0,18.615,20.927702028822385,0.04778355495614205,1.3561658994780426e-05,1.0,19.133962657351717,0.052263089351006785
4.0,18.615,20.485508932385304,0.0488149942137445,9.013261339175984e-06,1.0,18.859288167518137,0.05302427064677484
5.0,18.615,19.972427535518207,0.05006902632249575,6.3516651413238226e-06,1.0,18.668148289243142,0.05356717680329412
6.0,18.615,19.411143541580827,0.05151680002045675,4.1078270534049695e-06,1.5,18.525670559792925,0.05397915269908469
7.5,18.615,18.81054445108283,0.053161672305685706,2.4884303959800637e-06,1.5,18.392164349684617,0.0543709799992706
9.0,18.615,18.21463749476574,0.05490090045917003,1.6475088123400906e-06,1.5,18.193069093323484,0.05496598703992068
10.5,18.615,17.659076588958655,0.05662810254898891,1.162246857519428e-06,1.5,18.034252957195573,0.055450037346903534
12.0,18.615,17.1691263746043,0.058244081741931214,7.54413290744738e-07,1.5,17.895181647654233,0.05588096392031224
13.5,18.615,16.759714718906668,0.059666886744313016,nan,1.5,nan,nan
15.0,18.615,16.436775685925575,0.060839182763580364,nan,1.5,nan,nan
16.5,18.615,16.199160242193287,0.06173159503634893,nan,1.5,nan,nan
18.0,18.615,16.040619016947055,0.062341733753759204,nan,1.5,nan,nan
19.5,18.615,15.951591129237556,0.06268967101138313,nan,nan,nan,nan
Name:	112.88378916846884_12_80_0.08
Lambda:	112.88378916846884	Maximal Depth:	20	Filter time:	12.0 to 80.0 [us]
Chi2:	0.13680510968312032	RelRMS:	2.9589739809129276	AbsRMS:	7.208703693912187e-07	Phi model:	0.006808257641847156
depth_vector,start_model,resistivity_model,conductivity_model,E/I[V/A],modelled_thickness,rhoa,sigma
0.0,18.615,21.485383749671,0.04654326921274155,5.0758153505459196e-05,1.0,19.40824407312653,0.05152449630333339
1.0,18.615,21.372717094591202,0.04678862287720405,3.555758862184068e-05,1.0,19.209047877415117,0.05205880095575908
2.0,18.615,21.15029410319946,0.04728066641157143,2.2682803692844115e-05,1.0,19.187616994859958,0.052116946063071996
3.0,18.615,20.8275336537671,0.04801336618266027,1.3557834062920112e-05,1.0,19.13756119982623,0.05225326203053919
4.0,18.615,20.419116021089277,0.04897371653930463,9.00641404733504e-06,1.0,18.86884570373331,0.05299741254453865
5.0,18.615,19.94334454034709,0.050142041019093586,6.344484350947079e-06,1.0,18.682231575641794,0.05352679608702725
6.0,18.615,19.420367713867044,0.05149233087311491,4.101268148748018e-06,1.5,18.545416605611916,0.05392167893911836
7.5,18.615,18.85640941110551,0.05303236571704094,2.4832883412572714e-06,1.5,18.417544918844804,0.05429605326911957
9.0,18.615,18.2914174166383,0.054670448835221305,1.6436637078815254e-06,1.5,18.221431344673558,0.05488043069088079
10.5,18.615,17.75832171359146,0.05631162764861067,1.1593208754948003e-06,1.5,18.064584351693778,0.055356933795503445
12.0,18.615,17.28102538539653,0.05786693657918344,7.523402500521086e-07,1.5,17.928039496973,0.05577854735141797
13.5,18.615,16.874241202117336,0.059261924019109236,nan,1.5,nan,nan
15.0,18.615,16.544528275545215,0.06044294423783114,nan,1.5,nan,nan
16.5,18.615,16.29191010444795,0.06138015699748945,nan,1.5,nan,nan
18.0,18.615,16.11162449495778,0.06206698773999825,nan,1.5,nan,nan
19.5,18.615,15.995743948958086,0.06251662962291522,nan,nan,nan,nan
Name:	143.8449888287663_12_80_0.08
Lambda:	143.8449888287663	Maximal Depth:	20	Filter time:	12.0 to 80.0 [us]
Chi2:	0.14156001975425056	RelRMS:	3.0099570203363424	AbsRMS:	7.551185764942587e-07	Phi model:	0.006191206696233002
depth_vector,start_model,resistivity_model,conductivity_model,E/I[V/A],modelled_thickness,rhoa,sigma
0.0,18.615,21.330516899947767,0.0468811892693725,5.087690406532352e-05,1.0,19.3780321017503,0.05160482729872638
1.0,18.615,21.227156190098935,0.04710946633852131,3.5618941746842323e-05,1.0,19.18698333063067,0.052118667263528096
2.0,18.615,21.022891764720374,0.04756719537880858,2.2702890378852506e-05,1.0,19.17629765806012,0.05214770952304671
3.0,18.615,20.725907499710406,0.04824879200169993,1.3557368823528002e-05,1.0,19.13799901813414,0.052252066637293364
4.0,18.615,20.34906082641123,0.04914231710891006,9.00097799471715e-06,1.0,18.8764420424387,0.05297608509865174
5.0,18.615,19.908493399226074,0.05022981799511128,6.337727312257934e-06,1.0,18.69550806362562,0.053488784396591035
6.0,18.615,19.422110648402665,0.051487709966385305,4.0944813108566e-06,1.5,18.565904343590766,0.053862175603916394
7.5,18.615,18.89399122434379,0.052926879669106607,2.4776230716394634e-06,1.5,18.445609622080585,0.05421344268301848
9.0,18.615,18.360384862530715,0.05446508923899346,1.6392539692630748e-06,1.5,18.254094888960022,0.054782228649682026
10.5,18.615,17.851656832227988,0.056017209461178864,1.1558641372565623e-06,1.5,18.10058250189934,0.055246840807198744
12.0,18.615,17.390340138729318,0.05750318809308052,7.498153520018639e-07,1.5,17.96826371577277,0.055653680056030524
13.5,18.615,16.99081257762666,0.05885533699057987,nan,1.5,nan,nan
15.0,18.615,16.66007808051116,0.06002372829031293,nan,1.5,nan,nan
16.5,18.615,16.399125408216676,0.06097886168362103,nan,1.5,nan,nan
18.0,18.615,16.20446107067223,0.061711401301081076,nan,1.5,nan,nan
19.5,18.615,16.069566214909084,0.062229433366547016,nan,nan,nan,nan
Name:	183.29807108324357_12_80_0.08
Lambda:	183.29807108324357	Maximal Depth:	20	Filter time:	12.0 to 80.0 [us]
Chi2:	0.14864592123141956	RelRMS:	3.0843701073008165	AbsRMS:	7.971105445941263e-07	Phi model:	0.0055572322277326934
depth_vector,start_model,resistivity_model,conductivity_model,E/I[V/A],modelled_thickness,rhoa,sigma
0.0,18.615,21.175058830292915,0.0472253705651767,5.1017191167664275e-05,1.0,19.34249198519011,0.05169964660012091
1.0,18.615,21.080472703814696,0.04743726642425059,3.5694135790710627e-05,1.0,19.16002738277328,0.05219199221495356
2.0,18.615,20.89337038970668,0.047862072099801554,2.273042808072325e-05,1.0,19.160806591811273,0.052189869732695314
3.0,18.615,20.62085953140277,0.048494583772181556,1.3560045105020205e-05,1.0,19.135480818176415,0.05225894292920614
4.0,18.615,20.274194642042428,0.04932378413327,8.996759872288677e-06,1.0,18.8823417162548,0.05295953304028776
5.0,18.615,19.867598196251116,0.0503332103922201,6.331239252809104e-06,1.0,18.708278271302913,0.053452273132687175
6.0,18.615,19.41696065510772,0.051501366138729104,4.087354467867669e-06,1.5,18.587479482911938,0.053799655887681375
7.5,18.615,18.9246599399373,0.05284110801323668,2.4713648795211005e-06,1.5,18.476736147879873,0.054122112909792554
9.0,18.615,18.423522575840224,0.0542784364870242,1.6342377410705265e-06,1.5,18.29142928794971,0.054670413353580534
10.5,18.615,17.941458618283743,0.05573682838589958,1.1518511109069061e-06,1.5,18.142599507236145,0.05511889294591724
12.0,18.615,17.49960053066165,0.057144161562309136,7.468253804254018e-07,1.5,18.016189968614345,0.05550563142052124
13.5,18.615,17.111865791863007,0.058438981006706914,nan,1.5,nan,nan
15.0,18.615,16.78552598244001,0.05957513640300213,nan,1.5,nan,nan
16.5,18.615,16.522336396475335,0.06052412782330998,nan,1.5,nan,nan
18.0,18.615,16.31986849461959,0.06127500355347131,nan,1.5,nan,nan
19.5,18.615,16.172810428455286,0.06183217223894172,nan,nan,nan,nan
Name:	233.57214690901213_12_80_0.08
Lambda:	233.57214690901213	Maximal Depth:	20	Filter time:	12.0 to 80.0 [us]
Chi2:	0.15884430278288422	RelRMS:	3.188422082802807	AbsRMS:	8.471884297009827e-07	Phi model:	0.004903064739180721
depth_vector,start_model,resistivity_model,conductivity_model,E/I[V/A],modelled_thickness,rhoa,sigma
0.0,18.615,21.016658488901307,0.047581303208980165,5.117956174045584e-05,1.0,19.30156009237592,0.05180928356122872
1.0,18.615,20.93050954188635,0.04777714551090071,3.578326780929439e-05,1.0,19.12819720469071,0.05227884203090373
2.0,18.615,20.7599468650203,0.04816968012981579,2.2765258335205258e-05,1.0,19.141257913628017,0.05224317045997427
3.0,18.615,20.511125595038557,0.04875402841089766,1.3565665370979752e-05,1.0,19.13019522320863,0.05227338186213627
4.0,18.615,20.193868262855244,0.04951998235223747,8.99361998187172e-06,1.0,18.88673631558325,0.05294721032214075
5.0,18.615,19.8206663776168,0.05045239049728853,6.32492710356142e-06,1.0,18.720723190648936,0.05341673982442641
6.0,18.615,19.40557195149412,0.051531591158435586,4.079835585509272e-06,1.5,18.610309517195763,0.0537336576307884
7.5,18.615,18.949640677009313,0.052771449181791184,2.464494116600929e-06,1.5,18.51106107180592,0.05402175467526785
9.0,18.615,18.48247952066151,0.05410529463225445,1.6286127765646105e-06,1.5,18.333522168442368,0.05454489272777643
10.5,18.615,18.029611319766985,0.05546431269450816,1.1472878286536677e-06,1.5,18.190675218206543,0.05497322051020556
12.0,18.615,17.61071980933491,0.056783596061186,7.433805684992396e-07,1.5,18.071804866724797,0.05533481616112828
13.5,18.615,17.23913456243591,0.058007552315242135,nan,1.5,nan,nan
15.0,18.615,16.922224464260456,0.0590938858015971,nan,1.5,nan,nan
16.5,18.615,16.662325438638142,0.060015632492755634,nan,1.5,nan,nan
18.0,18.615,16.457888545347828,0.06076113574621766,nan,1.5,nan,nan
19.5,18.615,16.304631985228873,0.061332264408417596,nan,nan,nan,nan
Name:	297.63514416313194_12_80_0.08
Lambda:	297.63514416313194	Maximal Depth:	20	Filter time:	12.0 to 80.0 [us]
Chi2:	0.17294774562433687	RelRMS:	3.326958929707062	AbsRMS:	9.053122308319897e-07	Phi model:	0.004236436232038545
depth_vector,start_model,resistivity_model,conductivity_model,E/I[V/A],modelled_thickness,rhoa,sigma
0.0,18.615,20.8542444660229,0.04795186906096097,5.136342822066834e-05,1.0,19.255469832389593,0.05193329525088511
1.0,18.615,20.77631788292586,0.04813172409254519,3.588582682459775e-05,1.0,19.09173518307003,0.05237868587695317
2.0,18.615,20.621907904245308,0.04849211841325972,2.2807002834103114e-05,1.0,19.117894148941726,0.052307016254473565
3.0,18.615,20.396316401490633,0.049028460841434904,1.3574017884586286e-05,1.0,19.122346817107207,0.052294836484472786
4.0,18.615,20.10807061249929,0.04973127552965695,8.991463173325217e-06,1.0,18.889756472603242,0.052938744946254335
5.0,18.615,19.768081397496562,0.050586598663370556,6.318761634360713e-06,1.0,18.732898918187626,0.053382020816282086
6.0,18.615,19.388702955799424,0.051576425833110534,4.07194119830887e-06,1.5,18.634355306159065,0.05366431967031765
7.5,18.615,18.969990100731643,0.05271484037102537,2.4570512245879504e-06,1.5,18.54842465689097,0.0539129343056359
9.0,18.615,18.53848376714379,0.053941844034317656,1.6224253765405335e-06,1.5,18.3801046316483,0.054406654371168366
10.5,18.615,18.117359786661606,0.05519568037370554,1.1422194677205106e-06,1.5,18.244447054678172,0.05481119800468734
12.0,18.615,17.72479539658333,0.056418140668228096,7.395205419231055e-07,1.5,18.134635758333786,0.05514309817556987
13.5,18.615,17.373407199875768,0.05755923340167556,nan,1.5,nan,nan
15.0,18.615,17.070500797092883,0.05858058951441546,nan,1.5,nan,nan
16.5,18.615,16.818821267730293,0.05945719881800911,nan,1.5,nan,nan
18.0,18.615,16.617532352572297,0.06017740653564642,nan,1.5,nan,nan
19.5,18.615,16.463227931010167,0.06074142957812047,nan,nan,nan,nan
Name:	379.26901907322497_12_80_0.08
Lambda:	379.26901907322497	Maximal Depth:	20	Filter time:	12.0 to 80.0 [us]
Chi2:	0.1916162674603514	RelRMS:	3.5019196332101177	AbsRMS:	9.709126058155133e-07	Phi model:	0.0035735724029829093
depth_vector,start_model,resistivity_model,conductivity_model,E/I[V/A],modelled_thickness,rhoa,sigma
0.0,18.615,20.688135305620346,0.048336884171882324,5.15667349661474e-05,1.0,19.204825506291105,0.052070246598825934
1.0,18.615,20.618265621337674,0.048500684701874644,3.600049278623988e-05,1.0,19.05117396139544,0.0524902035972356
2.0,18.615,20.47971397026056,0.04882880695756501,2.285496481197646e-05,1.0,19.09113838636866,0.052380323255841785
3.0,18.615,20.277012919507655,0.04931692868025657,1.3584838750958032e-05,1.0,19.112190993486493,0.052322624880674524
4.0,18.615,20.017510094393376,0.04995626305591753,8.99022348766052e-06,1.0,18.89149293830909,0.05293387892981985
5.0,18.615,19.71066334478674,0.05073395971041681,6.312772548463537e-06,1.0,18.744745293378607,0.05334828424439781
6.0,18.615,19.36724904538395,0.05163355919349543,4.063758134685357e-06,1.5,18.65936253340299,0.053592398894113
7.5,18.615,18.98659340454612,0.05266874255392026,2.449141049677795e-06,1.5,18.588341349878025,0.05379716141303602
9.0,18.615,18.592298300408906,0.053785711902976874,1.6157747474957403e-06,1.5,18.430505862200604,0.05425787048259564
10.5,18.615,18.205221928910195,0.054929294677368554,1.1367342363950356e-06,1.5,18.3030914866921,0.054635578952718714
12.0,18.615,17.841978658783756,0.056047595343787254,7.353174780722405e-07,1.5,18.203674964828473,0.05493396261645582
13.5,18.615,17.514356039372537,0.0570960187032846,nan,1.5,nan,nan
15.0,18.615,17.229448750525545,0.058040162194364885,nan,1.5,nan,nan
16.5,18.615,16.990254659305762,0.05885726965559567,nan,1.5,nan,nan
18.0,18.615,16.796500122447384,0.05953621246747516,nan,1.5,nan,nan
19.5,18.615,16.645519116853453,0.060076227901327994,nan,nan,nan,nan
Name:	483.2930238571752_12_80_0.08
Lambda:	483.2930238571752	Maximal Depth:	20	Filter time:	12.0 to 80.0 [us]
Chi2:	0.2152090746622542	RelRMS:	3.711250567987059	AbsRMS:	1.0428077082113104e-06	Phi model:	0.0029357058954515482
depth_vector,start_model,resistivity_model,conductivity_model,E/I[V/A],modelled_thickness,rhoa,sigma
0.0,18.615,20.519983119261784,0.04873298355988002,5.178579667784689e-05,1.0,19.150627716180555,0.05221760951235505
1.0,18.615,20.457986900520382,0.04888066479183069,3.612503108418037e-05,1.0,19.007363782739045,0.05261118855988432
2.0,18.615,20.334959690681746,0.04917639450538169,2.2908068388985316e-05,1.0,19.06162331736016,0.05246142908979118
3.0,18.615,20.154740662630413,0.0496161184477126,1.3597779842907051e-05,1.0,19.100062941613892,0.052355848410387665
4.0,18.615,19.9236031830918,0.05019172439896071,8.989844373037066e-06,1.0,18.89202405546727,0.05293239078375005
5.0,18.615,19.649669661826575,0.05089144078298174,6.3070352653416374e-06,1.0,18.756111184330127,0.053315956072784124
6.0,18.615,19.342251034035314,0.051700290635271165,4.05543541910985e-06,1.5,18.684882768505876,0.05351920118468928
7.5,18.615,19.000174415055184,0.05263109580760633,2.4409280701002148e-06,1.5,18.630014074086436,0.053676824720758416
9.0,18.615,18.64422568242411,0.05363590942490569,1.6088097749897396e-06,1.5,18.48366131624827,0.0541018352852494
10.5,18.615,18.29298136141048,0.054665774826050284,1.1309610022595007e-06,1.5,18.365326662400015,0.05445043360145265
12.0,18.615,17.961450176174804,0.055674791856531874,7.308744588720735e-07,1.5,18.2773744009078,0.05471245366349403
13.5,18.615,17.660491204503412,0.05662356660527091,nan,1.5,nan,nan
15.0,18.615,17.396857535995967,0.05748164563231564,nan,1.5,nan,nan
16.5,18.615,17.17365954797236,0.05822870758597674,nan,1.5,nan,nan
18.0,18.615,16.991051382164205,0.05885450979506289,nan,1.5,nan,nan
19.5,18.615,16.84698642174725,0.05935779699502406,nan,nan,nan,nan
Name:	615.8482110660261_12_80_0.08
Lambda:	615.8482110660261	Maximal Depth:	20	Filter time:	12.0 to 80.0 [us]
Chi2:	0.2436363326577209	RelRMS:	3.948762501100077	AbsRMS:	1.1192227570487996e-06	Phi model:	0.0023448556967116496
depth_vector,start_model,resistivity_model,conductivity_model,E/I[V/A],modelled_thickness,rhoa,sigma
0.0,18.615,20.352522185065148,0.049133959462469394,5.2015401019512305e-05,1.0,19.094230207758095,0.05237184160447035
1.0,18.615,20.298144901939168,0.049265585837081384,3.625633824153911e-05,1.0,18.961444238024214,0.052738598782188555
2.0,18.615,20.19016398412963,0.04952906775725272,2.29648630886988e-05,1.0,19.030182651068216,0.05254810310209331
3.0,18.615,20.03179787390241,0.049920631502717396,1.3612392840336195e-05,1.0,19.086391128711234,0.05239335153808738
4.0,18.615,19.828348007301436,0.050432844916367604,8.990258305970221e-06,1.0,18.891444161788698,0.05293401560176525
5.0,18.615,19.58671767176476,0.051055006599781155,6.3016502982533485e-06,1.0,18.76679480500391,0.053285604195627674
6.0,18.615,19.314866512904906,0.05177359104873268,4.047165459759322e-06,1.5,18.71032784356672,0.053446417847982056
7.5,18.615,19.011313564839323,0.052600258082611435,2.432620993977232e-06,1.5,18.67240264661947,0.05355497195113475
9.0,18.615,18.694166162600133,0.05349262391818347,1.6017167143258802e-06,1.5,18.538189958246335,0.053942698950237615
10.5,18.615,18.37977672856043,0.054407625009181684,1.1250593489173083e-06,1.5,18.429495871528925,0.054260843973755385
12.0,18.615,18.081530484182505,0.055305052903280916,7.263179691495148e-07,1.5,18.35373566271317,0.0544848208766331
13.5,18.615,17.809283104273717,0.05615049152427863,nan,1.5,nan,nan
15.0,18.615,17.56933704814249,0.056917343964650306,nan,1.5,nan,nan
16.5,18.615,17.36479284949395,0.05758778746555231,nan,1.5,nan,nan
18.0,18.615,17.196112138045503,0.05815267962736484,nan,1.5,nan,nan
19.5,18.615,17.06175899224094,0.058610604009514095,nan,nan,nan,nan
Name:	784.7599703514607_12_80_0.08
Lambda:	784.7599703514607	Maximal Depth:	20	Filter time:	12.0 to 80.0 [us]
Chi2:	0.2762852643985157	RelRMS:	4.20502757678294	AbsRMS:	1.1979284634894646e-06	Phi model:	0.0018196369719820078
depth_vector,start_model,resistivity_model,conductivity_model,E/I[V/A],modelled_thickness,rhoa,sigma
0.0,18.615,20.1891430486351,0.04953157236991323,5.224921332104448e-05,1.0,19.03722389803151,0.052528667276083366
1.0,18.615,20.142026822973314,0.049647436615437024,3.6390663798904965e-05,1.0,18.914755045463604,0.052868778770668444
2.0,18.615,20.0484058168443,0.04987927764110892,2.3023608273464854e-05,1.0,18.997798282043178,0.05263767859590369
3.0,18.615,19.910949440172956,0.05022362208315233,1.3628137585941843e-05,1.0,19.0716878104458,0.052433744193961046
4.0,18.615,19.73409011072039,0.05067373232763125,8.991371186469005e-06,1.0,18.889885307706265,0.05293838388696001
5.0,18.615,19.523631514826594,0.051219979194986456,6.296719042117465e-06,1.0,18.776591631613144,0.053257802034547816
6.0,18.615,19.286302773855823,0.05185026968235626,4.039157076483831e-06,1.5,18.735050824657687,0.05337588936155294
7.5,18.615,19.02046995567563,0.05257493649370131,2.4244484100064054e-06,1.5,18.71434103056815,0.053434956559068374
9.0,18.615,18.741725117598584,0.05335688116890555,1.5946990323071854e-06,1.5,18.592536636027187,0.053785022430036626
10.5,18.615,18.464285759599264,0.05415860721718506,1.119203016937306e-06,1.5,18.49372928149861,0.054072382307467554
12.0,18.615,18.199928944230212,0.05494526946035262,7.217852349816442e-07,1.5,18.43049512837745,0.054257902082093225
13.5,18.615,17.957462926518023,0.05568715380853087,nan,1.5,nan,nan
15.0,18.615,17.74265660991062,0.056361345540634766,nan,1.5,nan,nan
16.5,18.615,17.558498726862936,0.05695247729067458,nan,1.5,nan,nan
18.0,18.615,17.40565309354536,0.057452598568153455,nan,1.5,nan,nan
19.5,18.615,17.282996330954667,0.05786033745832327,nan,nan,nan,nan
Name:	1000.0_12_80_0.08
Lambda:	1000.0	Maximal Depth:	20	Filter time:	12.0 to 80.0 [us]
Chi2:	0.3120591468322891	RelRMS:	4.46898035319764	AbsRMS:	1.276479241632682e-06	Phi model:	0.0013721043531567272
depth_vector,start_model,resistivity_model,conductivity_model,E/I[V/A],modelled_thickness,rhoa,sigma
0.0,18.615,20.033369442227027,0.049916715352544015,5.248043241024264e-05,1.0,18.981266430402624,0.052683523708317095
1.0,18.615,19.99304456872031,0.050017394627556055,3.6523981995391526e-05,1.0,18.868699139660947,0.05299782420601832
2.0,18.615,19.91287170605104,0.050218773804288824,2.3082429476020177e-05,1.0,18.9655096967103,0.05272729370270798
3.0,18.615,19.795042081289562,0.05051770013387384,1.3644416731730756e-05,1.0,19.05651517916574,0.05247549148405098
4.0,18.615,19.64322289554028,0.05090814299251454,8.993056421313202e-06,1.0,18.887525347180002,0.052944998437781304
5.0,18.615,19.46224135092442,0.051381543470197584,6.2923217465259395e-06,1.0,18.785338441160864,0.05323300419272104
6.0,18.615,19.257723863903824,0.05192721668807257,4.031606117122697e-06,1.5,18.7584366217722,0.05330934662429907
7.5,18.615,19.02800457796802,0.05255411811062266,2.416630444567255e-06,1.5,18.754680752023983,0.05332002251715648
9.0,18.615,18.786352723193556,0.05323013012341688,1.5879534569348072e-06,1.5,18.645153094066334,0.053633241569801954
10.5,18.615,18.544975171094425,0.053922962461479824,1.113560054901625e-06,1.5,18.55615457506408,0.053890475850196275
12.0,18.615,18.314092975305037,0.054602758725120215,7.174089455085576e-07,1.5,18.5053714367079,0.054038364126880754
13.5,18.615,18.101457402217207,0.05524417055377609,nan,1.5,nan,nan
15.0,18.615,17.912250115261006,0.05582771531020622,nan,1.5,nan,nan
16.5,18.615,17.749268812324004,0.05634034903486623,nan,1.5,nan,nan
18.0,18.615,17.613290401286914,0.05677530871386388,nan,1.5,nan,nan
19.5,18.615,17.503516396792673,0.05713137733759823,nan,nan,nan,nan
