Name:	10.0_12_80_0.08
Lambda:	10	Maximal Depth:	20	Filter time:	12 to 80 [us]
Chi2:	0.1751337324059038	RelRMS:	3.347918588313916	AbsRMS:	6.385243910295755e-07	Phi model:	0.0509469829826253
depth_vector,start_model,resistivity_model,conductivity_model,E/I[V/A],modelled_thickness,rhoa,sigma
0.0,18.0544,21.92990168528601,0.0455998396322476,5.031008846096116e-05,1.0,19.523307787619284,0.0512208285029522
1.0,18.0544,21.81216850305069,0.0458459689535287,3.562224111140314e-05,1.0,19.185798568375017,0.0521218856977031
2.0,18.0544,21.57624600475463,0.046347265403798,2.311969047198338e-05,1.0,18.945126963172296,0.0527840220835634
3.0,18.0544,21.22270328516021,0.047119350752043,1.4170916886242296e-05,1.0,18.58153130723653,0.0538168778162299
4.0,18.0544,20.753650210333475,0.0481842948042985,9.634657846502644e-06,1.0,18.03941327140021,0.0554341754332667
5.0,18.0544,20.17331116950524,0.0495704444152747,6.936892367565471e-06,1.0,17.60285050618255,0.0568089810027515
6.0,18.0544,19.488539349778723,0.0513122087834332,4.617361442969143e-06,1.5,17.13639467058957,0.0583553319833521
7.5,18.0544,18.650511525845666,0.0536178323374247,2.8972509540081497e-06,1.5,16.618523201685353,0.0601738185676201
9.0,18.0544,17.682051916552453,0.0565545223325514,1.97428844515748e-06,1.5,16.12565623127415,0.0620129801639078
10.5,18.0544,16.614791751881793,0.0601873327655003,1.4270473083990208e-06,1.5,15.727927440487456,0.0635811681980271
12.0,18.0544,15.486758997294393,0.0645712895883964,9.546587722591403e-07,1.5,15.2959651925981,0.065376717808165
13.5,18.0544,14.338561000491111,0.0697420054889572,nan,1.5,nan,nan
15.0,18.0544,13.20913898844061,0.0757051614700326,nan,1.5,nan,nan
16.5,18.0544,12.132107389802748,0.0824259106740612,nan,1.5,nan,nan
18.0,18.0544,11.133375886156678,0.0898200159794665,nan,1.5,nan,nan
19.5,18.0544,10.230277069252152,0.0977490632199565,nan,nan,nan,nan
Name:	12.742749857031335_12_80_0.08
Lambda:	12.742749857031336	Maximal Depth:	20	Filter time:	12 to 80 [us]
Chi2:	0.1849255469983434	RelRMS:	3.4402376382880844	AbsRMS:	6.41367611994306e-07	Phi model:	0.0496034658009726
depth_vector,start_model,resistivity_model,conductivity_model,E/I[V/A],modelled_thickness,rhoa,sigma
0.0,18.0544,22.15671937847261,0.0451330353974513,5.028677743582808e-05,1.0,19.529340827014074,0.0512050052716958
1.0,18.0544,22.02225813260881,0.0454086040576955,3.5633651406981005e-05,1.0,19.181702677575377,0.0521330153432658
2.0,18.0544,21.75375334912016,0.0459690787125912,2.3148921703443548e-05,1.0,18.929175003273333,0.0528285041385625
3.0,18.0544,21.354217877325947,0.0468291559889817,1.4199547461635066e-05,1.0,18.55654558739381,0.0538893403026121
4.0,18.0544,20.82948170989637,0.0480088757813347,9.65561327234305e-06,1.0,18.013303384515524,0.0555145260507638
5.0,18.0544,20.188348981584326,0.0495335205921095,6.951916017670872e-06,1.0,17.57748057836384,0.0568909745365272
6.0,18.0544,19.44261656057283,0.0514334064494114,4.626936522385241e-06,1.5,17.11274489947671,0.0584359789077776
7.5,18.0544,18.54971588597683,0.0539091814746325,2.9023877663610214e-06,1.5,16.59890913607668,0.0602449228321012
9.0,18.0544,17.54094644452708,0.0570094665736812,1.976919978305616e-06,1.5,16.11134284837098,0.0620680727492004
10.5,18.0544,16.453507845066703,0.0607773132280623,1.4283239727451894e-06,1.5,15.718554087763092,0.0636190831813532
12.0,18.0544,15.327422010626972,0.0652425436780346,9.549923963846573e-07,1.5,15.292402581207854,0.065391948367149
13.5,18.0544,14.201915181192144,0.0704130384699324,nan,1.5,nan,nan
15.0,18.0544,13.112047812027583,0.0762657377654394,nan,1.5,nan,nan
16.5,18.0544,12.08624765385261,0.0827386653525373,nan,1.5,nan,nan
18.0,18.0544,11.145074747081871,0.0897257329083262,nan,1.5,nan,nan
19.5,18.0544,10.301187673491428,0.0970761849697536,nan,nan,nan,nan
Name:	16.237767391887218_12_80_0.08
Lambda:	16.237767391887218	Maximal Depth:	20	Filter time:	12 to 80 [us]
Chi2:	0.195425598606363	RelRMS:	3.5365574095166656	AbsRMS:	6.740873331481415e-07	Phi model:	0.0473901509105928
depth_vector,start_model,resistivity_model,conductivity_model,E/I[V/A],modelled_thickness,rhoa,sigma
0.0,18.0544,22.32139460118348,0.0448000681797444,5.035374571685569e-05,1.0,19.51202154011596,0.0512504559275951
1.0,18.0544,22.17238274626352,0.0451011517996873,3.569735624043555e-05,1.0,19.15887501297668,0.0521951314637566
2.0,18.0544,21.87569296085833,0.0457128376133856,2.320101759920648e-05,1.0,18.900828495385923,0.0529077336606763
3.0,18.0544,21.43680596352305,0.0466487405680493,1.4233624062534024e-05,1.0,18.52691637612001,0.0539755229471934
4.0,18.0544,20.865225579783807,0.0479266325770709,9.675681502519588e-06,1.0,17.98838729662323,0.0555914203708366
5.0,18.0544,20.17416264223925,0.0495683522401207,6.96336866702093e-06,1.0,17.558202175090283,0.056953439197704
6.0,18.0544,19.38001856239426,0.051599537780652,4.631596239835804e-06,1.5,17.101265209585474,0.0584752056496666
7.5,18.0544,18.44677298383617,0.054210023665182,2.902602238788283e-06,1.5,16.598091466991676,0.0602478906679531
9.0,18.0544,17.41297745730575,0.0574284324695109,1.9752391884905176e-06,1.5,16.120481300084577,0.0620328873179954
10.5,18.0544,16.320034137004043,0.0612743816345702,1.425919722153918e-06,1.5,15.736217882946596,0.0635476712027293
12.0,18.0544,15.208761259924614,0.0657515745634734,9.524011930525714e-07,1.5,15.320127436505944,0.0652736084699351
13.5,18.0544,14.116224916824164,0.0708404694521527,nan,1.5,nan,nan
15.0,18.0544,13.0733445873911,0.0764915200785324,nan,1.5,nan,nan
16.5,18.0544,12.10356080470434,0.0826203144789693,nan,1.5,nan,nan
18.0,18.0544,11.222581341144185,0.0891060594351679,nan,1.5,nan,nan
19.5,18.0544,10.439000593002024,0.0957946109008144,nan,nan,nan,nan
Name:	20.6913808111479_12_80_0.08
Lambda:	20.6913808111479	Maximal Depth:	20	Filter time:	12 to 80 [us]
Chi2:	0.2060865781418391	RelRMS:	3.6317407673287625	AbsRMS:	7.09171528660808e-07	Phi model:	0.0454138063729144
depth_vector,start_model,resistivity_model,conductivity_model,E/I[V/A],modelled_thickness,rhoa,sigma
0.0,18.0544,22.464095754007936,0.0445154797660433,5.043033890050937e-05,1.0,19.492260070597187,0.0513024142084188
1.0,18.0544,22.30180793326493,0.0448394140507514,3.576449118833758e-05,1.0,19.134891581835987,0.052260552181506
2.0,18.0544,21.97947933949535,0.0454969830974604,2.325252028279298e-05,1.0,18.87290885246172,0.052986002731082
3.0,18.0544,21.504988732339434,0.0465008381286054,1.426568163135485e-05,1.0,18.49915041402577,0.0540565365229862
4.0,18.0544,20.89135789421164,0.0478666827242028,9.69385485210844e-06,1.0,17.965898033377595,0.0556610083248924
5.0,18.0544,20.15594691740392,0.049613149116628,6.973214220855343e-06,1.0,17.54167121109316,0.0570071111222065
6.0,18.0544,19.31940361342614,0.0517614321854658,4.6350126734727615e-06,1.5,17.09286069930021,0.0585039577395573
7.5,18.0544,18.35183563709457,0.0544904618684955,2.901963435124193e-06,1.5,16.60052718173469,0.0602390507875126
9.0,18.0544,17.2981242065095,0.0578097363657319,1.9729771817494354e-06,1.5,16.132800304922156,0.061985519010912
10.5,18.0544,16.20309281470984,0.0617166124662421,1.4231068338934945e-06,1.5,15.756947014592692,0.0634640707412348
12.0,18.0544,15.107910136511586,0.066190491667228,9.495479642374824e-07,1.5,15.35080165819898,0.0651431776832249
13.5,18.0544,14.047458221181977,0.0711872556767681,nan,1.5,nan,nan
15.0,18.0544,13.048867734158073,0.0766350016241099,nan,1.5,nan,nan
16.5,18.0544,12.131177581601948,0.0824322283037544,nan,1.5,nan,nan
18.0,18.0544,11.305889836774464,0.0884494731893917,nan,1.5,nan,nan
19.5,18.0544,10.578100091306116,0.0945349345693822,nan,nan,nan,nan
Name:	26.366508987303583_12_80_0.08
Lambda:	26.366508987303583	Maximal Depth:	20	Filter time:	12 to 80 [us]
Chi2:	0.2166453173172078	RelRMS:	3.723613877445042	AbsRMS:	7.465715409155147e-07	Phi model:	0.0436022572098786
depth_vector,start_model,resistivity_model,conductivity_model,E/I[V/A],modelled_thickness,rhoa,sigma
0.0,18.0544,22.5783887582753,0.044290140040816,5.051730066830715e-05,1.0,19.469883999163184,0.0513613743175347
1.0,18.0544,22.40464669672259,0.0446335982680897,3.583494045076137e-05,1.0,19.10980468691591,0.0523291585855233
2.0,18.0544,22.06026368818757,0.0453303738402484,2.330281507979973e-05,1.0,18.84574329634195,0.0530623804153219
3.0,18.0544,21.555319128630384,0.0463922614196777,1.4295019472308522e-05,1.0,18.473831062138583,0.0541306238341359
4.0,18.0544,20.906023793345405,0.0478331035057135,9.70954734217939e-06,1.0,17.94653525821512,0.0557210617878035
5.0,18.0544,20.13344424567607,0.0496686005532691,6.980975505247998e-06,1.0,17.5286671890751,0.0570494030842949
6.0,18.0544,19.26195175854163,0.0519158189437658,4.636825259825892e-06,1.5,17.08840588331338,0.058519209271386
7.5,18.0544,18.26717446738384,0.0547430037297506,2.9002221898006817e-06,1.5,16.607170971255364,0.0602149518259826
9.0,18.0544,17.19928222667035,0.0581419612063422,1.9699583653253253e-06,1.5,16.149277652244873,0.0619222742672327
10.5,18.0544,16.105759963410996,0.062089587965535,1.4197566168164755e-06,1.5,15.781725183315908,0.0633644286910519
12.0,18.0544,15.027790830363008,0.0665433802804563,9.463452074127826e-07,1.5,15.385417070711036,0.0649966130527383
13.5,18.0544,13.99818094513321,0.071437853526795,nan,1.5,nan,nan
15.0,18.0544,13.040728675216435,0.0766828315276947,nan,1.5,nan,nan
16.5,18.0544,12.170714666886331,0.08216444369703,nan,1.5,nan,nan
18.0,18.0544,11.396100121149498,0.0877493168162103,nan,1.5,nan,nan
19.5,18.0544,10.719044885032512,0.0932918940750351,nan,nan,nan,nan
Name:	33.59818286283781_12_80_0.08
Lambda:	33.59818286283781	Maximal Depth:	20	Filter time:	12 to 80 [us]
Chi2:	0.2253339230743817	RelRMS:	3.7975480348193655	AbsRMS:	7.624791066245279e-07	Phi model:	0.0428034880684644
depth_vector,start_model,resistivity_model,conductivity_model,E/I[V/A],modelled_thickness,rhoa,sigma
0.0,18.0544,22.71654918098503,0.0440207705859239,5.054255167614384e-05,1.0,19.46339870280876,0.0513784881699869
1.0,18.0544,22.531089485225625,0.0443831178539205,3.5866721327464724e-05,1.0,19.0985144425584,0.0523600933992875
2.0,18.0544,22.16411900977408,0.045117967448154,2.3333381813987624e-05,1.0,18.829281082810592,0.0531087722150426
3.0,18.0544,21.627877423735715,0.0462366223188661,1.431717106061127e-05,1.0,18.45477095141973,0.0541865300107162
4.0,18.0544,20.941684261864324,0.0477516510847717,9.723499149236268e-06,1.0,17.929364038287424,0.0557744266815343
5.0,18.0544,20.13019695999957,0.0496766128015083,6.9896153676892005e-06,1.0,17.514219423094453,0.0570964640697254
6.0,18.0544,19.22138696868656,0.0520253820199912,4.641111562491377e-06,1.5,17.077882921627165,0.0585552673354854
7.5,18.0544,18.19562217262668,0.0549582746065364,2.9014678055513067e-06,1.5,16.602417599165356,0.0602321917291294
9.0,18.0544,17.10809762185456,0.0584518525731674,1.969771966762587e-06,1.5,16.150296435034882,0.0619183681254727
10.5,18.0544,16.008892252135137,0.0624652839340978,1.4189361704315398e-06,1.5,15.78780805590601,0.0633400150583863
12.0,18.0544,14.939399843005909,0.0669370932238729,9.45230968092048e-07,1.5,15.397505594376716,0.0649455844565633
13.5,18.0544,13.93077905957754,0.0717834943561531,nan,1.5,nan,nan
15.0,18.0544,13.00406519260332,0.0768990300486033,nan,1.5,nan,nan
16.5,18.0544,12.171373443744857,0.0821599965379357,nan,1.5,nan,nan
18.0,18.0544,11.437636522127534,0.0874306503852763,nan,1.5,nan,nan
19.5,18.0544,10.80245077048852,0.0925715859526918,nan,nan,nan,nan
Name:	42.81332398719393_12_80_0.08
Lambda:	42.81332398719393	Maximal Depth:	20	Filter time:	12 to 80 [us]
Chi2:	0.2350522922446099	RelRMS:	3.878575344589175	AbsRMS:	8.062393258167987e-07	Phi model:	0.0410154392006819
depth_vector,start_model,resistivity_model,conductivity_model,E/I[V/A],modelled_thickness,rhoa,sigma
0.0,18.0544,22.76085514845901,0.0439350803595665,5.065689535683797e-05,1.0,19.434098910969656,0.0514559488752805
1.0,18.0544,22.568574653124195,0.0443093999231169,3.594693412445586e-05,1.0,19.07009262947768,0.0524381301879071
2.0,18.0544,22.188585507353057,0.0450682176053363,2.3381845564031505e-05,1.0,18.80325367912683,0.0531822852079096
3.0,18.0544,21.634682457133668,0.0462220789226452,1.434036460743051e-05,1.0,18.43486689880985,0.0542450349920649
4.0,18.0544,20.928393360074484,0.0477819765136735,9.733220735662606e-06,1.0,17.917423428200532,0.0558115961263762
5.0,18.0544,20.096873727595028,0.0497589830913302,6.992151455354185e-06,1.0,17.509984171456736,0.0571102743559365
6.0,18.0544,19.170499415078105,0.052163481938998,4.6387296506618e-06,1.5,17.0837285638559,0.0585352311272202
7.5,18.0544,18.13376525959482,0.0551457452814928,2.8967017153273305e-06,1.5,16.620623808568396,0.0601662134657347
9.0,18.0544,17.04497227702054,0.0586683265744096,1.9645795583782184e-06,1.5,16.17874087159018,0.0618095071759259
10.5,18.0544,15.955462547887098,0.0626744600476922,1.4139754246067815e-06,1.5,15.824712789094765,0.0631923001275022
12.0,18.0544,14.906167256589915,0.0670863262692766,9.409221674067812e-07,1.5,15.444476712620068,0.0647480661603041
13.5,18.0544,13.926534306571565,0.0718053736835392,nan,1.5,nan,nan
15.0,18.0544,13.03522337787112,0.0767152177612561,nan,1.5,nan,nan
16.5,18.0544,12.241826385382334,0.0816871574975181,nan,1.5,nan,nan
18.0,18.0544,11.548969431020296,0.0865878125293171,nan,1.5,nan,nan
19.5,18.0544,10.954351348592644,0.0912879246043604,nan,nan,nan,nan
Name:	54.5559478116852_12_80_0.08
Lambda:	54.5559478116852	Maximal Depth:	20	Filter time:	12 to 80 [us]
Chi2:	0.2425158379908618	RelRMS:	3.939671766964242	AbsRMS:	8.31253671424983e-07	Phi model:	0.039988778663948
depth_vector,start_model,resistivity_model,conductivity_model,E/I[V/A],modelled_thickness,rhoa,sigma
0.0,18.0544,22.82282357705131,0.0438157880256987,5.07180479018852e-05,1.0,19.41847418287247,0.0514973519846385
1.0,18.0544,22.62377369378545,0.0442012907985678,3.599347924772925e-05,1.0,19.05364870230418,0.0524833860235425
2.0,18.0544,22.23082359612929,0.0449825889569882,2.3412778713001364e-05,1.0,18.786688024723123,0.0532291800813431
3.0,18.0544,21.65920659883329,0.046169742896024,1.4356822645731162e-05,1.0,18.4207755848613,0.0542865307377083
4.0,18.0544,20.93248700275485,0.0477726320751276,9.740968573417378e-06,1.0,17.90792131363924,0.0558412102938138
5.0,18.0544,20.08012065747225,0.0498004975696138,6.9950383786390415e-06,1.0,17.50516614130401,0.0571259930884327
6.0,18.0544,19.134711699260546,0.0522610434751752,4.638152009071976e-06,1.5,17.08514695452603,0.0585303715947898
7.5,18.0544,18.08415236821496,0.0552970346433056,2.894263017648964e-06,1.5,16.629958824416182,0.0601324399271389
9.0,18.0544,16.989627782733255,0.058859441347874,1.9616388413571427e-06,1.5,16.19490600125455,0.0617478113131705
10.5,18.0544,15.903743986115607,0.0628782757615456,1.411045343455924e-06,1.5,15.846612231865308,0.0631049706630128
12.0,18.0544,14.867203110098451,0.0672621469280093,9.383024282326312e-07,1.5,15.47321065821191,0.0646278281921588
13.5,18.0544,13.908142549841203,0.0719003271944043,nan,1.5,nan,nan
15.0,18.0544,13.043323396075753,0.0766675769383179,nan,1.5,nan,nan
16.5,18.0544,12.280280724847149,0.0814313632078998,nan,1.5,nan,nan
18.0,18.0544,11.619724709381227,0.0860605586630332,nan,1.5,nan,nan
19.5,18.0544,11.057742586400808,0.0904343714086665,nan,nan,nan,nan
Name:	69.51927961775606_12_80_0.08
Lambda:	69.51927961775606	Maximal Depth:	20	Filter time:	12 to 80 [us]
Chi2:	0.2538127563431852	RelRMS:	4.030386632317532	AbsRMS:	8.854983411398446e-07	Phi model:	0.0378725485485447
depth_vector,start_model,resistivity_model,conductivity_model,E/I[V/A],modelled_thickness,rhoa,sigma
0.0,18.0544,22.78381563265496,0.0438908046010848,5.087213194234757e-05,1.0,19.379243936245565,0.0516016003147403
1.0,18.0544,22.583421624153925,0.044280269688206,3.609020131257837e-05,1.0,19.01959084488365,0.0525773665772102
2.0,18.0544,22.188063596397363,0.0450692777067021,2.346184449533608e-05,1.0,18.76048647203,0.0533035218191649
3.0,18.0544,21.613671641865498,0.0462670117585671,1.4373814537198332e-05,1.0,18.406255406738875,0.0543293558576765
4.0,18.0544,20.88476909882624,0.0478817838621065,9.743823845112093e-06,1.0,17.904422722859348,0.0558521218739578
5.0,18.0544,20.03184503823149,0.0499205139662105,6.991155825574673e-06,1.0,17.511646562087584,0.0571048528449051
6.0,18.0544,19.08843082740894,0.0523877530343723,4.630310337164611e-06,1.5,17.10443123853959,0.0584643818934362
7.5,18.0544,18.0451039983875,0.0554166936410762,2.8853392127707675e-06,1.5,16.66423003828314,0.0600087731447943
9.0,18.0544,16.96403046276698,0.0589482553803956,1.9533251474908262e-06,1.5,16.240825703144143,0.0615732240637497
10.5,18.0544,15.897835493975588,0.0629016447162851,1.403686687512242e-06,1.5,15.901946573723018,0.0628853829538352
12.0,18.0544,14.886435929166485,0.0671752462952354,9.322780991463672e-07,1.5,15.539797089805202,0.0643509045981073
13.5,18.0544,13.956675244680143,0.0716503022724677,nan,1.5,nan,nan
15.0,18.0544,13.123820438768874,0.076197324145484,nan,1.5,nan,nan
16.5,18.0544,12.393954169221198,0.0806845003899863,nan,1.5,nan,nan
18.0,18.0544,11.766524330447751,0.0849868637429611,nan,1.5,nan,nan
19.5,18.0544,11.236610375362302,0.0889948095194817,nan,nan,nan,nan
Name:	88.58667904100822_12_80_0.08
Lambda:	88.58667904100822	Maximal Depth:	20	Filter time:	12 to 80 [us]
Chi2:	0.2639111636195319	RelRMS:	4.109782776698794	AbsRMS:	9.250281649863748e-07	Phi model:	0.036290645285126
depth_vector,start_model,resistivity_model,conductivity_model,E/I[V/A],modelled_thickness,rhoa,sigma
0.0,18.0544,22.75712147349964,0.0439422886222445,5.098468197879585e-05,1.0,19.35071330311629,0.0516776815580724
1.0,18.0544,22.55556473421371,0.0443349573279864,3.616032480152384e-05,1.0,18.99499387726819,0.0526454499780979
2.0,18.0544,22.15810884243449,0.0451302052495077,2.349673484150035e-05,1.0,18.74191021816604,0.0533563542007968
3.0,18.0544,21.58124824040233,0.0463365227469973,1.4385038909209676e-05,1.0,18.39667946068609,0.0543576356883866
4.0,18.0544,20.85028256592721,0.0479609807127585,9.744688315037864e-06,1.0,17.903363816828662,0.0558554252838244
5.0,18.0544,19.996537344714497,0.0500086581372209,6.987159424007171e-06,1.0,17.518323276507598,0.057083088616193
6.0,18.0544,19.054295886727367,0.0524816034108386,4.6235652723215815e-06,1.5,17.1210623385541,0.0584075906170931
7.5,18.0544,18.01625971873409,0.0555054165299446,2.8779992191844864e-06,1.5,16.69255142856267,0.0599069593572674
9.0,18.0544,16.945401818447195,0.0590130591598822,1.946592041972746e-06,1.5,16.278254620972483,0.0614316475128498
10.5,18.0544,15.894396402036572,0.0629152548298008,1.3977747171592143e-06,1.5,15.946753836955994,0.062708687311805
12.0,18.0544,14.902577042326431,0.0671024881911223,9.274711293155876e-07,1.5,15.593444731122624,0.0641295119354943
13.5,18.0544,13.995803077278964,0.0714499907206766,nan,1.5,nan,nan
15.0,18.0544,13.188194146690934,0.075825392686603,nan,1.5,nan,nan
16.5,18.0544,12.484706572078714,0.0800979978365241,nan,1.5,nan,nan
18.0,18.0544,11.88379540238897,0.0841482006496823,nan,1.5,nan,nan
19.5,18.0544,11.379730237949108,0.0878755452976557,nan,nan,nan,nan
Name:	112.88378916846884_12_80_0.08
Lambda:	112.88378916846884	Maximal Depth:	20	Filter time:	12 to 80 [us]
Chi2:	0.278114959250927	RelRMS:	4.218928464913731	AbsRMS:	9.748256222433233e-07	Phi model:	0.0343254420385534
depth_vector,start_model,resistivity_model,conductivity_model,E/I[V/A],modelled_thickness,rhoa,sigma
0.0,18.0544,22.68234848046485,0.0440871455996388,5.113100975130984e-05,1.0,19.313776825992537,0.0517765121244539
1.0,18.0544,22.48253558151485,0.0444789688589306,3.62470597550563e-05,1.0,18.96467992114296,0.0527296007187097
2.0,18.0544,22.088614064200616,0.0452721930445023,2.3535830766405763e-05,1.0,18.721149381026883,0.053415523782608
3.0,18.0544,21.517196809128777,0.04647445524018,1.4394253087116195e-05,1.0,18.38882779162993,0.0543808453334459
4.0,18.0544,20.79372197140639,0.0480914384339228,9.742078336714566e-06,1.0,17.90656130738944,0.0558454514428369
5.0,18.0544,19.949617038406068,0.0501262755106951,6.97940721948655e-06,1.0,17.53129290679015,0.0570408586130395
6.0,18.0544,19.01918364557151,0.0525784922547316,4.61327682261276e-06,1.5,17.146508283128558,0.0583209119598978
7.5,18.0544,17.996700869046386,0.0555657399251415,2.8677372393252384e-06,1.5,16.73234973438785,0.059764469179414
9.0,18.0544,16.944939593801575,0.0590146689201416,1.9375448145482605e-06,1.5,16.328888699805223,0.0612411547646796
10.5,18.0544,15.916026996823115,0.0628297501756941,1.3900129594998453e-06,1.5,16.00606260374772,0.0624763269241403
12.0,18.0544,14.948517029544035,0.0668962679056132,9.212847863677678e-07,1.5,15.663172542188708,0.0638440263175613
13.5,18.0544,14.067396787095634,0.0710863577060202,nan,1.5,nan,nan
15.0,18.0544,13.285940641749782,0.0752675348298333,nan,1.5,nan,nan
16.5,18.0544,12.608363466934929,0.0793124343712386,nan,1.5,nan,nan
18.0,18.0544,12.03251657420146,0.0831081340161266,nan,1.5,nan,nan
19.5,18.0544,11.552206121569128,0.0865635524051894,nan,nan,nan,nan
Name:	143.8449888287663_12_80_0.08
Lambda:	143.8449888287663	Maximal Depth:	20	Filter time:	12 to 80 [us]
Chi2:	0.2676768504030162	RelRMS:	4.138999689030314	AbsRMS:	9.326501721145772e-07	Phi model:	0.0354050814302941
depth_vector,start_model,resistivity_model,conductivity_model,E/I[V/A],modelled_thickness,rhoa,sigma
0.0,18.0544,22.824213749682603,0.0438131193024735,5.100383664302457e-05,1.0,19.345868182377785,0.0516906240946531
1.0,18.0544,22.616398972721672,0.0442157038884099,3.6175764276985874e-05,1.0,18.98958890310576,0.0526604343623494
2.0,18.0544,22.206986361273746,0.0450308737859125,2.350631614019954e-05,1.0,18.736817004347674,0.0533708580154228
3.0,18.0544,21.613847786115088,0.0462666347008517,1.4387693555192657e-05,1.0,18.39441650019328,0.0543643229992912
4.0,18.0544,20.864214644442534,0.0479289547697575,9.74279819941244e-06,1.0,17.905679259336427,0.055848202434352
5.0,18.0544,19.99156894351815,0.050021086530291,6.982981655108452e-06,1.0,17.52530980594375,0.0570603322322352
6.0,18.0544,19.0322521796042,0.0525423891278429,4.618195284200988e-06,1.5,17.13433189330813,0.0583623572968464
7.5,18.0544,17.982155539119073,0.0556106857058688,2.872512793432079e-06,1.5,16.713799564946328,0.0598308000592091
9.0,18.0544,16.906838872277287,0.0591476625260641,1.9415711701254418e-06,1.5,16.306306076129545,0.0613259677164945
10.5,18.0544,15.860070640408551,0.063051421565058,1.3933454276627211e-06,1.5,15.980531256564984,0.0625761424288813
12.0,18.0544,14.880954199519548,0.0671999917876426,9.238545488694484e-07,1.5,15.634113626960286,0.0639626923444861
13.5,18.0544,13.994191145515655,0.0714582207432862,nan,1.5,nan,nan
15.0,18.0544,13.212251676175208,0.0756873260144775,nan,1.5,nan,nan
16.5,18.0544,12.538307344430285,0.079755582035897,nan,1.5,nan,nan
18.0,18.0544,11.96912837252301,0.0835482725956599,nan,1.5,nan,nan
19.5,18.0544,11.497523234625325,0.0869752536779794,nan,nan,nan,nan
Name:	183.29807108324357_12_80_0.08
Lambda:	183.2980710832436	Maximal Depth:	20	Filter time:	12 to 80 [us]
Chi2:	0.2998182829040435	RelRMS:	4.380453184986547	AbsRMS:	1.0313150948895372e-06	Phi model:	0.0316704388477143
depth_vector,start_model,resistivity_model,conductivity_model,E/I[V/A],modelled_thickness,rhoa,sigma
0.0,18.0544,22.58655673341332,0.0442741234001663,5.130225478131206e-05,1.0,19.270773764611448,0.0518920522971622
1.0,18.0544,22.38928589380708,0.0446642204107368,3.634419355801449e-05,1.0,18.93087474129852,0.0528237608491728
2.0,18.0544,22.00050347622653,0.0454535052382136,2.357439256530501e-05,1.0,18.70072840510255,0.0534738529076304
3.0,18.0544,21.436963134920667,0.0466483985490933,1.4397016918943798e-05,1.0,18.386474283072285,0.0543878061995094
4.0,18.0544,20.72426279845652,0.0482526210811453,9.731479666421583e-06,1.0,17.91956044783509,0.0558049402445478
5.0,18.0544,19.893936564862635,0.0502665722663575,6.963542283519196e-06,1.0,17.557910330688813,0.0569543858674421
6.0,18.0544,18.98028073297068,0.0526862597065225,4.595541634768968e-06,1.5,17.19059467648449,0.0581713442041611
7.5,18.0544,17.97974086500903,0.0556181542052217,2.851300408433433e-06,1.5,16.796592523803216,0.0595358849470721
9.0,18.0544,16.9547885790944,0.0589803874778491,1.923490610375444e-06,1.5,16.408331414659248,0.0609446490766634
10.5,18.0544,15.956806218155124,0.0626691824371617,1.3781610970893838e-06,1.5,16.09769716803125,0.062120686552976
12.0,18.0544,15.023306003807678,0.0665632451170567,9.119817447076692e-07,1.5,15.769511312146069,0.0634135059866931
13.5,18.0544,14.178116642968185,0.0705312295830181,nan,1.5,nan,nan
15.0,18.0544,13.433388248748006,0.0744413830288274,nan,1.5,nan,nan
16.5,18.0544,12.792340258970777,0.0781717793426217,nan,1.5,nan,nan
18.0,18.0544,12.251997895275252,0.0816193414778197,nan,1.5,nan,nan
19.5,18.0544,11.805513196998124,0.0847061862803454,nan,nan,nan,nan
Name:	233.57214690901213_12_80_0.08
Lambda:	233.57214690901213	Maximal Depth:	20	Filter time:	12 to 80 [us]
Chi2:	0.352746007895185	RelRMS:	4.75139395391414	AbsRMS:	1.144951584093448e-06	Phi model:	0.0277247865133753
depth_vector,start_model,resistivity_model,conductivity_model,E/I[V/A],modelled_thickness,rhoa,sigma
0.0,18.0544,22.306535557996508,0.0448299108303941,5.1642686344733534e-05,1.0,19.185991077547605,0.0521213627150202
1.0,18.0544,22.12219424091117,0.0452034725448108,3.6534702468828894e-05,1.0,18.86500783124813,0.0530081942687345
2.0,18.0544,21.758691092191206,0.0459586468580769,2.364988426507936e-05,1.0,18.66091138416748,0.0535879507390208
3.0,18.0544,21.23134562506977,0.0471001705525065,1.4406049830057328e-05,1.0,18.3787876629364,0.0544105529885766
4.0,18.0544,20.563664119774504,0.0486294657496557,9.71774344227364e-06,1.0,17.936442909477492,0.0557524145142294
5.0,18.0544,19.784698927956004,0.0505441100540068,6.941054821155071e-06,1.0,17.595812346960553,0.0568317040601275
6.0,18.0544,18.926159653936303,0.0528369208695763,4.569790237550792e-06,1.5,17.255115086194007,0.0579538296328206
7.5,18.0544,17.98471103546656,0.0556027838327766,2.827445729233923e-06,1.5,16.890933508360852,0.0592033589798343
9.0,18.0544,17.01893469953005,0.0587580843134449,1.9032986543433567e-06,1.5,16.52417703966779,0.06051738598536
10.5,18.0544,16.0773068376341,0.062199472218766,1.361286380002308e-06,1.5,16.23045685552287,0.0616125601947995
12.0,18.0544,15.19550540512676,0.065808933190377,8.988506268174398e-07,1.5,15.922722071927703,0.0628033319606221
13.5,18.0544,14.396462852506836,0.0694615066384776,nan,1.5,nan,nan
15.0,18.0544,13.692130736256258,0.0730346517472285,nan,1.5,nan,nan
16.5,18.0544,13.08597427545118,0.0764176956908714,nan,1.5,nan,nan
18.0,18.0544,12.575496901823342,0.0795197205968861,nan,1.5,nan,nan
19.5,18.0544,12.154410649628392,0.0822746596957026,nan,nan,nan,nan
Name:	297.63514416313194_12_80_0.08
Lambda:	297.63514416313194	Maximal Depth:	20	Filter time:	12 to 80 [us]
Chi2:	0.4315828769377028	RelRMS:	5.255597408859718	AbsRMS:	1.273834372290245e-06	Phi model:	0.0236890697157555
depth_vector,start_model,resistivity_model,conductivity_model,E/I[V/A],modelled_thickness,rhoa,sigma
0.0,18.0544,21.9909048438081,0.0454733448715534,5.202486743703733e-05,1.0,19.091913886782333,0.05237819560313
1.0,18.0544,21.821414390872324,0.0458265436917915,3.674766560981883e-05,1.0,18.79205187138104,0.053213986787836
2.0,18.0544,21.48695503137895,0.046539865631944,2.373356035952437e-05,1.0,18.61702441193488,0.0537142766681299
3.0,18.0544,21.00119406013891,0.0476163401536315,1.4415660465866212e-05,1.0,18.370618238800667,0.0544347493917159
4.0,18.0544,20.385221594892336,0.0490551449413999,9.702387225992436e-06,1.0,17.955363565099596,0.0556936648135452
5.0,18.0544,19.665220868969715,0.050851195959763,6.916227578467734e-06,1.0,17.637896421511037,0.0566961034412475
6.0,18.0544,18.869910120938112,0.0529944230571822,4.541531672945247e-06,1.5,17.32661820394313,0.0577146670071153
7.5,18.0544,17.99594362115687,0.0555680780653454,2.801407783849936e-06,1.5,16.995434943726632,0.0588393296971267
9.0,18.0544,17.097349996196666,0.0584885961989695,1.8813554821978967e-06,1.5,16.652414949032686,0.0600513500931039
10.5,18.0544,16.219230737835765,0.0616552052414685,1.343010253639305e-06,1.5,16.377371169228248,0.0610598605641251
12.0,18.0544,15.395165218392824,0.0649554574968306,8.846786081054218e-07,1.5,16.092319543883818,0.0621414456301962
13.5,18.0544,14.64709907729653,0.0682729047385247,nan,1.5,nan,nan
15.0,18.0544,13.986820432681789,0.0714958774807308,nan,1.5,nan,nan
16.5,18.0544,13.41815269298559,0.0745259070216688,nan,1.5,nan,nan
18.0,18.0544,12.939227917748063,0.0772843639788083,nan,1.5,nan,nan
19.5,18.0544,12.544479172302056,0.0797163426448169,nan,nan,nan,nan
Name:	379.26901907322497_12_80_0.08
Lambda:	379.26901907322497	Maximal Depth:	20	Filter time:	12 to 80 [us]
Chi2:	0.5398497474782573	RelRMS:	5.877957454644298	AbsRMS:	1.417015869102807e-06	Phi model:	0.019711098743372
depth_vector,start_model,resistivity_model,conductivity_model,E/I[V/A],modelled_thickness,rhoa,sigma
0.0,18.0544,21.648786134117085,0.0461919663211077,5.244537004005777e-05,1.0,18.989725442833542,0.052660055723838
1.0,18.0544,21.495500416301464,0.046521364035872,3.69816981441727e-05,1.0,18.712686429218422,0.053439681351074
2.0,18.0544,21.19276082130253,0.0471859239309123,2.3825500804236747e-05,1.0,18.56909928428317,0.0538529082477574
3.0,18.0544,20.7524699839199,0.0481870351227999,1.4426637194608137e-05,1.0,18.36129867848609,0.0544623785882694
4.0,18.0544,20.19312360890724,0.0495218084813236,9.686331525142332e-06,1.0,17.975199513788247,0.0556322058752632
5.0,18.0544,19.53781140402541,0.0511828054494357,6.889967210521734e-06,1.0,17.68268462902974,0.0565524987285186
6.0,18.0544,18.812011513070104,0.0531575264721279,4.511580875075445e-06,1.5,17.40321715498217,0.0574606402422394
7.5,18.0544,18.012240743447542,0.0555178011577364,2.7738504005413827e-06,1.5,17.107812461406798,0.0584528268740309
9.0,18.0544,17.187485329511137,0.058181867843284,1.8581922697659468e-06,1.5,16.790515643020026,0.0595574323779454
10.5,18.0544,16.37908446148809,0.0610534735534996,1.323762949554152e-06,1.5,16.53573852772908,0.0604750733281783
12.0,18.0544,15.61825509769096,0.0640276390509105,8.69791555820328e-07,1.5,16.275420085962704,0.0614423464782014
13.5,18.0544,14.925811723502608,0.06699803123105,nan,1.5,nan,nan
15.0,18.0544,14.313333816814826,0.0698649254463159,nan,1.5,nan,nan
16.5,18.0544,13.785030395927878,0.0725424588324014,nan,1.5,nan,nan
18.0,18.0544,13.339736548094832,0.0749639992060277,nan,1.5,nan,nan
19.5,18.0544,12.972706675385254,0.0770849156635465,nan,nan,nan,nan
Name:	483.2930238571752_12_80_0.08
Lambda:	483.2930238571752	Maximal Depth:	20	Filter time:	12 to 80 [us]
Chi2:	0.6784155411000165	RelRMS:	6.589278764053091	AbsRMS:	1.5721968594366642e-06	Phi model:	0.0159453243629294
depth_vector,start_model,resistivity_model,conductivity_model,E/I[V/A],modelled_thickness,rhoa,sigma
0.0,18.0544,21.2911747965825,0.0469678169266879,5.2897257068945495e-05,1.0,18.881421464701457,0.0529621142067871
1.0,18.0544,21.15481302633445,0.0472705666911428,3.723341753441387e-05,1.0,18.62825207278324,0.0536819018817684
2.0,18.0544,20.88524379953263,0.0478806955570409,2.3924939931072367e-05,1.0,18.51761113037632,0.0540026460734774
3.0,18.0544,20.492595994868523,0.0487981122670064,1.4439581219286496e-05,1.0,18.350324000731323,0.0544949506046948
4.0,18.0544,19.992738297997427,0.05001816084894,9.6705331130671e-06,1.0,17.99477115756841,0.055571698647549
5.0,18.0544,19.40560813043539,0.0515314950852593,6.863305279852261e-06,1.0,17.7284497304846,0.0564065112969505
6.0,18.0544,18.753357824641075,0.0533237838978385,4.480917037939812e-06,1.5,17.482522739129244,0.0571999828012125
7.5,18.0544,18.03233233424384,0.0554559433280284,2.7455946354678863e-06,1.5,17.224986586224325,0.0580551976046094
9.0,18.0544,17.286187229087254,0.057849656881959,1.834472429165848e-06,1.5,16.934940445599793,0.0590495138268897
10.5,18.0544,16.552222863435166,0.0604148462868427,1.3040837660328188e-06,1.5,16.701677175665754,0.0598742263715283
12.0,18.0544,15.859058305151942,0.0630554463423053,8.545986519090611e-07,1.5,16.467747377941958,0.0607247595587645
13.5,18.0544,15.226200794036949,0.06567626511215,nan,1.5,nan,nan
15.0,18.0544,14.664910317466417,0.0681899840061732,nan,1.5,nan,nan
16.5,18.0544,14.179731508131464,0.0705231971019016,nan,1.5,nan,nan
18.0,18.0544,13.770202691871749,0.0726205722876017,nan,1.5,nan,nan
19.5,18.0544,13.432436987953412,0.0744466548323903,nan,nan,nan,nan
Name:	615.8482110660261_12_80_0.08
Lambda:	615.8482110660261	Maximal Depth:	20	Filter time:	12 to 80 [us]
Chi2:	0.8448618407915731	RelRMS:	7.353309310144697	AbsRMS:	1.7358045992311248e-06	Phi model:	0.0125290982997
depth_vector,start_model,resistivity_model,conductivity_model,E/I[V/A],modelled_thickness,rhoa,sigma
0.0,18.0544,20.93000671339532,0.0477782933227629,5.337027867766082e-05,1.0,18.769691791821508,0.0532773798894091
1.0,18.0544,20.810641482387048,0.0480523390327176,3.749749766163079e-05,1.0,18.540688123039168,0.053935430732874
2.0,18.0544,20.574436517476343,0.0486040042530729,2.403021528416628e-05,1.0,18.463488318354337,0.0541609463367716
3.0,18.0544,20.229827981254168,0.0494319576482134,1.445480127591155e-05,1.0,18.337440530333726,0.0545332375227504
4.0,18.0544,19.790154916186705,0.0505301754450685,9.65586867080664e-06,1.0,18.012985747615343,0.0555155049813096
5.0,18.0544,19.272295267957432,0.0518879555390905,6.837284357594379e-06,1.0,17.77340115439753,0.0562638513199021
6.0,18.0544,18.69514389304089,0.0534898263271587,4.450580896397883e-06,1.5,17.56187591645772,0.056941525196797
7.5,18.0544,18.054913927458955,0.0553865836202709,2.7175338730418123e-06,1.5,17.3433581807738,0.0576589602530704
9.0,18.0544,17.389854721907025,0.0575047932252269,1.810922437997983e-06,1.5,17.08144340982287,0.0585430619654155
10.5,18.0544,16.733085834368058,0.0597618400992183,1.284564198416639e-06,1.5,16.870444865821977,0.0592752596599222
12.0,18.0544,16.1104504592812,0.0620715108201026,8.395486594887945e-07,1.5,16.66396776000556,0.0600097176375998
13.5,18.0544,15.53996915722744,0.0643501920681041,nan,1.5,nan,nan
15.0,18.0544,15.032429184949487,0.0665228478841731,nan,1.5,nan,nan
16.5,18.0544,14.592599558880178,0.068527886067528,nan,1.5,nan,nan
18.0,18.0544,14.220657029783348,0.0703202389246592,nan,1.5,nan,nan
19.5,18.0544,13.913551236598568,0.0718723770082201,nan,nan,nan,nan
Name:	784.7599703514607_12_80_0.08
Lambda:	784.7599703514607	Maximal Depth:	20	Filter time:	12 to 80 [us]
Chi2:	1.0417094976985732	RelRMS:	8.165133670229084	AbsRMS:	1.8572257015664915e-06	Phi model:	0.0094054722543628
depth_vector,start_model,resistivity_model,conductivity_model,E/I[V/A],modelled_thickness,rhoa,sigma
0.0,18.0544,20.487111900209072,0.0488111747947154,5.37454548886665e-05,1.0,18.68224054929363,0.053526770376469
1.0,18.0544,20.39575459143081,0.0490298113520225,3.767984351815306e-05,1.0,18.480823218319905,0.0541101436979661
2.0,18.0544,20.214079821624743,0.0494704685459,2.4072859094726834e-05,1.0,18.441677139840028,0.0542250030958233
3.0,18.0544,19.94656388286785,0.0501339481763524,1.4427142363651738e-05,1.0,18.360870059817632,0.0544636499655034
4.0,18.0544,19.60074591156964,0.0510184665681388,9.611617075098334e-06,1.0,18.06823090666196,0.0553457615837358
5.0,18.0544,19.186714595901627,0.0521193972528055,6.790095312957392e-06,1.0,17.855652463926607,0.0560046742632496
6.0,18.0544,18.71649156342196,0.0534288168597966,4.406368779594338e-06,1.5,17.67915389386675,0.0565637929282871
7.5,18.0544,18.180399330514984,0.0550042923601543,2.681138585508639e-06,1.5,17.499957564308698,0.0571429957087157
9.0,18.0544,17.6079834251946,0.0567924205658404,1.7820593913960055e-06,1.5,17.265388314848426,0.0579193460213106
10.5,18.0544,17.02773509798079,0.0587277165310484,1.2614625745316206e-06,1.5,17.075790999226825,0.0585624408289653
12.0,18.0544,16.46474403817713,0.0607358363835647,8.223102694560107e-07,1.5,16.896050116891665,0.0591854305048645
13.5,18.0544,15.939137818140953,0.0627386506980234,nan,1.5,nan,nan
15.0,18.0544,15.465359786107186,0.0646606360169078,nan,1.5,nan,nan
16.5,18.0544,15.05219322846558,0.0664355011141416,nan,1.5,nan,nan
18.0,18.0544,14.70334571198277,0.0680117314513683,nan,1.5,nan,nan
19.5,18.0544,14.418372804902388,0.0693559539298352,nan,nan,nan,nan
Name:	1000.0_12_80_0.08
Lambda:	1000	Maximal Depth:	20	Filter time:	12 to 80 [us]
Chi2:	1.2440507798857414	RelRMS:	8.922961947284515	AbsRMS:	2.054681377372675e-06	Phi model:	0.0069953685355118
depth_vector,start_model,resistivity_model,conductivity_model,E/I[V/A],modelled_thickness,rhoa,sigma
0.0,18.0544,20.16551188670472,0.0495896164510115,5.429716526578008e-05,1.0,18.55547247774636,0.0538924568587139
1.0,18.0544,20.086401069157585,0.0497849264563121,3.8003590272741366e-05,1.0,18.375716767749555,0.0544196459185231
2.0,18.0544,19.929038510769303,0.0501780354059538,2.4220481465540784e-05,1.0,18.3666668748154,0.0544464603629966
3.0,18.0544,19.69726758931485,0.0507684629589166,1.4470956783569888e-05,1.0,18.323789932770424,0.0545738629218615
4.0,18.0544,19.39758006931951,0.0515528223843584,9.61772421852248e-06,1.0,18.06058135212753,0.05536920326666
5.0,18.0544,19.03865832230382,0.0525247096234979,6.7799019277175165e-06,1.0,17.87354495155523,0.0559486102343109
6.0,18.0544,18.630831157692324,0.0536744706414838,4.38736997419598e-06,1.5,17.730154965474114,0.0564010862819472
7.5,18.0544,18.16609079611037,0.0550476165303607,2.660800806632365e-06,1.5,17.589018070942807,0.0568536569788399
9.0,18.0544,17.669838592208755,0.0565936126004532,1.7641035329266042e-06,1.5,17.38234718033267,0.0575296298955214
10.5,18.0544,17.16650807278965,0.0582529653532207,1.246190289329167e-06,1.5,17.215018835849207,0.0580888124221834
12.0,18.0544,16.677597456123404,0.0599606749491867,8.102761797853633e-07,1.5,17.062930316055382,0.0586065805507655
13.5,18.0544,16.22037857873864,0.0616508421887748,nan,1.5,nan,nan
15.0,18.0544,15.807306319558968,0.0632618853449219,nan,1.5,nan,nan
16.5,18.0544,15.44604173436079,0.064741505765547,nan,1.5,nan,nan
18.0,18.0544,15.139934152522589,0.066050485419937,nan,1.5,nan,nan
19.5,18.0544,14.888784424044264,0.0671646503515139,nan,nan,nan,nan
Name:	58.06735210785115_12_80_0.08
Lambda:	58.06735210785115	Maximal Depth:	20	Filter time:	12 to 80 [us]
Chi2:	0.2451672836088892	RelRMS:	3.961149599670393	AbsRMS:	8.445934108309167e-07	Phi model:	0.0394643909450455
depth_vector,start_model,resistivity_model,conductivity_model,E/I[V/A],modelled_thickness,rhoa,sigma
0.0,18.0544,22.81695422581836,0.043827059041406,5.075551033076061e-05,1.0,19.40891787759432,0.0515227075670406
1.0,18.0544,22.61728688167897,0.0442139680692667,3.601741369208848e-05,1.0,19.04520669289852,0.0525066498948984
2.0,18.0544,22.22319161621034,0.0449980370628027,2.342530579400337e-05,1.0,18.77998976016947,0.0532481653488918
3.0,18.0544,21.650124809852933,0.0461891101683119,1.4361478616675969e-05,1.0,18.416794043540666,0.0542982669858726
4.0,18.0544,20.9219603333618,0.0477966683841483,9.742039385617024e-06,1.0,17.906609037282788,0.0558453025873258
5.0,18.0544,20.06849237689432,0.0498293534571307,6.994362308133502e-06,1.0,17.506294148438265,0.0571223122107319
6.0,18.0544,19.12263612236518,0.0522940453189105,4.636414747463767e-06,1.5,17.089414550387858,0.05851575529703
7.5,18.0544,18.07304036784777,0.0553310333871115,2.8921839505818782e-06,1.5,16.63792757957196,0.0601036394236863
9.0,18.0544,16.981242184071732,0.0588885070456148,1.959664443901929e-06,1.5,16.205781949748754,0.0617063714111927
10.5,18.0544,15.899908493433866,0.0628934437209476,1.4092795212864076e-06,1.5,15.859846634456614,0.0630523121092123
12.0,18.0544,14.869552675871912,0.0672515187106233,9.368443746013996e-07,1.5,15.489260939050627,0.0645608595487508
13.5,18.0544,13.917959645330184,0.0718496119749509,nan,1.5,nan,nan
15.0,18.0544,13.061466765127836,0.0765610798528271,nan,1.5,nan,nan
16.5,18.0544,12.307188572629082,0.081253325574614,nan,1.5,nan,nan
18.0,18.0544,11.655465094483732,0.0857966620717072,nan,1.5,nan,nan
19.5,18.0544,11.102085644844678,0.0900731657086753,nan,nan,nan,nan
Name:	172.21381097981777_12_80_0.08
Lambda:	172.21381097981777	Maximal Depth:	20	Filter time:	12 to 80 [us]
Chi2:	0.2897847459783452	RelRMS:	4.30653268217183	AbsRMS:	1.0045276200967334e-06	Phi model:	0.0326557429231931
depth_vector,start_model,resistivity_model,conductivity_model,E/I[V/A],modelled_thickness,rhoa,sigma
0.0,18.0544,22.65198193353968,0.0441462474645253,5.122149249063807e-05,1.0,19.2910249398213,0.0518375774806946
1.0,18.0544,22.451753620305382,0.0445399507277506,3.6298786750097576e-05,1.0,18.94665876709637,0.0527797545885317
2.0,18.0544,22.057187350822627,0.0453366961115604,2.355620765611356e-05,1.0,18.7103515530836,0.0534463501213686
3.0,18.0544,21.485358369376296,0.0465433241935274,1.43946804709527e-05,1.0,18.38846380871385,0.0543819217528178
4.0,18.0544,20.76233368622895,0.0481641425820677,9.734651927982693e-06,1.0,17.915667234116114,0.0558170670917429
5.0,18.0544,19.920205061219907,0.0502002864391577,6.968859693743619e-06,1.0,17.54897778475964,0.0569833760270895
6.0,18.0544,18.99385181196148,0.0526486154519877,4.60168588355841e-06,1.5,17.175289154093488,0.0582231827964109
7.5,18.0544,17.979613075193818,0.055618549510372,2.857025501372112e-06,1.5,16.774146289003806,0.0596155525754263
9.0,18.0544,16.940836611338476,0.0590289619658276,1.9283558352929485e-06,1.5,16.38072107857886,0.0610473736292173
10.5,18.0544,15.92957000803228,0.062776333541694,1.3822385845565871e-06,1.5,16.06602368187447,0.0622431548590451
12.0,18.0544,14.9837569907494,0.0667389360770716,9.1516361645181e-07,1.5,15.73293811910585,0.063560918655468
13.5,18.0544,14.127450275356972,0.0707841811869149,nan,1.5,nan,nan
15.0,18.0544,13.372867243811392,0.0747782791654328,nan,1.5,nan,nan
16.5,18.0544,12.72319273647686,0.0785966243467366,nan,1.5,nan,nan
18.0,18.0544,12.175362217757696,0.0821330800771993,nan,1.5,nan,nan
19.5,18.0544,11.722416545462108,0.085306642714988,nan,nan,nan,nan
Name:	337.1817380817165_12_80_0.08
Lambda:	337.1817380817165	Maximal Depth:	20	Filter time:	12 to 80 [us]
Chi2:	0.4835058939075934	RelRMS:	5.562767046181782	AbsRMS:	1.345858420115581e-06	Phi model:	0.0216245018334404
depth_vector,start_model,resistivity_model,conductivity_model,E/I[V/A],modelled_thickness,rhoa,sigma
0.0,18.0544,21.81746300637872,0.0458348433870442,5.223687217242303e-05,1.0,19.04022218831595,0.0525203955137483
1.0,18.0544,21.656183205914893,0.0461761885966532,3.686565820710075e-05,1.0,18.75193309779693,0.0533278353108824
2.0,18.0544,21.337791231282843,0.046865206860489,2.3779877948911014e-05,1.0,18.592842177932628,0.0537841385641876
3.0,18.0544,20.87505343316032,0.0479040689980455,1.442109603865386e-05,1.0,18.366001802517584,0.0544484319860472
4.0,18.0544,20.287737449190608,0.0492908587024274,9.694149812197193e-06,1.0,17.965533603980873,0.0556621374039464
5.0,18.0544,19.60045170050278,0.051019232376892,6.902826815557617e-06,1.0,17.660716527338398,0.0566228441780389
6.0,18.0544,18.84026749434076,0.0530778026532999,4.526268152253095e-06,1.5,17.36554899199911,0.0575852799390755
7.5,18.0544,18.003778037227892,0.0555438973937702,2.7873645926933863e-06,1.5,17.05247094110031,0.058642527728329
9.0,18.0544,17.142465526369136,0.0583346659476587,1.8695461275548028e-06,1.5,16.72246682447225,0.0597997897377535
10.5,18.0544,16.299537033935188,0.0613514358056935,1.3331927737153095e-06,1.5,16.457673545980317,0.0607619295161097
12.0,18.0544,15.507387837282998,0.0644853930586421,8.770811274475131e-07,1.5,16.18511616956006,0.0617851604847135
13.5,18.0544,14.787402000248612,0.0676251311747112,nan,1.5,nan,nan
15.0,18.0544,14.151270489206713,0.0706650332747655,nan,1.5,nan,nan
16.5,18.0544,13.603016923661311,0.0735131041600472,nan,1.5,nan,nan
18.0,18.0544,13.141130726070296,0.0760969524499235,nan,1.5,nan,nan
19.5,18.0544,12.760459155900934,0.0783670859945162,nan,nan,nan,nan
Name:	510.744775086489_12_80_0.08
Lambda:	510.744775086489	Maximal Depth:	20	Filter time:	12 to 80 [us]
Chi2:	0.7140568478042781	RelRMS:	6.760150757155775	AbsRMS:	1.608898737723204e-06	Phi model:	0.0151315746394685
depth_vector,start_model,resistivity_model,conductivity_model,E/I[V/A],modelled_thickness,rhoa,sigma
0.0,18.0544,21.2087304233612,0.0471503942026869,5.300364393558283e-05,1.0,18.85614763200854,0.0530331019631225
1.0,18.0544,21.076259122855937,0.047446750116844,3.729275046174279e-05,1.0,18.60848841002545,0.0537389162389591
2.0,18.0544,20.8143221068224,0.0480438418732948,2.394849976476893e-05,1.0,18.50546441537867,0.0540380926170632
3.0,18.0544,20.43265243768008,0.048941271968973,1.4442846012724531e-05,1.0,18.34755851279083,0.0545031645111178
4.0,18.0544,19.946529450241464,0.0501340347199043,9.667062377753862e-06,1.0,17.999077970999423,0.0555584014698544
5.0,18.0544,19.375180069200525,0.0516124235454015,6.857281650737597e-06,1.0,17.738830323747305,0.056373502747883
6.0,18.0544,18.74000296299648,0.0533617845191686,4.473936337028743e-06,1.5,17.500703380449373,0.0571405604826794
7.5,18.0544,18.03730729781738,0.0554406477357629,2.7391490936937927e-06,1.5,17.251997620194647,0.0579643019907115
9.0,18.0544,17.309515384243195,0.0577716924940774,1.8290632230748429e-06,1.5,16.968312534563417,0.0589333793777702
10.5,18.0544,16.59298194140231,0.0602664429776079,1.2995990263471208e-06,1.5,16.7400785897654,0.0597368760628987
12.0,18.0544,15.9157063593173,0.0628310159425996,8.511393481999276e-07,1.5,16.512337350656786,0.0605607782086782
13.5,18.0544,15.29687230580842,0.0653728409316908,nan,1.5,nan,nan
15.0,18.0544,14.747646469446,0.0678074296174503,nan,1.5,nan,nan
16.5,18.0544,14.272636189528486,0.0700641413906197,nan,1.5,nan,nan
18.0,18.0544,13.87153307169366,0.0720900851284135,nan,1.5,nan,nan
19.5,18.0544,13.540644855874683,0.0738517264608815,nan,nan,nan,nan
Name:	660.1765784576426_12_80_0.08
Lambda:	660.1765784576426	Maximal Depth:	20	Filter time:	12 to 80 [us]
Chi2:	0.8970153044773166	RelRMS:	7.57687135211812	AbsRMS:	1.7836561124667634e-06	Phi model:	0.0116291002436183
depth_vector,start_model,resistivity_model,conductivity_model,E/I[V/A],modelled_thickness,rhoa,sigma
0.0,18.0544,20.827447256430016,0.0480135653538276,5.350807800994527e-05,1.0,18.73745289117197,0.0533690467860305
1.0,18.0544,20.712883460823445,0.0482791303244384,3.757457211491738e-05,1.0,18.51532518373214,0.0540093133702353
2.0,18.0544,20.486113921860188,0.0488135526246843,2.406115279526068e-05,1.0,18.44765818587108,0.0542074224231828
3.0,18.0544,20.15511455754696,0.0496151980255332,1.4459588135288892e-05,1.0,18.3333932231188,0.0545452763615509
4.0,18.0544,19.73253207995916,0.0506777333972067,9.651974810421916e-06,1.0,18.017830029936103,0.0555005790563308
5.0,18.0544,19.234402301881687,0.0519901780312752,6.83007565785602e-06,1.0,17.78590473333621,0.0562242975543265
6.0,18.0544,18.6787175451644,0.0535368660927625,4.442083045565226e-06,1.5,17.584266411762187,0.0568690200991891
7.5,18.0544,18.061668205786024,0.0553658714470046,2.709646457344329e-06,1.5,17.37699799282459,0.0575473393282847
9.0,18.0544,17.419968522765984,0.0574053850150825,1.8043013131526127e-06,1.5,17.123206319934276,0.0584002774548031
10.5,18.0544,16.785533315882333,0.0595751103751829,1.2790782917696562e-06,1.5,16.91864814633568,0.0591063772560684
12.0,18.0544,16.183387917579445,0.0617917586288428,8.353215238136208e-07,1.5,16.720139005021974,0.0598081152136142
13.5,18.0544,15.631096465640724,0.0639750386160136,nan,1.5,nan,nan
15.0,18.0544,15.13927970772885,0.0660533406678181,nan,1.5,nan,nan
16.5,18.0544,14.712744509795312,0.0679682841861509,nan,1.5,nan,nan
18.0,18.0544,14.351831419496817,0.0696775185528942,nan,1.5,nan,nan
19.5,18.0544,14.053718528548789,0.0711555449163575,nan,nan,nan,nan
Name:	435.8331147440403_12_80_0.08
Lambda:	435.8331147440403	Maximal Depth:	20	Filter time:	12 to 80 [us]
Chi2:	0.6156945938998245	RelRMS:	6.277296711928533	AbsRMS:	1.5047538447428088e-06	Phi model:	0.017515840049849
depth_vector,start_model,resistivity_model,conductivity_model,E/I[V/A],modelled_thickness,rhoa,sigma
0.0,18.0544,21.444818056527645,0.0466313119264543,5.270129658928933e-05,1.0,18.92819733111968,0.0528312328166565
1.0,18.0544,21.30119292208884,0.0469457275776805,3.712420710878256e-05,1.0,18.66476738801274,0.0535768798620142
2.0,18.0544,21.01738184889444,0.0475796655924868,2.38817028031005e-05,1.0,18.53995478906825,0.0539375641082809
3.0,18.0544,20.60426505510955,0.0485336408420942,1.4433792990115329e-05,1.0,18.355229561956826,0.0544803864546922
4.0,18.0544,20.078826658587936,0.0498037070095572,9.677179482118557e-06,1.0,17.986530906375293,0.055597157962548
5.0,18.0544,19.462345340608167,0.051381268932347,6.874656431048142e-06,1.0,17.708929362645815,0.0564686876050983
6.0,18.0544,18.778391948241666,0.053252696117765,4.494014295111891e-06,1.5,17.448539097092663,0.0573113883308788
7.5,18.0544,18.02338364774003,0.0554834774393425,2.757673086486899e-06,1.5,17.174653492095413,0.0582253377315732
9.0,18.0544,17.24327095136896,0.0579936372176886,1.8446098799870272e-06,1.5,16.872837066735652,0.0592668557187382
10.5,18.0544,16.477102201453935,0.0606902832654494,1.3124913770004825e-06,1.5,16.630275283352205,0.0601312956617773
12.0,18.0544,15.754630103914794,0.0634734039075607,8.610866963632386e-07,1.5,16.384923274124397,0.0610317169796719
13.5,18.0544,15.095941828234922,0.0662429685658721,nan,1.5,nan,nan
15.0,18.0544,14.512450505502157,0.068906350421031,nan,1.5,nan,nan
16.5,18.0544,14.00856815537156,0.0713848830878944,nan,1.5,nan,nan
18.0,18.0544,13.58353765058404,0.0736185245496046,nan,1.5,nan,nan
19.5,18.0544,13.233105307288582,0.0755680527569909,nan,nan,nan,nan
Name:	563.3475436367097_12_80_0.08
Lambda:	563.3475436367097	Maximal Depth:	20	Filter time:	12 to 80 [us]
Chi2:	0.7807245897698156	RelRMS:	7.068689676684653	AbsRMS:	1.6749499944560215e-06	Phi model:	0.0137370599786281
depth_vector,start_model,resistivity_model,conductivity_model,E/I[V/A],modelled_thickness,rhoa,sigma
0.0,18.0544,21.06243580619881,0.047477889509137,5.3194693118509005e-05,1.0,18.81097255646773,0.0531604624374497
1.0,18.0544,20.9368532829074,0.0477626693222514,3.739938634049715e-05,1.0,18.57309965307458,0.0538413091341197
2.0,18.0544,20.68843736243793,0.0483361784402144,2.399097566212273e-05,1.0,18.48361541275729,0.054101969645495
3.0,18.0544,20.32623221421164,0.0491975093790782,1.444893654766596e-05,1.0,18.34240222566434,0.0545184860574488
4.0,18.0544,19.86448837399213,0.0503410901490553,9.66107941772415e-06,1.0,18.00650824164688,0.0555354756502496
5.0,18.0544,19.321189230984068,0.0517566485191485,6.846713300030853e-06,1.0,17.757079662379407,0.0563155664677579
6.0,18.0544,18.7164103593562,0.0534290486690524,4.4616304494722814e-06,1.5,17.53286842433542,0.0570357328759743
7.5,18.0544,18.04640497175605,0.0554126986269605,2.727770653808493e-06,1.5,17.29994021323329,0.0578036679707752
9.0,18.0544,17.351405348521265,0.0576322194032094,1.8195142340191847e-06,1.5,17.027628305821995,0.0587280848536073
10.5,18.0544,16.666075386687428,0.0600021286834441,1.2916840274568297e-06,1.5,16.80839393163619,0.0594940839718085
12.0,18.0544,16.017294709332567,0.0624325154869844,8.450363628944838e-07,1.5,16.591745088003766,0.0602709356186423
13.5,18.0544,15.423650218298416,0.064835495219777,nan,1.5,nan,nan
15.0,18.0544,14.896122282580738,0.0671315649153459,nan,1.5,nan,nan
16.5,18.0544,14.43941331411937,0.0692548913342735,nan,1.5,nan,nan
18.0,18.0544,14.053476391794137,0.0711567709028851,nan,1.5,nan,nan
19.5,18.0544,13.734959639513852,0.0728069121603472,nan,nan,nan,nan
Name:	598.5323658376641_12_80_0.08
Lambda:	598.5323658376641	Maximal Depth:	20	Filter time:	12 to 80 [us]
Chi2:	0.8239866118429877	RelRMS:	7.261896663954342	AbsRMS:	1.7162571696130358e-06	Phi model:	0.0129092645148191
depth_vector,start_model,resistivity_model,conductivity_model,E/I[V/A],modelled_thickness,rhoa,sigma
0.0,18.0544,20.97229979708691,0.047681942832941,5.331392083927003e-05,1.0,18.782917017783745,0.0532398667924261
1.0,18.0544,20.850951049066904,0.0479594430799237,3.746599512254303e-05,1.0,18.55107971376268,0.0539052182099201
2.0,18.0544,20.610849570582914,0.0485181358767113,2.401759873586359e-05,1.0,18.46995371913485,0.0541419873166223
3.0,18.0544,20.26062404391148,0.0493568212821416,1.445289045931532e-05,1.0,18.33905675668636,0.0545284314928249
4.0,18.0544,19.813902499081,0.0504696134467393,9.657510854150392e-06,1.0,18.010943712560877,0.0555217991882678
5.0,18.0544,19.287913753520755,0.0518459390050654,6.840281047854321e-06,1.0,17.76820982113401,0.0562802899147764
6.0,18.0544,18.701927909990594,0.0534704231998348,4.454100371844074e-06,1.5,17.55262350802355,0.0569715404391193
7.5,18.0544,18.05216967064481,0.0553950033843372,2.720796695296088e-06,1.5,17.329489789105327,0.0577051033913692
9.0,18.0544,17.377521623617483,0.0575456052743975,1.813661097069858e-06,1.5,17.06424356614725,0.0586020702367282
10.5,18.0544,16.711597929639872,0.0598386823456534,1.286833509344248e-06,1.5,16.850605186625845,0.0593450495649669
12.0,18.0544,16.080575167913455,0.0621868303563768,8.412975590872742e-07,1.5,16.640865578621284,0.0600930279302725
13.5,18.0544,15.50265754354002,0.0645050693528801,nan,1.5,nan,nan
15.0,18.0544,14.988696610765327,0.0667169418374757,nan,1.5,nan,nan
16.5,18.0544,14.5434422271107,0.0687595126644696,nan,1.5,nan,nan
18.0,18.0544,14.167001147315496,0.0705865687170844,nan,1.5,nan,nan
19.5,18.0544,13.85622747341078,0.0721697158854339,nan,nan,nan,nan
Name:	621.3679912198279_12_80_0.08
Lambda:	621.3679912198279	Maximal Depth:	20	Filter time:	12 to 80 [us]
Chi2:	0.8514573997272208	RelRMS:	7.381955945583941	AbsRMS:	1.7419319141655229e-06	Phi model:	0.0124114394666002
depth_vector,start_model,resistivity_model,conductivity_model,E/I[V/A],modelled_thickness,rhoa,sigma
0.0,18.0544,20.91679715402885,0.0478084666900059,5.338793643932382e-05,1.0,18.765552916528065,0.0532891305920026
1.0,18.0544,20.798051030214832,0.048081428329377,3.7507370209088725e-05,1.0,18.537434507312742,0.0539448972621057
2.0,18.0544,20.56306242858045,0.0486308886856321,2.4034172548543688e-05,1.0,18.46146156777253,0.0541668922760515
3.0,18.0544,20.220207704684093,0.0494554761555859,1.4455405541530006e-05,1.0,18.33692949834126,0.054534757309857
4.0,18.0544,19.782736053546888,0.0505491251206734,9.655360069435234e-06,1.0,18.013618304644794,0.0555135555271619
5.0,18.0544,19.26741625710944,0.0519010949187861,6.836351235201006e-06,1.0,17.7750184285631,0.0562587321087147
6.0,18.0544,18.69302633104061,0.0534958857004044,4.449483453732673e-06,1.5,17.564763496544735,0.0569321642273586
7.5,18.0544,18.055776051637245,0.0553839390309298,2.716516013062767e-06,1.5,17.347690202102225,0.057644561803324
9.0,18.0544,17.393717005479136,0.0574920242570919,1.81006805851326e-06,1.5,17.08681812004997,0.0585246470685248
10.5,18.0544,16.739814003893066,0.0597378202510157,1.2838562679260645e-06,1.5,16.87664597793885,0.0592534797084207
12.0,18.0544,16.11980565140842,0.062035487376526,8.390031122795678e-07,1.5,16.671190614564665,0.0599837182070461
13.5,18.0544,15.551654607896705,0.0643018395928255,nan,1.5,nan,nan
15.0,18.0544,15.046127531862188,0.0664622839253732,nan,1.5,nan,nan
16.5,18.0544,14.607999005786484,0.0684556454038559,nan,1.5,nan,nan
18.0,18.0544,14.23746735567783,0.0702372110866477,nan,1.5,nan,nan
19.5,18.0544,13.931511905993036,0.0717797182924433,nan,nan,nan,nan
Name:	635.9147155281696_12_80_0.08
Lambda:	635.9147155281696	Maximal Depth:	20	Filter time:	12 to 80 [us]
Chi2:	0.8687016426404518	RelRMS:	7.456333222770353	AbsRMS:	1.7578456827694342e-06	Phi model:	0.0121091896758412
depth_vector,start_model,resistivity_model,conductivity_model,E/I[V/A],modelled_thickness,rhoa,sigma
0.0,18.0544,20.882595288106483,0.0478867682011508,5.343377918993902e-05,1.0,18.75481828846939,0.0533196315004986
1.0,18.0544,20.76545120954164,0.0481569116851409,3.753300638647634e-05,1.0,18.528992460861403,0.0539694752487103
2.0,18.0544,20.533610511245428,0.0487006412950289,2.404445601733113e-05,1.0,18.45619739103887,0.0541823420508893
3.0,18.0544,20.19529541947216,0.0495164828852073,1.4456986814126104e-05,1.0,18.335592372650584,0.0545387342648172
4.0,18.0544,19.7635234215648,0.0505982652318391,9.654052859619704e-06,1.0,18.015244360742635,0.055508544873203
5.0,18.0544,19.25478160743961,0.0519351515061392,6.833941568257134e-06,1.0,17.77919653058462,0.0562455113356642
6.0,18.0544,18.687546282166245,0.0535115731568414,4.446645994368362e-06,1.5,17.572234896144828,0.0569079576906515
7.5,18.0544,18.0580191027462,0.0553770595938689,2.713883303860991e-06,1.5,17.358907594909763,0.0576073116659273
9.0,18.0544,17.4037396612349,0.0574589151219838,1.8078581068434427e-06,1.5,17.100740065582034,0.0584770013557869
10.5,18.0544,16.757271519703107,0.05967558613729,1.282025178043693e-06,1.5,16.892711863187436,0.0591971264352882
12.0,18.0544,16.14408145341261,0.0619422048188821,8.375921106575718e-07,1.5,16.689908140013216,0.0599164472093498
13.5,18.0544,15.581980996461814,0.0641766923106291,nan,1.5,nan,nan
15.0,18.0544,15.081682318870474,0.0663056003207799,nan,1.5,nan,nan
16.5,18.0544,14.647973474611932,0.0682688292502177,nan,1.5,nan,nan
18.0,18.0544,14.281108003155364,0.0700225780646048,nan,1.5,nan,nan
19.5,18.0544,13.978141738257335,0.071540267563825,nan,nan,nan,nan
Name:	612.5444897939692_12_80_0.08
Lambda:	612.5444897939692	Maximal Depth:	20	Filter time:	12 to 80 [us]
Chi2:	0.8409005778227274	RelRMS:	7.336050502869684	AbsRMS:	1.732113485667734e-06	Phi model:	0.0126003224886545
depth_vector,start_model,resistivity_model,conductivity_model,E/I[V/A],modelled_thickness,rhoa,sigma
0.0,18.0544,20.937975143431288,0.0477601101897249,5.335963973479039e-05,1.0,18.772186599313965,0.053270299371334
1.0,18.0544,20.81823635140621,0.0480348086706419,3.749154991123888e-05,1.0,18.542648964345023,0.0539297271885404
2.0,18.0544,20.581297486095348,0.0485878016522328,2.4027831996740805e-05,1.0,18.4647092100861,0.054157365199868
3.0,18.0544,20.23563086229477,0.0494177822675797,1.4454438488151234e-05,1.0,18.337747359785315,0.0545323250658911
4.0,18.0544,19.794629816809056,0.0505187522704176,9.65617647151751e-06,1.0,18.012602957091545,0.0555166847557865
5.0,18.0544,19.27523824474813,0.051880033196086,6.837847903893254e-06,1.0,17.77242460230434,0.0562669428835467
6.0,18.0544,18.696421568345933,0.0534861709415589,4.45124332557227e-06,1.5,17.560133513765617,0.0569471752145897
7.5,18.0544,18.05439500932434,0.0553881755375099,2.7181481612194336e-06,1.5,17.34074507298024,0.0576676489845967
9.0,18.0544,17.387527220553093,0.0575124908398671,1.8114380555037189e-06,1.5,17.078201819858194,0.0585541739433726
10.5,18.0544,16.729031047222513,0.0597763251904555,1.2849914399515928e-06,1.5,16.86670520187945,0.0592884020934076
12.0,18.0544,16.104812669099747,0.0620932401106842,8.398779097954445e-07,1.5,16.659612384879257,0.0600254061677706
13.5,18.0544,15.532927449052504,0.0643793646291059,nan,1.5,nan,nan
15.0,18.0544,15.0241749499816,0.0665593953298064,nan,1.5,nan,nan
16.5,18.0544,14.58332073388327,0.0685714878146082,nan,1.5,nan,nan
18.0,18.0544,14.210528470042409,0.070370359702535,nan,1.5,nan,nan
19.5,18.0544,13.902729854268376,0.0719283198682727,nan,nan,nan,nan
Name:	607.1540272375922_12_80_0.08
Lambda:	607.1540272375922	Maximal Depth:	20	Filter time:	12 to 80 [us]
Chi2:	0.8344153631180702	RelRMS:	7.307707112327128	AbsRMS:	1.7260523336180154e-06	Phi model:	0.0127178457161474
depth_vector,start_model,resistivity_model,conductivity_model,E/I[V/A],modelled_thickness,rhoa,sigma
0.0,18.0544,20.95107792673564,0.0477302410642987,5.334216655549705e-05,1.0,18.776285818854365,0.0532586694539897
1.0,18.0544,20.830724719319,0.0480060109993471,3.748178232443736e-05,1.0,18.545870246020023,0.053920359990365
2.0,18.0544,20.592578829874046,0.0485611835342002,2.402391935557287e-05,1.0,18.46671398483962,0.0541514857933553
3.0,18.0544,20.24517214138848,0.0493944923271675,1.4453844750299742e-05,1.0,18.33824954405376,0.0545308317240264
4.0,18.0544,19.801987424419867,0.0504999815708799,9.656684222426015e-06,1.0,18.01197154673327,0.0555186308953149
5.0,18.0544,19.2800771773492,0.0518670122946825,6.838775635909269e-06,1.0,17.770817256097523,0.0562720321518629
6.0,18.0544,18.6985229923316,0.0534801599254715,4.452333264072346e-06,1.5,17.557267563797616,0.0569564709523456
7.5,18.0544,18.05354361587916,0.0553907876080594,2.7191587216904583e-06,1.5,17.336448411420854,0.0576819413220312
9.0,18.0544,17.38370388036329,0.0575251400324187,1.812286280086896e-06,1.5,17.07287253642452,0.0585724515816847
10.5,18.0544,16.722369926578047,0.0598001362480702,1.2856942902336912e-06,1.5,16.860557629075576,0.0593100193955345
12.0,18.0544,16.09555132919533,0.0621289684054577,8.404195696119229e-07,1.5,16.652453411338733,0.0600512113920159
13.5,18.0544,15.52136047354003,0.0644273420300202,nan,1.5,nan,nan
15.0,18.0544,15.010616963689085,0.0666195135362534,nan,1.5,nan,nan
16.5,18.0544,14.568080523988268,0.0686432229938163,nan,1.5,nan,nan
18.0,18.0544,14.193893205330436,0.0704528338725597,nan,1.5,nan,nan
19.5,18.0544,13.884957141019656,0.0720203879524949,nan,nan,nan,nan
Name:	615.8998808275064_12_80_0.08
Lambda:	615.8998808275064	Maximal Depth:	20	Filter time:	12 to 80 [us]
Chi2:	0.8449237137431095	RelRMS:	7.353578562819534	AbsRMS:	1.735862186062678e-06	Phi model:	0.0125279891658482
depth_vector,start_model,resistivity_model,conductivity_model,E/I[V/A],modelled_thickness,rhoa,sigma
0.0,18.0544,20.92988245983685,0.0477785769661601,5.337044465015528e-05,1.0,18.76965287822177,0.0532774903450819
1.0,18.0544,20.81052305328027,0.0480526124903128,3.749759045216827e-05,1.0,18.54065753616492,0.0539355197111767
2.0,18.0544,20.574329531354927,0.0486042569929686,2.4030252470022755e-05,1.0,18.46346927067531,0.0541610022114454
3.0,18.0544,20.22973749335326,0.0494321787580566,1.4454806942891318e-05,1.0,18.337435737560785,0.0545332517758569
4.0,18.0544,19.790085135697392,0.0505303536161245,9.65586387692057e-06,1.0,18.012991709601785,0.0555154866066447
5.0,18.0544,19.272249376279643,0.0518880790962991,6.83727557386538e-06,1.0,17.773416376513804,0.056263803132493
6.0,18.0544,18.69512397173065,0.0534898833253057,4.450570569361193e-06,1.5,17.561903083321532,0.0569414371127976
7.5,18.0544,18.054922025898165,0.0553865587769135,2.717524295821581e-06,1.5,17.343398928907078,0.05765882478395
9.0,18.0544,17.389891029195294,0.0575046731644916,1.8109143990214496e-06,1.5,17.08149396152986,0.0585428887105632
10.5,18.0544,16.733149084596537,0.0597616142033023,1.284557537375432e-06,1.5,16.870503186620148,0.0592750547472165
12.0,18.0544,16.110538403757822,0.0620711719831006,8.395435263653753e-07,1.5,16.664035684310704,0.0600094730318842
13.5,18.0544,15.540079003838027,0.0643497372023027,nan,1.5,nan,nan
15.0,18.0544,15.032557948972649,0.0665222780710013,nan,1.5,nan,nan
16.5,18.0544,14.592744308889475,0.0685272063179253,nan,1.5,nan,nan
18.0,18.0544,14.220815037937394,0.0703194575931311,nan,1.5,nan,nan
19.5,18.0544,13.91372005463379,0.0718715049658457,nan,nan,nan,nan
Name:	610.4798904408693_12_80_0.08
Lambda:	610.4798904408693	Maximal Depth:	20	Filter time:	12 to 80 [us]
Chi2:	0.8384198790878737	RelRMS:	7.325221652729966	AbsRMS:	1.7297976843248198e-06	Phi model:	0.0126451416884773
depth_vector,start_model,resistivity_model,conductivity_model,E/I[V/A],modelled_thickness,rhoa,sigma
0.0,18.0544,20.94297873594435,0.0477486995812923,5.335296415606511e-05,1.0,18.77375243042076,0.0532658563441804
1.0,18.0544,20.823005338295584,0.048023807502988,3.748781810436452e-05,1.0,18.54387952297008,0.0539261484502912
2.0,18.0544,20.58560557944069,0.0485776333438897,2.40263369460723e-05,1.0,18.46547518590178,0.0541551186705171
3.0,18.0544,20.239274503779043,0.0494088856699523,1.4454211345086914e-05,1.0,18.337939473632247,0.0545317537686216
4.0,18.0544,19.797439577607985,0.0505115823730587,9.65637013015189e-06,1.0,18.012362127621603,0.0555174270267706
5.0,18.0544,19.2770861451614,0.051875059978969,6.838202022373384e-06,1.0,17.771811029878144,0.056268885501809
6.0,18.0544,18.69722397084508,0.053483875550687,4.451659443337425e-06,1.5,17.559039210626263,0.0569507242397879
7.5,18.0544,18.05406960850378,0.0553891738364065,2.718533998509712e-06,1.5,17.3391042708982,0.0576731060830167
9.0,18.0544,17.38606662565165,0.0575173224359203,1.8117619139966344e-06,1.5,17.076166568812656,0.0585611528190622
10.5,18.0544,16.72648642154382,0.0597854190532205,1.285259791957758e-06,1.5,16.86435736438257,0.0592966561602871
12.0,18.0544,16.1012746851685,0.062106884054412,8.400847163920121e-07,1.5,16.656878169275085,0.0600352592987429
13.5,18.0544,15.528508584639988,0.0643976847196484,nan,1.5,nan,nan
15.0,18.0544,15.018995364497162,0.066582349600018,nan,1.5,nan,nan
16.5,18.0544,14.577498380542709,0.0685988757395266,nan,1.5,nan,nan
18.0,18.0544,14.204173062398077,0.0704018456834523,nan,1.5,nan,nan
19.5,18.0544,13.89593982522958,0.071963466492881,nan,nan,nan,nan
Name:	613.823972029504_12_80_0.08
Lambda:	613.823972029504	Maximal Depth:	20	Filter time:	12 to 80 [us]
Chi2:	0.8424359270967663	RelRMS:	7.3427446730901	AbsRMS:	1.7335451223554326e-06	Phi model:	0.0125726664949078
depth_vector,start_model,resistivity_model,conductivity_model,E/I[V/A],modelled_thickness,rhoa,sigma
0.0,18.0544,20.934883526940848,0.0477671632953253,5.3363766325317016e-05,1.0,18.7712188249714,0.0532730457901698
1.0,18.0544,20.815289678805232,0.0480416086170653,3.749385685269804e-05,1.0,18.541888355400403,0.0539319394461107
2.0,18.0544,20.578635567899195,0.0485940866536316,2.40287563276859e-05,1.0,18.46423567714336,0.0541587541171762
3.0,18.0544,20.23337947591153,0.0494232810287837,1.44545790897984e-05,1.0,18.337628443758867,0.0545326786976287
4.0,18.0544,19.79289366585456,0.0505231835668948,9.656056961208034e-06,1.0,18.012751581409045,0.0555162266842174
5.0,18.0544,19.27409643679361,0.0518831065974658,6.8376291990128335e-06,1.0,17.772803573354466,0.0562657430985863
6.0,18.0544,18.69592582519759,0.0534875891865296,4.450986277383492e-06,1.5,17.560809582212514,0.0569449828220282
7.5,18.0544,18.05459623833438,0.0553875582039742,2.717909802741565e-06,1.5,17.341758904315917,0.0576642776270592
9.0,18.0544,17.388430041462737,0.0575095047462881,1.811237984194067e-06,1.5,17.07945944782041,0.0585498623686017
10.5,18.0544,16.730603891365156,0.0597707056178713,1.2848256599713e-06,1.5,16.868156035257314,0.0592833026864246
12.0,18.0544,16.106999540082604,0.0620848096202821,8.397501521105256e-07,1.5,16.661302045817948,0.0600193188533548
13.5,18.0544,15.53565885895576,0.0643680457377921,nan,1.5,nan,nan
15.0,18.0544,15.027376646936188,0.0665452143441072,nan,1.5,nan,nan
16.5,18.0544,14.586919814908851,0.0685545689349666,nan,1.5,nan,nan
18.0,18.0544,14.214457113472392,0.0703509104862123,nan,1.5,nan,nan
19.5,18.0544,13.906927203253344,0.0719066106685352,nan,nan,nan,nan
Name:	614.6160714745068_12_80_0.08
Lambda:	614.6160714745068	Maximal Depth:	20	Filter time:	12 to 80 [us]
Chi2:	0.8433856609553321	RelRMS:	7.346882488589378	AbsRMS:	1.7344300710881848e-06	Phi model:	0.0125555909055711
depth_vector,start_model,resistivity_model,conductivity_model,E/I[V/A],modelled_thickness,rhoa,sigma
0.0,18.0544,20.932973102309106,0.047771522712638,5.336631702094397e-05,1.0,18.77062069429198,0.0532747433495416
1.0,18.0544,20.813468814986663,0.048045811531423,3.749528283232868e-05,1.0,18.541418242527428,0.0539333068765125
2.0,18.0544,20.57699065590248,0.0485979712350771,2.402932772502323e-05,1.0,18.46394296658465,0.0541596127008062
3.0,18.0544,20.231988239378573,0.0494266795812804,1.4454666070613563e-05,1.0,18.33755487934896,0.0545328974653082
4.0,18.0544,19.791820811531863,0.0505259222747884,9.655983167533678e-06,1.0,18.01284335355407,0.055515943839188
5.0,18.0544,19.27339086025549,0.0518850059779643,6.837494089822428e-06,1.0,17.773037700181472,0.056265001901717
6.0,18.0544,18.695619504042178,0.0534884655618814,4.450827460689512e-06,1.5,17.561227322233552,0.0569436282357065
7.5,18.0544,18.05472065019741,0.0553871765381795,2.717762527835509e-06,1.5,17.34238539585594,0.0576621945121203
9.0,18.0544,17.388988061384453,0.057507659242155,1.81111436566539e-06,1.5,17.080236617085138,0.0585471982864519
10.5,18.0544,16.731576028763484,0.0597672328225916,1.2847232295499336e-06,1.5,16.869052617147133,0.0592801518079038
12.0,18.0544,16.10835120354536,0.0620796000387616,8.39671214934045e-07,1.5,16.662346244634985,0.0600155575522255
13.5,18.0544,15.537347113074668,0.0643610516468735,nan,1.5,nan,nan
15.0,18.0544,15.02935560574744,0.0665364521428707,nan,1.5,nan,nan
16.5,18.0544,14.589144420510191,0.0685441154859052,nan,1.5,nan,nan
18.0,18.0544,14.216885444147152,0.0703388941219669,nan,1.5,nan,nan
19.5,18.0544,13.909521639085622,0.0718931984828298,nan,nan,nan,nan
Name:	613.3349381513083_12_80_0.08
Lambda:	613.3349381513083	Maximal Depth:	20	Filter time:	12 to 80 [us]
Chi2:	0.8418492781124705	RelRMS:	7.340187586104194	AbsRMS:	1.732998250707642e-06	Phi model:	0.0125832261911949
depth_vector,start_model,resistivity_model,conductivity_model,E/I[V/A],modelled_thickness,rhoa,sigma
0.0,18.0544,20.93606434896904,0.0477644691634339,5.336219003188934e-05,1.0,18.77158848500189,0.0532719967092278
1.0,18.0544,20.816415141761503,0.0480390111933259,3.7492975629567504e-05,1.0,18.542178889411502,0.0539310943964114
2.0,18.0544,20.57965227283744,0.0485916859401883,2.40284032340933e-05,1.0,18.46441656271945,0.0541582235541115
3.0,18.0544,20.234239382742143,0.0494211806574208,1.4454525364770524e-05,1.0,18.33767388230789,0.0545325435722137
4.0,18.0544,19.79355678219908,0.0505214909580742,9.656102593977598e-06,1.0,18.0126948316399,0.0555164015904753
5.0,18.0544,19.27453254521169,0.0518819326826386,6.837712723101175e-06,1.0,17.772658840722563,0.0562662013017824
6.0,18.0544,18.69611516692993,0.0534870475000507,4.451084449757457e-06,1.5,17.56055136907782,0.0569458201500944
7.5,18.0544,18.054519364920832,0.0553877940358222,2.718000838541128e-06,1.5,17.341371676154623,0.0576655652548556
9.0,18.0544,17.388085183627286,0.0575106453321039,1.811314397151595e-06,1.5,17.078979096392434,0.0585515091011047
10.5,18.0544,16.73000310256337,0.0597728520353221,1.2848889759609245e-06,1.5,16.867601884777258,0.0592852503177991
12.0,18.0544,16.106164205202518,0.0620880296052728,8.39798946145955e-07,1.5,16.66065666909708,0.0600216437960001
13.5,18.0544,15.53461551755412,0.0643723688474941,nan,1.5,nan,nan
15.0,18.0544,15.026153659720796,0.0665506304970517,nan,1.5,nan,nan
16.5,18.0544,14.585545028673694,0.0685610306666019,nan,1.5,nan,nan
18.0,18.0544,14.212956435124635,0.0703583385036408,nan,1.5,nan,nan
19.5,18.0544,13.905323880006833,0.0719149017045051,nan,nan,nan,nan
Name:	614.1264065302707_12_80_0.08
Lambda:	614.1264065302707	Maximal Depth:	20	Filter time:	12 to 80 [us]
Chi2:	0.8427986177698947	RelRMS:	7.3443251246982015	AbsRMS:	1.7338831294588737e-06	Phi model:	0.0125661426884847
depth_vector,start_model,resistivity_model,conductivity_model,E/I[V/A],modelled_thickness,rhoa,sigma
0.0,18.0544,20.9341537825378,0.0477688284125508,5.336474057585676e-05,1.0,18.770990360439445,0.0532736941843802
1.0,18.0544,20.81459414534313,0.0480432139592657,3.749440150957413e-05,1.0,18.541708790967096,0.0539324617419925
2.0,18.0544,20.57800724532049,0.0485955704106092,2.402897457037556e-05,1.0,18.464123876268825,0.0541590820502054
3.0,18.0544,20.232848053007245,0.0494245791487258,1.445461230591096e-05,1.0,18.337600350997384,0.0545327622403773
4.0,18.0544,19.792483858734347,0.0505242296589623,9.65602876844254e-06,1.0,18.01278664268501,0.0555161186237721
5.0,18.0544,19.273826921514328,0.0518838321041346,6.837577586672263e-06,1.0,17.772893009983672,0.0562654599585033
6.0,18.0544,18.695808815053173,0.0534879239455442,4.450925610463577e-06,1.5,17.56096915318743,0.056944465380972
7.5,18.0544,18.054643755347687,0.0553874124325386,2.717853545310332e-06,1.5,17.34199821067222,0.0576634819039828
9.0,18.0544,17.38864318200908,0.0575087998260057,1.8111907633475156e-06,1.5,17.079756307045336,0.0585488447272227
10.5,18.0544,16.730975208904812,0.0597693791015699,1.2847865326630752e-06,1.5,16.86849850573712,0.0592820990949426
12.0,18.0544,16.10751582040208,0.0620828196693981,8.397199988013024e-07,1.5,16.6617009012989,0.0600178820832177
13.5,18.0544,15.536303701239174,0.0643653741089162,nan,1.5,nan,nan
15.0,18.0544,15.028132523922483,0.066541867288444,nan,1.5,nan,nan
16.5,18.0544,14.587769516130743,0.0685505758021627,nan,1.5,nan,nan
18.0,18.0544,14.215384626763726,0.0703463202900096,nan,1.5,nan,nan
19.5,18.0544,13.907918159831102,0.0719014872325179,nan,nan,nan,nan
Name:	613.6371317023024_12_80_0.08
Lambda:	613.6371317023024	Maximal Depth:	20	Filter time:	12.0 to 80.0 [us]
Chi2:	0.842211818407029	RelRMS:	7.341767932729135	AbsRMS:	1.7333362309855103e-06	Phi model:	0.012576699362957054
depth_vector,start_model,resistivity_model,conductivity_model,E/I[V/A],modelled_thickness,rhoa,sigma
0.0,18.0544,20.935334550516696,0.04776613421615082,5.336316422406021e-05,1.0,18.771360022910176,0.053272645070975906
1.0,18.0544,20.815719557763472,0.04804061647857078,3.7493520248351575e-05,1.0,18.541999330502804,0.05393161665985687
2.0,18.0544,20.579023906234347,0.04859316965451667,2.4028621453569883e-05,1.0,18.464304770998503,0.05415855145386676
3.0,18.0544,20.23370792432236,0.04942247875377941,1.445455856576863e-05,1.0,18.33764580215559,0.05453262707705098
4.0,18.0544,19.793146948734783,0.05052253704729464,9.656074389020899e-06,1.0,18.012729907800942,0.05551629348347252
5.0,18.0544,19.27426301195865,0.05188265820485865,6.837661100366486e-06,1.0,17.77274829354219,0.056265918105831425
6.0,18.0544,18.695998145066483,0.05348738228581184,4.45102377422615e-06,1.5,17.560710956836754,0.056945302639394506
7.5,18.0544,18.0545668737349,0.055387648288298855,2.7179445739023565e-06,1.5,17.341610999810246,0.05766476943871836
9.0,18.0544,17.38829831590664,0.0575099404112023,1.811267170112944e-06,1.5,17.07927597367043,0.05855049134059367
10.5,18.0544,16.730374408177138,0.059771525466354176,1.2848498435274724e-06,1.5,16.867944371987477,0.05928404658843289
12.0,18.0544,16.106680467002047,0.062086039519360446,8.397687890949378e-07,1.5,16.661055535445804,0.06002020687540087
13.5,18.0544,15.535260332831145,0.06436969697164772,nan,1.5,nan,nan
15.0,18.0544,15.0269095004492,0.0665472830571121,nan,1.5,nan,nan
16.5,18.0544,14.586394684635804,0.06855703699374896,nan,1.5,nan,nan
18.0,18.0544,14.213883895164669,0.07035374760168005,nan,1.5,nan,nan
19.5,18.0544,13.9063147768433,0.07190977739589162,nan,nan,nan,nan
