Name:	10.0_12_80_0.08
Lambda:	10	Maximal Depth:	20	Filter time:	12 to 80 [us]
Chi2:	0.8497530885965429	RelRMS:	7.788843926898134	AbsRMS:	1.4679813742489298e-06	Phi model:	0.0260812906947885
depth_vector,start_model,resistivity_model,conductivity_model,E/I[V/A],modelled_thickness,rhoa,sigma
0.0,21.2198,24.718937301014154,0.0404548135634848,4.524057220177638e-05,1.0,20.95582335056173,0.0477194326021647
1.0,21.2198,24.467716000114542,0.0408701817527765,3.1590992559870375e-05,1.0,20.785087585989785,0.0481114162190998
2.0,21.2198,23.979797812535764,0.0417017694568398,2.002043649703036e-05,1.0,20.85306206038427,0.0479545880170642
3.0,21.2198,23.292629378730105,0.0429320358702465,1.1819179348639296e-05,1.0,20.97113423241932,0.0476845929703744
4.0,21.2198,22.461103930875584,0.0445214092360516,7.742534021252028e-06,1.0,20.870099712310715,0.0479154394940493
5.0,21.2198,21.54931269123638,0.0464051923292512,5.379298012670888e-06,1.0,20.85495393308812,0.047950237780838
6.0,21.2198,20.62214311882576,0.0484915653158817,3.412750320542543e-06,1.5,20.962626345701945,0.0477039462283328
7.5,21.2198,19.76097323800492,0.0506047950146892,2.017606390175343e-06,1.5,21.15236219220691,0.0472760437303984
9.0,21.2198,19.076814807303872,0.052419652342441,1.3081551875141587e-06,1.5,21.21704778740686,0.0471319106230009
10.5,21.2198,18.653683465278423,0.0536087149683535,9.063585986060248e-07,1.5,21.28614606371594,0.0469789128105526
12.0,21.2198,18.550985725248456,0.0539054913205485,5.751720019495779e-07,1.5,21.44258663443304,0.0466361646124435
13.5,21.2198,18.80986718955489,0.0531635864263464,nan,1.5,nan,nan
15.0,21.2198,19.45990814342281,0.0513877040235663,nan,1.5,nan,nan
16.5,21.2198,20.52344321128896,0.0487247675599554,nan,1.5,nan,nan
18.0,21.2198,22.0162451795676,0.0454210058002106,nan,1.5,nan,nan
19.5,21.2198,23.94473520988584,0.0417628339271481,nan,nan,nan,nan
Name:	12.742749857031335_12_80_0.08
Lambda:	12.742749857031336	Maximal Depth:	20	Filter time:	12 to 80 [us]
Chi2:	0.7601171404827329	RelRMS:	7.355903284953574	AbsRMS:	1.4140171919372427e-06	Phi model:	0.0788654963343732
depth_vector,start_model,resistivity_model,conductivity_model,E/I[V/A],modelled_thickness,rhoa,sigma
0.0,21.2198,27.744115490205072,0.0360436792570678,4.499163811474081e-05,1.0,21.0330498495499,0.0475442224096378
1.0,21.2198,27.25476271972383,0.0366908349297906,3.1600633060029415e-05,1.0,20.78086005823674,0.0481212037036762
2.0,21.2198,26.31427126652067,0.0380021924176288,2.016554551500512e-05,1.0,20.75290415828986,0.0481860269951926
3.0,21.2198,25.01426441599794,0.0399771899492853,1.1966624183248631e-05,1.0,20.798516894536068,0.0480803513572983
4.0,21.2198,23.479647812195125,0.0425900766484499,7.841361494928785e-06,1.0,20.69437375232477,0.0483223127197875
5.0,21.2198,21.845123351742565,0.0457768072030699,5.443005381252931e-06,1.0,20.69190435521577,0.0483280795635386
6.0,21.2198,20.235161475601085,0.04941892859149,3.4475530515706985e-06,1.5,20.82131072403506,0.0480277160863677
7.5,21.2198,18.78846359177138,0.0532241497616634,2.0308753210330377e-06,1.5,21.060127495978733,0.0474830933569106
9.0,21.2198,17.67390776805303,0.0565805826942006,1.310297744830992e-06,1.5,21.193912517095537,0.0471833598064243
10.5,21.2198,17.00162532041875,0.0588179060033167,9.033742046249068e-07,1.5,21.33300100636234,0.0468757302220048
12.0,21.2198,16.84392014583005,0.059368602519026,5.697159819761994e-07,1.5,21.579269054850062,0.0463407725932794
13.5,21.2198,17.25989823559739,0.0579377691774315,nan,1.5,nan,nan
15.0,21.2198,18.31524874331903,0.0545993130650096,nan,1.5,nan,nan
16.5,21.2198,20.09417038805013,0.0497656773426532,nan,1.5,nan,nan
18.0,21.2198,22.702844780786204,0.0440473433904775,nan,1.5,nan,nan
19.5,21.2198,26.2640108691312,0.0380749157081459,nan,nan,nan,nan
Name:	16.237767391887218_12_80_0.08
Lambda:	16.237767391887218	Maximal Depth:	20	Filter time:	12 to 80 [us]
Chi2:	0.7055283557083463	RelRMS:	7.076575708612984	AbsRMS:	1.356409940042391e-06	Phi model:	0.1005057638827783
depth_vector,start_model,resistivity_model,conductivity_model,E/I[V/A],modelled_thickness,rhoa,sigma
0.0,21.2198,28.822886817334734,0.0346946510367787,4.480925134107222e-05,1.0,21.090084982677386,0.0474156458270017
1.0,21.2198,28.24890493612056,0.0353996022947192,3.152294216422117e-05,1.0,20.814990146288608,0.0480422999469112
2.0,21.2198,27.15018479778662,0.0368321618231314,2.0153462281555173e-05,1.0,20.76119841995741,0.0481667762993255
3.0,21.2198,25.639071402719715,0.0390029726230226,1.1975228056572236e-05,1.0,20.788553591465103,0.0481033947648266
4.0,21.2198,23.86833983551203,0.0418965041930637,7.846646920645714e-06,1.0,20.68507968829952,0.0483440245369539
5.0,21.2198,21.99960806788901,0.0454553552460607,5.444625948433493e-06,1.0,20.687798253148628,0.0483376716924336
6.0,21.2198,20.17782956395494,0.0495593441718017,3.4464206817069075e-06,1.5,20.8258712301444,0.0480171988460463
7.5,21.2198,18.558244709785708,0.0538844063993133,2.0277151257163893e-06,1.5,21.082003297617646,0.0474338223878849
9.0,21.2198,17.322944348497842,0.0577269071517114,1.3061954077056566e-06,1.5,21.2382648022396,0.0470848258702636
10.5,21.2198,16.58470268326174,0.0602965286202724,8.991352253450686e-07,1.5,21.399998153234257,0.0467289759952089
12.0,21.2198,16.41588735124688,0.0609165973549425,5.659129655982792e-07,1.5,21.67583828704064,0.0461343172410485
13.5,21.2198,16.879711462422,0.0592427188240878,nan,1.5,nan,nan
15.0,21.2198,18.054654476633843,0.0553873795421668,nan,1.5,nan,nan
16.5,21.2198,20.050104188531343,0.0498750525482057,nan,1.5,nan,nan
18.0,21.2198,23.01233608958172,0.0434549537303483,nan,1.5,nan,nan
19.5,21.2198,27.120331118753864,0.0368727061488012,nan,nan,nan,nan
Name:	20.6913808111479_12_80_0.08
Lambda:	20.6913808111479	Maximal Depth:	20	Filter time:	12 to 80 [us]
Chi2:	0.6734261470027282	RelRMS:	6.902764209761596	AbsRMS:	1.2487768180645564e-06	Phi model:	0.0703391179078628
depth_vector,start_model,resistivity_model,conductivity_model,E/I[V/A],modelled_thickness,rhoa,sigma
0.0,21.2198,27.51755837660216,0.0363404334902869,4.457295162801681e-05,1.0,21.164557472568667,0.0472488026879889
1.0,21.2198,27.057449003081697,0.0369583991412533,3.1274946027645e-05,1.0,20.92488085485596,0.0477899973212002
2.0,21.2198,26.17373491517856,0.0382062400815438,1.993268466863313e-05,1.0,20.91421971231972,0.047814358544342
3.0,21.2198,24.948993383544007,0.0400817774339378,1.1815469000959864e-05,1.0,20.97552430374081,0.0476746128258476
4.0,21.2198,23.499193442208423,0.0425546520334538,7.739640846304926e-06,1.0,20.87530039191172,0.0479035022838501
5.0,21.2198,21.949885999192187,0.0455583231747446,5.371654932341854e-06,1.0,20.874731613585908,0.0479048075209345
6.0,21.2198,20.41876022527705,0.0489745699037137,3.4020251875985315e-06,1.5,21.00666070301752,0.0476039487730838
7.5,21.2198,19.039451003125155,0.0525225228309292,2.004333659278892e-06,1.5,21.245640296068785,0.0470684802182703
9.0,21.2198,17.97589218833048,0.0556300621701089,1.293718501623454e-06,1.5,21.37459725113615,0.0467845072471176
10.5,21.2198,17.33679275884925,0.0576807956298357,8.923759514556615e-07,1.5,21.507924604845176,0.046494490675996
12.0,21.2198,17.19379204844796,0.0581605266122936,5.63134551136086e-07,1.5,21.747076499157707,0.0459831922713258
13.5,21.2198,17.603958343325246,0.0568054059488934,nan,1.5,nan,nan
15.0,21.2198,18.62712670308629,0.0536851451079844,nan,1.5,nan,nan
16.5,21.2198,20.337048389894008,0.0491713438857196,nan,1.5,nan,nan
18.0,21.2198,22.82275513589612,0.0438159194210158,nan,1.5,nan,nan
19.5,21.2198,26.182290254713145,0.0381937557895641,nan,nan,nan,nan
Name:	26.366508987303583_12_80_0.08
Lambda:	26.366508987303583	Maximal Depth:	20	Filter time:	12 to 80 [us]
Chi2:	0.6793661459653504	RelRMS:	6.915350278052476	AbsRMS:	1.1804622891842645e-06	Phi model:	0.0481806979584225
depth_vector,start_model,resistivity_model,conductivity_model,E/I[V/A],modelled_thickness,rhoa,sigma
0.0,21.2198,26.41214010884148,0.037861377225742,4.4422705146926346e-05,1.0,21.21225245876838,0.0471425654556848
1.0,21.2198,26.046551106289563,0.0383927989513562,3.109785672941549e-05,1.0,21.004244617708142,0.0476094245806357
2.0,21.2198,25.3398743323406,0.0394634948415559,1.976536275428972e-05,1.0,21.032085445005183,0.0475464025008269
3.0,21.2198,24.35463803332746,0.0410599409702405,1.1691548990709416e-05,1.0,21.12347829442777,0.0473406882172333
4.0,21.2198,23.1774182198017,0.0431454440057368,7.656803349219855e-06,1.0,21.02559413467751,0.0475610816795279
5.0,21.2198,21.90660831289969,0.0456483260994423,5.315517360974088e-06,1.0,21.02144717625544,0.0475704641842898
6.0,21.2198,20.63542673142953,0.0484603499125566,3.368187529776775e-06,1.5,21.1471183033848,0.0472877668556826
7.5,21.2198,19.47701508326961,0.0513425694709751,1.986882694273304e-06,1.5,21.369860446707,0.0467948774159681
9.0,21.2198,18.574618935934733,0.0538369052656787,1.28476177044908e-06,1.5,21.473824343721827,0.046568323554922
10.5,21.2198,18.029420564424804,0.0554648995194651,8.878186238245454e-07,1.5,21.581464394314555,0.0463360586533433
12.0,21.2198,17.91012095073584,0.0558343521381364,5.615584562449025e-07,1.5,21.787748362238148,0.045897354025493
13.5,21.2198,18.267082258399903,0.0547432800627019,nan,1.5,nan,nan
15.0,21.2198,19.145962046481813,0.0522303343949099,nan,1.5,nan,nan
16.5,21.2198,20.59263060854052,0.048561061430649,nan,1.5,nan,nan
18.0,21.2198,22.656454269129224,0.0441375330897456,nan,1.5,nan,nan
19.5,21.2198,25.38193224420672,0.0393981037526504,nan,nan,nan,nan
Name:	33.59818286283781_12_80_0.08
Lambda:	33.59818286283781	Maximal Depth:	20	Filter time:	12 to 80 [us]
Chi2:	0.7026302861361398	RelRMS:	7.0156330876442645	AbsRMS:	1.1413924795459662e-06	Phi model:	0.0323919036213042
depth_vector,start_model,resistivity_model,conductivity_model,E/I[V/A],modelled_thickness,rhoa,sigma
0.0,21.2198,25.49076094345345,0.0392298998926832,4.4338752954721625e-05,1.0,21.239019917261185,0.0470831518542571
1.0,21.2198,25.201391173544216,0.0396803491169874,3.097726849315951e-05,1.0,21.05871949451332,0.0474862681114367
2.0,21.2198,24.6398890060266,0.0405845984028342,1.9641781411865004e-05,1.0,21.12021239339797,0.0473480086929709
3.0,21.2198,23.85206675510681,0.0419250880968583,1.1597281591528775e-05,1.0,21.23779056796668,0.047085877262031
4.0,21.2198,22.90366271101662,0.0436611389460866,7.59385809144567e-06,1.0,21.141621216454045,0.0473000622687215
5.0,21.2198,21.869877499007007,0.0457249932033412,5.273128163242771e-06,1.0,21.133953786982865,0.0473172228007773
6.0,21.2198,20.825554832814067,0.0480179283590724,3.342885702891299e-06,1.5,21.253690502390704,0.0470506522096722
7.5,21.2198,19.864218662695336,0.0503417736675433,1.9741425311942743e-06,1.5,21.461702349462,0.0465946262657523
9.0,21.2198,19.109284922152124,0.0523305819173153,1.27853294768527e-06,1.5,21.5435126916311,0.0464176856538564
10.5,21.2198,18.65151886921791,0.0536149365106334,8.849182212066374e-07,1.5,21.62859552317992,0.0462350871987168
12.0,21.2198,18.55383314198046,0.0538972185611268,5.608443849923874e-07,1.5,21.806237989209656,0.0458584374111127
13.5,21.2198,18.860326958828,0.0530213501697502,nan,1.5,nan,nan
15.0,21.2198,19.604550871256773,0.0510085646219088,nan,1.5,nan,nan
16.5,21.2198,20.81422149008822,0.0480440741190441,nan,1.5,nan,nan
18.0,21.2198,22.511516953207707,0.044421706545969,nan,1.5,nan,nan
19.5,21.2198,24.70934433719301,0.0404705194259153,nan,nan,nan,nan
Name:	42.81332398719393_12_80_0.08
Lambda:	42.81332398719393	Maximal Depth:	20	Filter time:	12 to 80 [us]
Chi2:	0.7316097743622406	RelRMS:	7.145303607222904	AbsRMS:	1.122502712094329e-06	Phi model:	0.0214304620774384
depth_vector,start_model,resistivity_model,conductivity_model,E/I[V/A],modelled_thickness,rhoa,sigma
0.0,21.2198,24.73249570887858,0.040432636146825,4.4302195533618814e-05,1.0,21.250702363845885,0.0470572681729952
1.0,21.2198,24.50420077045163,0.0408093293622475,3.0899163608972775e-05,1.0,21.0941917964772,0.0474064145072864
2.0,21.2198,24.059821589834453,0.0415630679664936,1.955234776572664e-05,1.0,21.18456683257321,0.0472041749969798
3.0,21.2198,23.433174668723147,0.0426745421453596,1.1526554751124775e-05,1.0,21.32457856338726,0.0468942444525926
4.0,21.2198,22.67374593776949,0.0441038725027883,7.546640770379292e-06,1.0,21.2297145078086,0.0471037893435724
5.0,21.2198,21.83938217402705,0.0457888410959386,5.241527382220023e-06,1.0,21.21881202515246,0.0471279918411367
6.0,21.2198,20.989232345239305,0.047643476595599,3.3242126042271296e-06,1.5,21.333208405951307,0.0468752745002496
7.5,21.2198,20.200153892425288,0.0495045733475814,1.964988415133233e-06,1.5,21.5283051809548,0.0464504749256647
9.0,21.2198,19.576372080772085,0.0510819878103052,1.274318158983398e-06,1.5,21.590989779757887,0.046315616384457
10.5,21.2198,19.1973243187283,0.0520905925949499,8.831940812681166e-07,1.5,21.656734753823315,0.0461750125938749
12.0,21.2198,19.11896814076092,0.0523040779522006,5.607001945901684e-07,1.5,21.80997630962762,0.0458505770846971
13.5,21.2198,19.378968673453908,0.0516023332743109,nan,1.5,nan,nan
15.0,21.2198,20.00202458731697,0.0499949390440249,nan,1.5,nan,nan
16.5,21.2198,21.00313533809648,0.0476119390701707,nan,1.5,nan,nan
18.0,21.2198,22.38807209465839,0.0446666419409374,nan,1.5,nan,nan
19.5,21.2198,24.15135565711424,0.0414055432000328,nan,nan,nan,nan
Name:	54.5559478116852_12_80_0.08
Lambda:	54.5559478116852	Maximal Depth:	20	Filter time:	12 to 80 [us]
Chi2:	0.7604383550396906	RelRMS:	7.275048270477908	AbsRMS:	1.116541735345558e-06	Phi model:	0.013988232494141
depth_vector,start_model,resistivity_model,conductivity_model,E/I[V/A],modelled_thickness,rhoa,sigma
0.0,21.2198,24.114787532106902,0.0414683313576194,4.429683288804908e-05,1.0,21.2524174252956,0.0470534706705767
1.0,21.2198,23.935175108491915,0.0417795146877873,3.085132135170219e-05,1.0,21.115993846957807,0.0473574678628763
2.0,21.2198,23.584642971203447,0.0424004722573493,1.948857795263573e-05,1.0,21.230754577102164,0.0471014817852268
3.0,21.2198,23.08825156390127,0.0433120713897413,1.1473954828639896e-05,1.0,21.3897008876366,0.0467514719001053
4.0,21.2198,22.48332408771305,0.0444774089497954,7.511508939817595e-06,1.0,21.29585821293786,0.0469574876955402
5.0,21.2198,21.81433221405092,0.0458414216024401,5.2181609021256354e-06,1.0,21.28210886618015,0.0469878246694396
6.0,21.2198,21.12781493561266,0.0473309711888103,3.3105494604497e-06,1.5,21.391865046459785,0.0467467421764374
7.5,21.2198,20.48633472227967,0.0488130265153025,1.95848742440591e-06,1.5,21.575919476499,0.04634796681964
9.0,21.2198,19.97664614320118,0.0500584528970263,1.2715400687039247e-06,1.5,21.62242667003689,0.0462482780152397
10.5,21.2198,19.66676576152498,0.050847201422226,8.822670342410219e-07,1.5,21.67190272184332,0.0461426951216466
12.0,21.2198,19.605226690226043,0.0510068062869448,5.609029949996302e-07,1.5,21.804718907732266,0.0458616322563729
13.5,21.2198,19.82367885342228,0.0504447235749768,nan,1.5,nan,nan
15.0,21.2198,20.340194848622,0.0491637374883725,nan,1.5,nan,nan
16.5,21.2198,21.16160323715915,0.0472553987896356,nan,1.5,nan,nan
18.0,21.2198,22.284230460690207,0.0448747827197362,nan,1.5,nan,nan
19.5,21.2198,23.69325191374147,0.0422061101464939,nan,nan,nan,nan
Name:	69.51927961775606_12_80_0.08
Lambda:	69.51927961775606	Maximal Depth:	20	Filter time:	12 to 80 [us]
Chi2:	0.7865230298957002	RelRMS:	7.392294595094947	AbsRMS:	1.118199288563804e-06	Phi model:	0.0090286617985726
depth_vector,start_model,resistivity_model,conductivity_model,E/I[V/A],modelled_thickness,rhoa,sigma
0.0,21.2198,23.61578917602717,0.0423445514586113,4.4310030448419015e-05,1.0,21.24819725235676,0.047062816112039
1.0,21.2198,23.474754749434897,0.0425989540965948,3.082395739992587e-05,1.0,21.12848914016456,0.0473294608699224
2.0,21.2198,23.1990065920733,0.0431052940146878,1.9443515260671512e-05,1.0,21.26354514234077,0.0470288464743709
3.0,21.2198,22.80716793955261,0.0438458647145655,1.1434998157462738e-05,1.0,21.438253533758388,0.0466455907159284
4.0,21.2198,22.32740594787988,0.0447880063780967,7.48546944893354e-06,1.0,21.34521715643029,0.0468489026216698
5.0,21.2198,21.79401757735248,0.045884151302106,5.2009517430115e-06,1.0,21.329029191055017,0.0468844592523405
6.0,21.2198,21.243550130656256,0.0470731113137683,3.3005975964677536e-06,1.5,21.434843544630663,0.046653011388576
7.5,21.2198,20.726444009218422,0.0482475430689043,1.953907248658694e-06,1.5,21.60962388604328,0.0462756781549473
9.0,21.2198,20.31404076945558,0.0492270351993982,1.269757713240117e-06,1.5,21.642656167044063,0.0462050495226519
10.5,21.2198,20.06365208443156,0.0498413746306911,8.818558501467988e-07,1.5,21.678638856274,0.046128357348902
12.0,21.2198,20.01647045698904,0.0499588577391193,5.612943626642379e-07,1.5,21.79458203542756,0.045882962948061
13.5,21.2198,20.198623844110067,0.0495083233252844,nan,1.5,nan,nan
15.0,21.2198,20.623357774286347,0.0484887093044965,nan,1.5,nan,nan
16.5,21.2198,21.29260104733205,0.0469646708627596,nan,1.5,nan,nan
18.0,21.2198,22.197750042346463,0.0450496107980452,nan,1.5,nan,nan
19.5,21.2198,23.32016209671417,0.0428813485880915,nan,nan,nan,nan
Name:	88.58667904100822_12_80_0.08
Lambda:	88.58667904100822	Maximal Depth:	20	Filter time:	12 to 80 [us]
Chi2:	0.8089861671861179	RelRMS:	7.492992750524846	AbsRMS:	1.123838753740215e-06	Phi model:	0.0057744285171315
depth_vector,start_model,resistivity_model,conductivity_model,E/I[V/A],modelled_thickness,rhoa,sigma
0.0,21.2198,23.215414379012422,0.0430748288044359,4.433268814459668e-05,1.0,21.24095690313891,0.0470788582906179
1.0,21.2198,23.10492999543675,0.0432808063126571,3.0809747860548746e-05,1.0,21.13498498528884,0.0473149141433531
2.0,21.2198,22.888467960167187,0.0436901238536498,1.941177002821941e-05,1.0,21.28672119595848,0.046977643517493
3.0,21.2198,22.580016959847534,0.0442869463640452,1.140615012436944e-05,1.0,21.47438556422748,0.0465671065190252
4.0,21.2198,22.201025774299858,0.0450429637876287,7.466173450809491e-06,1.0,21.381978518706223,0.0467683567788238
5.0,21.2198,21.777843874398965,0.0459182279828699,5.188283558761578e-06,1.0,21.363734340359983,0.0468082959686883
6.0,21.2198,21.339060303817707,0.0468624197018222,3.293357741139598e-06,1.5,21.46624581472176,0.0465847642215198
7.5,21.2198,20.92528431108314,0.0477890758918074,1.9506960512306657e-06,1.5,21.633332942333208,0.0462249623146671
9.0,21.2198,20.594596528855668,0.0485564258857352,1.2686485534667656e-06,1.5,21.65526888893694,0.0461781382225584
10.5,21.2198,20.3943964265036,0.0490330764925431,8.817618453410427e-07,1.5,21.680179604899138,0.0461250791379065
12.0,21.2198,20.35911508840384,0.0491180483855892,5.617683459585463e-07,1.5,21.782321084714017,0.0459087897984279
13.5,21.2198,20.510221279514624,0.048756178023237,nan,1.5,nan,nan
15.0,21.2198,20.85731866050628,0.047944801356155,nan,1.5,nan,nan
16.5,21.2198,21.39943970195005,0.0467301954596911,nan,1.5,nan,nan
18.0,21.2198,22.12611331742696,0.0451954659028334,nan,1.5,nan,nan
19.5,21.2198,23.01819454733193,0.0434438938268471,nan,nan,nan,nan
Name:	112.88378916846884_12_80_0.08
Lambda:	112.88378916846884	Maximal Depth:	20	Filter time:	12 to 80 [us]
Chi2:	0.8277860892426918	RelRMS:	7.577081465890561	AbsRMS:	1.1310857307957023e-06	Phi model:	0.0036658181288095
depth_vector,start_model,resistivity_model,conductivity_model,E/I[V/A],modelled_thickness,rhoa,sigma
0.0,21.2198,22.89606144286195,0.0436756340165989,4.435864429897784e-05,1.0,21.232670095348247,0.0470972324964011
1.0,21.2198,22.809628252833043,0.043841135371235,3.080345626062357e-05,1.0,21.137862765033727,0.0473084725317736
2.0,21.2198,22.64005166706773,0.0441695105075489,1.9389310898451e-05,1.0,21.30315598961259,0.0469414015692134
3.0,21.2198,22.397876309057324,0.0446470900277102,1.1384706455206088e-05,1.0,21.5013424988356,0.0465087238182524
4.0,21.2198,22.09945794757412,0.0452499786362303,7.451830463830723e-06,1.0,21.40940651273217,0.046708440955862
5.0,21.2198,21.76512703886084,0.0459450568891482,5.178934698874536e-06,1.0,21.38943673267301,0.0467520492707725
6.0,21.2198,21.41724464975498,0.0466913469194292,3.288083888098807e-06,1.5,21.48919323896625,0.0465350182707978
7.5,21.2198,21.08829067548546,0.0474196802096659,1.948451917560051e-06,1.5,21.64994058041598,0.0461895032129823
9.0,21.2198,20.82516076364257,0.0480188369900049,1.2679864915454098e-06,1.5,21.66280623609163,0.0461620710217098
10.5,21.2198,20.666661842637488,0.0483871080687494,8.818523442899382e-07,1.5,21.67869631272152,0.0461282350919404
12.0,21.2198,20.641150078538725,0.048446912899477,5.622600470433564e-07,1.5,21.769620019166474,0.0459355743976962
13.5,21.2198,20.76602188234958,0.048155588280968,nan,1.5,nan,nan
15.0,21.2198,21.04827525589632,0.0475098309881645,nan,1.5,nan,nan
16.5,21.2198,21.485504889691622,0.0465430067915128,nan,1.5,nan,nan
18.0,21.2198,22.066983942684367,0.0453165689791295,nan,1.5,nan,nan
19.5,21.2198,22.77475515706826,0.0439082656697472,nan,nan,nan,nan
Name:	143.8449888287663_12_80_0.08
Lambda:	143.8449888287663	Maximal Depth:	20	Filter time:	12 to 80 [us]
Chi2:	0.8432416659996129	RelRMS:	7.646129946422853	AbsRMS:	1.1385008883118344e-06	Phi model:	0.0023134850243601
depth_vector,start_model,resistivity_model,conductivity_model,E/I[V/A],modelled_thickness,rhoa,sigma
0.0,21.2198,22.642605815415745,0.0441645280650149,4.438409612995262e-05,1.0,21.22455214259856,0.0471152462149228
1.0,21.2198,22.57508908149675,0.0442966136873245,3.0801557640683906e-05,1.0,21.13873138680728,0.047306528556586
2.0,21.2198,22.44248026925624,0.044558354869978,1.9373243195881828e-05,1.0,21.31493324594828,0.0469154647805471
3.0,21.2198,22.25277337522025,0.0449382188520176,1.136866173557636e-05,1.0,21.52156780031421,0.0464650163630458
4.0,21.2198,22.01848851853969,0.0454163781114218,7.4411133222283665e-06,1.0,21.42995832974453,0.0466636464995833
5.0,21.2198,21.7553403764628,0.0459657253205702,5.172005504030371e-06,1.0,21.40853680257701,0.0467103384608529
6.0,21.2198,21.480806902744742,0.0465531860384734,3.284232098083401e-06,1.5,21.50599182619449,0.046498669211898
7.5,21.2198,21.22077944324197,0.0471236225170071,1.9468886643123742e-06,1.5,21.66152823578437,0.0461647945202694
9.0,21.2198,21.012866689818384,0.0475898893169365,1.267617213786723e-06,1.5,21.6670131865258,0.0461531080168389
10.5,21.2198,20.888529114033457,0.0478731649577075,8.820420762125373e-07,1.5,21.675587399654432,0.0461348512297268
12.0,21.2198,20.870854711559826,0.0479137061620253,5.62732669394035e-07,1.5,21.757429210167352,0.0459613123563649
13.5,21.2198,20.973817888837164,0.0476784915984336,nan,1.5,nan,nan
15.0,21.2198,21.202521787596712,0.0471642010331521,nan,1.5,nan,nan
16.5,21.2198,21.553974253468564,0.0463951560969817,nan,1.5,nan,nan
18.0,21.2198,22.018113959120427,0.0454171507085772,nan,1.5,nan,nan
19.5,21.2198,22.578972327115537,0.0442889953321338,nan,nan,nan,nan
Name:	183.29807108324357_12_80_0.08
Lambda:	183.2980710832436	Maximal Depth:	20	Filter time:	12 to 80 [us]
Chi2:	0.8557989988701201	RelRMS:	7.70223950325373	AbsRMS:	1.1452715359387931e-06	Phi model:	0.0014532772587678
depth_vector,start_model,resistivity_model,conductivity_model,E/I[V/A],modelled_thickness,rhoa,sigma
0.0,21.2198,22.44237396992194,0.0445585659226708,4.4406897664344e-05,1.0,21.217286097513515,0.0471313812428249
1.0,21.2198,22.389708540035844,0.0446633772928246,3.0801769589846296e-05,1.0,21.138634415288884,0.0473067455708838
2.0,21.2198,22.286181449271247,0.0448708542679795,1.9361526198067323e-05,1.0,21.32353180512564,0.0468965464604519
3.0,21.2198,22.13788472398736,0.0451714340583071,1.1356546521804023e-05,1.0,21.53687128226656,0.0464319996574153
4.0,21.2198,21.95443607107632,0.0455488811811222,7.4330492129640125e-06,1.0,21.44545509184628,0.0466299267475189
5.0,21.2198,21.748003285745483,0.0459812327072545,5.166840878077828e-06,1.0,21.422800666527383,0.0466792374893576
6.0,21.2198,21.53224201960635,0.0464419821721046,3.2814105040700657e-06,1.5,21.51831833125284,0.046472033018845
7.5,21.2198,21.32774007020295,0.0468872931078667,1.9458056781067208e-06,1.5,21.669564996065848,0.0461476730235033
9.0,21.2198,21.164491120487803,0.0472489508161135,1.2674381582641414e-06,1.5,21.66905378945482,0.0461487617187348
10.5,21.2198,21.067795713193057,0.0474658105486461,8.822790148018259e-07,1.5,21.6717065313476,0.0461431128440911
12.0,21.2198,21.05627768958884,0.0474917748873745,5.631683640849976e-07,1.5,21.74620601921833,0.0459850329347677
13.5,21.2198,21.14108006075032,0.047301273025145,nan,1.5,nan,nan
15.0,21.2198,21.32592690890067,0.0468912795336758,nan,1.5,nan,nan
16.5,21.2198,21.607734037321976,0.0462797255035048,nan,1.5,nan,nan
18.0,21.2198,21.9775379099403,0.0455010021640188,nan,1.5,nan,nan
19.5,21.2198,22.421613643715578,0.0445998230051691,nan,nan,nan,nan
Name:	233.57214690901213_12_80_0.08
Lambda:	233.57214690901213	Maximal Depth:	20	Filter time:	12 to 80 [us]
Chi2:	0.8659187756160821	RelRMS:	7.747534250104082	AbsRMS:	1.1509983270854589e-06	Phi model:	0.0009096594343271
depth_vector,start_model,resistivity_model,conductivity_model,E/I[V/A],modelled_thickness,rhoa,sigma
0.0,21.2198,22.28488882507165,0.0448734569801823,4.442603110951021e-05,1.0,21.211193739566014,0.0471449184934209
1.0,21.2198,22.243863663024413,0.0449562187194251,3.080269185570245e-05,1.0,21.138212470822783,0.0473076898711424
2.0,21.2198,22.163166919712136,0.0451199056354437,1.9352750005396144e-05,1.0,21.329977927155788,0.0468823738784498
3.0,21.2198,22.0474625956256,0.0453566933456736,1.1347295920712235e-05,1.0,21.54857462532299,0.0464067817657341
4.0,21.2198,21.904161669997453,0.0456534249091906,7.426931470984807e-06,1.0,21.457230233544248,0.0466043375177422
5.0,21.2198,21.742700184685344,0.0459924476493659,5.1629675752352754e-06,1.0,21.43351370729399,0.0466559059637381
6.0,21.2198,21.5737447181636,0.0463526389629552,3.27933869299956e-06,1.5,21.527380564287263,0.0464524700073795
7.5,21.2198,21.413635572187616,0.0466992163301226,1.9450633665971884e-06,1.5,21.675077942261485,0.0461359355968094
9.0,21.2198,21.28618476230764,0.0469788274022098,1.2673822579612471e-06,1.5,21.669690954634376,0.0461474047827219
10.5,21.2198,21.211606201710843,0.0471440017550082,8.825329227491001e-07,1.5,21.66754964589128,0.0461519653280049
12.0,21.2198,21.204808520186667,0.0471591148322803,5.635608380323784e-07,1.5,21.73610854652761,0.0460063952045248
13.5,21.2198,21.274621698113485,0.0470043610734885,nan,1.5,nan,nan
15.0,21.2198,21.42376424460741,0.046677137994165,nan,1.5,nan,nan
16.5,21.2198,21.649326484373137,0.0461908134057573,nan,1.5,nan,nan
18.0,21.2198,21.943583492402546,0.0455714081679606,nan,1.5,nan,nan
19.5,21.2198,22.295008481751942,0.0448530890140042,nan,nan,nan,nan
Name:	297.63514416313194_12_80_0.08
Lambda:	297.63514416313194	Maximal Depth:	20	Filter time:	12 to 80 [us]
Chi2:	0.8740269042048507	RelRMS:	7.783949081376225	AbsRMS:	1.1555430845453014e-06	Phi model:	0.0005678589964373
depth_vector,start_model,resistivity_model,conductivity_model,E/I[V/A],modelled_thickness,rhoa,sigma
0.0,21.2198,22.16157629869728,0.0451231440634835,4.444120371153382e-05,1.0,21.20636567777532,0.0471556519959485
1.0,21.2198,22.129659250550656,0.0451882240335497,3.080352500584916e-05,1.0,21.137831315652864,0.0473085429184727
2.0,21.2198,22.06684888824308,0.0453168463274693,1.934595671995992e-05,1.0,21.33497094806029,0.0468714020016473
3.0,21.2198,21.976730091921,0.0455026746844206,1.1340142836621132e-05,1.0,21.55763521468872,0.0463872771777226
4.0,21.2198,21.865028535075307,0.0457351335442268,7.422248657833036e-06,1.0,21.466254420308097,0.0465847455461979
5.0,21.2198,21.73907158427305,0.0460001245280153,5.160044471523886e-06,1.0,21.441607496665466,0.0466382942676064
6.0,21.2198,21.60718966667468,0.0462808914730047,3.277816068794271e-06,1.5,21.53404670476137,0.0464380900492284
7.5,21.2198,21.48233406476288,0.0465498766095572,1.9445645456098066e-06,1.5,21.678784520719983,0.0461280474024836
9.0,21.2198,21.38333922806505,0.0467653807169428,1.267405972475614e-06,1.5,21.66942064514071,0.0461479804363965
10.5,21.2198,21.32626947049922,0.0468905263240393,8.827871459680733e-07,1.5,21.663389595411825,0.0461608279533408
12.0,21.2198,21.32298538046322,0.0468977482353962,5.639102352478152e-07,1.5,21.727129197450687,0.0460254086452126
13.5,21.2198,21.3804473833532,0.0467717060391635,nan,1.5,nan,nan
15.0,21.2198,21.500639275882747,0.0465102449824224,nan,1.5,nan,nan
16.5,21.2198,21.680951979772207,0.0461234359511969,nan,1.5,nan,nan
18.0,21.2198,21.91487732933316,0.0456311018753226,nan,1.5,nan,nan
19.5,21.2198,22.1928916049465,0.0450594729970705,nan,nan,nan,nan
Name:	379.26901907322497_12_80_0.08
Lambda:	379.26901907322497	Maximal Depth:	20	Filter time:	12 to 80 [us]
Chi2:	0.8804960341063915	RelRMS:	7.813156450922616	AbsRMS:	1.1589263455718548e-06	Phi model:	0.0003537882251974
depth_vector,start_model,resistivity_model,conductivity_model,E/I[V/A],modelled_thickness,rhoa,sigma
0.0,21.2198,22.06546621992716,0.0453196859759485,4.445256562946215e-05,1.0,21.202752009313865,0.0471636889192838
1.0,21.2198,22.04066333204839,0.0453706853071859,3.080386763325009e-05,1.0,21.13767457313561,0.0473088937262249
2.0,21.2198,21.9918371529666,0.0454714171010085,1.934050722460848e-05,1.0,21.338978404687552,0.0468625995600768
3.0,21.2198,21.921752349532905,0.0456167912152017,1.1334536786528206e-05,1.0,21.564742884815523,0.0463719880798641
4.0,21.2198,21.83484237641789,0.0457983612961649,7.418630862141454e-06,1.0,21.473232726101788,0.0465696065774227
5.0,21.2198,21.73680360111108,0.0460049241070975,5.157825247063159e-06,1.0,21.447757417862693,0.0466249212221671
6.0,21.2198,21.634141298568284,0.0462232351263314,3.276698392727992e-06,1.5,21.53894324342541,0.0464275330826753
7.5,21.2198,21.53710997352427,0.046431485061334,1.9442409265561262e-06,1.5,21.68119007757037,0.0461229294343265
9.0,21.2198,21.46056247760284,0.0465971011264799,1.2674808334420953e-06,1.5,21.668567398975167,0.0461497976117837
10.5,21.2198,21.417210818170336,0.0466914206751703,8.830329746969911e-07,1.5,21.65936880886801,0.0461693971243783
12.0,21.2198,21.41644343015752,0.0466930937091007,5.642197441935259e-07,1.5,21.719182700372624,0.0460422481727566
13.5,21.2198,21.463723179343106,0.046590239337526,nan,1.5,nan,nan
15.0,21.2198,21.560496340357933,0.0463811214831893,nan,1.5,nan,nan
16.5,21.2198,21.70449784692824,0.0460733994885547,nan,1.5,nan,nan
18.0,21.2198,21.89033233912589,0.0456822666969126,nan,1.5,nan,nan
19.5,21.2198,22.110224058468884,0.0452279451060999,nan,nan,nan,nan
Name:	483.2930238571752_12_80_0.08
Lambda:	483.2930238571752	Maximal Depth:	20	Filter time:	12 to 80 [us]
Chi2:	0.8856419008340538	RelRMS:	7.836557488761622	AbsRMS:	1.1612601987529892e-06	Phi model:	0.0002201042762605
depth_vector,start_model,resistivity_model,conductivity_model,E/I[V/A],modelled_thickness,rhoa,sigma
0.0,21.2198,21.99091551111098,0.0454733228134475,4.446052072108873e-05,1.0,21.20022280119087,0.0471693155952977
1.0,21.2198,21.971658999683378,0.045513176770785,3.0803575290259064e-05,1.0,21.137808311750373,0.0473085944035222
2.0,21.2198,21.93374315447029,0.0455918532900386,1.933598491659659e-05,1.0,21.34230545430272,0.0468552941546619
3.0,21.2198,21.879306057997425,0.0457052887029054,1.1330083898804211e-05,1.0,21.570392686465944,0.0463598421473076
4.0,21.2198,21.811786967850363,0.0458467708984118,7.415810196451476e-06,1.0,21.47867739725754,0.0465578015584741
5.0,21.2198,21.73561856342624,0.0460074323204523,5.156131205611913e-06,1.0,21.452454919328336,0.0466147116383876
6.0,21.2198,21.65588064001089,0.046176833748909,3.2758809358844644e-06,1.5,21.54252628458933,0.0464198110653048
7.5,21.2198,21.58068582979908,0.0463377303152793,1.944043663310629e-06,1.5,21.68265672144433,0.0461198096177481
9.0,21.2198,21.521719296810744,0.0464646892847537,1.2675877356763342e-06,1.5,21.66734910022656,0.0461523924950073
10.5,21.2198,21.489006162332707,0.0465354233902572,8.832659781637924e-07,1.5,21.65555951468263,0.0461775184945922
12.0,21.2198,21.48994836121677,0.0465333831050387,5.644935082250936e-07,1.5,21.71215998988034,0.0460571403520461
13.5,21.2198,21.528818369670272,0.0464493676721615,nan,1.5,nan,nan
15.0,21.2198,21.60666915756601,0.0462820063892092,nan,1.5,nan,nan
16.5,21.2198,21.72157716717457,0.0460371727293904,nan,1.5,nan,nan
18.0,21.2198,21.869122021545657,0.0457265727912986,nan,1.5,nan,nan
19.5,21.2198,22.043010850634595,0.0453658534569569,nan,nan,nan,nan
Name:	615.8482110660261_12_80_0.08
Lambda:	615.8482110660261	Maximal Depth:	20	Filter time:	12 to 80 [us]
Chi2:	0.8897264829457114	RelRMS:	7.855301914429782	AbsRMS:	1.1627044483545463e-06	Phi model:	0.0001367952852118
depth_vector,start_model,resistivity_model,conductivity_model,E/I[V/A],modelled_thickness,rhoa,sigma
0.0,21.2198,21.93336748188156,0.0455926341828753,4.44656014699714e-05,1.0,21.19860784406879,0.0471729090587329
1.0,21.2198,21.918426893162728,0.0456237121794512,3.080266328089775e-05,1.0,21.138225543722665,0.0473076606137815
2.0,21.2198,21.889005417291365,0.0456850359774703,1.933212671085709e-05,1.0,21.345144951061688,0.0468490610999697
3.0,21.2198,21.846760413655225,0.0457733769705715,1.1326503050270805e-05,1.0,21.57493873445937,0.0463500736807565
4.0,21.2198,21.794364059196727,0.0458834218463017,7.413592159739507e-06,1.0,21.482961251267504,0.046548517604434
5.0,21.2198,21.735268570664115,0.0460081731564012,5.154831844953489e-06,1.0,21.45605973204013,0.046606879943884
6.0,21.2198,21.673440740193524,0.046139420684852,3.275286679988254e-06,1.5,21.545131936639194,0.0464141970882722
7.5,21.2198,21.61529428128493,0.0462635385383499,1.9439369733873244e-06,1.5,21.683450059861627,0.0461181222194482
9.0,21.2198,21.57000541145727,0.0463606745072411,1.2677132776519305e-06,1.5,21.665918594470885,0.0461554397354377
10.5,21.2198,21.54545948678437,0.0464134914650292,8.83483793552259e-07,1.5,21.652000039505705,0.0461851098362934
12.0,21.2198,21.547474246588667,0.0464091516507238,5.647354853869186e-07,1.5,21.705957413922217,0.0460703013891752
13.5,21.2198,21.57938214770729,0.0463405297313503,nan,1.5,nan,nan
15.0,21.2198,21.641948739092395,0.0462065598646241,nan,1.5,nan,nan
16.5,21.2198,21.733566074987493,0.046011777199825,nan,1.5,nan,nan
18.0,21.2198,21.8506444340188,0.0457652406097058,nan,1.5,nan,nan
19.5,21.2198,21.988124799267165,0.0454790942442408,nan,nan,nan,nan
Name:	784.7599703514607_12_80_0.08
Lambda:	784.7599703514607	Maximal Depth:	20	Filter time:	12 to 80 [us]
Chi2:	0.8929639594250013	RelRMS:	7.870319501314338	AbsRMS:	1.1634373639441854e-06	Phi model:	8.495429686305328e-05
depth_vector,start_model,resistivity_model,conductivity_model,E/I[V/A],modelled_thickness,rhoa,sigma
0.0,21.2198,21.889151567640507,0.0456847309458231,4.4468384987883385e-05,1.0,21.197723210783543,0.0471748777006054
1.0,21.2198,21.87756338518516,0.0457089293900604,3.080123867724321e-05,1.0,21.138877321865905,0.0473062019696574
2.0,21.2198,21.854742332126765,0.0457566593466529,1.932877312116116e-05,1.0,21.347613836452044,0.0468436429317666
3.0,21.2198,21.821975629248858,0.0458253650810452,1.1323593742158988e-05,1.0,21.578633995771263,0.0463421364019598
4.0,21.2198,21.781342225777763,0.0459108529508581,7.4118349611862625e-06,1.0,21.48635657214399,0.0465411619062699
5.0,21.2198,21.735532770166245,0.0460076139183751,5.153831113350962e-06,1.0,21.458837091478443,0.0466008477410507
6.0,21.2198,21.68764526122377,0.0461092012505359,3.2748582310945966e-06,1.5,21.54701105852701,0.0464101492909505
7.5,21.2198,21.64274708264844,0.0462048554271433,1.943894013693393e-06,1.5,21.68376952547733,0.0461174427640475
9.0,21.2198,21.608034469639108,0.0462790820426112,1.2678475868211635e-06,1.5,21.66438845108092,0.0461586996678
10.5,21.2198,21.589697550174165,0.046318388558988,8.836849525432946e-07,1.5,21.64871405714967,0.0461921201120831
12.0,21.2198,21.592298442129536,0.0463128092954135,5.649489703658902e-07,1.5,21.700488851863504,0.0460819111876424
13.5,21.2198,21.61843140481412,0.0462568250801635,nan,1.5,nan,nan
15.0,21.2198,21.66865246026007,0.0461496164486454,nan,1.5,nan,nan
16.5,21.2198,21.74163327859177,0.0459947045921644,nan,1.5,nan,nan
18.0,21.2198,21.83447834393123,0.0457991248633583,nan,1.5,nan,nan
19.5,21.2198,21.9431412046165,0.0455723267090682,nan,nan,nan,nan
Name:	1000.0_12_80_0.08
Lambda:	1000	Maximal Depth:	20	Filter time:	12 to 80 [us]
Chi2:	0.8955275294511506	RelRMS:	7.88235480432354	AbsRMS:	1.163635533371105e-06	Phi model:	5.272687917023874e-05
depth_vector,start_model,resistivity_model,conductivity_model,E/I[V/A],modelled_thickness,rhoa,sigma
0.0,21.2198,21.855321383449976,0.0457554470353043,4.446943501009523e-05,1.0,21.197389525893364,0.047175620317703
1.0,21.2198,21.84633314613525,0.0457742721998591,3.079945167667213e-05,1.0,21.13969497323109,0.0473043722374559
2.0,21.2198,21.82863220264679,0.0458113907787015,1.9325831601988408e-05,1.0,21.34977994669038,0.0468388902600852
3.0,21.2198,21.80321993512713,0.0458647852461875,1.1321212408370392e-05,1.0,21.58165982770037,0.0463356390557359
4.0,21.2198,21.771715635482213,0.0459311529115446,7.410434564437582e-06,1.0,21.48906342880711,0.0465352993774243
5.0,21.2198,21.736217863936723,0.0460061638257285,5.153057723888824e-06,1.0,21.4609841174788,0.0465961856420906
6.0,21.2198,21.69914659243405,0.0460847617089547,3.274552354081947e-06,1.5,21.54835284656572,0.0464072593910293
7.5,21.2198,21.66450303202553,0.0461584555400025,1.943894315535813e-06,1.5,21.68376728081428,0.046117447538039
9.0,21.2198,21.637925411172223,0.0462151514527207,1.267983147020296e-06,1.5,21.662844329009925,0.046161989848251
10.5,21.2198,21.624266348155828,0.0462443434565484,8.838683933503586e-07,1.5,21.645718592373125,0.0461985124555925
12.0,21.2198,21.62709762771873,0.0462382894465845,5.651365450533915e-07,1.5,21.69568684114553,0.0460921107186851
13.5,21.2198,21.648436427293497,0.0461927125018248,nan,1.5,nan,nan
15.0,21.2198,21.68868651483214,0.0461069875907946,nan,1.5,nan,nan
16.5,21.2198,21.74676058331905,0.0459838602705294,nan,1.5,nan,nan
18.0,21.2198,21.82033536242684,0.0458288098413892,nan,1.5,nan,nan
19.5,21.2198,21.9061870225098,0.0456492039884643,nan,nan,nan,nan
Name:	58.06735210785115_12_80_0.08
Lambda:	58.06735210785115	Maximal Depth:	20	Filter time:	12 to 80 [us]
Chi2:	0.7674696474156343	RelRMS:	7.306680170562707	AbsRMS:	1.1164130133613573e-06	Phi model:	0.0125100319452173
depth_vector,start_model,resistivity_model,conductivity_model,E/I[V/A],modelled_thickness,rhoa,sigma
0.0,21.2198,23.975862289595227,0.0417086146025275,4.429888127141728e-05,1.0,21.25176227806778,0.0470549212303216
1.0,21.2198,23.80706416079258,0.0420043392686311,3.084265834480046e-05,1.0,21.11994766607127,0.0473486021751122
2.0,21.2198,23.477441207867,0.0425940796165176,1.9475436473067635e-05,1.0,21.24030411608124,0.0470803051846555
3.0,21.2198,23.010212642289144,0.0434589638759859,1.1462783486163384e-05,1.0,21.40359587678149,0.0467211213366626
4.0,21.2198,22.44010505588354,0.0445630712293751,7.504043826942904e-06,1.0,21.3099794558392,0.0469263709086302
5.0,21.2198,21.80868257173451,0.0458532970394124,5.213216184378681e-06,1.0,21.295564078088493,0.0469581362735032
6.0,21.2198,21.15967633557175,0.0472597020928382,3.307678652620691e-06,1.5,21.40424090680625,0.0467197133668035
7.5,21.2198,20.552346237000545,0.0486562453000958,1.957150175442583e-06,1.5,21.58574638083629,0.0463268669221368
9.0,21.2198,20.06927602755547,0.0498274077563626,1.2710010185684454e-06,1.5,21.628539829731626,0.046235206253977
10.5,21.2198,19.775619936873447,0.0505673148650783,8.821211614023657e-07,1.5,21.674291853090512,0.0461376088675954
12.0,21.2198,19.718000737069424,0.0507150807698278,5.609907361106669e-07,1.5,21.802445287136507,0.0458664148369633
13.5,21.2198,19.926611085644453,0.0501841480070046,nan,1.5,nan,nan
15.0,21.2198,20.41811740525273,0.0489761117615447,nan,1.5,nan,nan
16.5,21.2198,21.1978098852299,0.0471746848100932,nan,1.5,nan,nan
18.0,21.2198,22.26040845516257,0.0449228055277702,nan,1.5,nan,nan
19.5,21.2198,23.58969481546444,0.0423913919964933,nan,nan,nan,nan
Name:	172.21381097981777_12_80_0.08
Lambda:	172.21381097981777	Maximal Depth:	20	Filter time:	12 to 80 [us]
Chi2:	0.8528170443397893	RelRMS:	7.688908685921884	AbsRMS:	1.1436241464089626e-06	Phi model:	0.0016387016283253
depth_vector,start_model,resistivity_model,conductivity_model,E/I[V/A],modelled_thickness,rhoa,sigma
0.0,21.2198,22.48947583814526,0.0444652426404648,4.4401371810074615e-05,1.0,21.219046421492227,0.0471274712414562
1.0,21.2198,22.433295531119114,0.04457659814684,3.08016152021802e-05,1.0,21.13870505101548,0.0473065874937292
2.0,21.2198,22.32289916974489,0.0447970486447987,1.936422030065511e-05,1.0,21.321553960988176,0.0469008967090151
3.0,21.2198,22.164844378894564,0.0451164909126185,1.1359357628691153e-05,1.0,21.533317974264364,0.0464396616069643
4.0,21.2198,21.969436692175368,0.0455177806336818,7.43491611625444e-06,1.0,21.44186498038084,0.0466377342136513
5.0,21.2198,21.74966383889328,0.045977722111354,5.168031363541536e-06,1.0,21.41951063076213,0.0466864074179093
6.0,21.2198,21.520055539861904,0.0464682815593893,3.2820557560052324e-06,1.5,21.515497905565773,0.0464781249492401
7.5,21.2198,21.30243099521966,0.0469429991452338,1.9460470942387947e-06,1.5,21.667772819247727,0.0461514899727806
9.0,21.2198,21.12858980632783,0.0473292353709526,1.2674701255300083e-06,1.5,21.66868943987295,0.0461495376900774
10.5,21.2198,21.025319517845777,0.0475617028864281,8.822153062344739e-07,1.5,21.67274985697613,0.0461408915158089
12.0,21.2198,21.012336998735503,0.0475910889902526,5.630600681678607e-07,1.5,21.74899429465886,0.045979137538584
13.5,21.2198,21.10147712246258,0.0473900473505476,nan,1.5,nan,nan
15.0,21.2198,21.296782695561983,0.0469554492946199,nan,1.5,nan,nan
16.5,21.2198,21.595153246281605,0.0463066869030988,nan,1.5,nan,nan
18.0,21.2198,21.987307373852403,0.0454807850273296,nan,1.5,nan,nan
19.5,21.2198,22.458925979563613,0.044525726693696,nan,nan,nan,nan
Name:	29.657596692192385_12_80_0.08
Lambda:	29.657596692192385	Maximal Depth:	20	Filter time:	12 to 80 [us]
Chi2:	0.6893795405548956	RelRMS:	6.957505872126997	AbsRMS:	1.1584425860507372e-06	Phi model:	0.0398231929454463
depth_vector,start_model,resistivity_model,conductivity_model,E/I[V/A],modelled_thickness,rhoa,sigma
0.0,21.2198,25.94321410777972,0.0385457251304928,4.437488622786129e-05,1.0,21.227488777899,0.0471087282373763
1.0,21.2198,25.616717239004146,0.0390370081642387,3.103316794111037e-05,1.0,21.033423452500774,0.0475433779126956
2.0,21.2198,24.984355822767,0.0400250463567585,1.97005333311937e-05,1.0,21.07820098966381,0.0474423790004836
3.0,21.2198,24.099710295475003,0.0414942747335747,1.1642485716348304e-05,1.0,21.18278180743076,0.0472081527861089
4.0,21.2198,23.038899584592173,0.0434048508405659,7.624037681195199e-06,1.0,21.08579190639036,0.0474252996728538
5.0,21.2198,21.887917311855524,0.045687307099719,5.2934190366360565e-06,1.0,21.07991173839714,0.0474385287950943
6.0,21.2198,20.73104525319731,0.0482368345535192,3.35496586400754e-06,1.5,21.202641333085168,0.047163935110272
7.5,21.2198,19.671299890387253,0.0508354814156774,1.980184910256192e-06,1.5,21.41802098041398,0.0466896545163749
9.0,21.2198,18.84241919795299,0.0530717414517897,1.2814451622890037e-06,1.5,21.51086043216436,0.0464881450536836
10.5,21.2198,18.3406718511427,0.054523629674869,8.862359535867125e-07,1.5,21.60715069380717,0.0462809749499553
12.0,21.2198,18.23209456132408,0.0548483333407731,5.611237818836939e-07,1.5,21.798998824968244,0.0458736664022668
13.5,21.2198,18.564186013430817,0.0538671611713285,nan,1.5,nan,nan
15.0,21.2198,19.376096543190705,0.0516099823187259,nan,1.5,nan,nan
16.5,21.2198,20.704357529601925,0.0482990113830026,nan,1.5,nan,nan
18.0,21.2198,22.58330819071365,0.0442804921030659,nan,1.5,nan,nan
19.5,21.2198,25.040350183050727,0.0399355437399944,nan,nan,nan,nan
Name:	19.579250709528285_12_80_0.08
Lambda:	19.579250709528285	Maximal Depth:	20	Filter time:	12 to 80 [us]
Chi2:	0.6764165007205705	RelRMS:	6.921550433474819	AbsRMS:	1.2694879010094331e-06	Phi model:	0.0764519726828242
depth_vector,start_model,resistivity_model,conductivity_model,E/I[V/A],modelled_thickness,rhoa,sigma
0.0,21.2198,27.79742054871445,0.035974560957824,4.461855175885155e-05,1.0,21.15013490592782,0.0472810222936084
1.0,21.2198,27.31278458574605,0.0366128908189712,3.132473491367214e-05,1.0,20.90270237101845,0.0478407041467756
2.0,21.2198,26.38320241895909,0.037902904435945,1.9977968538550768e-05,1.0,20.882603719856373,0.047886748865954
3.0,21.2198,25.09750845087292,0.0398445926199187,1.1848514809828689e-05,1.0,20.93650530533346,0.0477634631671435
4.0,21.2198,23.57914406262468,0.0424103605009607,7.761753369732708e-06,1.0,20.83563366511126,0.0479947006207195
5.0,21.2198,21.960881937615863,0.0455355118633529,5.386695637835694e-06,1.0,20.83585595839903,0.0479941885755308
6.0,21.2198,20.366066682955545,0.0491012828135785,3.4111417155738005e-06,1.5,20.96921611104031,0.0476889548328656
7.5,21.2198,18.93335468174261,0.05281684185446,2.0090959361103384e-06,1.5,21.21205383491532,0.0471430068857352
9.0,21.2198,17.8312610422182,0.0560812831819549,1.2962227176688309e-06,1.5,21.347058846169247,0.0468448607935257
10.5,21.2198,17.16991409133808,0.058241409635502,8.937019568252889e-07,1.5,21.48664481801008,0.0465405375511118
12.0,21.2198,17.021330969029282,0.0587498123278093,5.6364876511065e-07,1.5,21.733847987199365,0.0460111803758346
13.5,21.2198,17.443850841926505,0.0573267914901271,nan,1.5,nan,nan
15.0,21.2198,18.501150063446,0.0540506939606835,nan,1.5,nan,nan
16.5,21.2198,20.27430863354339,0.0493235068122383,nan,1.5,nan,nan
18.0,21.2198,22.86391857038437,0.0437370347047727,nan,1.5,nan,nan
19.5,21.2198,26.383737723180467,0.0379021354173563,nan,nan,nan,nan
Name:	15.147462552159594_12_80_0.08
Lambda:	15.147462552159594	Maximal Depth:	20	Filter time:	12 to 80 [us]
Chi2:	0.7261026968127644	RelRMS:	7.179383243367593	AbsRMS:	1.395855385315186e-06	Phi model:	0.1108567254129653
depth_vector,start_model,resistivity_model,conductivity_model,E/I[V/A],modelled_thickness,rhoa,sigma
0.0,21.2198,29.236075037595096,0.0342043177380713,4.489534225064472e-05,1.0,21.06311491871832,0.0474763587370129
1.0,21.2198,28.624417496076106,0.0349352087299971,3.160892676455935e-05,1.0,20.77722484357342,0.0481296230622112
2.0,21.2198,27.45687895731641,0.0364207454734592,2.022784993508525e-05,1.0,20.710267814834072,0.0482852278367802
3.0,21.2198,25.85492790367701,0.0386773462964398,1.202844725027758e-05,1.0,20.727189755302128,0.0482458071646782
4.0,21.2198,23.983407571851146,0.0416954928945826,7.882358929233432e-06,1.0,20.62255486326536,0.0484905971461996
5.0,21.2198,22.01540997448526,0.0454227289502648,5.469078518691644e-06,1.0,20.6260879727232,0.0484822910346567
6.0,21.2198,20.104690095747948,0.0497396376287091,3.4613847275358006e-06,1.5,20.76580581473073,0.0481560893384944
7.5,21.2198,18.413050021598018,0.054309307737014,2.035692560982284e-06,1.5,21.026890079566403,0.047558150359657
9.0,21.2198,17.127376258692028,0.0583860589559073,1.31054220516963e-06,1.5,21.1912768486432,0.0471892282443578
10.5,21.2198,16.360531093362567,0.0611227101549104,9.015640600773272e-07,1.5,21.36154614375604,0.046813090834827
12.0,21.2198,16.18416534739634,0.0617887903722435,5.669857664264042e-07,1.5,21.64848757506193,0.0461926033646782
13.5,21.2198,16.66306610641833,0.0600129648177304,nan,1.5,nan,nan
15.0,21.2198,17.881750868300717,0.0559229354756707,nan,1.5,nan,nan
16.5,21.2198,19.96194889103021,0.0500953091032781,nan,1.5,nan,nan
18.0,21.2198,23.070222077687827,0.043345919975653,nan,1.5,nan,nan
19.5,21.2198,27.41532348088524,0.0364759511481682,nan,nan,nan,nan
Name:	12.925762742180767_12_80_0.08
Lambda:	12.925762742180767	Maximal Depth:	20	Filter time:	12 to 80 [us]
Chi2:	0.7571932020810284	RelRMS:	7.340976682998936	AbsRMS:	1.4126833876988204e-06	Phi model:	0.0815731100287559
depth_vector,start_model,resistivity_model,conductivity_model,E/I[V/A],modelled_thickness,rhoa,sigma
0.0,21.2198,27.87592916172392,0.0358732436934546,4.498369599850227e-05,1.0,21.035525442953634,0.0475386271054605
1.0,21.2198,27.375782572342622,0.0365286361168826,3.160216219787279e-05,1.0,20.78018970208402,0.0481227560641427
2.0,21.2198,26.415254949980323,0.0378569126776777,2.0171865867485103e-05,1.0,20.748568994299152,0.0481960948860983
3.0,21.2198,25.08855613058776,0.0398588103195308,1.1972717725411926e-05,1.0,20.791459327187027,0.0480966720163021
4.0,21.2198,23.52391749849599,0.0425099263362038,7.845417137447494e-06,1.0,20.687241247374967,0.0483389731884569
5.0,21.2198,21.85930772760474,0.0457471029028592,5.44561131729767e-06,1.0,20.685302576550765,0.04834350362047
6.0,21.2198,20.221837532131385,0.0494514901729902,3.4489665133974405e-06,1.5,20.81562165006117,0.0480408424409011
7.5,21.2198,18.752442730969765,0.0533263860258852,2.031408166335954e-06,1.5,21.056444572693017,0.0474913984907426
9.0,21.2198,17.621840472216398,0.0567477614824999,1.3103808665538215e-06,1.5,21.193016241723903,0.0471853552412819
10.5,21.2198,16.94057945643981,0.0590298580146772,9.03250969247637e-07,1.5,21.334941346119848,0.0468714670350789
12.0,21.2198,16.781023570979144,0.0595911206351789,5.694933714135212e-07,1.5,21.584892135014904,0.0463287003587942
13.5,21.2198,17.202860925272375,0.0581298659765899,nan,1.5,nan,nan
15.0,21.2198,18.273466508378224,0.0547241542562003,nan,1.5,nan,nan
16.5,21.2198,20.080220551642032,0.0498002498243589,nan,1.5,nan,nan
18.0,21.2198,22.73426357279599,0.0439864698848925,nan,1.5,nan,nan
19.5,21.2198,26.36523494587284,0.0379287346406347,nan,nan,nan,nan
Name:	16.707534246714847_12_80_0.08
Lambda:	16.707534246714847	Maximal Depth:	20	Filter time:	12 to 80 [us]
Chi2:	0.6988169611089247	RelRMS:	7.042245013935292	AbsRMS:	1.3413902895850444e-06	Phi model:	0.0964881884888431
depth_vector,start_model,resistivity_model,conductivity_model,E/I[V/A],modelled_thickness,rhoa,sigma
0.0,21.2198,28.658465563229296,0.0348937034955237,4.4776395298192494e-05,1.0,21.100400715861284,0.0473924648856689
1.0,21.2198,28.0993186526436,0.0355880515240151,3.148965522546929e-05,1.0,20.82965623870633,0.0480084735216017
2.0,21.2198,27.02767113708908,0.0369991182343393,2.0124420853520377e-05,1.0,20.781167190964045,0.048120492502212
3.0,21.2198,25.55266996449176,0.0391348536724189,1.1954381722750605e-05,1.0,20.812714287425283,0.0480475533459941
4.0,21.2198,23.82227437106513,0.0419775200479855,7.832667862278346e-06,1.0,20.70968365031376,0.0482865898332951
5.0,21.2198,21.993415581266508,0.0454681536983176,5.4350672208100455e-06,1.0,20.7120470927514,0.0482810798721083
6.0,21.2198,20.20743870166421,0.0494867268813065,3.4405823181489005e-06,1.5,20.84942434503264,0.0479629549214987
7.5,21.2198,18.61697145059392,0.0537144294738711,2.0246147165547647e-06,1.5,21.103520532367256,0.0473854586710431
9.0,21.2198,17.40216719646527,0.057464107125871,1.3045169880086422e-06,1.5,21.25647797114748,0.0470444822212481
10.5,21.2198,16.675674072895056,0.0599675908529189,8.982061865185879e-07,1.5,21.41475200650888,0.0466967817183246
12.0,21.2198,16.51000486840654,0.0605693340474777,5.655111919883058e-07,1.5,21.686103629311088,0.0461124790830747
13.5,21.2198,16.967612619864898,0.0589358103820242,nan,1.5,nan,nan
15.0,21.2198,18.12457548914328,0.0551737060323981,nan,1.5,nan,nan
16.5,21.2198,20.085505774718523,0.0497871455773193,nan,1.5,nan,nan
18.0,21.2198,22.988956564048426,0.0434991469584079,nan,1.5,nan,nan
19.5,21.2198,27.00264228854659,0.0370334128532361,nan,nan,nan,nan
Name:	14.257016509283716_12_80_0.08
Lambda:	14.257016509283716	Maximal Depth:	20	Filter time:	12 to 80 [us]
Chi2:	0.7387252748758044	RelRMS:	7.244856889091531	AbsRMS:	1.405927642157066e-06	Phi model:	0.1020293541574594
depth_vector,start_model,resistivity_model,conductivity_model,E/I[V/A],modelled_thickness,rhoa,sigma
0.0,21.2198,28.83142722062986,0.0346843738378815,4.4934125969720685e-05,1.0,21.050993122280847,0.0475036970555834
1.0,21.2198,28.25251855414693,0.0353950745340973,3.161706749730829e-05,1.0,20.77365822365683,0.0481378864152684
2.0,21.2198,27.146122693578214,0.0368376733313949,2.021876024318637e-05,1.0,20.71647445490384,0.0482707616190595
3.0,21.2198,25.62534090689018,0.0390238710826718,1.2016918885587042e-05,1.0,20.74044397989857,0.0482149755795579
4.0,21.2198,23.843762936342703,0.0419396889102515,7.874795015433864e-06,1.0,20.63575836178049,0.0484595711225278
5.0,21.2198,21.96389527143761,0.045529264624587,5.464511030968183e-06,1.0,20.637579855998283,0.0484552940304844
6.0,21.2198,20.131788536652085,0.0496726854734934,3.459240725398193e-06,1.5,20.77438521848168,0.048136201841023
7.5,21.2198,18.503465622296595,0.0540439299541273,2.035326576821303e-06,1.5,21.02941065069593,0.0475524500714862
9.0,21.2198,17.261523752681804,0.0579323131797467,1.3110616834316218e-06,1.5,21.1856787724654,0.0472016974645948
10.5,21.2198,16.51848216326105,0.0605382498292798,9.024416838450804e-07,1.5,21.347694507762995,0.0468434659132092
12.0,21.2198,16.346436492604557,0.061175412785069,5.679561673123255e-07,1.5,21.623821706439507,0.0462452943598865
13.5,21.2198,16.80882257595783,0.059492566804193,nan,1.5,nan,nan
15.0,21.2198,17.985163372466413,0.0556013853914113,nan,1.5,nan,nan
16.5,21.2198,19.98686879893964,0.0500328495703665,nan,1.5,nan,nan
18.0,21.2198,22.963542978256623,0.0435472871475828,nan,1.5,nan,nan
19.5,21.2198,27.099389688458885,0.0369012000453235,nan,nan,nan,nan
Name:	15.725379136248556_12_80_0.08
Lambda:	15.725379136248556	Maximal Depth:	20	Filter time:	12 to 80 [us]
Chi2:	0.7142406388177357	RelRMS:	7.120504099806279	AbsRMS:	1.3740991750177049e-06	Phi model:	0.1051809776179407
depth_vector,start_model,resistivity_model,conductivity_model,E/I[V/A],modelled_thickness,rhoa,sigma
0.0,21.2198,29.01132237757298,0.0344693008814049,4.48478935435965e-05,1.0,21.07796870327591,0.0474429018316447
1.0,21.2198,28.42017705269813,0.0351862691828326,3.156174264273573e-05,1.0,20.797927354905003,0.0480817142465957
2.0,21.2198,27.29022291712216,0.0366431598245608,2.0187136161809467e-05,1.0,20.73810435283148,0.0482204150864669
3.0,21.2198,25.737722720074032,0.0388534763108646,1.199934945920392e-05,1.0,20.760684456969773,0.0481679687426818
4.0,21.2198,23.920945468875072,0.0418043676952969,7.862828920987636e-06,1.0,20.656689491995586,0.0484104677270526
5.0,21.2198,22.006782870359512,0.0454405355790045,5.4557002604942605e-06,1.0,20.65979320635576,0.0484031950374198
6.0,21.2198,20.14425582538944,0.0496419430267371,3.453192768138437e-06,1.5,20.798634457869447,0.0480800795853035
7.5,21.2198,18.49161157257494,0.0540785748216293,2.0313200448282574e-06,1.5,21.05705354032192,0.0474900250448198
9.0,21.2198,17.233145777272185,0.0580277108384264,1.3081548545380467e-06,1.5,21.217051387780703,0.0471319026250706
10.5,21.2198,16.481707774317126,0.0606733242509168,9.00226218455068e-07,1.5,21.38270474527635,0.0467667683725048
12.0,21.2198,16.30939279173445,0.061314361164126,5.663910748259786e-07,1.5,21.66363838097124,0.0461602978416761
13.5,21.2198,16.78018611832598,0.0595940946631026,nan,1.5,nan,nan
15.0,21.2198,17.975320051063484,0.0556318328218493,nan,1.5,nan,nan
16.5,21.2198,20.0097577784832,0.0499756174497682,nan,1.5,nan,nan
18.0,21.2198,23.03887552225069,0.0434048961736093,nan,1.5,nan,nan
19.5,21.2198,27.254971896564665,0.0366905533344558,nan,nan,nan,nan
Name:	14.800960173245494_12_80_0.08
Lambda:	14.800960173245494	Maximal Depth:	20	Filter time:	12 to 80 [us]
Chi2:	0.7344104133134742	RelRMS:	7.220081436189312	AbsRMS:	1.4099057827571169e-06	Phi model:	0.1144829538054321
depth_vector,start_model,resistivity_model,conductivity_model,E/I[V/A],modelled_thickness,rhoa,sigma
0.0,21.2198,29.377475130437865,0.0340396850158135,4.492594115819843e-05,1.0,21.05354982152646,0.047497928305541
1.0,21.2198,28.75293699338272,0.0347790557962876,3.1639113427867007e-05,1.0,20.764007135091,0.0481602608539855
2.0,21.2198,27.561585341448403,0.0362823831652438,2.0253771785144952e-05,1.0,20.69259331145789,0.0483264704886593
3.0,21.2198,25.928448152293424,0.0385676764813071,1.2046938140581312e-05,1.0,20.705974831911224,0.0482952388437582
4.0,21.2198,24.022547030203505,0.041627559256839,7.894775142892889e-06,1.0,20.60092695482506,0.0485415050591101
5.0,21.2198,22.02085419528841,0.0454114990786306,5.477590741755367e-06,1.0,20.604713689106795,0.0485325841013105
6.0,21.2198,20.08004427109415,0.0498006870153932,3.466603062503572e-06,1.5,20.744961175445606,0.0482044768145255
7.5,21.2198,18.36411925066216,0.0544540136311706,2.038484282737754e-06,1.5,21.007688023809205,0.0476016208383637
9.0,21.2198,17.061558390164798,0.0586112931264505,1.3120722274036456e-06,1.5,21.17479938709716,0.047225949191724
10.5,21.2198,16.285189656642594,0.0614054868923254,9.024260854795084e-07,1.5,21.34794050256089,0.0468429261305108
12.0,21.2198,16.106329279345648,0.0620873932636143,5.673734354657727e-07,1.5,21.63862528229881,0.0462136566881647
13.5,21.2198,16.590218795013282,0.060276480518785,nan,1.5,nan,nan
15.0,21.2198,17.823443315321274,0.0561058815801538,nan,1.5,nan,nan
16.5,21.2198,19.93204494746181,0.0501704668354835,nan,1.5,nan,nan
18.0,21.2198,23.089793378317896,0.043309179238435,nan,1.5,nan,nan
19.5,21.2198,27.51610862096089,0.0363423481777591,nan,nan,nan,nan
Name:	14.590784729646478_12_80_0.08
Lambda:	14.590784729646478	Maximal Depth:	20	Filter time:	12.0 to 80.0 [us]
Chi2:	0.7399393970311198	RelRMS:	7.246948733216195	AbsRMS:	1.418823612775087e-06	Phi model:	0.11676989366146495
depth_vector,start_model,resistivity_model,conductivity_model,E/I[V/A],modelled_thickness,rhoa,sigma
0.0,21.2198,29.465810021452413,0.03393763820753462,4.494534498060166e-05,1.0,21.047489887446257,0.04751160377544348
1.0,21.2198,28.833239864776154,0.034682193353568994,3.165816565640017e-05,1.0,20.755675629015087,0.04817959279543109
2.0,21.2198,27.626954592328904,0.03619653395592387,2.027008520041022e-05,1.0,20.681489521165272,0.04835241673365006
3.0,21.2198,25.97430175975014,0.03849959122095067,1.205856181414844e-05,1.0,20.69266654638503,0.04832629945291889
4.0,21.2198,24.04693734110885,0.04158533728494707,7.902582324973003e-06,1.0,20.587356565211618,0.04857350174280235
5.0,21.2198,22.02425686446015,0.04540448316390954,5.482945851861913e-06,1.0,20.591295296559046,0.04856421053643513
6.0,21.2198,20.06473897357863,0.04983867476755147,3.469888288722554e-06,1.5,20.73186514403092,0.048234926913361585
7.5,21.2198,18.333741702508938,0.054544239589846076,2.040244283727821e-06,1.5,20.995604872825826,0.047629015980114923
9.0,21.2198,17.020720881495187,0.058751918145088275,1.3130390131901273e-06,1.5,21.164404160005965,0.047249144953000095
10.5,21.2198,16.23846582512968,0.06158217227962876,9.029725368065049e-07,1.5,21.339326887071323,0.04686183426928342
12.0,21.2198,16.05806466520739,0.06227400504661531,5.676208812582162e-07,1.5,21.632336136309565,0.046227092335233935
13.5,21.2198,16.545027426885383,0.06044112071854395,nan,1.5,nan,nan
15.0,21.2198,17.78723068353357,0.05622010631063241,nan,1.5,nan,nan
16.5,21.2198,19.913431336917956,0.05021736249674247,nan,1.5,nan,nan
18.0,21.2198,23.10196529218127,0.04328636059108116,nan,1.5,nan,nan
19.5,21.2198,27.579039019032685,0.03625942148708974,nan,nan,nan,nan
