Name:	10.0_12_80_0.08
Lambda:	10	Maximal Depth:	20	Filter time:	12 to 80 [us]
Chi2:	0.1976440229912204	RelRMS:	3.556573838884567	AbsRMS:	4.222764764403648e-07	Phi model:	0.0690842516501051
depth_vector,start_model,resistivity_model,conductivity_model,E/I[V/A],modelled_thickness,rhoa,sigma
0.0,17.3524,18.80189378055337,0.0531861317626573,6.395043396013185e-05,1.0,16.637744769925302,0.0601042998211884
1.0,17.3524,18.623687786407498,0.0536950582220268,4.429048266659303e-05,1.0,16.59282875028326,0.0602669993796524
2.0,17.3524,18.28116885534601,0.0547010975016276,2.770832625364208e-05,1.0,16.791081462721554,0.0595554254334441
3.0,17.3524,17.81088070434174,0.0561454549384652,1.6062646665848826e-05,1.0,17.09236130552117,0.0585056670711132
4.0,17.3524,17.264758514486733,0.0579214588585706,1.0352318597942596e-05,1.0,17.195765717991858,0.0581538511514904
5.0,17.3524,16.701784001081165,0.0598738434130908,7.08115061672637e-06,1.0,17.362959414741596,0.0575938684249284
6.0,17.3524,16.180706027832915,0.0618020003750065,4.396175463603065e-06,1.5,17.706471522423666,0.0564765260392839
7.5,17.3524,15.815297307266668,0.063229921042365,2.5285283933745906e-06,1.5,18.19720192568949,0.0549535035157395
9.0,17.3524,15.711514867598463,0.0636475863993407,1.6020326009262178e-06,1.5,18.5357529881701,0.0539497910140591
10.5,17.3524,15.955987509846151,0.062672398018795,1.087954340768285e-06,1.5,18.84617840038496,0.0530611553576068
12.0,17.3524,16.622505973784016,0.0601594008494951,6.726839524420154e-07,1.5,19.316789781128687,0.0517684362324498
13.5,17.3524,17.779794618033375,0.05624361931525,nan,1.5,nan,nan
15.0,17.3524,19.49609556340708,0.0512923214162396,nan,1.5,nan,nan
16.5,17.3524,21.838175617293107,0.0457913709242325,nan,1.5,nan,nan
18.0,17.3524,24.863961802319576,0.0402188520055846,nan,1.5,nan,nan
19.5,17.3524,28.60941107386717,0.0349535332068906,nan,nan,nan,nan
Name:	12.742749857031335_12_80_0.08
Lambda:	12.742749857031336	Maximal Depth:	20	Filter time:	12 to 80 [us]
Chi2:	0.2065697524539708	RelRMS:	3.6359956211544224	AbsRMS:	4.540699052287987e-07	Phi model:	0.0558938022897347
depth_vector,start_model,resistivity_model,conductivity_model,E/I[V/A],modelled_thickness,rhoa,sigma
0.0,17.3524,18.35295102207571,0.0544871502570435,6.409165181104326e-05,1.0,16.613296341656355,0.0601927503991239
1.0,17.3524,18.21299582074917,0.0549058490894039,4.4314061770305975e-05,1.0,16.586942300718583,0.0602883872066449
2.0,17.3524,17.94392023731664,0.0557291821839674,2.7664607249498632e-05,1.0,16.808767023660643,0.0594927634247272
3.0,17.3524,17.57489540526457,0.0568993428945499,1.6007869917299932e-05,1.0,17.131330921980144,0.0583725808901958
4.0,17.3524,17.147993698348564,0.058315860012026,1.031204078312453e-05,1.0,17.24051326353149,0.0580029135278286
5.0,17.3524,16.711887909299264,0.0598376440428106,7.05275767295127e-06,1.0,17.40952799282427,0.0574398111431954
6.0,17.3524,16.316217779682177,0.0612887136898389,4.378420879732419e-06,1.5,17.754305960282327,0.0563243644802039
7.5,17.3524,16.064165234571227,0.0622503557077419,2.5194519853992007e-06,1.5,18.240879735848072,0.0548219172803787
9.0,17.3524,16.049699987553172,0.0623064606052149,1.5978620984052705e-06,1.5,18.56799182194085,0.0538561202304252
10.5,17.3524,16.35077667831211,0.061159174250506,1.0863209920654443e-06,1.5,18.865064575256994,0.053008034826002
12.0,17.3524,17.032749672354495,0.0587104266331747,6.726435059698476e-07,1.5,19.31756412708714,0.0517663610909305
13.5,17.3524,18.153003102337912,0.0550873039773353,nan,1.5,nan,nan
15.0,17.3524,19.763196199011844,0.0505991029957998,nan,1.5,nan,nan
16.5,17.3524,21.90725379543398,0.0456469811021418,nan,1.5,nan,nan
18.0,17.3524,24.614780097967262,0.0406259977143806,nan,1.5,nan,nan
19.5,17.3524,27.890950557903057,0.0358539232258846,nan,nan,nan,nan
Name:	16.237767391887218_12_80_0.08
Lambda:	16.237767391887218	Maximal Depth:	20	Filter time:	12 to 80 [us]
Chi2:	0.218273614933356	RelRMS:	3.737580949723335	AbsRMS:	4.95628504564414e-07	Phi model:	0.044866879081196
depth_vector,start_model,resistivity_model,conductivity_model,E/I[V/A],modelled_thickness,rhoa,sigma
0.0,17.3524,17.93204376453361,0.0557660918705664,6.42509345367018e-05,1.0,16.585827940278865,0.0602924378331146
1.0,17.3524,17.82758733406173,0.0560928397803656,4.43534366657162e-05,1.0,16.577124109408377,0.0603240944207233
2.0,17.3524,17.626978783339396,0.0567312193593366,2.763353751117444e-05,1.0,16.821363943316914,0.0594482114155372
3.0,17.3524,17.35304698383693,0.0576267672721352,1.596209075137693e-05,1.0,17.16407031080541,0.0582612388490662
4.0,17.3524,17.03919315887173,0.0586882248869474,1.0278113574879826e-05,1.0,17.27843209976084,0.0578756217130281
5.0,17.3524,16.72477604472391,0.0597915330720058,7.028964525241484e-06,1.0,17.44879353244982,0.057310552625904
6.0,17.3524,16.450881551220682,0.0607870159958569,4.363692427639076e-06,1.5,17.79423339473527,0.0561979815492286
7.5,17.3524,16.309926002685277,0.0613123566492796,2.5121804209101284e-06,1.5,18.276061876504727,0.0547163829252283
9.0,17.3524,16.383224119850503,0.0610380467656768,1.5948275009058492e-06,1.5,18.591538162652185,0.0537879109975344
10.5,17.3524,16.73902712986539,0.059740628427313,1.0854414472051388e-06,1.5,18.87525424236801,0.0529794188284556
12.0,17.3524,17.433535129597896,0.0573607127049202,6.730523981083812e-07,1.5,19.3097394761645,0.0517873377439595
13.5,17.3524,18.51304589351346,0.0540159628918965,nan,1.5,nan,nan
15.0,17.3524,20.014518860058093,0.0499637291804024,nan,1.5,nan,nan
16.5,17.3524,21.963206486896503,0.0455306924604388,nan,1.5,nan,nan
18.0,17.3524,24.367363880896296,0.0410384974299163,nan,1.5,nan,nan
19.5,17.3524,27.2112244127982,0.0367495407347297,nan,nan,nan,nan
Name:	20.6913808111479_12_80_0.08
Lambda:	20.6913808111479	Maximal Depth:	20	Filter time:	12 to 80 [us]
Chi2:	0.2314521652873858	RelRMS:	3.8487580566193937	AbsRMS:	5.423835344508202e-07	Phi model:	0.0359965884933823
depth_vector,start_model,resistivity_model,conductivity_model,E/I[V/A],modelled_thickness,rhoa,sigma
0.0,17.3524,17.55010215733108,0.0569797253050334,6.441724191166745e-05,1.0,16.557268984442782,0.0603964337922878
1.0,17.3524,17.477564457566743,0.0572162100976866,4.440291884180237e-05,1.0,16.56480623149058,0.0603689524661596
2.0,17.3524,17.33879411796372,0.0576741377281801,2.7613096621271857e-05,1.0,16.82966438240977,0.0594188913859263
3.0,17.3524,17.15137090705161,0.0583043772663595,1.5924909336549292e-05,1.0,17.190776327307237,0.058170729521477
4.0,17.3524,16.94134769326425,0.0590271811963101,1.0250411382447637e-05,1.0,17.309548581884833,0.0577715816948884
5.0,17.3524,16.739960887503898,0.0597372960857085,7.009715778431575e-06,1.0,17.480721967296883,0.0572058752419271
6.0,17.3524,16.580539041718325,0.0603116700539046,4.351975377762986e-06,1.5,17.826157974031638,0.0560973374889169
7.5,17.3524,16.544979501506262,0.0604412957966469,2.5066933414142944e-06,1.5,18.302722671018287,0.054636679906835
9.0,17.3524,16.701764726546276,0.0598739125100098,1.5928868960393035e-06,1.5,18.60663507368296,0.0537442689685675
10.5,17.3524,17.10881134029474,0.0584494141708603,1.0852645518082565e-06,1.5,18.877305266016176,0.0529736626021642
12.0,17.3524,17.812782350885577,0.0561394609950019,6.738615609520243e-07,1.5,19.294278484106147,0.0518288362440585
13.5,17.3524,18.84944152829563,0.053051969656441,nan,1.5,nan,nan
15.0,17.3524,20.24313444700594,0.0493994644267111,nan,1.5,nan,nan
16.5,17.3524,22.00451448893238,0.0454452199117126,nan,1.5,nan,nan
18.0,17.3524,24.126718632787348,0.0414478245143969,nan,1.5,nan,nan
19.5,17.3524,26.58109056665113,0.0376207288219622,nan,nan,nan,nan
Name:	26.366508987303583_12_80_0.08
Lambda:	26.366508987303583	Maximal Depth:	20	Filter time:	12 to 80 [us]
Chi2:	0.2451187654657766	RelRMS:	3.960757628258728	AbsRMS:	5.891634535284144e-07	Phi model:	0.0290978355414384
depth_vector,start_model,resistivity_model,conductivity_model,E/I[V/A],modelled_thickness,rhoa,sigma
0.0,17.3524,17.214252690293282,0.0580913977499515,6.457733889136552e-05,1.0,16.529892350610176,0.0604964617306226
1.0,17.3524,17.16961748982866,0.0582424157435308,4.445492368563205e-05,1.0,16.55188500498492,0.0604160794796985
2.0,17.3524,17.085133974708747,0.0585304160611387,2.759978710854574e-05,1.0,16.835074487744702,0.0593997965811177
3.0,17.3524,16.974173126162654,0.0589130317316416,1.5894931629684148e-05,1.0,17.21238397823761,0.0580977046099102
4.0,17.3524,16.85674647236849,0.0593234288502348,1.0228153515360012e-05,1.0,17.334651453180587,0.0576879207926917
5.0,17.3524,16.757214990381996,0.059675787448807,6.9945117905914944e-06,1.0,17.50604472495891,0.0571231260808027
6.0,17.3524,16.702081912203557,0.0598727754573721,4.34298592838921e-06,1.5,17.850748139416723,0.056020061018724
7.5,17.3524,16.763313083158536,0.0596540788231571,2.50282736742942e-06,1.5,18.32156526671113,0.0545804894637972
9.0,17.3524,16.996869992723273,0.0588343618812241,1.5919193827005235e-06,1.5,18.61417328815796,0.053722504057496
10.5,17.3524,17.45016512888931,0.0573060479722606,1.085693842511841e-06,1.5,18.87232879506341,0.0529876313018443
12.0,17.3524,18.16032410987348,0.0550650965230469,6.750006453769932e-07,1.5,19.27256591412444,0.0518872268724281
13.5,17.3524,19.15338634038359,0.0522100887137419,nan,1.5,nan,nan
15.0,17.3524,20.443204702841243,0.0489160097223415,nan,1.5,nan,nan
16.5,17.3524,22.02953694154273,0.0453936005397474,nan,1.5,nan,nan
18.0,17.3524,23.89561302248454,0.0418486857424018,nan,1.5,nan,nan
19.5,17.3524,26.00606261650096,0.038452572184668,nan,nan,nan,nan
Name:	33.59818286283781_12_80_0.08
Lambda:	33.59818286283781	Maximal Depth:	20	Filter time:	12 to 80 [us]
Chi2:	0.2586146822738259	RelRMS:	4.068333770172361	AbsRMS:	6.307751006436662e-07	Phi model:	0.0238734766159725
depth_vector,start_model,resistivity_model,conductivity_model,E/I[V/A],modelled_thickness,rhoa,sigma
0.0,17.3524,16.928105576764292,0.0590733555781109,6.471740959154322e-05,1.0,16.506032829472108,0.0605839095518133
1.0,17.3524,16.907239347807828,0.0591462615172392,4.4501019604635264e-05,1.0,16.5404529653322,0.060457836438696
2.0,17.3524,16.869202509745794,0.0592796250695474,2.7589240198505583e-05,1.0,16.839364728042984,0.0593846630291626
3.0,17.3524,16.824050360362016,0.0594387188923323,1.5870100194321805e-05,1.0,17.23033374178667,0.0580371811124481
4.0,17.3524,16.786958404300936,0.0595700528896165,1.0210118748954325e-05,1.0,17.355058295602458,0.0576200887929824
5.0,17.3524,16.776593312757832,0.0596068570869835,6.98255807911168e-06,1.0,17.526018545771915,0.0570580247526467
6.0,17.3524,16.81363379036439,0.0594755430306257,4.336265756222774e-06,1.5,17.869186298570657,0.0559622572226464
7.5,17.3524,16.96089051725476,0.0589591683869826,2.500332411199544e-06,1.5,18.333751354279737,0.0545442108751281
9.0,17.3524,17.262565378729498,0.0579288175343958,1.5917625015848485e-06,1.5,18.615396319987383,0.053718974488139
10.5,17.3524,17.755844119890224,0.0563194851930352,1.086614132111336e-06,1.5,18.861671555657225,0.0530175704231297
12.0,17.3524,18.46867951684015,0.05414572271332,6.763953071338668e-07,1.5,19.246064689458407,0.0519586739489516
13.5,17.3524,19.418396312577748,0.0514975584957176,nan,1.5,nan,nan
15.0,17.3524,20.61036283168644,0.0485192816917612,nan,1.5,nan,nan
16.5,17.3524,22.03660751593261,0.0453790357375559,nan,1.5,nan,nan
18.0,17.3524,23.67452579629456,0.0422394944086489,nan,1.5,nan,nan
19.5,17.3524,25.48649939499968,0.039236459448652,nan,nan,nan,nan
Name:	42.81332398719393_12_80_0.08
Lambda:	42.81332398719393	Maximal Depth:	20	Filter time:	12 to 80 [us]
Chi2:	0.2715737196727777	RelRMS:	4.169018836495917	AbsRMS:	6.627500240959398e-07	Phi model:	0.0199818390378264
depth_vector,start_model,resistivity_model,conductivity_model,E/I[V/A],modelled_thickness,rhoa,sigma
0.0,17.3524,16.692261600494238,0.059907999522988,6.482535659159137e-05,1.0,16.487703874175715,0.0606512591220342
1.0,17.3524,16.69119441144329,0.0599118298756625,4.453352005312992e-05,1.0,16.53240453279995,0.0604872689883689
2.0,17.3524,16.69192937464065,0.0599091918948122,2.7577212612754595e-05,1.0,16.844260610414523,0.0593674025312643
3.0,17.3524,16.70201373843378,0.0598730198442391,1.5848274054044718e-05,1.0,17.246149782162217,0.0579839565718201
4.0,17.3524,16.7327834010037,0.0597629202527067,1.0195020726870967e-05,1.0,17.372188384847977,0.0575632716988148
5.0,17.3524,16.7983074826613,0.0595298068589451,6.973022844173632e-06,1.0,17.541992167207155,0.0570060680946712
6.0,17.3524,16.914317339620844,0.0591215110797026,4.331341950524398e-06,1.5,17.882726019185135,0.0559198859797532
7.5,17.3524,17.135511380249444,0.0583583400465427,2.4989633622975982e-06,1.5,18.34044680015653,0.054524298720545
9.0,17.3524,17.495323555905905,0.0571581312460168,1.5922700187286163e-06,1.5,18.611440485605364,0.053730392377389
10.5,17.3524,18.021377806342525,0.0554896529414113,1.0879304990744366e-06,1.5,18.84645373854604,0.0530603801581372
12.0,17.3524,18.733144467953217,0.0533813210969839,6.779910678007161e-07,1.5,19.21585369824316,0.0520403629057306
13.5,17.3524,19.64033183406038,0.0509156366831742,nan,1.5,nan,nan
15.0,17.3524,20.7416613570886,0.0482121457285408,nan,1.5,nan,nan
16.5,17.3524,22.023963383384704,0.0454050882028989,nan,1.5,nan,nan
18.0,17.3524,23.461829482907024,0.042622422123072,nan,1.5,nan,nan
19.5,17.3524,25.018213400116363,0.0399708797749462,nan,nan,nan,nan
Name:	54.5559478116852_12_80_0.08
Lambda:	54.5559478116852	Maximal Depth:	20	Filter time:	12 to 80 [us]
Chi2:	0.2838608397424328	RelRMS:	4.2622873839659965	AbsRMS:	6.81060099512335e-07	Phi model:	0.0170898256573915
depth_vector,start_model,resistivity_model,conductivity_model,E/I[V/A],modelled_thickness,rhoa,sigma
0.0,17.3524,16.50549787605103,0.0605858731138894,6.489000620511895e-05,1.0,16.476750972796935,0.0606915769772206
1.0,17.3524,16.520513999152154,0.0605308043110111,4.454499825969569e-05,1.0,16.52956440091596,0.0604976619919026
2.0,17.3524,16.55284755031396,0.0604125662947359,2.755933425959965e-05,1.0,16.85154465402698,0.0593417411003348
3.0,17.3524,16.608119811914484,0.0602115116777162,1.5827108106530082e-05,1.0,17.261522133037108,0.0579323186155225
4.0,17.3524,16.69468256905024,0.0598993120033243,1.0181434307875104e-05,1.0,17.38763960458057,0.0575121191111277
5.0,17.3524,16.822913451903545,0.059442735817371,6.964986893844852e-06,1.0,17.555482451944986,0.0569622625147057
6.0,17.3524,17.004479321598275,0.0588080341119206,4.327695405652048e-06,1.5,17.892770011415408,0.0558884957087141
7.5,17.3524,17.28690110793938,0.0578472679259285,2.498460277809505e-06,1.5,18.342908712332783,0.0545169806862558
9.0,17.3524,17.69411394162339,0.0565159692821698,1.5932975688574128e-06,1.5,18.603437693313506,0.0537535060178379
10.5,17.3524,18.24511022137409,0.0548092057470007,1.0895572055950233e-06,1.5,18.827690591627743,0.0531132586406894
12.0,17.3524,18.95177565148506,0.0527655043194667,6.797453724779128e-07,1.5,19.182777608104548,0.0521300940056516
13.5,17.3524,19.81737098042197,0.0504607801402074,nan,1.5,nan,nan
15.0,17.3524,20.835542185755514,0.0479949113435436,nan,1.5,nan,nan
16.5,17.3524,21.98989003959573,0.0454754434060091,nan,1.5,nan,nan
18.0,17.3524,23.254267290238648,0.0430028599705554,nan,1.5,nan,nan
19.5,17.3524,24.5940002586926,0.0406603232284896,nan,nan,nan,nan
Name:	69.51927961775606_12_80_0.08
Lambda:	69.51927961775606	Maximal Depth:	20	Filter time:	12 to 80 [us]
Chi2:	0.2955858101073684	RelRMS:	4.349424312121269	AbsRMS:	6.828273093101462e-07	Phi model:	0.0149054342067562
depth_vector,start_model,resistivity_model,conductivity_model,E/I[V/A],modelled_thickness,rhoa,sigma
0.0,17.3524,16.36525882603601,0.061105052515825,6.490310686043059e-05,1.0,16.474533682973313,0.0606997453914896
1.0,17.3524,16.39301137026406,0.0610016047334622,4.452975417270838e-05,1.0,16.533336616410107,0.060483858957269
2.0,17.3524,16.450414400387853,0.0607887421958454,2.753208894508821e-05,1.0,16.862660167138657,0.0593026242649877
3.0,17.3524,16.5416285102228,0.0604535399511599,1.5804649789402244e-05,1.0,17.27787061232263,0.057877502525502
4.0,17.3524,16.672691273226256,0.0599783192534635,1.016818126460028e-05,1.0,17.402744836916934,0.0574621997490115
5.0,17.3524,16.85104927884622,0.059343485586701,6.957705398148336e-06,1.0,17.56772862377662,0.056922555067624
6.0,17.3524,17.085051993527774,0.0585306969144035,4.324921057337505e-06,1.5,17.900421090656117,0.0558646075941751
7.5,17.3524,17.415983078840828,0.0574185215656834,2.498637498642506e-06,1.5,18.342041363896627,0.0545195586554689
9.0,17.3524,17.85960253191262,0.0559922875222524,1.5947563413165151e-06,1.5,18.59209120696288,0.053786311010861
10.5,17.3524,18.42736837783492,0.0542671085472429,1.0914522213035635e-06,1.5,18.80589143807813,0.0531748257344079
12.0,17.3524,19.12461634198696,0.0522886306380201,6.816474020615206e-07,1.5,19.14707664829955,0.0522272939294265
13.5,17.3524,19.949305166429973,0.0501270591460381,nan,1.5,nan,nan
15.0,17.3524,20.891341257899995,0.0478667208416718,nan,1.5,nan,nan
16.5,17.3524,21.93254966274681,0.0455943342373246,nan,1.5,nan,nan
18.0,17.3524,23.04738924385642,0.0433888623747942,nan,1.5,nan,nan
19.5,17.3524,24.20446609580726,0.0413146894478792,nan,nan,nan,nan
Name:	88.58667904100822_12_80_0.08
Lambda:	88.58667904100822	Maximal Depth:	20	Filter time:	12 to 80 [us]
Chi2:	0.3071084642329885	RelRMS:	4.433389415662837	AbsRMS:	6.661083777391745e-07	Phi model:	0.0131920616211974
depth_vector,start_model,resistivity_model,conductivity_model,E/I[V/A],modelled_thickness,rhoa,sigma
0.0,17.3524,16.26848435986137,0.0614685411301905,6.485845890149224e-05,1.0,16.482093426145514,0.060671904602464
1.0,17.3524,16.306003742641533,0.0613271047758267,4.448330612870121e-05,1.0,16.544843668265262,0.0604417920199575
2.0,17.3524,16.38264797266274,0.0610401933599911,2.749256793515976e-05,1.0,16.87881652852871,0.0592458599398715
3.0,17.3524,16.50146605243542,0.060600676135222,1.5779228060463488e-05,1.0,17.296423082503487,0.0578154220228093
4.0,17.3524,16.6667025169081,0.0599998709394084,1.015425986882202e-05,1.0,17.418647205440312,0.0574097395857281
5.0,17.3524,16.88348770934615,0.0592294682956077,6.950557249047527e-06,1.0,17.579771325242117,0.0568835613102736
6.0,17.3524,17.157489083895154,0.0582835865498902,4.322693769516861e-06,1.5,17.90656941220046,0.0558454261662571
7.5,17.3524,17.524605120639503,0.0570626266963502,2.4993605110871124e-06,1.5,18.33850388205704,0.0545300754320766
9.0,17.3524,17.993738954137367,0.0555748864951753,1.5965952453707077e-06,1.5,18.5778126399829,0.0538276501856744
10.5,17.3524,18.569978285084,0.0538503591467972,1.0936029029723874e-06,1.5,18.781227547027285,0.053244656000043
12.0,17.3524,19.25319406280163,0.0519394338798081,6.83707464714602e-07,1.5,19.10859624142005,0.0523324679304483
13.5,17.3524,20.03713269996954,0.0499073402853453,nan,1.5,nan,nan
15.0,17.3524,20.90907322032501,0.0478261274166821,nan,1.5,nan,nan
16.5,17.3524,21.850115105010843,0.0457663492935408,nan,1.5,nan,nan
18.0,17.3524,22.83613228609131,0.0437902525467968,nan,1.5,nan,nan
19.5,17.3524,23.83935334172088,0.0419474465462918,nan,nan,nan,nan
Name:	112.88378916846884_12_80_0.08
Lambda:	112.88378916846884	Maximal Depth:	20	Filter time:	12 to 80 [us]
Chi2:	0.3190641971787675	RelRMS:	4.518861429546288	AbsRMS:	6.300693123030919e-07	Phi model:	0.0117701538043996
depth_vector,start_model,resistivity_model,conductivity_model,E/I[V/A],modelled_thickness,rhoa,sigma
0.0,17.3524,16.212015544013976,0.0616826450286271,6.475194860664379e-05,1.0,16.500162706909606,0.0606054629740857
1.0,17.3524,16.256692678078807,0.0615131269196249,4.440248508776762e-05,1.0,16.564914108933706,0.0603685593190419
2.0,17.3524,16.347431016961842,0.0611716910725859,2.7438580467286583e-05,1.0,16.900949500591782,0.0591682733544044
3.0,17.3524,16.486425760617447,0.0606559611234101,1.5749537104819643e-05,1.0,17.31815435015864,0.0577428737370526
4.0,17.3524,16.67652834606151,0.0599645189483439,1.0138895721790185e-05,1.0,17.436239858427232,0.0573518148476652
5.0,17.3524,16.921042695188167,0.0590980129306316,6.943075186972954e-06,1.0,17.592398710477745,0.0568427317080084
6.0,17.3524,17.223484614412843,0.0580602603008212,4.320782708983516e-06,1.5,17.911849013651754,0.0558289654651419
7.5,17.3524,17.615106714891635,0.0567694545474771,2.500549810025794e-06,1.5,18.332688709639207,0.0545473725015691
9.0,17.3524,18.0992079769133,0.055251036469417,1.5987999510228078e-06,1.5,18.56072981576267,0.0538771917875099
10.5,17.3524,18.675662467819947,0.0535456239757545,1.096023064265341e-06,1.5,18.75356976878485,0.0533231812571754
12.0,17.3524,19.33994968931557,0.0517064426776897,6.859533753982761e-07,1.5,19.06686390692189,0.0524470098953697
13.5,17.3524,20.08261193683361,0.0497943197401477,nan,1.5,nan,nan
15.0,17.3524,20.88922097372184,0.0478715793785693,nan,1.5,nan,nan
16.5,17.3524,21.740898333876626,0.0459962594297128,nan,1.5,nan,nan
18.0,17.3524,22.615375158945085,0.0442177055641046,nan,1.5,nan,nan
19.5,17.3524,23.488497548504466,0.0425740300304423,nan,nan,nan,nan
Name:	143.8449888287663_12_80_0.08
Lambda:	143.8449888287663	Maximal Depth:	20	Filter time:	12 to 80 [us]
Chi2:	0.332375426773574	RelRMS:	4.612160807420828	AbsRMS:	5.753180438498632e-07	Phi model:	0.010512194215056
depth_vector,start_model,resistivity_model,conductivity_model,E/I[V/A],modelled_thickness,rhoa,sigma
0.0,17.3524,16.192802883157157,0.0617558311069261,6.458152616647284e-05,1.0,16.529177843342143,0.0604990768129943
1.0,17.3524,16.242354748131902,0.061567427599438,4.428545772609323e-05,1.0,16.594083886164256,0.0602624409313596
2.0,17.3524,16.342664256863472,0.0611895333761156,2.736869308202e-05,1.0,16.929708906862274,0.0590677610289365
3.0,17.3524,16.495261868463015,0.0606234692103846,1.5714663440138068e-05,1.0,17.343766282692002,0.0576576035274378
4.0,17.3524,16.701911433888615,0.05987338658562,1.0121551454585538e-05,1.0,17.456153307435898,0.0572863896408393
5.0,17.3524,16.96447856631825,0.0589466983079237,6.934945532228418e-06,1.0,17.60614476403645,0.0567983515643169
6.0,17.3524,17.28476594158418,0.0578544137293853,4.319045030874448e-06,1.5,17.916652998636053,0.055813996067018
7.5,17.3524,17.69000047975948,0.056529110959843,2.5021719078908133e-06,1.5,18.32476475923522,0.0545709597443004
9.0,17.3524,18.17902914954553,0.0550084381170046,1.6013835921923646e-06,1.5,18.54076076319895,0.0539352194212479
10.5,17.3524,18.747611699766807,0.0533401275860881,1.0987443468814452e-06,1.5,18.722592072696266,0.0534114077856949
12.0,17.3524,19.38785478908507,0.0515786821635871,6.884232705693246e-07,1.5,19.021231748240226,0.0525728308889626
13.5,17.3524,20.088009959024262,0.0497809390795708,nan,1.5,nan,nan
15.0,17.3524,20.83270248042772,0.0480014535291087,nan,1.5,nan,nan
16.5,17.3524,21.603606317792305,0.0462885679960025,nan,1.5,nan,nan
18.0,17.3524,22.380515879769607,0.0446817225023811,nan,1.5,nan,nan
19.5,17.3524,23.1426962750091,0.0432101769006,nan,nan,nan,nan
Name:	183.29807108324357_12_80_0.08
Lambda:	183.2980710832436	Maximal Depth:	20	Filter time:	12 to 80 [us]
Chi2:	0.3482310328337627	RelRMS:	4.720888274611127	AbsRMS:	5.047403874027303e-07	Phi model:	0.0093353070910536
depth_vector,start_model,resistivity_model,conductivity_model,E/I[V/A],modelled_thickness,rhoa,sigma
0.0,17.3524,16.20791042653847,0.06169826792494,6.434739360034408e-05,1.0,16.56924862689693,0.0603527668947338
1.0,17.3524,16.260341655908363,0.061499322779398,4.413185921635752e-05,1.0,16.632564783707018,0.0601230184883802
2.0,17.3524,16.366256142216997,0.061101328936218,2.7282308147622904e-05,1.0,16.965426830485868,0.0589434035460315
3.0,17.3524,16.526658932838103,0.0605082977789916,1.5674118860988024e-05,1.0,17.37366239773144,0.0575583879269217
4.0,17.3524,16.74246106995421,0.0597283754056078,1.0101935098979e-05,1.0,17.47874405400198,0.0572123487197031
5.0,17.3524,17.01439867497256,0.0587737491699284,6.926004520583013e-06,1.0,17.62129374786234,0.0567495221581736
6.0,17.3524,17.342923745561773,0.0576604045933091,4.317415431660456e-06,1.5,17.921161116620407,0.0557999559008808
7.5,17.3524,17.75174544608888,0.0563324887142477,2.5042268821023178e-06,1.5,18.314738492210203,0.0546008342093079
9.0,17.3524,18.236294674232333,0.0548357008846203,1.6043750358321608e-06,1.5,18.5177067640837,0.0540023671796966
10.5,17.3524,18.789229172571257,0.0532219811049945,1.1018058769519212e-06,1.5,18.68789366958345,0.0535105784354716
12.0,17.3524,19.400220093141595,0.051545806965021,6.91157296805356e-07,1.5,18.97103681362617,0.052711931868781
13.5,17.3524,20.056041031664023,0.0498602888985529,nan,1.5,nan,nan
15.0,17.3524,20.740999839989968,0.0482136834152004,nan,1.5,nan,nan
16.5,17.3524,21.43770013636413,0.0466467948352225,nan,1.5,nan,nan
18.0,17.3524,22.128061601318745,0.0451914866298277,nan,1.5,nan,nan
19.5,17.3524,22.794477179817104,0.0438702757738804,nan,nan,nan,nan
Name:	233.57214690901213_12_80_0.08
Lambda:	233.57214690901213	Maximal Depth:	20	Filter time:	12 to 80 [us]
Chi2:	0.3680117780411436	RelRMS:	4.853117945675048	AbsRMS:	4.255095410854746e-07	Phi model:	0.0081936976466432
depth_vector,start_model,resistivity_model,conductivity_model,E/I[V/A],modelled_thickness,rhoa,sigma
0.0,17.3524,16.25436344499578,0.0615219416856259,6.405237555906455e-05,1.0,16.620087048382363,0.0601681565859987
1.0,17.3524,16.30793347767446,0.0613198478745942,4.3943023722951184e-05,1.0,16.68018058406057,0.0599513893126307
2.0,17.3524,16.415985078497243,0.0609162347077098,2.71797798013475e-05,1.0,17.008065032032633,0.0587956359595651
3.0,17.3524,16.579102734098434,0.0603168950719684,1.5627881670707313e-05,1.0,17.407913733670426,0.0574451376138082
4.0,17.3524,16.797528452873983,0.0595325677111089,1.008000992433731e-05,1.0,17.504080386453758,0.0571295365378857
5.0,17.3524,17.07111819867476,0.0585784708630059,6.916233786548236e-06,1.0,17.637885866874836,0.0566961373685986
6.0,17.3524,17.39927543823509,0.0574736576560245,4.315893643039735e-06,1.5,17.925373549218275,0.0557868430052109
7.5,17.3524,17.80260291273441,0.0561715612543763,2.506733924810354e-06,1.5,18.302525126146573,0.0546372696175907
9.0,17.3524,18.274032091016647,0.0547224605395976,1.60780571815032e-06,1.5,18.49135574320423,0.0540793230029934
10.5,17.3524,18.80402879041922,0.053180093008021,1.105242910024969e-06,1.5,18.64913039893194,0.0536218031944948
12.0,17.3524,19.380669488220065,0.0515978047408433,6.94188625359788e-07,1.5,18.915769049120136,0.0528659446731041
13.5,17.3524,19.989959935984867,0.0500251127667271,nan,1.5,nan,nan
15.0,17.3524,20.61640783356348,0.0485050552003536,nan,1.5,nan,nan
16.5,17.3524,21.243813731186503,0.0470725272144507,nan,1.5,nan,nan
18.0,17.3524,21.85619954957516,0.0457536086148809,nan,1.5,nan,nan
19.5,17.3524,22.438762446410607,0.0445657376331805,nan,nan,nan,nan
Name:	297.63514416313194_12_80_0.08
Lambda:	297.63514416313194	Maximal Depth:	20	Filter time:	12 to 80 [us]
Chi2:	0.3931431970965585	RelRMS:	5.0160905707712	AbsRMS:	3.536747480232034e-07	Phi model:	0.0070714769396067
depth_vector,start_model,resistivity_model,conductivity_model,E/I[V/A],modelled_thickness,rhoa,sigma
0.0,17.3524,16.3289054011455,0.061241092126717,6.370232710880695e-05,1.0,16.680917065309742,0.0599487423913663
1.0,17.3524,16.38210690019776,0.0610422094112893,4.372222653383935e-05,1.0,16.73629001871885,0.0597503986177068
2.0,17.3524,16.489288434333808,0.0606454307584195,2.706252627762073e-05,1.0,17.057156734724835,0.058626417963564
3.0,17.3524,16.65069610282232,0.0600575491754064,1.5576430482572306e-05,1.0,17.44622655452455,0.0573189851040113
4.0,17.3524,16.866051291194854,0.0592907007535346,1.0055998682781364e-05,1.0,17.531932923888515,0.057038776291314
5.0,17.3524,17.13453599538547,0.0583616620998264,6.905751873155255e-06,1.0,17.655729162069676,0.0566388389185494
6.0,17.3524,17.454760968719157,0.0572909592856705,4.314529337436164e-06,1.5,17.929152161280687,0.0557750857934918
7.5,17.3524,17.844557725187123,0.0560394948084662,2.509715471338859e-06,1.5,18.288026632478573,0.0546805852865531
9.0,17.3524,18.295158868788068,0.0546592684530343,1.6116957591284298e-06,1.5,18.461589538449577,0.0541665168060052
10.5,17.3524,18.795639330413582,0.053203830017204,1.1090751201401408e-06,1.5,18.606146471567605,0.0537456803066727
12.0,17.3524,19.333216536389617,0.0517244504098822,6.975343391395642e-07,1.5,18.855234443057505,0.0530356704404807
13.5,17.3524,19.89373434793211,0.0502670832187897,nan,1.5,nan,nan
15.0,17.3524,20.462317764445853,0.0488703191647987,nan,1.5,nan,nan
16.5,17.3524,21.02414750494836,0.0475643542628605,nan,1.5,nan,nan
18.0,17.3524,21.56527369773269,0.0463708466684166,nan,1.5,nan,nan
19.5,17.3524,22.073373500450327,0.0453034512363775,nan,nan,nan,nan
Name:	379.26901907322497_12_80_0.08
Lambda:	379.26901907322497	Maximal Depth:	20	Filter time:	12 to 80 [us]
Chi2:	0.4248736763001582	RelRMS:	5.2145867797180365	AbsRMS:	3.200084096162896e-07	Phi model:	0.0059754723818392
depth_vector,start_model,resistivity_model,conductivity_model,E/I[V/A],modelled_thickness,rhoa,sigma
0.0,17.3524,16.427746485388486,0.0608726218711398,6.330635270721529e-05,1.0,16.750402976538442,0.0597000562554021
1.0,17.3524,16.479296962117523,0.0606822003571385,4.347480211490614e-05,1.0,16.79972981493946,0.0595247668275433
2.0,17.3524,16.58304922401532,0.0603025406540924,2.69330717086375e-05,1.0,17.111770179520057,0.0584393075356302
3.0,17.3524,16.738979151414263,0.0597407996601459,1.5520743545172695e-05,1.0,17.487931897231327,0.0571822903861101
4.0,17.3524,16.946412177254945,0.0590095407535392,1.0030369668871573e-05,1.0,17.5617846000762,0.0569418212768456
5.0,17.3524,17.204031772904642,0.0581259098564873,6.894795953395769e-06,1.0,17.674427666570864,0.0565789183596244
6.0,17.3524,17.509876460421996,0.0571106256666244,4.313403180775942e-06,1.5,17.93227269121721,0.055765379950405
7.5,17.3524,17.879287402023692,0.0559306407193171,2.5131807202573416e-06,1.5,18.271212047342903,0.054730906598253
9.0,17.3524,18.302487631382185,0.0546373815483617,1.6160405431534509e-06,1.5,18.428484921680777,0.0542638206151998
10.5,17.3524,18.76785018006186,0.0532826077790388,1.1132956996039107e-06,1.5,18.559091934027546,0.0538819465712398
12.0,17.3524,19.262358315292115,0.0519147231938943,7.011872085006255e-07,1.5,18.78969260378653,0.0532206684317165
13.5,17.3524,19.772193941204385,0.0505760768366753,nan,1.5,nan,nan
15.0,17.3524,20.28342286187388,0.0493013436050613,nan,1.5,nan,nan
16.5,17.3524,20.78271885322512,0.0481168997695803,nan,1.5,nan,nan
18.0,17.3524,21.25805257351965,0.0470409975956904,nan,1.5,nan,nan
19.5,17.3524,21.69927048056648,0.0460844985961894,nan,nan,nan,nan
Name:	483.2930238571752_12_80_0.08
Lambda:	483.2930238571752	Maximal Depth:	20	Filter time:	12 to 80 [us]
Chi2:	0.4640064888160927	RelRMS:	5.449441740603338	AbsRMS:	3.552711757845182e-07	Phi model:	0.0049274851791041
depth_vector,start_model,resistivity_model,conductivity_model,E/I[V/A],modelled_thickness,rhoa,sigma
0.0,17.3524,16.54639506149902,0.0604361249857287,6.287660472837263e-05,1.0,16.82663988201909,0.0594295716204515
1.0,17.3524,16.595239879829244,0.060258243161369,4.320799917343546e-05,1.0,16.86881605194893,0.0592809831419357
2.0,17.3524,16.69346038019602,0.0599036974494713,2.67949494764539e-05,1.0,17.17052478336089,0.0582393382040979
3.0,17.3524,16.840822174530185,0.0593795237332525,1.5462236972891433e-05,1.0,17.5320184370937,0.0570384980821279
4.0,17.3524,17.036363405247478,0.0586979730481672,1.000379299063514e-05,1.0,17.592874639874175,0.0568411939759693
5.0,17.3524,17.278421955673156,0.0578756556915582,6.883689135363624e-06,1.0,17.69343432572453,0.0565181400959618
6.0,17.3524,17.564656560432724,0.0569325108384222,4.312603970366575e-06,1.5,17.934488091545635,0.0557584913991162
7.5,17.3524,17.908164645647016,0.0558404515363372,2.517110422865172e-06,1.5,18.25219046757786,0.0547879445908885
9.0,17.3524,18.2987413314813,0.0546485674552703,1.6207998523764349e-06,1.5,18.39239169774646,0.0543703079204498
10.5,17.3524,18.724632890387813,0.0534055864194456,1.1178631913602729e-06,1.5,18.50850355477692,0.0540292194363766
12.0,17.3524,19.173098823489106,0.0521564098326605,7.051099636885504e-07,1.5,18.7199390613452,0.0534189773119988
13.5,17.3524,19.631051238333068,0.050939707092574,nan,1.5,nan,nan
15.0,17.3524,20.085729044836967,0.0497865921504626,nan,1.5,nan,nan
16.5,17.3524,20.525348562340746,0.04872024448027,nan,1.5,nan,nan
18.0,17.3524,20.93966775663024,0.0477562496035002,nan,1.5,nan,nan
19.5,17.3524,21.32040984530663,0.0469034135485971,nan,nan,nan,nan
Name:	615.8482110660261_12_80_0.08
Lambda:	615.8482110660261	Maximal Depth:	20	Filter time:	12 to 80 [us]
Chi2:	0.5106503531391475	RelRMS:	5.7167842884707	AbsRMS:	4.524066514884482e-07	Phi model:	0.0039559908101417
depth_vector,start_model,resistivity_model,conductivity_model,E/I[V/A],modelled_thickness,rhoa,sigma
0.0,17.3524,16.679652989750362,0.0599532856357682,6.242752338783274e-05,1.0,16.90724000410167,0.0591462592213395
1.0,17.3524,16.724974509968046,0.0597908235617341,4.2930492332293055e-05,1.0,16.941432394261277,0.059026886081884
2.0,17.3524,16.81603725122462,0.0594670423870032,2.66524304903633e-05,1.0,17.231681182702232,0.0580326428627193
3.0,17.3524,16.952451424152922,0.0589885188271505,1.5402630111093124e-05,1.0,17.577220921804784,0.0568918149489426
4.0,17.3524,17.133064633733802,0.0583666741110093,9.977063819766167e-06,1.0,17.624282225787262,0.0567398993722895
5.0,17.3524,17.356003813561262,0.0576169497738091,6.872793819233552e-06,1.0,17.712128776859554,0.0564584874352581
6.0,17.3524,17.618715800467736,0.0567578256738469,4.312204469941383e-06,1.5,17.935595757789613,0.0557550478670712
7.5,17.3524,17.93228241192725,0.055765349721175,2.5214460826915547e-06,1.5,18.2312612117101,0.0548508404540707
9.0,17.3524,18.28654666095213,0.0546850107098314,1.6258923549618298e-06,1.5,18.353966741173,0.054484134906746
10.5,17.3524,18.670088296822023,0.053561610641671,1.1226984292244686e-06,1.5,18.455323718157203,0.05418490703667
12.0,17.3524,19.070837310352328,0.0524360825760473,7.092339274511092e-07,1.5,18.64730166377574,0.0536270618682916
13.5,17.3524,19.47672052586597,0.0513433459535425,nan,1.5,nan,nan
15.0,17.3524,19.876294062510546,0.0503111896440563,nan,1.5,nan,nan
16.5,17.3524,20.259307952690445,0.0493600276147241,nan,1.5,nan,nan
18.0,17.3524,20.617153368138105,0.0485033012144832,nan,1.5,nan,nan
19.5,17.3524,20.943156947553053,0.0477482932732754,nan,nan,nan,nan
Name:	784.7599703514607_12_80_0.08
Lambda:	784.7599703514607	Maximal Depth:	20	Filter time:	12 to 80 [us]
Chi2:	0.5640727563358602	RelRMS:	6.008382178714587	AbsRMS:	5.82269589043021e-07	Phi model:	0.0030881050378704
depth_vector,start_model,resistivity_model,conductivity_model,E/I[V/A],modelled_thickness,rhoa,sigma
0.0,17.3524,16.8218166938895,0.0594466113974032,6.19745590161706e-05,1.0,16.989521923438886,0.0588598080926804
1.0,17.3524,16.86304207783118,0.0593012811914072,4.265158059447073e-05,1.0,17.015208939193297,0.0587709503640929
2.0,17.3524,16.945813502301466,0.0590116254887489,2.6510097077394807e-05,1.0,17.293304356924278,0.0578258486267604
3.0,17.3524,17.069636428948527,0.058583555904219,1.5343751540828632e-05,1.0,17.62215825353009,0.0567467381471097
4.0,17.3524,17.233253817010702,0.0580273470476547,9.951002242837513e-06,1.0,17.65504069064093,0.0566410475921535
5.0,17.3524,17.43469882813629,0.0573568840997809,6.862458338326016e-06,1.0,17.72990835757323,0.0564018707729448
6.0,17.3524,17.671350044100418,0.0565887720804812,4.312241052101347e-06,1.5,17.93549432193869,0.0557553631949134
7.5,17.3524,17.952493247837552,0.0557025693420301,2.5260870144217245e-06,1.5,18.208924697580464,0.0549181248540654
9.0,17.3524,18.268390395485564,0.0547393600832571,1.6311979434528289e-06,1.5,18.314146738525345,0.0546025984326321
10.5,17.3524,18.60830086935296,0.0537394578377091,1.1276884831318206e-06,1.5,18.400839928468145,0.0543453453150738
12.0,17.3524,18.961105211117427,0.0527395417548588,7.134633594977068e-07,1.5,18.57353415427332,0.0538400495938961
13.5,17.3524,19.31592589113771,0.0517707515361097,nan,1.5,nan,nan
15.0,17.3524,19.662698222881204,0.0508577199662411,nan,1.5,nan,nan
16.5,17.3524,19.99264548196351,0.0500183930586953,nan,1.5,nan,nan
18.0,17.3524,20.298622019426222,0.0492644278534266,nan,1.5,nan,nan
19.5,17.3524,20.575304598117565,0.0486019536299593,nan,nan,nan,nan
Name:	1000.0_12_80_0.08
Lambda:	1000	Maximal Depth:	20	Filter time:	12 to 80 [us]
Chi2:	0.6227236136426423	RelRMS:	6.313027108537482	AbsRMS:	7.234752321062029e-07	Phi model:	0.0023431972287649
depth_vector,start_model,resistivity_model,conductivity_model,E/I[V/A],modelled_thickness,rhoa,sigma
0.0,17.3524,16.967062417654812,0.0589377215327189,6.153261456324408e-05,1.0,17.070773854211346,0.0585796524832587
1.0,17.3524,17.003862505415245,0.0588101673770608,4.238022276681685e-05,1.0,17.087763171967328,0.0585214103177946
2.0,17.3524,17.077698650713508,0.0585558991555469,2.637234348155825e-05,1.0,17.35347207970901,0.0576253556295097
3.0,17.3524,17.18801725646658,0.05818006725725,1.528732388043513e-05,1.0,17.665495528234583,0.0566075261461933
4.0,17.3524,17.333530661694656,0.0576916509115998,9.926350440296673e-06,1.0,17.684259125074465,0.0565474636470409
5.0,17.3524,17.512276673376174,0.0571027981484723,6.852968804967756e-06,1.0,17.746272044180678,0.0563498630873247
6.0,17.3524,17.7216834881278,0.0564280476327164,4.3127027060812615e-06,1.5,17.93421436044989,0.0557593424446452
7.5,17.3524,17.96945577345737,0.0556499881024275,2.5308972653069604e-06,1.5,18.185845329273285,0.0549878205766066
9.0,17.3524,18.246543317473577,0.0548049009941714,1.6365686753509392e-06,1.5,18.274057067811647,0.0547223857454961
10.5,17.3524,18.54312170908063,0.053928352285489,1.1326978531019217e-06,1.5,18.346547903087,0.0545061667885618
12.0,17.3524,18.84919489714765,0.0530526638117219,7.176854573623625e-07,1.5,18.500617930703115,0.0540522486192435
13.5,17.3524,19.15516767432849,0.0522052334389213,nan,1.5,nan,nan
15.0,17.3524,19.45234494326789,0.0514076839021961,nan,1.5,nan,nan
16.5,17.3524,19.73332086708776,0.050675707689315,nan,1.5,nan,nan
18.0,17.3524,19.99223374942311,0.0500194231687019,nan,1.5,nan,nan
19.5,17.3524,20.22487907781057,0.0494440533440388,nan,nan,nan,nan
Name:	58.06735210785115_12_80_0.08
Lambda:	58.06735210785115	Maximal Depth:	20	Filter time:	12 to 80 [us]
Chi2:	0.2869222089325686	RelRMS:	4.285209606505194	AbsRMS:	6.831914063762966e-07	Phi model:	0.0164705323821684
depth_vector,start_model,resistivity_model,conductivity_model,E/I[V/A],modelled_thickness,rhoa,sigma
0.0,17.3524,16.46507828568723,0.0607346034224009,6.489858970553145e-05,1.0,16.47529812852456,0.0606969289538164
1.0,17.3524,16.483676876249536,0.0606660763558673,4.454383139967194e-05,1.0,16.529853069449025,0.0604966054930173
2.0,17.3524,16.523058232726118,0.0605214837298924,2.755334645133373e-05,1.0,16.85398598274712,0.0593331453475556
3.0,17.3524,16.588428354581364,0.0602829863459501,1.5821524872765706e-05,1.0,17.265582822365257,0.057918693523895
4.0,17.3524,16.68748585741753,0.0599251444192537,1.0178035666192787e-05,1.0,17.39151010050945,0.0574993197382386
5.0,17.3524,16.82978752634192,0.0594184566165677,6.963068386657521e-06,1.0,17.558706966478496,0.0569518018558604
6.0,17.3524,17.0260795844307,0.0587334268608986,4.3269127521586e-06,1.5,17.89492758004429,0.0558817573039613
7.5,17.3524,17.32219081854814,0.0577294183209912,2.4984472776410163e-06,1.5,18.342972341371286,0.0545167915749712
9.0,17.3524,17.73982486490761,0.0563703423013025,1.5936345373921283e-06,1.5,18.60081517899909,0.0537610846824085
10.5,17.3524,18.29592606045431,0.0546569764599917,1.0900202918112184e-06,1.5,18.82235768695137,0.0531283071245241
12.0,17.3524,19.0005922653436,0.0526299383742876,6.802207031108838e-07,1.5,19.17384009311293,0.0521543934414677
13.5,17.3524,19.85561191327764,0.0503635951572608,nan,1.5,nan,nan
15.0,17.3524,20.85355037647805,0.0479534650909112,nan,1.5,nan,nan
16.5,17.3524,21.97743052560405,0.0455012244873205,nan,1.5,nan,nan
18.0,17.3524,23.20115731743013,0.0431012981946697,nan,1.5,nan,nan
19.5,17.3524,24.490841465430776,0.0408315901032439,nan,nan,nan,nan
Name:	172.21381097981777_12_80_0.08
Lambda:	172.21381097981777	Maximal Depth:	20	Filter time:	12 to 80 [us]
Chi2:	0.3438329592675126	RelRMS:	4.690981708887897	AbsRMS:	5.241239795338248e-07	Phi model:	0.009633555937061
depth_vector,start_model,resistivity_model,conductivity_model,E/I[V/A],modelled_thickness,rhoa,sigma
0.0,17.3524,16.20090505030544,0.0617249466554429,6.441362997129579e-05,1.0,16.557887935322395,0.0603941761114793
1.0,17.3524,16.2527713204799,0.0615279683865306,4.417484133432079e-05,1.0,16.621774043645665,0.0601620499336705
2.0,17.3524,16.357593846852478,0.061133685636315,2.7306114359714e-05,1.0,16.95556478389476,0.0589776874286045
3.0,17.3524,16.516501724917106,0.0605455087678392,1.5685104842229062e-05,1.0,17.365549009527395,0.0575852798809506
4.0,17.3524,16.730606171192303,0.059770697473105,1.0107207150200588e-05,1.0,17.472665431395633,0.0572322525104359
5.0,17.3524,17.00090809199081,0.058820387392783,6.928386562153807e-06,1.0,17.61725461028053,0.0567625332165234
6.0,17.3524,17.328176061741885,0.0577094782761271,4.3178255052137615e-06,1.5,17.92002642346841,0.0558034891449926
7.5,17.3524,17.73698170963926,0.0563793782037078,2.5036557801129573e-06,1.5,18.31752353586777,0.054592532557247
9.0,17.3524,18.223542726281416,0.0548740722383157,1.6035643726800511e-06,1.5,18.523947177939284,0.0539841746682871
10.5,17.3524,18.78122393989128,0.0532446662262517,1.1009833274216957e-06,1.5,18.69720038317593,0.053483943023888
12.0,17.3524,19.400238885842285,0.0515457570334234,6.904263914391234e-07,1.5,18.9844233116271,0.0526747630720784
13.5,17.3524,20.06766951988172,0.04983139666563,nan,1.5,nan,nan
15.0,17.3524,20.767851741857363,0.048151345282599,nan,1.5,nan,nan
16.5,17.3524,21.483120546220952,0.0465481724523445,nan,1.5,nan,nan
18.0,17.3524,22.194848221023094,0.045055500719883,nan,1.5,nan,nan
19.5,17.3524,22.884653113197004,0.0436974069501331,nan,nan,nan,nan
Name:	29.657596692192385_12_80_0.08
Lambda:	29.657596692192385	Maximal Depth:	20	Filter time:	12 to 80 [us]
Chi2:	0.2517194304609504	RelRMS:	4.013731873145095	AbsRMS:	6.103259713330721e-07	Phi model:	0.0263741729237075
depth_vector,start_model,resistivity_model,conductivity_model,E/I[V/A],modelled_thickness,rhoa,sigma
0.0,17.3524,17.069067409829124,0.0585855088617293,6.464869262711047e-05,1.0,16.517727251357307,0.0605410166170304
1.0,17.3524,17.03648324791155,0.0586975601389205,4.447858633713989e-05,1.0,16.546014071658373,0.0604375165927664
2.0,17.3524,16.975515332583306,0.0589083736433362,2.7594627978207823e-05,1.0,16.83717276178612,0.0593923940882529
3.0,17.3524,16.897831630495237,0.0591791906717378,1.5882391436175406e-05,1.0,17.221442993163144,0.0580671434093529
4.0,17.3524,16.820950948845134,0.0594496710109398,1.021896651578215e-05,1.0,17.345039299675427,0.0576533718213433
5.0,17.3524,16.766334218616098,0.0596433297202004,6.988365299489875e-06,1.0,17.51630797219226,0.0570896561985285
6.0,17.3524,16.757523174061994,0.0596746899653907,4.3394763042938e-06,1.5,17.860371570085743,0.0559898765866044
7.5,17.3524,16.86195029245869,0.059305120858246,2.501464133886257e-06,1.5,18.328221183126285,0.0545606684908757
9.0,17.3524,17.12974278697628,0.0583779927367209,1.5917536337615864e-06,1.5,18.61546545878196,0.0537187749731094
10.5,17.3524,17.60329102947206,0.0568075593549958,1.0860869587606595e-06,1.5,18.86777454540907,0.0530004213052949
12.0,17.3524,18.31520451267386,0.0545994449206403,6.756502867947907e-07,1.5,19.260210149088213,0.0519205134450384
13.5,17.3524,19.28715524397445,0.0518479779599644,nan,1.5,nan,nan
15.0,17.3524,20.528641571022508,0.0487124292438114,nan,1.5,nan,nan
16.5,17.3524,22.03530935305957,0.0453817091458782,nan,1.5,nan,nan
18.0,17.3524,23.787122259147683,0.0420395535494183,nan,1.5,nan,nan
19.5,17.3524,25.747143145066428,0.0388392605100195,nan,nan,nan,nan
Name:	87.95730415567415_12_80_0.08
Lambda:	87.95730415567415	Maximal Depth:	20	Filter time:	12 to 80 [us]
Chi2:	0.3067671255292528	RelRMS:	4.430924963692365	AbsRMS:	6.668749126079709e-07	Phi model:	0.0132375555422096
depth_vector,start_model,resistivity_model,conductivity_model,E/I[V/A],modelled_thickness,rhoa,sigma
0.0,17.3524,16.27074045977557,0.0614600179058964,6.486064019386499e-05,1.0,16.481723890619417,0.0606732649228003
1.0,17.3524,16.308011472150646,0.061319554607115,4.448515081477985e-05,1.0,16.54438628337518,0.0604434629893078
2.0,17.3524,16.384166386288673,0.0610345364190676,2.74939280810642e-05,1.0,16.878259851859386,0.0592478139794627
3.0,17.3524,16.502282834506516,0.0605976766989464,1.5780031357447927e-05,1.0,17.2958360839915,0.057817384204142
4.0,17.3524,16.666651860966983,0.0600000533005662,1.0154686760293847e-05,1.0,17.41815902861986,0.0574113486021625
5.0,17.3524,16.882464396525073,0.0592330584275261,6.950770376958585e-06,1.0,17.579411963724482,0.0568847241343181
6.0,17.3524,17.155458733501117,0.0582904844186535,4.322753865719077e-06,1.5,17.90640345020135,0.05584594375867
7.5,17.3524,17.52168062967818,0.0570721508475735,2.499332318328132e-06,1.5,18.338641788767628,0.0545296653655396
9.0,17.3524,17.99021661567744,0.0555857676070758,1.596535934986757e-06,1.5,18.57827274044348,0.053826317116288
10.5,17.3524,18.56632509510992,0.0538609549750577,1.0935359095864192e-06,1.5,18.781994603184767,0.0532424814897154
12.0,17.3524,19.250022271481296,0.0519479918462998,6.836443797209395e-07,1.5,19.10977175232382,0.0523292487718172
13.5,17.3524,20.03516363680547,0.0499122451968875,nan,1.5,nan,nan
15.0,17.3524,20.9090915095435,0.0478260855830857,nan,1.5,nan,nan
16.5,17.3524,21.852914785334395,0.0457604859499614,nan,1.5,nan,nan
18.0,17.3524,22.84245801560821,0.0437781257742359,nan,1.5,nan,nan
19.5,17.3524,23.849842014070973,0.0419289989178971,nan,nan,nan,nan
Name:	44.923733528203634_12_80_0.08
Lambda:	44.923733528203634	Maximal Depth:	20	Filter time:	12 to 80 [us]
Chi2:	0.274066259824458	RelRMS:	4.18810704600125	AbsRMS:	6.675746397842651e-07	Phi model:	0.019338196725949
depth_vector,start_model,resistivity_model,conductivity_model,E/I[V/A],modelled_thickness,rhoa,sigma
0.0,17.3524,16.65135093731938,0.0600551873397117,6.48419227473189e-05,1.0,16.484895511003998,0.0606615916571918
1.0,17.3524,16.653760668691326,0.060046497598586,4.4537666096651344e-05,1.0,16.531378507890743,0.0604910231486552
2.0,17.3524,16.66132053476363,0.0600192522503551,2.757424650869816e-05,1.0,16.845468523361756,0.0593631455612631
3.0,17.3524,16.68115204425293,0.0599478979237842,1.5844083912096495e-05,1.0,17.24919027059785,0.057973735828316
4.0,17.3524,16.72393743785333,0.0597945312649028,1.0192242087894829e-05,1.0,17.375345612753776,0.0575528120295911
5.0,17.3524,16.802945040919347,0.0595133768255952,6.971332936537645e-06,1.0,17.544826933455447,0.0569968574664674
6.0,17.3524,16.933034536796377,0.0590561601836308,4.330529988934657e-06,1.5,17.884961254899434,0.0559128971960204
7.5,17.3524,17.167401936423552,0.0582499322671726,2.498801001693461e-06,1.5,18.341241243511465,0.0545219370228701
9.0,17.3524,17.53749257002174,0.057020694150393,1.592435881248653e-06,1.5,18.61014812838636,0.053734123613701
10.5,17.3524,18.06913586527654,0.055342989695578,1.0882304385906684e-06,1.5,18.842990589737216,0.0530701321129273
12.0,17.3524,18.78021913961356,0.0532475149819033,6.783273420729463e-07,1.5,19.209502456661934,0.0520575690211693
13.5,17.3524,19.6790781640484,0.050815388386784,nan,1.5,nan,nan
15.0,17.3524,20.763309000339863,0.0481618801696604,nan,1.5,nan,nan
16.5,17.3524,22.018962367269623,0.045415400749604,nan,1.5,nan,nan
18.0,17.3524,23.420344127538733,0.0426979208569422,nan,1.5,nan,nan
19.5,17.3524,24.93077087817387,0.0401110741776328,nan,nan,nan,nan
Name:	68.04805713216612_12_80_0.08
Lambda:	68.04805713216612	Maximal Depth:	20	Filter time:	12 to 80 [us]
Chi2:	0.294566324853071	RelRMS:	4.341917179149844	AbsRMS:	6.833939239702217e-07	Phi model:	0.0150762112230166
depth_vector,start_model,resistivity_model,conductivity_model,E/I[V/A],modelled_thickness,rhoa,sigma
0.0,17.3524,16.375840076932658,0.0610655694793099,6.490419841874327e-05,1.0,16.474348970067894,0.0607004259662637
1.0,17.3524,16.402593559248153,0.0609659683627396,4.4532298658337766e-05,1.0,16.53270682276482,0.0604861630173616
2.0,17.3524,16.45802891932071,0.0607606175017751,2.753494970604137e-05,1.0,16.86149217577622,0.059306732142997
3.0,17.3524,16.54642009413231,0.0604360335535431,1.5806729047621132e-05,1.0,17.27635539509972,0.0578825786533449
4.0,17.3524,16.673985937906927,0.0599736621899496,1.0169364669659706e-05,1.0,17.401394710243572,0.057466658084098
5.0,17.3524,16.84840497621119,0.0593527993547123,6.958334628150065e-06,1.0,17.56666952854662,0.0569259869308155
6.0,17.3524,17.07829226581053,0.0585538638428108,4.325139807533624e-06,1.5,17.899817525791725,0.0558664912957412
7.5,17.3524,17.40544611103505,0.057453281784372,2.498598340472899e-06,1.5,18.342233001711847,0.0545189890405749
9.0,17.3524,17.846294355352487,0.056034041582424,1.5946118436523577e-06,1.5,18.59321435309189,0.0537830619821638
10.5,17.3524,18.41291349085188,0.0543097104375595,1.0912747211539878e-06,1.5,18.80793061788249,0.0531690604520416
12.0,17.3524,19.111173866509446,0.0523254095737367,6.814734803620453e-07,1.5,19.150334246797403,0.0522184097213464
13.5,17.3524,19.939457254484736,0.0501518164329714,nan,1.5,nan,nan
15.0,17.3524,20.88795227633895,0.0478744870138735,nan,1.5,nan,nan
16.5,17.3524,21.9385932835604,0.0455817739576468,nan,1.5,nan,nan
18.0,17.3524,23.065746565417864,0.0433543305075277,nan,1.5,nan,nan
19.5,17.3524,24.23770845269884,0.0412580257721786,nan,nan,nan,nan
Name:	75.05648164127545_12_80_0.08
Lambda:	75.05648164127545	Maximal Depth:	20	Filter time:	12 to 80 [us]
Chi2:	0.299226564505811	RelRMS:	4.376128440570718	AbsRMS:	6.796029569551515e-07	Phi model:	0.0143223923918946
depth_vector,start_model,resistivity_model,conductivity_model,E/I[V/A],modelled_thickness,rhoa,sigma
0.0,17.3524,16.330111805828654,0.0612365678747571,6.489546851354986e-05,1.0,16.47582638478445,0.0606949828582502
1.0,17.3524,16.36125587554512,0.0611200024989941,4.451861756532937e-05,1.0,16.53609377903562,0.060473774118758
2.0,17.3524,16.42533964106049,0.0608815416821076,2.752103845639848e-05,1.0,16.86717376056739,0.0592867551016656
3.0,17.3524,16.526139299850826,0.0605102003472176,1.5797001593745248e-05,1.0,17.283446939510146,0.0578588289419276
4.0,17.3524,16.669075453301158,0.0599913296212213,1.0163893124530254e-05,1.0,17.407639297476557,0.0574460432521118
5.0,17.3524,16.860802241342245,0.0593091589407309,6.955456083397863e-06,1.0,17.57151588767958,0.0569102863060983
6.0,17.3524,17.108757614912257,0.0584495977152884,4.324170473624738e-06,1.5,17.902492451462482,0.0558581439266747
7.5,17.3524,17.452435437642997,0.0572985932864767,2.498811908203924e-06,1.5,18.34118787439249,0.0545220956705958
9.0,17.3524,17.90528729568505,0.0558494250042548,1.5952980268090787e-06,1.5,18.58788232313028,0.0537984899310249
10.5,17.3524,18.476630251574715,0.0541224231033563,1.0921044042764417e-06,1.5,18.798403690456432,0.0531960062389595
12.0,17.3524,19.16995432153384,0.0521649651964317,6.822806544339446e-07,1.5,19.135227362120204,0.052259635126133
13.5,17.3524,19.9817720426032,0.0500456114636828,nan,1.5,nan,nan
15.0,17.3524,20.901048624892564,0.0478444894295412,nan,1.5,nan,nan
16.5,17.3524,21.909282431331725,0.0456427545326602,nan,1.5,nan,nan
18.0,17.3524,22.98131273925172,0.0435136152292995,nan,1.5,nan,nan
19.5,17.3524,24.086874192026382,0.0415163873912305,nan,nan,nan,nan
Name:	64.04784105702613_12_80_0.08
Lambda:	64.04784105702613	Maximal Depth:	20	Filter time:	12 to 80 [us]
Chi2:	0.2916664443603959	RelRMS:	4.32049215241335	AbsRMS:	6.842227634098044e-07	Phi model:	0.0155808944462223
depth_vector,start_model,resistivity_model,conductivity_model,E/I[V/A],modelled_thickness,rhoa,sigma
0.0,17.3524,16.407666457955795,0.0609471189923608,6.490487377776508e-05,1.0,16.474234688773304,0.0607008470433816
1.0,17.3524,16.431462527393563,0.0608588552804024,4.4538205641595786e-05,1.0,16.531244997951294,0.0604915116873489
2.0,17.3524,16.481074240773086,0.0606756565373673,2.7542546727295948e-05,1.0,16.85839144571324,0.0593176403110677
3.0,17.3524,16.561111864850922,0.0603824192578752,1.5812500867317304e-05,1.0,17.27215103904431,0.0578966683269191
4.0,17.3524,16.678330462860032,0.059958039698688,1.017269290897463e-05,1.0,17.397598982138447,0.0574791958951731
5.0,17.3524,16.84109222793802,0.0593785715596925,6.960125275312681e-06,1.0,17.563656454821846,0.0569357526761157
6.0,17.3524,17.058791961112487,0.0586207981362113,4.32578388897019e-06,1.5,17.898040703124256,0.0558720374250485
7.5,17.3524,17.37472233879088,0.0575548765903093,2.498510967055745e-06,1.5,18.34266062020308,0.0545177180511411
9.0,17.3524,17.807258934453404,0.0561568742096069,1.594218716556066e-06,1.5,18.596270895631765,0.0537742220261428
10.5,17.3524,18.370279239658696,0.0544357539128283,1.0907826897439245e-06,1.5,18.813586126918604,0.0531530774225544
12.0,17.3524,19.07121381635948,0.0524350473771202,6.809873752568764e-07,1.5,19.15944647454753,0.0521935746592917
13.5,17.3524,19.90968917500209,0.0502268011926356,nan,1.5,nan,nan
15.0,17.3524,20.87674143795488,0.0479001956781413,nan,1.5,nan,nan
16.5,17.3524,21.954660734276647,0.0455484150770206,nan,1.5,nan,nan
18.0,17.3524,23.1175874957005,0.0432571089083574,nan,1.5,nan,nan
19.5,17.3524,24.332957175640907,0.0410965257030524,nan,nan,nan,nan
Name:	61.694046646013895_12_80_0.08
Lambda:	61.694046646013895	Maximal Depth:	20	Filter time:	12 to 80 [us]
Chi2:	0.2898629001962133	RelRMS:	4.307113373543545	AbsRMS:	6.84170092107967e-07	Phi model:	0.0159094459287522
depth_vector,start_model,resistivity_model,conductivity_model,E/I[V/A],modelled_thickness,rhoa,sigma
0.0,17.3524,16.42872458909132,0.0608689977470314,6.490353412356412e-05,1.0,16.474461381121007,0.0607000117858757
1.0,17.3524,16.45059654123608,0.0607880691434707,4.4540916789743145e-05,1.0,16.530574167440566,0.0604939665053891
2.0,17.3524,16.49642026512692,0.0606192121641068,2.754688218444335e-05,1.0,16.856622564320205,0.0593238649192195
3.0,17.3524,16.57102576067779,0.0603462944564934,1.581598940419994e-05,1.0,17.26961113044594,0.0579051834141778
4.0,17.3524,16.681517033127246,0.0599465862735466,1.0174737288664663e-05,1.0,17.395268472223965,0.0574868966004611
5.0,17.3524,16.83669929509986,0.0593940642683473,6.961241178225148e-06,1.0,17.5617794084194,0.0569418381101281
6.0,17.3524,17.046470154101314,0.058663171375653,4.326201598788312e-06,1.5,17.89688860584447,0.055875634140866
7.5,17.3524,17.355073510184123,0.05762003827948,2.498474969703349e-06,1.5,18.34283680384594,0.0545171944063924
9.0,17.3524,17.78213034370732,0.056236231580311,1.5939878834956016e-06,1.5,18.59806619598881,0.0537690311165618
10.5,17.3524,18.342667436151057,0.0545176977929135,1.0904865347289187e-06,1.5,18.81699224308096,0.0531434560360039
12.0,17.3524,19.045113439109382,0.0525069069920312,6.806916677144872e-07,1.5,19.16499493157397,0.0521784640992791
13.5,17.3524,19.88989890924393,0.0502767763960451,nan,1.5,nan,nan
15.0,17.3524,20.86862046468353,0.0479188359236454,nan,1.5,nan,nan
16.5,17.3524,21.96382417298701,0.0455294120060333,nan,1.5,nan,nan
18.0,17.3524,23.149540215267223,0.0431974022248828,nan,1.5,nan,nan
19.5,17.3524,24.392686696389948,0.0409958940745956,nan,nan,nan,nan
Name:	65.54725251620225_12_80_0.08
Lambda:	65.54725251620225	Maximal Depth:	20	Filter time:	12 to 80 [us]
Chi2:	0.2927765185740618	RelRMS:	4.328706179534477	AbsRMS:	6.840406035305729e-07	Phi model:	0.0153843322633142
depth_vector,start_model,resistivity_model,conductivity_model,E/I[V/A],modelled_thickness,rhoa,sigma
0.0,17.3524,16.395184057951464,0.0609935208086311,6.490503411879495e-05,1.0,16.474207556857888,0.0607009470136073
1.0,17.3524,16.42013226694776,0.0609008492588643,4.453617375592969e-05,1.0,16.531747800377804,0.0604896718771107
2.0,17.3524,16.472012544113237,0.0607090358462226,2.7539731547946425e-05,1.0,16.859540297070023,0.0593135982582981
3.0,17.3524,16.555303955669917,0.0604036025359423,1.5810315776561403e-05,1.0,17.27374241979465,0.0578913344715654
4.0,17.3524,16.676552697153312,0.0599644313881909,1.0171425193660587e-05,1.0,17.399044518309374,0.0574744204457709
5.0,17.3524,16.843855074597993,0.0593688318719915,6.959439494496318e-06,1.0,17.564810247055135,0.0569320126966732
6.0,17.3524,17.066303188892356,0.0585949979284823,4.325533421685164e-06,1.5,17.898731612963314,0.0558698807057222
7.5,17.3524,17.386612449714107,0.0575155167743123,2.498540165822656e-06,1.5,18.342517714324806,0.0545181427966695
9.0,17.3524,17.822404647768874,0.0561091513610755,1.594366039184823e-06,1.5,18.59512532276691,0.0537775348454173
10.5,17.3524,18.386860777375365,0.0543866629604591,1.090968758643225e-06,1.5,18.81144691333753,0.0531591219222477
12.0,17.3524,19.086807446663546,0.0523922087438884,6.811719268078142e-07,1.5,19.155985708273708,0.05220300407554
13.5,17.3524,19.92138755322709,0.0501973066548775,nan,1.5,nan,nan
15.0,17.3524,20.88130497085934,0.0478897272653954,nan,1.5,nan,nan
16.5,17.3524,21.94870565602,0.0455607731805234,nan,1.5,nan,nan
18.0,17.3524,23.09780968813481,0.0432941483847143,nan,1.5,nan,nan
19.5,17.3524,24.296378186209207,0.0411583978622627,nan,nan,nan,nan
Name:	63.13835388537279_12_80_0.08
Lambda:	63.13835388537279	Maximal Depth:	20	Filter time:	12 to 80 [us]
Chi2:	0.2909786896026156	RelRMS:	4.315395246621959	AbsRMS:	6.842530669054415e-07	Phi model:	0.0157048237661031
depth_vector,start_model,resistivity_model,conductivity_model,E/I[V/A],modelled_thickness,rhoa,sigma
0.0,17.3524,16.415583847255206,0.0609177236280393,6.490451882012327e-05,1.0,16.474294752903116,0.0607006257323263
1.0,17.3524,16.438653766185155,0.0608322320199378,4.4539324694202685e-05,1.0,16.53096809792487,0.0604925249432626
2.0,17.3524,16.486835824241442,0.0606544524771483,2.754423435331702e-05,1.0,16.857702833346497,0.0593200633494312
3.0,17.3524,16.564823116008007,0.060368890932111,1.5813839992359658e-05,1.0,17.271175948176534,0.0578999370396419
4.0,17.3524,16.679502364602932,0.0599538270471539,1.0173474647200967e-05,1.0,17.39670774010459,0.0574821405831117
5.0,17.3524,16.83940309241452,0.059384527736049,6.96055050792789e-06,1.0,17.562941117186224,0.0569380716662227
6.0,17.3524,17.054110238435477,0.0586368908151105,4.32594157875026e-06,1.5,17.897605752690495,0.0558733952361015
7.5,17.3524,17.367277292860056,0.0575795493523394,2.4984955579109744e-06,1.5,18.3427360374334,0.0545174938983598
9.0,17.3524,17.797751771147567,0.0561868719632963,1.5941294396174731e-06,1.5,18.596965194182257,0.0537722144209224
10.5,17.3524,18.35984690373265,0.054466685111448,1.0906688510738964e-06,1.5,18.81489521743117,0.053149379172388
12.0,17.3524,19.061371449318944,0.0524621222905621,6.808740035208438e-07,1.5,19.161573230669102,0.0521877816587339
13.5,17.3524,19.90225588443912,0.0502455603930741,nan,1.5,nan,nan
15.0,17.3524,20.87374704774596,0.0479070670786912,nan,1.5,nan,nan
16.5,17.3524,21.95822946528336,0.0455410123835818,nan,1.5,nan,nan
18.0,17.3524,23.12979866623007,0.0432342717042331,nan,1.5,nan,nan
19.5,17.3524,24.35569101939552,0.0410581657980328,nan,nan,nan,nan
Name:	64.61647351855376_12_80_0.08
Lambda:	64.61647351855376	Maximal Depth:	20	Filter time:	12 to 80 [us]
Chi2:	0.2920902809768822	RelRMS:	4.323630185679675	AbsRMS:	6.841821820207238e-07	Phi model:	0.0155053921887474
depth_vector,start_model,resistivity_model,conductivity_model,E/I[V/A],modelled_thickness,rhoa,sigma
0.0,17.3524,16.402865669357592,0.0609649569872484,6.490502371988728e-05,1.0,16.474209316493216,0.0607009405300469
1.0,17.3524,16.427054323218773,0.0608751867695812,4.453748136417906e-05,1.0,16.531424220404,0.0604908558795402
2.0,17.3524,16.477574886819145,0.0606885422684333,2.7541495825348524e-05,1.0,16.858820287192938,0.0593161314353451
3.0,17.3524,16.55888737116261,0.0603905309327428,1.581167559880811e-05,1.0,17.272752031151114,0.0578946538569254
4.0,17.3524,16.677603042182906,0.0599606548657313,1.0172213109043055e-05,1.0,17.3981460476978,0.0574773885251023
5.0,17.3524,16.842130049711972,0.0593749126178432,6.959865508408111e-06,1.0,17.564093477470628,0.0569343360238144
6.0,17.3524,17.06169848697426,0.0586108118581188,4.325688864079432e-06,1.5,17.89830281985513,0.0558712191912782
7.5,17.3524,17.37925931230003,0.0575398514994398,2.4985220683852834e-06,1.5,18.342606287264,0.0545178795389802
9.0,17.3524,17.813052939662686,0.0561386082097915,1.5942748129778922e-06,1.5,18.595834672062374,0.0537754834690135
10.5,17.3524,18.37669040555013,0.0544167626450288,1.090853576957585e-06,1.5,18.812771072743192,0.0531553802538343
12.0,17.3524,19.07720647583437,0.0524185761299343,6.810576960006346e-07,1.5,19.158127614466142,0.0521971677046825
13.5,17.3524,19.91416656743632,0.0502155084730084,nan,1.5,nan,nan
15.0,17.3524,20.87856152742905,0.0478960199765801,nan,1.5,nan,nan
16.5,17.3524,21.95242035442816,0.0455530635736156,nan,1.5,nan,nan
18.0,17.3524,23.109984895752905,0.0432713394020338,nan,1.5,nan,nan
19.5,17.3524,24.31898581221209,0.0411201358363323,nan,nan,nan,nan
Name:	64.97042909153859_12_80_0.08
Lambda:	64.97042909153859	Maximal Depth:	20	Filter time:	12 to 80 [us]
Chi2:	0.2923534774455748	RelRMS:	4.325577713614309	AbsRMS:	6.841187924613178e-07	Phi model:	0.0154586867897092
depth_vector,start_model,resistivity_model,conductivity_model,E/I[V/A],modelled_thickness,rhoa,sigma
0.0,17.3524,16.399890889429876,0.0609760154346224,6.490500130125496e-05,1.0,16.474213110029535,0.0607009265523703
1.0,17.3524,16.424460603978112,0.0608848000620363,4.453696026708189e-05,1.0,16.531553168889673,0.0604903840421888
2.0,17.3524,16.475433107309993,0.0606964316802275,2.754080586142069e-05,1.0,16.859101855552627,0.0593151407808029
3.0,17.3524,16.557466590564108,0.0603957129872686,1.5811145783772168e-05,1.0,17.273137890289362,0.0578933605666508
4.0,17.3524,16.677253109030243,0.059961912999841,1.0171905467779126e-05,1.0,17.398496841406196,0.0574762296487664
5.0,17.3524,16.842807510986574,0.0593725244053106,6.959698384852214e-06,1.0,17.5643746545991,0.056933424597508
6.0,17.3524,17.063407519742924,0.0586049415301701,4.325626969499423e-06,1.5,17.89847355507291,0.0558706862304787
7.5,17.3524,17.382126769573453,0.0575303593890737,2.498527772781041e-06,1.5,18.342578368549518,0.054517962519087
9.0,17.3524,17.816681315335327,0.0561271755553752,1.5943090844787706e-06,1.5,18.59556817858931,0.0537762541265819
10.5,17.3524,18.38052831479772,0.0544054002623485,1.0908973155318902e-06,1.5,18.812268214975024,0.0531568011136464
12.0,17.3524,19.08091602279017,0.0524083853629251,6.811012803799748e-07,1.5,19.15731030674107,0.0521993945908012
13.5,17.3524,19.917009089223267,0.0502083418007316,nan,1.5,nan,nan
15.0,17.3524,20.879560582582407,0.0478937282250179,nan,1.5,nan,nan
16.5,17.3524,21.95100136296689,0.0455560082870333,nan,1.5,nan,nan
18.0,17.3524,23.10542355566862,0.0432798817814643,nan,1.5,nan,nan
19.5,17.3524,24.310287894165803,0.0411348481084828,nan,nan,nan,nan
Name:	64.39868177991536_12_80_0.08
Lambda:	64.39868177991536	Maximal Depth:	20	Filter time:	12.0 to 80.0 [us]
Chi2:	0.2919274030375017	RelRMS:	4.322424527322612	AbsRMS:	6.842171396518458e-07	Phi model:	0.015534420410174955
depth_vector,start_model,resistivity_model,conductivity_model,E/I[V/A],modelled_thickness,rhoa,sigma
0.0,17.3524,16.404722481644797,0.06095805650591758,6.490502427440217e-05,1.0,16.47420922266181,0.06070094087577854
1.0,17.3524,16.428674353678062,0.06086918387155926,4.453779684671707e-05,1.0,16.531346153650265,0.06049114153835508
2.0,17.3524,16.4789019127174,0.06068365509404857,2.75419202746557e-05,1.0,16.85864707891264,0.059316740858217115
3.0,17.3524,16.559770592346318,0.06038730998255406,1.5812003075116585e-05,1.0,17.272513544116073,0.05789545322664706
4.0,17.3524,16.677828430368642,0.05995984454301622,1.017240356787734e-05,1.0,17.397928882309557,0.057478105972534076
5.0,17.3524,16.841706222146502,0.05937640680877216,6.959969148113722e-06,1.0,17.563919114437656,0.056934901230443126
6.0,17.3524,17.06063419870109,0.058614468158290085,4.325727432672248e-06,1.5,17.898196431062317,0.0558715512957775
7.5,17.3524,17.377484690440113,0.05754572757875198,2.4985187606652217e-06,1.5,18.3426224761074,0.05451783142255545
9.0,17.3524,17.810797200975937,0.05614571816837066,1.5942537604180863e-06,1.5,18.59599838044627,0.05377501006084739
10.5,17.3524,18.374303235336185,0.054423832413784776,1.090826618999695e-06,1.5,18.81308102227605,0.05315450450757787
12.0,17.3524,19.074907644161424,0.05242489340733908,6.810307948603568e-07,1.5,19.15863211645482,0.05219579320285228
13.5,17.3524,19.91239200920197,0.05021998359302475,nan,1.5,nan,nan
15.0,17.3524,20.877933348958067,0.04789746107939874,nan,1.5,nan,nan
16.5,17.3524,21.953298226839777,0.04555124198957106,nan,1.5,nan,nan
18.0,17.3524,23.112796924362772,0.04326607477548156,nan,1.5,nan,nan
19.5,17.3524,24.324372897790465,0.04111102901612055,nan,nan,nan,nan
