Name:	10.0_12_80_0.08
Lambda:	10	Maximal Depth:	20	Filter time:	12 to 80 [us]
Chi2:	0.171048839309177	RelRMS:	3.308644090225984	AbsRMS:	4.154272769022042e-07	Phi model:	0.0664281196324791
depth_vector,start_model,resistivity_model,conductivity_model,E/I[V/A],modelled_thickness,rhoa,sigma
0.0,15.1848,15.637622572796705,0.063948339675342,7.961866129587807e-05,1.0,14.37629163713704,0.0695589673081468
1.0,15.1848,15.525997393667378,0.0644081004681781,5.501488565193531e-05,1.0,14.359541176841809,0.0696401081124192
2.0,15.1848,15.313427234503784,0.0653021681356103,3.430710951300455e-05,1.0,14.562282252355754,0.0686705547022499
3.0,15.1848,15.027620880598567,0.0665441328301708,1.9815548645501097e-05,1.0,14.859678082529111,0.0672962088711547
4.0,15.1848,14.707952923644177,0.0679904270289322,1.2740113099362522e-05,1.0,14.973767424820808,0.0667834601425944
5.0,15.1848,14.399453279173091,0.0694470811226123,8.695017332266336e-06,1.0,15.14186384532309,0.0660420678864361
6.0,15.1848,14.147673140341576,0.0706830013727512,5.380169253209805e-06,1.5,15.47573953821644,0.0646172674029928
7.5,15.1848,14.058772951732728,0.0711299630083826,3.0813328687290458e-06,1.5,15.949880235891248,0.0626963955346666
9.0,15.1848,14.21791379968357,0.070333806639217,1.9456097709521948e-06,1.5,16.283733044886123,0.061410979733179
10.5,15.1848,14.69541550136718,0.0680484331938056,1.3172962922237435e-06,1.5,16.589810724806195,0.0602779631780086
12.0,15.1848,15.549798194287057,0.0643095162718829,8.11067684574133e-07,1.5,17.051827593990986,0.0586447402478076
13.5,15.1848,16.83047525825274,0.0594160286418326,nan,1.5,nan,nan
15.0,15.1848,18.576940158274564,0.0538301782467969,nan,1.5,nan,nan
16.5,15.1848,20.813409671523807,0.0480459480585809,nan,1.5,nan,nan
18.0,15.1848,23.539789216997587,0.0424812639901601,nan,1.5,nan,nan
19.5,15.1848,26.721455739560174,0.0374231108419566,nan,nan,nan,nan
Name:	12.742749857031335_12_80_0.08
Lambda:	12.742749857031336	Maximal Depth:	20	Filter time:	12 to 80 [us]
Chi2:	0.1799335147471961	RelRMS:	3.393485662828201	AbsRMS:	4.814629709837712e-07	Phi model:	0.0556943406473428
depth_vector,start_model,resistivity_model,conductivity_model,E/I[V/A],modelled_thickness,rhoa,sigma
0.0,15.1848,15.32967587744208,0.0652329513027421,7.985772884025351e-05,1.0,14.347585404191143,0.0696981388734501
1.0,15.1848,15.245799667794408,0.0655918365576076,5.509832162659695e-05,1.0,14.345040978344809,0.0697105014554921
2.0,15.1848,15.086624970773885,0.0662838774038076,3.429422257219134e-05,1.0,14.56593012662647,0.06865335692995
3.0,15.1848,14.8746811200111,0.0672283319509073,1.977476175300585e-05,1.0,14.880103846890638,0.0672038320625672
4.0,15.1848,14.64237605838476,0.0682949267258686,1.270768339720066e-05,1.0,14.999231731143793,0.0666700813698104
5.0,15.1848,14.42739905220322,0.069312562602702,8.671546809081328e-06,1.0,15.169173647579791,0.0659231691344998
6.0,15.1848,14.268696385131552,0.0700834871671971,5.365271886938638e-06,1.5,15.504373216137992,0.0644979313939071
7.5,15.1848,14.263295410992413,0.0701100251509424,3.073944889578307e-06,1.5,15.975426178777868,0.0625961391457852
9.0,15.1848,14.486396470555382,0.069030279685674,1.942656812731532e-06,1.5,16.300230386461973,0.0613488261387116
10.5,15.1848,15.00019505920331,0.0666657997481475,1.3166192836616725e-06,1.5,16.595497249237464,0.0602573086531618
12.0,15.1848,15.854795513283351,0.063072399714155,8.11735900152961e-07,1.5,17.042468342457138,0.0586769463146805
13.5,15.1848,17.08904368988164,0.0585170251856806,nan,1.5,nan,nan
15.0,15.1848,18.72887372398528,0.0533934936364775,nan,1.5,nan,nan
16.5,15.1848,20.78256622532169,0.0481172531417987,nan,1.5,nan,nan
18.0,15.1848,23.233967462691574,0.0430404321434025,nan,1.5,nan,nan
19.5,15.1848,26.03597666110861,0.0384083920882351,nan,nan,nan,nan
Name:	16.237767391887218_12_80_0.08
Lambda:	16.237767391887218	Maximal Depth:	20	Filter time:	12 to 80 [us]
Chi2:	0.1906457326786612	RelRMS:	3.493039778106502	AbsRMS:	5.547785640994503e-07	Phi model:	0.0464895329754671
depth_vector,start_model,resistivity_model,conductivity_model,E/I[V/A],modelled_thickness,rhoa,sigma
0.0,15.1848,15.035924597722303,0.0665073832673704,8.010754376398043e-05,1.0,14.317741303145038,0.0698434186529365
1.0,15.1848,14.97838325372577,0.0667628797488044,5.5191631274506654e-05,1.0,14.328868137887437,0.069789182954086
2.0,15.1848,14.870088885630476,0.0672490936463962,3.4289644052331815e-05,1.0,14.567226706942977,0.0686472463233776
3.0,15.1848,14.728985288429822,0.0678933395897637,1.9740194107494032e-05,1.0,14.897470111456444,0.0671254912759301
4.0,15.1848,14.581177324354613,0.0685815677126237,1.2679831322519836e-05,1.0,15.02118822364605,0.0665726296156665
5.0,15.1848,14.457529130397488,0.0691681124056989,8.65150965516014e-06,1.0,15.192586121230695,0.065821578500224
6.0,15.1848,14.390607336806006,0.0694897704172887,5.352725824638329e-06,1.5,15.528590525236972,0.0643973449087221
7.5,15.1848,14.46795766735932,0.0691182558721516,3.068027455404928e-06,1.5,15.995961234114192,0.0625157804125784
9.0,15.1848,14.754163758447692,0.0677774773529565,1.9406703861441386e-06,1.5,16.311351522742413,0.061306998295373
10.5,15.1848,15.30252902858332,0.0653486752504842,1.3166098387159547e-06,1.5,16.595576616401356,0.0602570204768723
12.0,15.1848,16.15435990046883,0.0619027931877992,8.128233420367294e-07,1.5,17.027264687304676,0.0587293389962738
13.5,15.1848,17.3384192371111,0.0576753847236317,nan,1.5,nan,nan
15.0,15.1848,18.868859191701222,0.0529973746605631,nan,1.5,nan,nan
16.5,15.1848,20.74138176886132,0.0482127956152508,nan,1.5,nan,nan
18.0,15.1848,22.928685984376987,0.0436134892632475,nan,1.5,nan,nan
19.5,15.1848,25.377117430510324,0.0394055787753782,nan,nan,nan,nan
Name:	20.6913808111479_12_80_0.08
Lambda:	20.6913808111479	Maximal Depth:	20	Filter time:	12 to 80 [us]
Chi2:	0.2025631112453303	RelRMS:	3.6005609451446783	AbsRMS:	6.2933175455607e-07	Phi model:	0.0388968600040606
depth_vector,start_model,resistivity_model,conductivity_model,E/I[V/A],modelled_thickness,rhoa,sigma
0.0,15.1848,14.764634808066502,0.0677294097009199,8.035315819526165e-05,1.0,14.288549852544676,0.0699861084798544
1.0,15.1848,14.732599538648987,0.0678766837703444,5.528709453430164e-05,1.0,14.312369116735493,0.0698696345687938
2.0,15.1848,14.670561873913377,0.0681637151047473,3.429064822028657e-05,1.0,14.566942314270282,0.068648586534208
3.0,15.1848,14.595598154461204,0.0685138073422736,1.9711373166054767e-05,1.0,14.911988110681657,0.0670601393038723
4.0,15.1848,14.52690697355492,0.0688377781877739,1.265649241857392e-05,1.0,15.039648862916694,0.066490914057555
5.0,15.1848,14.489495747067927,0.0690155142357082,8.634941355572654e-06,1.0,15.212013768359004,0.065737516099282
6.0,15.1848,14.509840232859135,0.0689187464473516,5.342605239039353e-06,1.5,15.548195049792756,0.0643161471024464
7.5,15.1848,14.66615829520152,0.0681841815608372,3.0636230890561303e-06,1.5,16.011288446676712,0.0624559355938378
9.0,15.1848,15.012209256343704,0.066612447436904,1.939646314116438e-06,1.5,16.317092270144883,0.0612854290117414
10.5,15.1848,15.591913602728953,0.0641358094637579,1.3172386120920671e-06,1.5,16.590295018476738,0.060276203580846
12.0,15.1848,16.43816401313331,0.0608340444347098,8.142908953444839e-07,1.5,17.00680031299735,0.0588000083258316
13.5,15.1848,17.569937235714857,0.0569153996729865,nan,1.5,nan,nan
15.0,15.1848,18.991921930301423,0.0526539653895959,nan,1.5,nan,nan
16.5,15.1848,20.69022977608062,0.0483319910326018,nan,1.5,nan,nan
18.0,15.1848,22.63065153853838,0.0441878572650492,nan,1.5,nan,nan
19.5,15.1848,24.757463335695263,0.0403918602823174,nan,nan,nan,nan
Name:	26.366508987303583_12_80_0.08
Lambda:	26.366508987303583	Maximal Depth:	20	Filter time:	12 to 80 [us]
Chi2:	0.2151681293719959	RelRMS:	3.7108975032743423	AbsRMS:	6.993294026380592e-07	Phi model:	0.0328122812648353
depth_vector,start_model,resistivity_model,conductivity_model,E/I[V/A],modelled_thickness,rhoa,sigma
0.0,15.1848,14.525189518868606,0.0688459175490256,8.057975060979817e-05,1.0,14.261750759785974,0.0701176185759543
1.0,15.1848,14.513268737423472,0.0689024656052451,5.5376382964832914e-05,1.0,14.296980214175743,0.0699448404501868
2.0,15.1848,14.493639722769109,0.0689957815378167,3.429356839420206e-05,1.0,14.566115364092928,0.068652483864374
3.0,15.1848,14.47715097204749,0.0690743642813977,1.968698169341265e-05,1.0,14.924302518578063,0.0670048063388677
4.0,15.1848,14.479801354857653,0.069061720909902,1.2636992206063229e-05,1.0,15.055116730046016,0.0664226002316053
5.0,15.1848,14.521032265415874,0.0688656275753658,8.621443035665358e-06,1.0,15.227887606274797,0.0656689900697678
6.0,15.1848,14.622100996082894,0.068389624737778,5.334710711846576e-06,1.5,15.563530513590893,0.0642527734389538
7.5,15.1848,14.851983740605297,0.0673310729034803,3.060628152891094e-06,1.5,16.02173183002385,0.0624152251834632
9.0,15.1848,15.25365017131346,0.0655580788053363,1.939503750501531e-06,1.5,16.317891854458097,0.06128242599713
10.5,15.1848,15.861646878098211,0.0630451558835798,1.3184366310566351e-06,1.5,16.580243467602507,0.0603127452231917
12.0,15.1848,16.699685402734396,0.0598813675757185,8.160854607334113e-07,1.5,16.981859288145923,0.0588863670951533
13.5,15.1848,17.778762372547916,0.0562468848531377,nan,1.5,nan,nan
15.0,15.1848,19.09523525131608,0.052369085106248,nan,1.5,nan,nan
16.5,15.1848,20.629008534374336,0.048475427131347,nan,1.5,nan,nan
18.0,15.1848,22.342581706016468,0.0447575850077664,nan,1.5,nan,nan
19.5,15.1848,24.18191053404905,0.0413532255274851,nan,nan,nan,nan
Name:	33.59818286283781_12_80_0.08
Lambda:	33.59818286283781	Maximal Depth:	20	Filter time:	12 to 80 [us]
Chi2:	0.2279423056940586	RelRMS:	3.819464303331	AbsRMS:	7.578209174680637e-07	Phi model:	0.0280699702445792
depth_vector,start_model,resistivity_model,conductivity_model,E/I[V/A],modelled_thickness,rhoa,sigma
0.0,15.1848,14.319328619893044,0.0698356764164735,8.07684551208806e-05,1.0,14.239528340161389,0.070227045173932
1.0,15.1848,14.325945004938127,0.0698034230660037,5.5448431926067695e-05,1.0,14.284592658800428,0.0700054964034218
2.0,15.1848,14.34254521373924,0.0697226318688585,3.429310627734444e-05,1.0,14.566246220953538,0.0686518671201301
3.0,15.1848,14.377420098380986,0.0695535077334638,1.966484016746447e-05,1.0,14.935503045299932,0.0669545576715403
4.0,15.1848,14.442775044551958,0.06923877142137,1.2620156399347316e-05,1.0,15.068503183972624,0.06636359217574
5.0,15.1848,14.553560399391174,0.0687117085137347,8.610306761278711e-06,1.0,15.241014927996762,0.0656124283536435
6.0,15.1848,14.726320591534304,0.0679056247474924,5.328672938418536e-06,1.5,15.57528470146812,0.0642042838488686
7.5,15.1848,15.02151420991641,0.0665711849035733,3.05885455431772e-06,1.5,16.027924425947035,0.0623911102538726
9.0,15.1848,15.471900567692146,0.0646333005841676,1.940114641308236e-06,1.5,16.314466292857006,0.0612952935173755
10.5,15.1848,16.10290543352008,0.0621005944628093,1.3201060065930912e-06,1.5,16.566262524856548,0.0603636456019918
12.0,15.1848,16.930037725545244,0.0590666138027045,8.181380362073003e-07,1.5,16.953444246909132,0.0589850643583716
13.5,15.1848,17.956934620039313,0.0556887921663441,nan,1.5,nan,nan
15.0,15.1848,19.1738144954523,0.0521544630692647,nan,1.5,nan,nan
16.5,15.1848,20.55656171867557,0.0486462674879867,nan,1.5,nan,nan
18.0,15.1848,22.06697916153816,0.0453165787976525,nan,1.5,nan,nan
19.5,15.1848,23.654744026601325,0.0422748180608267,nan,nan,nan,nan
Name:	42.81332398719393_12_80_0.08
Lambda:	42.81332398719393	Maximal Depth:	20	Filter time:	12 to 80 [us]
Chi2:	0.2405619759151849	RelRMS:	3.9237694196488953	AbsRMS:	7.99206281688253e-07	Phi model:	0.024411139329123
depth_vector,start_model,resistivity_model,conductivity_model,E/I[V/A],modelled_thickness,rhoa,sigma
0.0,15.1848,14.150071309037113,0.0706710219446977,8.090401712594503e-05,1.0,14.223617482170244,0.0703056027240279
1.0,15.1848,14.172250342763377,0.0705604244784329,5.549379791118518e-05,1.0,14.276806528111983,0.0700436752456463
2.0,15.1848,14.219356273865298,0.0703266716678283,3.4284276416715444e-05,1.0,14.568747122575749,0.0686400821969377
3.0,15.1848,14.297673579674868,0.0699414484760352,1.964258605722097e-05,1.0,14.946781723197208,0.0669040344951323
4.0,15.1848,14.416351863407874,0.0693656765230763,1.2604621594655535e-05,1.0,15.080881616995054,0.0663091207395377
5.0,15.1848,14.586617076877724,0.0685559917511765,8.600679967208179e-06,1.0,15.252385715356503,0.0655635137126891
6.0,15.1848,14.820963339675217,0.0674719974053936,5.324030773197301e-06,1.5,15.584337058593848,0.0641669899874604
7.5,15.1848,15.17208772105131,0.0659105073992221,3.058076354646275e-06,1.5,16.030643432958975,0.0623805279047004
9.0,15.1848,15.663358397433509,0.0638432687694775,1.9413470643416744e-06,1.5,16.307560966703846,0.0613212485939351
10.5,15.1848,16.311696800200334,0.0613057005809302,1.322161636265969e-06,1.5,16.549087150707845,0.0604262936615949
12.0,15.1848,17.125140577490313,0.0583936812357863,8.204003348578157e-07,1.5,16.922263207487386,0.0590937505071746
13.5,15.1848,18.10108423377914,0.05524530945687,nan,1.5,nan,nan
15.0,15.1848,19.225199829396114,0.0520150640239878,nan,1.5,nan,nan
16.5,15.1848,20.471265811707205,0.0488489578122773,nan,1.5,nan,nan
18.0,15.1848,21.802235753901098,0.0458668556421361,nan,1.5,nan,nan
19.5,15.1848,23.17275592893745,0.0431541247431527,nan,nan,nan,nan
Name:	54.5559478116852_12_80_0.08
Lambda:	54.5559478116852	Maximal Depth:	20	Filter time:	12 to 80 [us]
Chi2:	0.2528856807089306	RelRMS:	4.023019210166856	AbsRMS:	8.18682203732387e-07	Phi model:	0.021570989625642
depth_vector,start_model,resistivity_model,conductivity_model,E/I[V/A],modelled_thickness,rhoa,sigma
0.0,15.1848,14.017639060749389,0.0713386894659092,8.097303558378826e-05,1.0,14.215533872203832,0.0703455817410654
1.0,15.1848,14.052533569461042,0.0711615450023332,5.550386992385809e-05,1.0,14.275079314906556,0.0700521501800528
2.0,15.1848,14.12463884118848,0.070798270401359,3.426226979394189e-05,1.0,14.574984783084878,0.0686107062808435
3.0,15.1848,14.238636108825736,0.0702314457899627,1.961780234760472e-05,1.0,14.959367527933084,0.0668477459446555
4.0,15.1848,14.401275431172817,0.0694382941829869,1.2588979120423242e-05,1.0,15.093371561481542,0.0662542491534503
5.0,15.1848,14.620691402755297,0.068396218239826,8.591686974643385e-06,1.0,15.263027061602306,0.0655178029865211
6.0,15.1848,14.905960672187822,0.0670872560307932,5.320317399971795e-06,1.5,15.591587720013976,0.0641371499784053
7.5,15.1848,15.302850356649262,0.0653473030640653,3.058077696215859e-06,1.5,16.03063874456159,0.0623805461488083
9.0,15.1848,15.826315253225236,0.0631859017086248,1.943088587051421e-06,1.5,16.297815577511148,0.0613579160497968
10.5,15.1848,16.48568276346721,0.060658694841322,1.3245409065732462e-06,1.5,16.529263150292483,0.0604987645793699
12.0,15.1848,17.282375411430053,0.0578624162589726,8.228452814694603e-07,1.5,16.888725475701932,0.0592110992294069
13.5,15.1848,18.20869063660157,0.0549188307911544,nan,1.5,nan,nan
15.0,15.1848,19.24712978224732,0.0519557986730237,nan,1.5,nan,nan
16.5,15.1848,20.37075796956429,0.0490899750266577,nan,1.5,nan,nan
18.0,15.1848,21.54492275657487,0.0464146477245934,nan,1.5,nan,nan
19.5,15.1848,22.72970299038264,0.0439952955136773,nan,nan,nan,nan
Name:	69.51927961775606_12_80_0.08
Lambda:	69.51927961775606	Maximal Depth:	20	Filter time:	12 to 80 [us]
Chi2:	0.265003581284041	RelRMS:	4.118279883905248	AbsRMS:	8.122261902712586e-07	Phi model:	0.0193109895625524
depth_vector,start_model,resistivity_model,conductivity_model,E/I[V/A],modelled_thickness,rhoa,sigma
0.0,15.1848,13.922121694081811,0.0718281323761946,8.096365627908043e-05,1.0,14.216631724875914,0.070340149435694
1.0,15.1848,13.96700010015203,0.071597336065682,5.547091711146388e-05,1.0,14.280732216438878,0.0700244206560275
2.0,15.1848,14.05872412139798,0.0711302100649345,3.422268432835026e-05,1.0,14.58622189864236,0.0685578491091704
3.0,15.1848,14.20081436011352,0.0704184967595059,1.958824652706789e-05,1.0,14.974411422385552,0.0667805880173079
4.0,15.1848,14.398064516104348,0.0694537796299976,1.2571934138514832e-05,1.0,15.10701083893522,0.0661944318873926
5.0,15.1848,14.656188200550815,0.0682305648860607,8.582538584274616e-06,1.0,15.273871353865625,0.065471286017275
6.0,15.1848,14.981417367214789,0.0667493585879525,5.317129343997375e-06,1.5,15.59781938943121,0.064111525786584
7.5,15.1848,15.413397113477156,0.0648786242667828,3.058690183988809e-06,1.5,16.028498635048702,0.0623888751385205
9.0,15.1848,15.95989538967292,0.06265705229165,1.945265779887179e-06,1.5,16.28565267755001,0.0614037410596698
10.5,15.1848,16.62354617615562,0.0601556364329997,1.3272138353904907e-06,1.5,16.50706306680841,0.0605801283942963
12.0,15.1848,17.400245726136152,0.0574704527590632,8.254710004708825e-07,1.5,16.852892527000687,0.0593369950231309
13.5,15.1848,18.27821072865284,0.0547099502705921,nan,1.5,nan,nan
15.0,15.1848,19.2378528584358,0.0519808529235891,nan,1.5,nan,nan
16.5,15.1848,20.252597711741576,0.0493763819453266,nan,1.5,nan,nan
18.0,15.1848,21.290671268493742,0.0469689277237498,nan,1.5,nan,nan
19.5,15.1848,22.31769605421003,0.0448074925642407,nan,nan,nan,nan
Name:	88.58667904100822_12_80_0.08
Lambda:	88.58667904100822	Maximal Depth:	20	Filter time:	12 to 80 [us]
Chi2:	0.277391536446387	RelRMS:	4.213437828254828	AbsRMS:	7.777545940306036e-07	Phi model:	0.0174227479301507
depth_vector,start_model,resistivity_model,conductivity_model,E/I[V/A],modelled_thickness,rhoa,sigma
0.0,15.1848,13.861459893105655,0.0721424732828737,8.086857010805449e-05,1.0,14.22777359207172,0.070285065581676
1.0,15.1848,13.913895456088438,0.0718705989387336,5.538972898346508e-05,1.0,14.294683573852854,0.0699560780645156
2.0,15.1848,14.020482155251544,0.0713242232989425,3.4162201891916185e-05,1.0,14.60343293065121,0.0684770495231361
3.0,15.1848,14.183800067947518,0.0705029678372155,1.955205794957157e-05,1.0,14.992882985858364,0.0666983128557211
4.0,15.1848,14.407119809897996,0.0694101259096199,1.2552396656949234e-05,1.0,15.122682557010789,0.06612583423808
5.0,15.1848,14.694165389395373,0.0680542224413568,8.572577213791304e-06,1.0,15.285701265022904,0.065420616474314
6.0,15.1848,15.048826317745515,0.0664503648913008,5.314140272593259e-06,1.5,15.603667764256652,0.0640874962930639
7.5,15.1848,15.505404568892931,0.0644936412692002,3.059795396804935e-06,1.5,16.02463868878002,0.0624039031032987
9.0,15.1848,16.065595213832626,0.062244814878629,1.9478474539126707e-06,1.5,16.271259510891486,0.0614580573391156
10.5,15.1848,16.726469721553308,0.0597854787439949,1.3301873097013244e-06,1.5,16.482454185307564,0.060670576648191
12.0,15.1848,17.479385958347663,0.0572102476816371,8.283048414460972e-07,1.5,16.814431895301936,0.0594727199959343
13.5,15.1848,18.309512469649857,0.0546164187417669,nan,1.5,nan,nan
15.0,15.1848,19.19610680006588,0.0520938964559505,nan,1.5,nan,nan
16.5,15.1848,20.11360708695976,0.0497175864914021,nan,1.5,nan,nan
18.0,15.1848,21.03346505519673,0.04754328387528,nan,1.5,nan,nan
19.5,15.1848,21.926491890808634,0.0456069308752117,nan,nan,nan,nan
Name:	112.88378916846884_12_80_0.08
Lambda:	112.88378916846884	Maximal Depth:	20	Filter time:	12 to 80 [us]
Chi2:	0.2908891846943777	RelRMS:	4.314731488799758	AbsRMS:	7.145467330174333e-07	Phi model:	0.0157496941662153
depth_vector,start_model,resistivity_model,conductivity_model,E/I[V/A],modelled_thickness,rhoa,sigma
0.0,15.1848,13.834296513349914,0.072284123665776,8.068212556521854e-05,1.0,14.249684022328184,0.0701769946921682
1.0,15.1848,13.892075283107316,0.0719834855211297,5.525622933429591e-05,1.0,14.317698386391916,0.0698436280059117
2.0,15.1848,14.009144999622407,0.0713819437251133,3.407820208588437e-05,1.0,14.62742054471284,0.0683647535081949
3.0,15.1848,14.18734244737068,0.0704853642399622,1.9507773005323866e-05,1.0,15.01556481732526,0.0665975614081582
4.0,15.1848,14.428726844199597,0.0693061841698114,1.2529530130068124e-05,1.0,15.141076336953429,0.0660455028259379
5.0,15.1848,14.73542054064354,0.0678636892134689,8.561317921181668e-06,1.0,15.299100174169045,0.0653633212813651
6.0,15.1848,15.109400713417765,0.0661839618239762,5.3111311412186345e-06,1.5,15.609560928675725,0.0640633009838821
7.5,15.1848,15.580314029172538,0.0641835586964166,3.061337259933599e-06,1.5,16.019257625549077,0.0624248653324048
9.0,15.1848,16.14491311523633,0.0619390140326166,1.9508425752352973e-06,1.5,16.254601110488125,0.0615210421469376
10.5,15.1848,16.795788617655212,0.0595387345461606,1.33349601168461e-06,1.5,16.455178460068343,0.060771142800225
12.0,15.1848,17.520777026183392,0.0570750942441411,8.313918509074465e-07,1.5,16.77278407680199,0.0596203942900018
13.5,15.1848,18.302918044650244,0.0546360966901826,nan,1.5,nan,nan
15.0,15.1848,19.121058545391406,0.0522983598228154,nan,1.5,nan,nan
16.5,15.1848,19.95109801342602,0.0501225546246654,nan,1.5,nan,nan
18.0,15.1848,20.767743880781502,0.0481515953654167,nan,1.5,nan,nan
19.5,15.1848,21.546527154595942,0.0464111915959828,nan,nan,nan,nan
Name:	143.8449888287663_12_80_0.08
Lambda:	143.8449888287663	Maximal Depth:	20	Filter time:	12 to 80 [us]
Chi2:	0.3067623859112295	RelRMS:	4.430890734188635	AbsRMS:	6.247034123565603e-07	Phi model:	0.0141797482162368
depth_vector,start_model,resistivity_model,conductivity_model,E/I[V/A],modelled_thickness,rhoa,sigma
0.0,15.1848,13.838888824873615,0.0722601368256264,8.040197728475736e-05,1.0,14.282765379511698,0.0700144526237529
1.0,15.1848,13.900023245402632,0.0719423257317749,5.506839310260573e-05,1.0,14.350237994878846,0.0696852554192389
2.0,15.1848,14.023627456743252,0.0713082262834321,3.396915039112499e-05,1.0,14.65870957629977,0.0682188288672286
3.0,15.1848,14.210939935196787,0.0703683221912198,1.9454443370347825e-05,1.0,15.042993313242173,0.0664761313906662
4.0,15.1848,14.463049514746285,0.0691417117102736,1.250279478138719e-05,1.0,15.162653263353064,0.0659515180246798
5.0,15.1848,14.780790319393756,0.0676553809634866,8.548461269412816e-06,1.0,15.314435950282228,0.0652978668784449
6.0,15.1848,15.164592119178623,0.0659430858503146,5.307983883791468e-06,1.5,15.61573055969296,0.0640379901649418
7.5,15.1848,15.640038239370984,0.063938462598044,3.0633101311406536e-06,1.5,16.012378938970937,0.0624516821523752
9.0,15.1848,16.200001640195072,0.0617283888119383,1.954290314197103e-06,1.5,16.235478017706868,0.0615935052179783
10.5,15.1848,16.833632206568392,0.0594048858694801,1.3371947023811584e-06,1.5,16.424821022136147,0.0608834640360631
12.0,15.1848,17.526210920360064,0.057057398461313,8.34789101513931e-07,1.5,16.727247569985263,0.0597826986069341
13.5,15.1848,18.259476902434912,0.054766081489807,nan,1.5,nan,nan
15.0,15.1848,19.01247148384681,0.0525970545622966,nan,1.5,nan,nan
16.5,15.1848,19.762841454518625,0.0506000112535112,nan,1.5,nan,nan
18.0,15.1848,20.48843929601174,0.0488080124382465,nan,1.5,nan,nan
19.5,15.1848,21.16898240916016,0.0472389263060317,nan,nan,nan,nan
Name:	183.29807108324357_12_80_0.08
Lambda:	183.2980710832436	Maximal Depth:	20	Filter time:	12 to 80 [us]
Chi2:	0.3266575988336902	RelRMS:	4.572317391143814	AbsRMS:	5.157444940948023e-07	Phi model:	0.0126433711934248
depth_vector,start_model,resistivity_model,conductivity_model,E/I[V/A],modelled_thickness,rhoa,sigma
0.0,15.1848,13.873356084548233,0.0720806122113287,8.002924105926234e-05,1.0,14.327079016146463,0.0697978980134758
1.0,15.1848,13.936067521605509,0.0717562539396188,5.4826405996170615e-05,1.0,14.392432055982216,0.0694809602790064
2.0,15.1848,14.062661598388756,0.0711102939513652,3.383473024671771e-05,1.0,14.697508436576053,0.0680387430505847
3.0,15.1848,14.253886084640246,0.0701563064319409,1.9391714884656468e-05,1.0,15.075416650935452,0.0663331583567176
4.0,15.1848,14.510047858729452,0.0689177602814304,1.2471984345310175e-05,1.0,15.187614585233645,0.0658431246321106
5.0,15.1848,14.83094822737599,0.0674265721023913,8.533906373492987e-06,1.0,15.331843899142328,0.0652237269423243
6.0,15.1848,15.215779922969809,0.0657212449879349,5.304678638708384e-06,1.5,15.622216464145424,0.0640114033943327
7.5,15.1848,15.686561036403832,0.0637488355592598,3.065747835988553e-06,1.5,16.003889737088343,0.0624848094074618
9.0,15.1848,16.23325993051841,0.0616019212579727,1.9582469237571803e-06,1.5,16.21360161454534,0.0616766110191638
10.5,15.1848,16.842554630426577,0.0593734158471108,1.3413453502529028e-06,1.5,16.39092030388773,0.0610093869935303
12.0,15.1848,17.498061761583802,0.0571491867856732,8.385545473538125e-07,1.5,16.67713532410948,0.0599623364903886
13.5,15.1848,18.180954086029075,0.0550026140139937,nan,1.5,nan,nan
15.0,15.1848,18.870959893695247,0.0529914750300591,nan,1.5,nan,nan
16.5,15.1848,19.54764876441304,0.0511570476864984,nan,1.5,nan,nan
18.0,15.1848,20.191833563799914,0.0495249724023482,nan,1.5,nan,nan
19.5,15.1848,20.78688155529209,0.0481072640617135,nan,nan,nan,nan
Name:	233.57214690901213_12_80_0.08
Lambda:	233.57214690901213	Maximal Depth:	20	Filter time:	12 to 80 [us]
Chi2:	0.3524767327344699	RelRMS:	4.749580075649433	AbsRMS:	4.085176216125781e-07	Phi model:	0.0111086975586344
depth_vector,start_model,resistivity_model,conductivity_model,E/I[V/A],modelled_thickness,rhoa,sigma
0.0,15.1848,13.935540676762848,0.0717589667451851,7.956912185372463e-05,1.0,14.382258102270628,0.0695301108413652
1.0,15.1848,13.998245069529773,0.0714375262779702,5.453306407019779e-05,1.0,14.44399866404621,0.0692329058773167
2.0,15.1848,14.124665891225913,0.0707981348161437,3.367605469396819e-05,1.0,14.74364027886074,0.067825854475966
3.0,15.1848,14.31514304630403,0.0698560955182481,1.9319914534829857e-05,1.0,15.11274431243539,0.0661693190413576
4.0,15.1848,14.56935329326904,0.0686372263662515,1.2437258757355318e-05,1.0,15.215871279563489,0.0657208503954095
5.0,15.1848,14.886278174387863,0.0671759581733814,8.517757352161741e-06,1.0,15.351216455644792,0.06514141748241
6.0,15.1848,15.264141064527754,0.065513021386044,5.301283833227558e-06,1.5,15.628885128950005,0.0639840904676982
7.5,15.1848,15.721811051210164,0.0636059037182632,3.0687074168637192e-06,1.5,15.993598232939188,0.062525016912109
9.0,15.1848,16.247230679163494,0.0615489506948691,1.96276955289113e-06,1.5,16.188685700420486,0.0617715371405367
10.5,15.1848,16.82548596239565,0.0594336473986524,1.346002563251242e-06,1.5,16.35308971928158,0.0611505236726562
12.0,15.1848,17.43932973555071,0.0573416533297987,8.427350947727548e-07,1.5,16.62193622633647,0.060161462923649
13.5,15.1848,18.07000577207192,0.0553403254328534,nan,1.5,nan,nan
15.0,15.1848,18.69832522623192,0.0534807255677154,nan,1.5,nan,nan
16.5,15.1848,19.305878174170857,0.0517976955504614,nan,1.5,nan,nan
18.0,15.1848,19.876218718044854,0.0503113803578815,nan,1.5,nan,nan
19.5,15.1848,20.395856750317265,0.0490295657712169,nan,nan,nan,nan
Name:	297.63514416313194_12_80_0.08
Lambda:	297.63514416313194	Maximal Depth:	20	Filter time:	12 to 80 [us]
Chi2:	0.3861484722276054	RelRMS:	4.9712676675639536	AbsRMS:	3.546085916652713e-07	Phi model:	0.0095754544047251
depth_vector,start_model,resistivity_model,conductivity_model,E/I[V/A],modelled_thickness,rhoa,sigma
0.0,15.1848,14.022865033928616,0.0713121033098784,7.903138563624884e-05,1.0,14.447423075386034,0.0692164958956377
1.0,15.1848,14.084113565527804,0.071001983571589,5.4194053033926985e-05,1.0,14.50417235014129,0.0689456782406656
2.0,15.1848,14.207511145946704,0.0703853046270734,3.349579409624919e-05,1.0,14.796489089525798,0.0675835999979133
3.0,15.1848,14.393112220219145,0.0694776768706924,1.924008574826733e-05,1.0,15.154518184109788,0.0659869213822017
4.0,15.1848,14.640107460735264,0.0683055095518935,1.2399144421615738e-05,1.0,15.24703719945331,0.0655865127708782
5.0,15.1848,14.94680469254383,0.0669039316810533,8.500308713213985e-06,1.0,15.372216969623096,0.0650524255529369
6.0,15.1848,15.310635588980706,0.0653140749244737,5.297934270942908e-06,1.5,15.63547189865704,0.0639571358307319
7.5,15.1848,15.74764619711856,0.0635015536596812,3.0722470279408724e-06,1.5,15.981311461935595,0.0625730874704374
9.0,15.1848,16.244557381117108,0.0615590795451535,1.967897106240145e-06,1.5,16.160552644449783,0.0618790719600447
10.5,15.1848,16.785699959373716,0.0595745189310121,1.3511975097196572e-06,1.5,16.311147686374436,0.0613077644337285
12.0,15.1848,17.35370330184749,0.0576245878246367,8.473541306244584e-07,1.5,16.56147567826624,0.0603810928100029
13.5,15.1848,17.930404260589828,0.0557711909595899,nan,1.5,nan,nan
15.0,15.1848,18.49794434079477,0.0540600610303833,nan,1.5,nan,nan
16.5,15.1848,19.03991862551892,0.0525212328722726,nan,1.5,nan,nan
18.0,15.1848,19.54239446655432,0.0511708021098152,nan,1.5,nan,nan
19.5,15.1848,19.994619616839632,0.05001345457744,nan,nan,nan,nan
Name:	379.26901907322497_12_80_0.08
Lambda:	379.26901907322497	Maximal Depth:	20	Filter time:	12 to 80 [us]
Chi2:	0.4292751109829769	RelRMS:	5.241527172772313	AbsRMS:	4.171153885998167e-07	Phi model:	0.0080685080711327
depth_vector,start_model,resistivity_model,conductivity_model,E/I[V/A],modelled_thickness,rhoa,sigma
0.0,15.1848,14.131755851544376,0.0707626150992918,7.843102355209113e-05,1.0,14.521055986134847,0.0688655150806408
1.0,15.1848,14.190457197746936,0.0704698929755958,5.381837319533008e-05,1.0,14.57159177106124,0.0686266823632796
2.0,15.1848,14.308561889876277,0.0698882255041667,3.3298405649745645e-05,1.0,14.85490586097838,0.0673178281544584
3.0,15.1848,14.485791617051763,0.0690331620415457,1.915408926383454e-05,1.0,15.19984399823332,0.0657901489065433
4.0,15.1848,14.720934240149964,0.067930471238204,1.2358578783613483e-05,1.0,15.280383424375442,0.0654433839928904
5.0,15.1848,15.011864968474278,0.0666139751523247,8.482061560212509e-06,1.0,15.394255536368846,0.0649592958644544
6.0,15.1848,15.35555281049097,0.0651230217720847,5.294828091837687e-06,1.5,15.641586271394472,0.0639321346728632
7.5,15.1848,15.765579498224804,0.063429320825955,3.0764138740752746e-06,1.5,15.966877619985258,0.0626296526973019
9.0,15.1848,16.228074282245093,0.0616216060271603,1.973636654061477e-06,1.5,16.129206354746454,0.0619993307795781
10.5,15.1848,16.727169255941693,0.0597829785003692,1.3569249667465516e-06,1.5,16.265216754865648,0.0614808898689195
12.0,15.1848,17.245872568186112,0.0579848886187831,8.524003768476864e-07,1.5,16.496047925736995,0.0606205804264067
13.5,15.1848,17.767072367062806,0.056283892998254,nan,1.5,nan,nan
15.0,15.1848,18.27457778435304,0.0547208264836747,nan,1.5,nan,nan
16.5,15.1848,18.75407744858869,0.0533217377789624,nan,1.5,nan,nan
18.0,15.1848,19.19389954694917,0.0520998871310102,nan,1.5,nan,nan
19.5,15.1848,19.585489368746128,0.0510582085120511,nan,nan,nan,nan
Name:	483.2930238571752_12_80_0.08
Lambda:	483.2930238571752	Maximal Depth:	20	Filter time:	12 to 80 [us]
Chi2:	0.482794468311366	RelRMS:	5.558673040567094	AbsRMS:	5.793016485410831e-07	Phi model:	0.0066268923245282
depth_vector,start_model,resistivity_model,conductivity_model,E/I[V/A],modelled_thickness,rhoa,sigma
0.0,15.1848,14.258249013594089,0.070134839070813,7.778674075294662e-05,1.0,14.601127892305309,0.0684878597993099
1.0,15.1848,14.313360337338027,0.0698647959970228,5.341731328473841e-05,1.0,14.64443697532055,0.0682853155560192
2.0,15.1848,14.424138869769443,0.0693282288134254,3.3089510420014016e-05,1.0,14.91735995482186,0.0670359904854854
3.0,15.1848,14.590086348198849,0.0685396903167369,1.9064256375172545e-05,1.0,15.247555476404075,0.0655842834313685
4.0,15.1848,14.809710222781282,0.0675232658139207,1.2316694698265122e-05,1.0,15.315005413118111,0.0652954388865868
5.0,15.1848,15.08056693452768,0.0663105043955908,8.463581660414175e-06,1.0,15.416655893160607,0.064864910193892
6.0,15.1848,15.399298056639203,0.0649380248581436,5.29214408734332e-06,1.5,15.646874429249907,0.0639105275958898
7.5,15.1848,15.77727346070384,0.0633823076268964,3.081201000585938e-06,1.5,15.950335310841307,0.0626946067597907
9.0,15.1848,16.200631068669075,0.0617259905346485,1.97993852502588e-06,1.5,16.094963482308827,0.0621312375824384
10.5,15.1848,16.65391698308468,0.0600459339995327,1.3631279462327702e-06,1.5,16.215835486381636,0.0616681145316144
12.0,15.1848,17.12102719683343,0.0584077105014442,8.578196859838012e-07,1.5,16.42649828468829,0.0608772474004477
13.5,15.1848,17.586205876305314,0.0568627483968753,nan,1.5,nan,nan
15.0,15.1848,18.03500201103003,0.0554477343217599,nan,1.5,nan,nan
16.5,15.1848,18.455078291132537,0.0541856276210157,nan,1.5,nan,nan
18.0,15.1848,18.836784314854327,0.0530876174661839,nan,1.5,nan,nan
19.5,15.1848,19.173445089394413,0.0521554679056159,nan,nan,nan,nan
Name:	615.8482110660261_12_80_0.08
Lambda:	615.8482110660261	Maximal Depth:	20	Filter time:	12 to 80 [us]
Chi2:	0.5466143226526149	RelRMS:	5.91466961459111	AbsRMS:	7.884872213893587e-07	Phi model:	0.0052951414105394
depth_vector,start_model,resistivity_model,conductivity_model,E/I[V/A],modelled_thickness,rhoa,sigma
0.0,15.1848,14.397311826073793,0.06945741066669,7.712056265919881e-05,1.0,14.685091675005117,0.0680962722011506
1.0,15.1848,14.448074209737984,0.0692133765014856,5.300424749061348e-05,1.0,14.720421907357242,0.0679328355052243
2.0,15.1848,14.550020565973549,0.0687284251912732,3.287582484374203e-05,1.0,14.981929821767444,0.0667470754366428
3.0,15.1848,14.702490669847592,0.0680156867605321,1.8973383861562395e-05,1.0,15.29620186844006,0.0653757062439959
4.0,15.1848,14.903812446355596,0.0670969259442424,1.2274827937842017e-05,1.0,15.34980974190016,0.0651473872845677
5.0,15.1848,15.151363757389444,0.0660006594794011,8.445508966934634e-06,1.0,15.438641638965462,0.0647725378556691
6.0,15.1848,15.441633651777094,0.0647599873530813,5.290049851431117e-06,1.5,15.65100370157358,0.0638936658036479
7.5,15.1848,15.784042301189794,0.0633551267107679,3.086551896383348e-06,1.5,15.9318954758526,0.0627671705175108
9.0,15.1848,16.165205106112385,0.0618612627205008,1.986697990263252e-06,1.5,16.058435490451718,0.0622725670003529
10.5,15.1848,16.570517019199556,0.0603481471846257,1.3696976763816356e-06,1.5,16.16394130484162,0.0618660994333397
12.0,15.1848,16.985105609397902,0.0588751122893635,8.635139176109771e-07,1.5,16.35420499795093,0.061146353499011
13.5,15.1848,17.394778338423794,0.0574885164124841,nan,1.5,nan,nan
15.0,15.1848,17.786870299052413,0.0562212454010683,nan,1.5,nan,nan
16.5,15.1848,18.150904578471245,0.055093672917332,nan,1.5,nan,nan
18.0,15.1848,18.479004397105324,0.05411546956267,nan,1.5,nan,nan
19.5,15.1848,18.76603627399324,0.0532877580219666,nan,nan,nan,nan
Name:	784.7599703514607_12_80_0.08
Lambda:	784.7599703514607	Maximal Depth:	20	Filter time:	12 to 80 [us]
Chi2:	0.6194777667795761	RelRMS:	6.296552792909218	AbsRMS:	1.0137886208170109e-06	Phi model:	0.0041121955543225
depth_vector,start_model,resistivity_model,conductivity_model,E/I[V/A],modelled_thickness,rhoa,sigma
0.0,15.1848,14.54345647732025,0.068759445291389,7.645528077044106e-05,1.0,14.770157622654253,0.0677040845160795
1.0,15.1848,14.589355859419642,0.0685431220977688,5.259300587849354e-05,1.0,14.79705805556554,0.067581001320994
2.0,15.1848,14.681458152904243,0.0681131253847686,3.26642683027399e-05,1.0,15.046549131786913,0.0664604216715332
3.0,15.1848,14.818997864797556,0.0674809463584237,1.8884307742696107e-05,1.0,15.344264962059883,0.0651709288436163
4.0,15.1848,15.000217132861495,0.0666657016456958,1.2234286737706544e-05,1.0,15.383701189098185,0.0650038627055926
5.0,15.1848,15.2224416441719,0.0656924837273304,8.428427652442165e-06,1.0,15.459493555011631,0.064685172023363
6.0,15.1848,15.482161288334948,0.0645904652054911,5.288644990448164e-06,1.5,15.653775238347173,0.0638823532837173
7.5,15.1848,15.787098310566106,0.0633428626545457,3.092344794934278e-06,1.5,15.91199241426989,0.062845681041376
9.0,15.1848,16.124704274565236,0.0620166412339963,1.9937538308904373e-06,1.5,16.020526197230627,0.0624199222727692
10.5,15.1848,16.481535795636542,0.0606739573544322,1.3764775594565388e-06,1.5,16.110820306072767,0.0620700858802988
12.0,15.1848,16.844174311135866,0.0593677066936364,8.693474280225733e-07,1.5,16.280962750051376,0.0614214291471703
13.5,15.1848,17.200091580575737,0.0581392253242018,nan,1.5,nan,nan
15.0,15.1848,17.53837753977618,0.0570178169407089,nan,1.5,nan,nan
16.5,15.1848,17.850262623850885,0.0560215847280496,nan,1.5,nan,nan
18.0,15.1848,18.12939746718391,0.0551590311707878,nan,1.5,nan,nan
19.5,15.1848,18.37189036447332,0.0544309801637915,nan,nan,nan,nan
Name:	1000.0_12_80_0.08
Lambda:	1000	Maximal Depth:	20	Filter time:	12 to 80 [us]
Chi2:	0.6990514376763973	RelRMS:	6.68874367959256	AbsRMS:	1.238617421266537e-06	Phi model:	0.0031038217385024
depth_vector,start_model,resistivity_model,conductivity_model,E/I[V/A],modelled_thickness,rhoa,sigma
0.0,15.1848,14.691089256204943,0.0680684721575453,7.581221640510075e-05,1.0,14.853563570488612,0.0673239115485271
1.0,15.1848,14.731859353317786,0.0678800941562606,5.219649443074138e-05,1.0,14.871900878670075,0.067240900013948
2.0,15.1848,14.813604340308748,0.0675055156751377,3.246125324338622e-05,1.0,15.109218736320749,0.0661847589509125
3.0,15.1848,14.93550646538795,0.0669545423395874,1.879960103596185e-05,1.0,15.390322252579182,0.0649758974236173
4.0,15.1848,15.095805277536964,0.0662435677736272,1.2196209331417228e-05,1.0,15.415703868156736,0.064868916045127
5.0,15.1848,15.29188274472209,0.0653941713191035,8.412800885675314e-06,1.0,15.478631626101002,0.064605194060807
6.0,15.1848,15.520356896210547,0.0644315080308597,5.287948027417112e-06,1.5,15.655150675842956,0.0638767406782659
7.5,15.1848,15.787493670492454,0.0633412763844235,3.098404239450672e-06,1.5,15.891239949038695,0.0629277515918758
9.0,15.1848,16.08182963298638,0.0621819794651251,2.000905041586033e-06,1.5,15.982331977599031,0.0625690920074497
10.5,15.1848,16.39127828459141,0.0610080545664365,1.3832798694117337e-06,1.5,16.057960041687096,0.06227441078468
12.0,15.1848,16.70398474819766,0.059865955044523,8.751617635644995e-07,1.5,16.2087718217054,0.0616949890466645
13.5,15.1848,17.009092190078356,0.0587920853638099,nan,1.5,nan,nan
15.0,15.1848,17.297349977623625,0.0578123239278635,nan,1.5,nan,nan
16.5,15.1848,17.5615147252023,0.0569426963247602,nan,1.5,nan,nan
18.0,15.1848,17.796526336372967,0.0561907408838642,nan,1.5,nan,nan
19.5,15.1848,17.9994738262773,0.0555571795960006,nan,nan,nan,nan
Name:	58.06735210785115_12_80_0.08
Lambda:	58.06735210785115	Maximal Depth:	20	Filter time:	12 to 80 [us]
Chi2:	0.2560048043474923	RelRMS:	4.047753386539194	AbsRMS:	8.195299044470299e-07	Phi model:	0.0209442361725112
depth_vector,start_model,resistivity_model,conductivity_model,E/I[V/A],modelled_thickness,rhoa,sigma
0.0,15.1848,13.989808265528778,0.0714806079554373,8.097821789582742e-05,1.0,14.214927370685878,0.0703485831424089
1.0,15.1848,14.027501175266533,0.0712885343943661,5.549961789731132e-05,1.0,14.275808415916387,0.0700485724426702
2.0,15.1848,14.10509008036759,0.0708963923166904,3.425386849628747e-05,1.0,14.5773678478496,0.0685994900065251
3.0,15.1848,14.22696168103307,0.0702890766433403,1.961072708969008e-05,1.0,14.962965389440344,0.0668316723305207
4.0,15.1848,14.39929471556491,0.0694478458669958,1.2584773765753991e-05,1.0,15.09673379626,0.0662394934888323
5.0,15.1848,14.62958398751115,0.0683546436353672,8.589377315371967e-06,1.0,15.265763062205464,0.0655060605830946
6.0,15.1848,14.92612180169573,0.0669966394007579,5.319462864523964e-06,1.5,15.59325746349951,0.0641302821005031
7.5,15.1848,15.333016706398212,0.0652187380440743,3.058183571965363e-06,1.5,16.03026875027236,0.0623819859528562
9.0,15.1848,15.863298113978123,0.0630385934132347,1.943609375912401e-06,1.5,16.29490412146518,0.0613688790400862
10.5,15.1848,16.524430627569966,0.060516457270943,1.3252007375204057e-06,1.5,16.523775969203772,0.0605188548830335
12.0,15.1848,17.31635012807361,0.0577488900723242,8.235025967931254e-07,1.5,16.87973728676216,0.0592426281885467
13.5,15.1848,18.230182318104458,0.0548540866213332,nan,1.5,nan,nan
15.0,15.1848,19.247777239521664,0.0519540509824006,nan,1.5,nan,nan
16.5,15.1848,20.342235109715133,0.04915880652281,nan,1.5,nan,nan
18.0,15.1848,21.47954268155772,0.0465559260187879,nan,1.5,nan,nan
19.5,15.1848,22.62125829188464,0.0442062058218374,nan,nan,nan,nan
Name:	172.21381097981777_12_80_0.08
Lambda:	172.21381097981777	Maximal Depth:	20	Filter time:	12 to 80 [us]
Chi2:	0.3210501908465053	RelRMS:	4.53290328753839	AbsRMS:	5.44822015856017e-07	Phi model:	0.0130379303795489
depth_vector,start_model,resistivity_model,conductivity_model,E/I[V/A],modelled_thickness,rhoa,sigma
0.0,15.1848,13.861743905906536,0.0721409951581847,8.013380284372715e-05,1.0,14.314613274489735,0.0698586808336704
1.0,15.1848,13.924208481434237,0.0718173676682121,5.489375135704463e-05,1.0,14.380658259002358,0.0695378460422001
2.0,15.1848,14.050350397996615,0.0711726022251079,3.3871713202852504e-05,1.0,14.686808135929828,0.068088313726493
3.0,15.1848,14.241034999653465,0.0702196153597216,1.940875096563525e-05,1.0,15.066593702785593,0.0663720028379815
4.0,15.1848,14.496754682898016,0.0689809562122004,1.2480300713436464e-05,1.0,15.18086689389616,0.0658723910162254
5.0,15.1848,14.817554754093011,0.0674875184600733,8.537812228060774e-06,1.0,15.327167563036634,0.0652436267749577
6.0,15.1848,15.2029192180326,0.0657768409907666,5.305541964241542e-06,1.5,15.620521704936069,0.0640183483554202
7.5,15.1848,15.675740917004727,0.0637928379458747,3.065073122014169e-06,1.5,16.00623827310407,0.0624756412429734
9.0,15.1848,16.22664781431035,0.0616270231192234,1.9571767190928755e-06,1.5,16.21951158711752,0.0616541376495121
10.5,15.1848,16.842866200022936,0.0593723175215058,1.3402306653588062e-06,1.5,16.400007386189664,0.0609755822940722
12.0,15.1848,17.50836067059574,0.0571155700304621,8.375473926452882e-07,1.5,16.690502202217974,0.0599143146134399
13.5,15.1848,18.20438489480353,0.0549318203157444,nan,1.5,nan,nan
15.0,15.1848,18.910448857034325,0.0528808177722349,nan,1.5,nan,nan
16.5,15.1848,19.60561524923936,0.0510057953952144,nan,1.5,nan,nan
18.0,15.1848,20.269955103493302,0.0493341003911577,nan,1.5,nan,nan
19.5,15.1848,20.88594636865315,0.0478790849286512,nan,nan,nan,nan
Name:	29.657596692192385_12_80_0.08
Lambda:	29.657596692192385	Maximal Depth:	20	Filter time:	12 to 80 [us]
Chi2:	0.2213690321474501	RelRMS:	3.763989646297769	AbsRMS:	7.295053696537944e-07	Phi model:	0.0303589700504109
depth_vector,start_model,resistivity_model,conductivity_model,E/I[V/A],modelled_thickness,rhoa,sigma
0.0,15.1848,14.42080463165516,0.0693442582118404,8.067701255082899e-05,1.0,14.250286077920665,0.0701740298076819
1.0,15.1848,14.418252701866663,0.0693565316600765,5.541408518625759e-05,1.0,14.2904946301861,0.0699765841475969
2.0,15.1848,14.416919467796122,0.0693629455469842,3.429407040166171e-05,1.0,14.565973214807348,0.0686531538437424
3.0,15.1848,14.426337179960456,0.0693176644581061,1.96760973718932e-05,1.0,14.929805843460256,0.0669801074766175
4.0,15.1848,14.460565076670733,0.0691535907966212,1.2628571013015676e-05,1.0,15.061808854747316,0.0663930879513725
5.0,15.1848,14.536765104588255,0.0687910957358985,8.615795136536391e-06,1.0,15.23454175546661,0.0656403071422328
6.0,15.1848,14.673823576450054,0.0681485636507784,5.331576790520422e-06,1.5,15.569628784953784,0.0642276070811901
7.5,15.1848,14.936497762693406,0.0669500987371805,3.059628939624432e-06,1.5,16.025219890409677,0.0624016398426115
9.0,15.1848,15.36271600803892,0.0650926567591775,1.939714571310392e-06,1.5,16.3167094765523,0.0612868667813835
10.5,15.1848,15.98254036148144,0.0625682762178433,1.31919353952724e-06,1.5,16.573900740395022,0.0603358265301259
12.0,15.1848,16.815623917935245,0.0594685041054835,8.17052690311377e-07,1.5,16.968454523088152,0.0589328862354169
13.5,15.1848,17.86925449648194,0.0559620436430002,nan,1.5,nan,nan
15.0,15.1848,19.13659721078457,0.0522558942420778,nan,1.5,nan,nan
16.5,15.1848,20.59533387293381,0.0485546874923057,nan,1.5,nan,nan
18.0,15.1848,22.207346802903487,0.0450301429015939,nan,1.5,nan,nan
19.5,15.1848,23.92018517203972,0.0418056964362006,nan,nan,nan,nan
Name:	87.95730415567415_12_80_0.08
Lambda:	87.95730415567415	Maximal Depth:	20	Filter time:	12 to 80 [us]
Chi2:	0.2770164422283441	RelRMS:	4.210588118376579	AbsRMS:	7.791809622330034e-07	Phi model:	0.0174745611027491
depth_vector,start_model,resistivity_model,conductivity_model,E/I[V/A],modelled_thickness,rhoa,sigma
0.0,15.1848,13.862757878973497,0.0721357185006283,8.087265216520611e-05,1.0,14.227294822285838,0.0702874307794329
1.0,15.1848,13.915003888547735,0.0718648739166372,5.539284918896124e-05,1.0,14.294146768475164,0.0699587052097042
2.0,15.1848,14.021218067239614,0.0713204798045675,3.416430658109099e-05,1.0,14.60283316233808,0.0684798620160287
3.0,15.1848,14.184005048253104,0.0705019489627973,1.955323209851846e-05,1.0,14.992282776342556,0.066700983093647
4.0,15.1848,14.406675408924006,0.0694122669953794,1.255301549554146e-05,1.0,15.122185540896384,0.0661280075750693
5.0,15.1848,14.693005741839157,0.068059593630488,8.572886830621844e-06,1.0,15.28533322572569,0.065422191667825
6.0,15.1848,15.046947984237429,0.066458659991884,5.314227656465623e-06,1.5,15.603496712414032,0.0640881988461219
7.5,15.1848,15.50295101394754,0.0645038482738112,3.059756505388883e-06,1.5,16.024774477269283,0.0624033743138459
9.0,15.1848,16.062872150923933,0.0622553669483374,1.947765734587175e-06,1.5,16.27171461937156,0.0614563384002257
10.5,15.1848,16.72393094612422,0.059794554475349,1.3300952838909812e-06,1.5,16.48321442844255,0.0606677783839572
12.0,15.1848,17.477604076203516,0.0572160803986595,8.282181250397707e-07,1.5,16.815605548812837,0.0594685690680106
13.5,15.1848,18.3091361943517,0.0546175411764371,nan,1.5,nan,nan
15.0,15.1848,19.197807427658606,0.052089281745752,nan,1.5,nan,nan
16.5,15.1848,20.118018760992896,0.0497066839374319,nan,1.5,nan,nan
18.0,15.1848,21.04112569871804,0.0475259743380044,nan,1.5,nan,nan
19.5,15.1848,21.93779296248326,0.0455834368439041,nan,nan,nan,nan
Name:	44.923733528203634_12_80_0.08
Lambda:	44.923733528203634	Maximal Depth:	20	Filter time:	12 to 80 [us]
Chi2:	0.2430317414207147	RelRMS:	3.94385996847324	AbsRMS:	8.049413701119148e-07	Phi model:	0.0237905262879765
depth_vector,start_model,resistivity_model,conductivity_model,E/I[V/A],modelled_thickness,rhoa,sigma
0.0,15.1848,14.120889055376365,0.0708170708004579,8.092336869369447e-05,1.0,14.221349820197984,0.0703168132872831
1.0,15.1848,14.145810793484744,0.0706923070440457,5.549884288996869e-05,1.0,14.275941317553231,0.070047920326657
2.0,15.1848,14.198301017269255,0.0704309620414238,3.4281095855144486e-05,1.0,14.569648223305782,0.0686358369586705
3.0,15.1848,14.284302544788376,0.0700069182142077,1.9637941254725283e-05,1.0,14.949138457428786,0.0668934870626649
4.0,15.1848,14.41243636293442,0.0693845214520271,1.2601568447073965e-05,1.0,15.083317414218406,0.0662984125135059
5.0,15.1848,14.593273051229591,0.0685247234454879,8.59887136126926e-06,1.0,15.254524336213782,0.0655543219807929
6.0,15.1848,14.838579263266103,0.0673918966403722,5.323234071545648e-06,1.5,15.585891972670495,0.0641605884189032
7.5,15.1848,15.199608790003838,0.0657911669843541,3.0580209955411823e-06,1.5,16.030836899997137,0.0623797750696458
9.0,15.1848,15.697982347276133,0.0637024541038241,1.941655304124872e-06,1.5,16.305835026281464,0.0613277393269475
10.5,15.1848,16.349029000924197,0.0611657120397468,1.322609637180718e-06,1.5,16.54534988029543,0.0604399427775742
12.0,15.1848,17.159406258946976,0.0582770746790027,8.208715259158908e-07,1.5,16.915786853290882,0.0591163750567982
13.5,15.1848,18.12540306686252,0.0551711868867751,nan,1.5,nan,nan
15.0,15.1848,19.231957811043262,0.0519967862775669,nan,1.5,nan,nan
16.5,15.1848,20.452614876431088,0.0488935036444834,nan,1.5,nan,nan
18.0,15.1848,21.75071397915408,0.045975502273553,nan,1.5,nan,nan
19.5,15.1848,23.08196801856202,0.0433238621245736,nan,nan,nan,nan
Name:	68.04805713216612_12_80_0.08
Lambda:	68.04805713216612	Maximal Depth:	20	Filter time:	12 to 80 [us]
Chi2:	0.2639321427026062	RelRMS:	4.109946122878839	AbsRMS:	8.138944020248361e-07	Phi model:	0.0194928855875564
depth_vector,start_model,resistivity_model,conductivity_model,E/I[V/A],modelled_thickness,rhoa,sigma
0.0,15.1848,13.929138993399112,0.0717919463991199,8.096781815085097e-05,1.0,14.216144549382433,0.0703425599343277
1.0,15.1848,13.973236239742157,0.0715653827676538,5.547568782635297e-05,1.0,14.2799134760621,0.0700284355137259
2.0,15.1848,14.063423416751858,0.0711064418930055,3.422697134702412e-05,1.0,14.58500389797129,0.0685635744080326
3.0,15.1848,14.203315766885204,0.0704060950564433,1.9591096584525736e-05,1.0,14.972959097086948,0.0667870655036087
4.0,15.1848,14.397859220721807,0.0694547699536311,1.2573524339094426e-05,1.0,15.105737068052331,0.0662000136434875
5.0,15.1848,14.65296449978134,0.068245575836543,8.583370248135037e-06,1.0,15.272884722617183,0.0654755154747634
6.0,15.1848,14.975093312581317,0.0667775471662571,5.317398760851522e-06,1.5,15.597292521425793,0.0641136914388387
7.5,15.1848,15.40439828328688,0.0649165245931713,3.058615092784822e-06,1.5,16.028760974767668,0.0623878540315244
9.0,15.1848,15.949238976045054,0.0626989163245938,1.945057222041805e-06,1.5,16.286816804376826,0.0613993521270077
10.5,15.1848,16.612792501192004,0.0601945759527332,1.3269661498277298e-06,1.5,16.50911709258956,0.0605725911562447
12.0,15.1848,17.391405328097974,0.0574996661359146,8.252314131277585e-07,1.5,16.856154274212994,0.0593255130281897
13.5,15.1848,18.27361019614794,0.0547237239530697,nan,1.5,nan,nan
15.0,15.1848,19.239961796010792,0.0519751551797436,nan,1.5,nan,nan
16.5,15.1848,20.26382515430604,0.0493490243024279,nan,1.5,nan,nan
18.0,15.1848,21.31315010952378,0.046919389900658,nan,1.5,nan,nan
19.5,15.1848,22.35308331190492,0.0447365576393398,nan,nan,nan,nan
Name:	52.645293348998436_12_80_0.08
Lambda:	52.64529334899844	Maximal Depth:	20	Filter time:	12 to 80 [us]
Chi2:	0.2510842895436375	RelRMS:	4.00866493121997	AbsRMS:	8.172748632870733e-07	Phi model:	0.0219483229669015
depth_vector,start_model,resistivity_model,conductivity_model,E/I[V/A],modelled_thickness,rhoa,sigma
0.0,15.1848,14.035022552818209,0.0712503308232448,8.096728427862157e-05,1.0,14.216207040436782,0.070342250725217
1.0,15.1848,14.06819905169981,0.0710823038773519,5.550478498478037e-05,1.0,14.2749224202876,0.0700529201180662
2.0,15.1848,14.136907434220545,0.0707368287337969,3.426646593289456e-05,1.0,14.573794894603637,0.0686163080537299
3.0,15.1848,14.246079571304062,0.0701947504220251,1.962168959744849e-05,1.0,14.957391730724686,0.0668565762001039
4.0,15.1848,14.402756495801473,0.0694311537025227,1.2591338236921676e-05,1.0,15.091486237185295,0.0662625260549891
5.0,15.1848,14.615528226581388,0.0684203803309203,8.593002785947505e-06,1.0,15.261468911975795,0.065524492155227
6.0,15.1848,14.893936201309636,0.0671414182579934,5.320823365755954e-06,1.5,15.590599284653925,0.0641412162381927
7.5,15.1848,15.284707996613651,0.0654248677973796,3.0580367022290264e-06,1.5,16.03078200822809,0.0623799886672235
9.0,15.1848,15.804006353791232,0.0632750947838052,1.942803956850065e-06,1.5,16.299407344658317,0.061351923959844
10.5,15.1848,16.462169363672153,0.0607453354359691,1.3241718802629415e-06,1.5,16.53233397506051,0.060487527139757
12.0,15.1848,17.261569802195012,0.0579321586309512,8.224740667928707e-07,1.5,16.89380678789828,0.0591932897395476
13.5,15.1848,18.195161513231067,0.0549596660229053,nan,1.5,nan,nan
15.0,15.1848,19.245819038444186,0.0519593371423926,nan,1.5,nan,nan
16.5,15.1848,20.38666783116937,0.0490516649548334,nan,1.5,nan,nan
18.0,15.1848,21.5825859721158,0.0463336507169241,nan,1.5,nan,nan
19.5,15.1848,22.792886635948232,0.0438733371499698,nan,nan,nan,nan
Name:	61.69404664601405_12_80_0.08
Lambda:	61.69404664601405	Maximal Depth:	20	Filter time:	12 to 80 [us]
Chi2:	0.2590333440706601	RelRMS:	4.071625476455595	AbsRMS:	8.187603264302044e-07	Phi model:	0.0203669008048053
depth_vector,start_model,resistivity_model,conductivity_model,E/I[V/A],modelled_thickness,rhoa,sigma
0.0,15.1848,13.964826795998608,0.0716084785445769,8.097843779394577e-05,1.0,14.214901636780397,0.07034871049776
1.0,15.1848,14.005095193107485,0.0714025850029311,5.5492813629490086e-05,1.0,14.276975347061924,0.070042847010014
2.0,15.1848,14.087749912032344,0.0709836564564437,3.424458457881568e-05,1.0,14.580002404864045,0.0685870943112046
3.0,15.1848,14.216867800958134,0.070338981412812,1.960352643336552e-05,1.0,14.966629239645162,0.0668153118506534
4.0,15.1848,14.398134210402022,0.0694534434383549,1.2580580878418011e-05,1.0,15.100087927997478,0.0662247799329614
5.0,15.1848,14.638412573029589,0.0683134182078213,8.587110839663444e-06,1.0,15.268449100226102,0.0654945367034816
6.0,15.1848,14.94526895941069,0.0669108065378992,5.318658109365832e-06,1.5,15.594830346193447,0.0641238139691651
7.5,15.1848,15.36126033168942,0.0650988251229006,3.0583214614347823e-06,1.5,16.029786912573524,0.0623838610864886
9.0,15.1848,15.89757364555449,0.0629026807672398,1.944141691322035e-06,1.5,16.291929569942486,0.0613800836608656
10.5,15.1848,16.559982183536665,0.0603865383982214,1.3258603486931866e-06,1.5,16.518295165145037,0.060538935162636
12.0,15.1848,17.346998776292676,0.0576468594306153,8.241532599237029e-07,1.5,16.870851829070816,0.0592738298060837
13.5,15.1848,18.24870620646898,0.0547984053601295,nan,1.5,nan,nan
15.0,15.1848,19.24640920647484,0.0519577438717026,nan,1.5,nan,nan
16.5,15.1848,20.31326824366195,0.0492289073331178,nan,1.5,nan,nan
18.0,15.1848,21.41599946374641,0.046694061684715,nan,1.5,nan,nan
19.5,15.1848,22.517541908188345,0.0444098207556286,nan,nan,nan,nan
Name:	64.0478410570261_12_80_0.08
Lambda:	64.0478410570261	Maximal Depth:	20	Filter time:	12 to 80 [us]
Chi2:	0.2609034946097239	RelRMS:	4.086297059077121	AbsRMS:	8.174359162190037e-07	Phi model:	0.0200248063511493
depth_vector,start_model,resistivity_model,conductivity_model,E/I[V/A],modelled_thickness,rhoa,sigma
0.0,15.1848,13.950508322106582,0.0716819758040899,8.097600343699723e-05,1.0,14.215186527527644,0.0703473006184973
1.0,15.1848,13.992287964336285,0.0714679402359937,5.548717888697662e-05,1.0,14.27794188527916,0.0700381054941132
2.0,15.1848,14.077915608004592,0.0710332429774907,3.4238243904786985e-05,1.0,14.581802422989169,0.0685786277300969
3.0,15.1848,14.211286203628386,0.070366607615339,1.959889714377281e-05,1.0,14.968985907411492,0.0668047926683448
4.0,15.1848,14.397794350480837,0.0694550828868175,1.2577928055193558e-05,1.0,15.102211036339629,0.0662154698801224
5.0,15.1848,14.643929792269994,0.0682876805738214,8.585694441750247e-06,1.0,15.270128296942191,0.0654873345235906
6.0,15.1848,14.95682664414715,0.0668591021205234,5.318171659378092e-06,1.5,15.595781298246376,0.0641199040225347
7.5,15.1848,15.378108153479932,0.0650275046852046,3.058423616664016e-06,1.5,16.02942996710577,0.0623852502585628
9.0,15.1848,15.917858822920882,0.0628225197323683,1.9444835505472773e-06,1.5,16.29001999361704,0.0613872788610347
10.5,15.1848,16.58083963644132,0.0603105766611603,1.32627708167234e-06,1.5,16.514834812859164,0.0605516198818626
12.0,15.1848,17.36471600830428,0.0575880422992102,8.245613044157874e-07,1.5,16.86528553498551,0.0592933928053332
13.5,15.1848,18.258958796008848,0.054767635502775,nan,1.5,nan,nan
15.0,15.1848,19.244567473981924,0.0519627163017287,nan,1.5,nan,nan
16.5,15.1848,20.29476584450274,0.0492737885059595,nan,1.5,nan,nan
18.0,15.1848,21.37673439988497,0.0467798299447169,nan,1.5,nan,nan
19.5,15.1848,22.454260027069044,0.0445349790549535,nan,nan,nan,nan
Name:	60.282778332653194_12_80_0.08
Lambda:	60.2827783326532	Maximal Depth:	20	Filter time:	12 to 80 [us]
Chi2:	0.2578771838545841	RelRMS:	4.062528740414446	AbsRMS:	8.192531311103122e-07	Phi model:	0.0205838218067753
depth_vector,start_model,resistivity_model,conductivity_model,E/I[V/A],modelled_thickness,rhoa,sigma
0.0,15.1848,13.974103435778094,0.0715609416085819,8.097895545794041e-05,1.0,14.214841056838669,0.0703490103055993
1.0,15.1848,14.01340722973104,0.0713602326405234,5.5495746557548464e-05,1.0,14.2764723209981,0.0700453149430466
2.0,15.1848,14.094164521716044,0.070951350004409,3.42482708824427e-05,1.0,14.578956176279457,0.0685920163219257
3.0,15.1848,14.220568193374245,0.0703206782177612,1.9606317930905545e-05,1.0,14.965208598933998,0.0668216545990031
4.0,15.1848,14.39848863918649,0.0694517337936726,1.258219625064238e-05,1.0,15.098795478247906,0.0662304487427921
5.0,15.1848,14.635026491759216,0.0683292237675884,8.587979839597308e-06,1.0,15.267419094312316,0.0654989552472911
6.0,15.1848,14.93802118874296,0.0669432709570383,5.3189627205849335e-06,1.5,15.59423494117741,0.0641262622868048
7.5,15.1848,15.350616359337572,0.0651439640331909,3.0582647220785243e-06,1.5,16.029985176853152,0.0623830895017901
9.0,15.1848,15.884694175558971,0.0629536828942324,1.943935306921056e-06,1.5,16.293082674375942,0.0613757396304565
10.5,15.1848,16.546666201010403,0.0604351346580579,1.3256062614082322e-06,1.5,16.520405874699247,0.06053120047925
12.0,15.1848,17.33558127200749,0.0576848266181153,8.239033485055353e-07,1.5,16.874263236808112,0.059261846633913
13.5,15.1848,18.241912783639968,0.0548188126903466,nan,1.5,nan,nan
15.0,15.1848,19.24716613156261,0.0519557005516849,nan,1.5,nan,nan
16.5,15.1848,20.32447240738055,0.0492017691754135,nan,1.5,nan,nan
18.0,15.1848,21.44026572360206,0.0466412129817575,nan,1.5,nan,nan
19.5,15.1848,22.556958840085887,0.0443322172589553,nan,nan,nan,nan
Name:	62.582729048057345_12_80_0.08
Lambda:	62.58272904805735	Maximal Depth:	20	Filter time:	12 to 80 [us]
Chi2:	0.2597476928308422	RelRMS:	4.077235870191213	AbsRMS:	8.183316823295294e-07	Phi model:	0.0202349646178112
depth_vector,start_model,resistivity_model,conductivity_model,E/I[V/A],modelled_thickness,rhoa,sigma
0.0,15.1848,13.959256943172342,0.071637050888236,8.097774208839982e-05,1.0,14.21498305315884,0.0703483075752088
1.0,15.1848,14.000109774675602,0.0714280113580874,5.549079188998143e-05,1.0,14.277322121110616,0.0700411457777077
2.0,15.1848,14.083914165330809,0.0710029888183794,3.424221803157427e-05,1.0,14.580674165612882,0.0685839343669309
3.0,15.1848,14.21467664361884,0.0703498239932818,1.9601774895972293e-05,1.0,14.967520799057942,0.0668113319116242
4.0,15.1848,14.397970255481278,0.0694542343299606,1.257957345213492e-05,1.0,15.10089410384424,0.0662212444589906
5.0,15.1848,14.6405142369326,0.0683036117322552,8.586571424863885e-06,1.0,15.269088543745807,0.0654917939034153
6.0,15.1848,14.949708165052035,0.0668909378671151,5.3184714111962e-06,1.5,15.595195301838563,0.0641223133564801
7.5,15.1848,15.36775009672193,0.0650713340408436,3.058358987634133e-06,1.5,16.0296557881782,0.0623843713935202
9.0,15.1848,15.905402612172686,0.0628717187727572,1.944271118256743e-06,1.5,16.291206543926855,0.0613828077928817
10.5,15.1848,16.56804933556421,0.060357135577418,1.326018706799603e-06,1.5,16.516980021299872,0.0605437554995178
12.0,15.1848,17.35387651156435,0.057624012671383,8.243085782950973e-07,1.5,16.86873252925601,0.0592812766617566
13.5,15.1848,18.25273026628444,0.0547863243148424,nan,1.5,nan,nan
15.0,15.1848,19.24579593028362,0.0519593995292489,nan,1.5,nan,nan
16.5,15.1848,20.30625590339625,0.049245907505418,nan,1.5,nan,nan
18.0,15.1848,21.401002580244224,0.0467267828341427,nan,1.5,nan,nan
19.5,15.1848,22.493299433160622,0.0444576840748296,nan,nan,nan,nan
Name:	63.13835388537308_12_80_0.08
Lambda:	63.13835388537308	Maximal Depth:	20	Filter time:	12 to 80 [us]
Chi2:	0.260189159111166	RelRMS:	4.080699227229891	AbsRMS:	8.180191101472864e-07	Phi model:	0.0201542139527451
depth_vector,start_model,resistivity_model,conductivity_model,E/I[V/A],modelled_thickness,rhoa,sigma
0.0,15.1848,13.955876857427658,0.0716544012401324,8.097716768796355e-05,1.0,14.215050274434894,0.070347974906459
1.0,15.1848,13.997086437437172,0.0714434396379349,5.5489461897053005e-05,1.0,14.277550256459255,0.0700400266178431
2.0,15.1848,14.081592625623498,0.0710146946148942,3.424072131792357e-05,1.0,14.581099058045762,0.0685819358348166
3.0,15.1848,14.213359013127192,0.070356345679893,1.960068213220798e-05,1.0,14.968077099846743,0.0668088488140029
4.0,15.1848,14.397890012467972,0.0694546214156408,1.2578947242192576e-05,1.0,15.101395271993743,0.0662190467826868
5.0,15.1848,14.64181664712012,0.0682975360299084,8.586237080748002e-06,1.0,15.26948492202189,0.0654900938117293
6.0,15.1848,14.952436525823648,0.0668787323238555,5.318356586962074e-06,1.5,15.595419769664764,0.064121390431897
7.5,15.1848,15.371727287298908,0.0650544978654587,3.0583831073795466e-06,1.5,16.029571510154753,0.0623846993892817
9.0,15.1848,15.910191257243277,0.0628527956598095,1.944351821519181e-06,1.5,16.290755746700448,0.061384506375804
10.5,15.1848,16.57297308646124,0.0603392037616303,1.3261170839778988e-06,1.5,16.51616314321319,0.0605467499520867
12.0,15.1848,17.358058970808827,0.0576101280495536,8.244049035443041e-07,1.5,16.867418517575704,0.0592858948130093
13.5,15.1848,18.25515058297908,0.0547790605974179,nan,1.5,nan,nan
15.0,15.1848,19.24536119889613,0.0519605732345183,nan,1.5,nan,nan
16.5,15.1848,20.301888180562063,0.0492565022083731,nan,1.5,nan,nan
18.0,15.1848,21.3917335521168,0.0467470295272561,nan,1.5,nan,nan
19.5,15.1848,22.4783609450552,0.0444872294045078,nan,nan,nan,nan
Name:	62.241781542724745_12_80_0.08
Lambda:	62.241781542724745	Maximal Depth:	20	Filter time:	12 to 80 [us]
Chi2:	0.2594748453599989	RelRMS:	4.075093876592284	AbsRMS:	8.185066409371422e-07	Phi model:	0.0202851715380509
depth_vector,start_model,resistivity_model,conductivity_model,E/I[V/A],modelled_thickness,rhoa,sigma
0.0,15.1848,13.961369726064422,0.0716262100081129,8.097804185510674e-05,1.0,14.21494797219788,0.070348481187257
1.0,15.1848,14.002000376322933,0.07141836688499,5.549158308157144e-05,1.0,14.277186411351812,0.0700418115438276
2.0,15.1848,14.085367697827808,0.0709956617003485,3.424312999581602e-05,1.0,14.580415289112532,0.0685851520804567
3.0,15.1848,14.215504954752507,0.0703457248393896,1.9602446329231505e-05,1.0,14.967179013531933,0.0668128575929968
4.0,15.1848,14.398027905859058,0.0694539562319548,1.2579959092765166e-05,1.0,15.10058548874036,0.0662225978420268
5.0,15.1848,14.639710650721584,0.0683073609757929,8.586777686519583e-06,1.0,15.268844025160933,0.0654928427032288
6.0,15.1848,14.948016141072682,0.0668985095120615,5.318542588947287e-06,1.5,15.59505616179074,0.0641228854596938
7.5,15.1848,15.365279193044582,0.0650817982176771,3.0583444344504496e-06,1.5,16.029706639729877,0.0623841734895811
9.0,15.1848,15.902424006240617,0.0628834949695447,1.944221513123936e-06,1.5,16.29148364679205,0.0613817637288614
10.5,15.1848,16.564982605165305,0.0603683096949452,1.325958099883034e-06,1.5,16.517483323078118,0.0605419106797466
12.0,15.1848,17.351265556327995,0.0576326837229057,8.242491735059082e-07,1.5,16.869543021596968,0.0592784285098752
13.5,15.1848,18.2512089531082,0.0547908909798383,nan,1.5,nan,nan
15.0,15.1848,19.24604332114317,0.0519587316371374,nan,1.5,nan,nan
16.5,15.1848,20.308942348042887,0.0492393933107189,nan,1.5,nan,nan
18.0,15.1848,21.406730938777155,0.0467142789275009,nan,1.5,nan,nan
19.5,15.1848,22.502548724373696,0.0444394104973916,nan,nan,nan,nan
Name:	62.03199377375516_12_80_0.08
Lambda:	62.03199377375516	Maximal Depth:	20	Filter time:	12.0 to 80.0 [us]
Chi2:	0.2593062111949754	RelRMS:	4.073769448125216	AbsRMS:	8.186078252987322e-07	Phi model:	0.020316317059054297
depth_vector,start_model,resistivity_model,conductivity_model,E/I[V/A],modelled_thickness,rhoa,sigma
0.0,15.1848,13.962684587295689,0.07161946499241814,8.097820607271751e-05,1.0,14.21492875430626,0.07034857629497866
1.0,15.1848,14.003177271760725,0.07141236453648511,5.549206033837263e-05,1.0,14.277104551063545,0.07004221314086455
2.0,15.1848,14.08627319342557,0.07099109794822991,3.424368865514021e-05,1.0,14.580256709874142,0.06858589803311028
3.0,15.1848,14.216022216515892,0.0703431652518255,1.960285980770772e-05,1.0,14.96696854668548,0.06681379712135867
4.0,15.1848,14.398066611102365,0.06945376952409005,1.258019691200146e-05,1.0,15.100395177939525,0.06622343244770974
5.0,15.1848,14.639214516781742,0.06830967596339575,8.586905023962541e-06,1.0,15.268693074354239,0.06549349018480373
6.0,15.1848,14.946968188922021,0.06690319985702199,5.318586661748356e-06,1.5,15.594970008732817,0.06412323970100767
7.5,15.1848,15.363747169578549,0.06508828796532659,3.058335575404304e-06,1.5,16.029737595095142,0.06238405301818446
9.0,15.1848,15.900575839869932,0.06289080408600976,1.9441909594652107e-06,1.5,16.291654330686825,0.06138112064631818
10.5,15.1848,16.5630782102764,0.06037525074171054,1.3259207165842785e-06,1.5,16.517793786644816,0.06054077275189942
12.0,15.1848,17.349641943863393,0.0576380770989745,8.242125078128083e-07,1.5,16.870043320484616,0.05927667054569683
13.5,15.1848,18.2502590009062,0.05479374292443443,nan,1.5,nan,nan
15.0,15.1848,19.246188093596643,0.051958340796467,nan,1.5,nan,nan
16.5,15.1848,20.31059773138289,0.04923538013137109,nan,1.5,nan,nan
18.0,15.1848,21.41027121182145,0.04670655453667774,nan,1.5,nan,nan
19.5,15.1848,22.508271577630882,0.044428111530066025,nan,nan,nan,nan
