Name:	10.0_12_80_0.08
Lambda:	10.0	Maximal Depth:	20	Filter time:	12.0 to 80.0 [us]
Chi2:	0.07555221302986415	RelRMS:	2.198941025564648	AbsRMS:	5.792723872518156e-07	Phi model:	0.0210874754566796
depth_vector,start_model,resistivity_model,conductivity_model,E/I[V/A],modelled_thickness,rhoa,sigma
0.0,16.131,18.229472857832572,0.054856221449669326,6.776053743989366e-05,1.0,16.008067015029237,0.06246850410240949
1.0,16.131,18.05043949498154,0.05540031312135221,4.726803013325754e-05,1.0,15.888480694012248,0.06293867986867122
2.0,16.131,17.70367814914657,0.056485437182905766,2.9913241628190014e-05,1.0,15.955480138153106,0.06267439095165662
3.0,16.131,17.225562039236127,0.05805325815913669,1.7630852058781118e-05,1.0,16.063170451231365,0.06225421083814387
4.0,16.131,16.662480729021574,0.06001507316124112,1.153609148663339e-05,1.0,15.998311351327162,0.06250659698012713
5.0,16.131,16.067566887471266,0.062237176730208794,8.005219651370411e-06,1.0,15.999661807717429,0.06250132109152773
6.0,16.131,15.492523588279171,0.06454726334943568,5.068584658730231e-06,1.5,16.103646706130558,0.06209773588856158
7.5,16.131,15.020670902319601,0.06657492241878309,2.9882480759941296e-06,1.5,16.279412898490193,0.06142727666135572
9.0,16.131,14.730420177205415,0.06788672610625525,1.932759795771941e-06,1.5,16.35582835871078,0.06114028455595894
10.5,16.131,14.671820827155045,0.06815786614222892,1.336103854416477e-06,1.5,16.433759721217672,0.06085034812264519
12.0,16.131,14.870035523407164,0.06724933497474729,8.452524469593636e-07,1.5,16.588917242895572,0.06028120975938098
13.5,16.131,15.329951640609911,0.06523177785838172,nan,1.5,nan,nan
15.0,16.131,16.03989404076886,0.062344551495058735,nan,1.5,nan,nan
16.5,16.131,16.972475593787205,0.058918924023437756,nan,1.5,nan,nan
18.0,16.131,18.085172913867705,0.05529391423364276,nan,1.5,nan,nan
19.5,16.131,19.32154593027997,0.05175569302831194,nan,nan,nan,nan
Name:	12.742749857031335_12_80_0.08
Lambda:	12.742749857031335	Maximal Depth:	20	Filter time:	12.0 to 80.0 [us]
Chi2:	0.07887533516819388	RelRMS:	2.246780240870123	AbsRMS:	5.926408866826635e-07	Phi model:	0.016208765800835915
depth_vector,start_model,resistivity_model,conductivity_model,E/I[V/A],modelled_thickness,rhoa,sigma
0.0,16.131,17.944748624291623,0.05572660954672334,6.780892004691802e-05,1.0,16.00045145699279,0.06249823654587965
1.0,16.131,17.791397150472346,0.05620694044106878,4.725184482617772e-05,1.0,15.8921087041819,0.06292431159477639
2.0,16.131,17.49686263037834,0.05715310345203165,2.9864268186967907e-05,1.0,15.972918622506263,0.06260596598739154
3.0,16.131,17.088774107496366,0.05851794831563301,1.7583408570815466e-05,1.0,16.092051864395465,0.06214247930759868
4.0,16.131,16.60680178138273,0.060216290479306066,1.150287955433696e-05,1.0,16.0290908602827,0.06238657006292391
5.0,16.131,16.095644219740763,0.06212860984921212,7.982539878719925e-06,1.0,16.02995267467236,0.062383215989153834
6.0,16.131,15.59947847806636,0.06410470718018231,5.0550645392192624e-06,1.5,16.132347466050355,0.06198725895933282
7.5,16.131,15.19138008779398,0.06582680403102305,2.9818247744125117e-06,1.5,16.302783391399295,0.06133921895371318
9.0,16.131,14.941560602979788,0.0669274131780164,1.930143684784569e-06,1.5,16.370604116078713,0.06108510064193845
10.5,16.131,14.896027295906919,0.06713199298948497,1.3354012006354336e-06,1.5,16.43952389705354,0.06082901221848829
12.0,16.131,15.078064179181364,0.06632151104521251,8.457112795629564e-07,1.5,16.58291659413172,0.06030302295278232
13.5,16.131,15.4917501748636,0.06455048582067678,nan,1.5,nan,nan
15.0,16.131,16.124661815401044,0.06201680453508032,nan,1.5,nan,nan
16.5,16.131,16.949888235891454,0.05899743916201737,nan,1.5,nan,nan
18.0,16.131,17.927469372724538,0.055780321204811766,nan,1.5,nan,nan
19.5,16.131,19.006711022032142,0.052612995422554855,nan,nan,nan,nan
Name:	16.237767391887218_12_80_0.08
Lambda:	16.237767391887218	Maximal Depth:	20	Filter time:	12.0 to 80.0 [us]
Chi2:	0.08328696278394611	RelRMS:	2.3087584581702245	AbsRMS:	6.107008481716204e-07	Phi model:	0.012124343866015052
depth_vector,start_model,resistivity_model,conductivity_model,E/I[V/A],modelled_thickness,rhoa,sigma
0.0,16.131,17.676473123940287,0.05657237125236488,6.786861484415666e-05,1.0,15.991067799261728,0.062534910898581
1.0,16.131,17.548305923043394,0.05698555771624994,4.724534429648038e-05,1.0,15.893566410505457,0.06291854038115775
2.0,16.131,17.30215374147345,0.05779627293468033,2.9822838382452105e-05,1.0,15.987708222434227,0.06254805167114463
3.0,16.131,16.959809527991347,0.0589629263435741,1.7541126301752538e-05,1.0,16.11790103725999,0.06204281796297702
4.0,16.131,16.553887665243906,0.06040877044850153,1.1473166950392362e-05,1.0,16.056753126421775,0.062279091677287846
5.0,16.131,16.121669210792493,0.06202831648043987,7.962305650649704e-06,1.0,16.057098622097445,0.06227775163713704
6.0,16.131,15.700803483359863,0.06369100798311546,5.043087218782365e-06,1.5,16.157880224523073,0.06188930640061832
7.5,16.131,15.354923765599976,0.06512568966576866,2.976273320885333e-06,1.5,16.323049458531646,0.06126306255093317
9.0,16.131,15.145802264346024,0.06602489472307782,1.9280462033635724e-06,1.5,16.382474791229512,0.06104083862441576
10.5,16.131,15.114502151592013,0.06616162345080416,1.3350233832607006e-06,1.5,16.442625388214537,0.06081753834255464
12.0,16.131,15.281679957078492,0.06543783162641087,8.463481145184999e-07,1.5,16.57459700270164,0.060333291954971884
13.5,16.131,15.650352671416933,0.06389632368006332,nan,1.5,nan,nan
15.0,16.131,16.208010412669992,0.061697887312454354,nan,1.5,nan,nan
16.5,16.131,16.929152532241304,0.059069702284004814,nan,1.5,nan,nan
18.0,16.131,17.777109749508366,0.05625211376262418,nan,1.5,nan,nan
19.5,16.131,18.706803463539938,0.05345648720525807,nan,nan,nan,nan
Name:	20.6913808111479_12_80_0.08
Lambda:	20.6913808111479	Maximal Depth:	20	Filter time:	12.0 to 80.0 [us]
Chi2:	0.08830203007955174	RelRMS:	2.3772526001860452	AbsRMS:	6.316552392573034e-07	Phi model:	0.008844807856799404
depth_vector,start_model,resistivity_model,conductivity_model,E/I[V/A],modelled_thickness,rhoa,sigma
0.0,16.131,17.431255346469463,0.05736821474550544,6.793534485509701e-05,1.0,15.980594518628035,0.0625758947099455
1.0,16.131,17.32628509466014,0.057715776609735814,4.724679511442326e-05,1.0,15.893241043966041,0.06291982844994701
2.0,16.131,17.123162549344084,0.058400426738827275,2.978883182837068e-05,1.0,15.999873485701196,0.06250049420038742
3.0,16.131,16.840195928220165,0.05938173191466482,1.750441345545738e-05,1.0,16.14042973160338,0.061956219049234734
4.0,16.131,16.50390324881303,0.06059172699475928,1.144728780446643e-05,1.0,16.08094393057768,0.06218540430941462
5.0,16.131,16.14510989982269,0.061938259089272744,7.94474789383046e-06,1.0,16.080747192304887,0.06218616511044521
6.0,16.131,15.795233389256218,0.06331023894083081,5.032784026195738e-06,1.5,16.17992514702404,0.06180498308324554
7.5,16.131,15.508753089533966,0.06447971633998396,2.9716368033497054e-06,1.5,16.34002381600996,0.06119942120403764
9.0,16.131,15.338838246723881,0.06519398561449614,1.926459256347156e-06,1.5,16.391470414098396,0.06100733947211315
10.5,16.131,15.321352377383214,0.06526838985024333,1.3349385978227685e-06,1.5,16.443321590242046,0.06081496335834176
12.0,16.131,15.474423929353124,0.06462276105174553,8.471212738249566e-07,1.5,16.564510486217355,0.06037003030255912
13.5,16.131,15.800086523112995,0.0632907926508605,nan,1.5,nan,nan
15.0,16.131,16.286449659657613,0.06140073624990548,nan,1.5,nan,nan
16.5,16.131,16.909857979416664,0.05913710222860765,nan,1.5,nan,nan
18.0,16.131,17.637207054612666,0.05669831946200742,nan,1.5,nan,nan
19.5,16.131,18.428795779607732,0.0542629052901299,nan,nan,nan,nan
Name:	26.366508987303583_12_80_0.08
Lambda:	26.366508987303583	Maximal Depth:	20	Filter time:	12.0 to 80.0 [us]
Chi2:	0.09350914736070125	RelRMS:	2.446341233574106	AbsRMS:	6.53878609044849e-07	Phi model:	0.0063080721225563284
depth_vector,start_model,resistivity_model,conductivity_model,E/I[V/A],modelled_thickness,rhoa,sigma
0.0,16.131,17.212255423001228,0.05809813853120443,6.800500748242149e-05,1.0,15.969679240548263,0.062618665343066
1.0,16.131,17.12722960289466,0.05838655889981126,4.725420549735968e-05,1.0,15.89157941999771,0.06292640734888919
2.0,16.131,16.96250115772177,0.05895357003673801,2.9761656341150664e-05,1.0,16.00961170297922,0.062462476826587274
3.0,16.131,16.732635362184464,0.05976344899381402,1.7473232134545375e-05,1.0,16.159625964575827,0.06188262043887282
4.0,16.131,16.458948322872644,0.060757223388952605,1.1425244724686122e-05,1.0,16.101620928656445,0.062105548530227525
5.0,16.131,16.166515410761768,0.06185624883234376,7.929856746327824e-06,1.0,16.100872473501685,0.06210843553017198
6.0,16.131,15.881257520713536,0.06296730587585551,5.0241321245017035e-06,1.5,16.198495117071168,0.06173412979247228
7.5,16.131,15.649342300577128,0.06390044902801578,2.967874809074664e-06,1.5,16.35382900228281,0.0611477593327172
9.0,16.131,15.515887952415522,0.06445006583360377,1.925330489391949e-06,1.5,16.397876359412574,0.060983506527416166
10.5,16.131,15.511645072534678,0.06446769477536757,1.335092038591371e-06,1.5,16.4420616899696,0.06081962340586797
12.0,16.131,15.65204019279522,0.06388943471154063,8.479810867509782e-07,1.5,16.553311503608196,0.06041087306198677
13.5,16.131,15.938222282722858,0.06274225457904467,nan,1.5,nan,nan
15.0,16.131,16.35892569171178,0.06112870850111192,nan,1.5,nan,nan
16.5,16.131,16.892630222735306,0.05919741252928917,nan,1.5,nan,nan
18.0,16.131,17.50999928906085,0.0571102250486519,nan,1.5,nan,nan
19.5,16.131,18.17673010202647,0.055015395749784105,nan,nan,nan,nan
Name:	33.59818286283781_12_80_0.08
Lambda:	33.59818286283781	Maximal Depth:	20	Filter time:	12.0 to 80.0 [us]
Chi2:	0.09858416551288268	RelRMS:	2.5118492376781876	AbsRMS:	6.757097865327747e-07	Phi model:	0.004415398733182843
depth_vector,start_model,resistivity_model,conductivity_model,E/I[V/A],modelled_thickness,rhoa,sigma
0.0,16.131,17.021066295273787,0.05875072587418736,6.807301279801785e-05,1.0,15.959041603730045,0.0626604043544992
1.0,16.131,16.953267303419537,0.058985679993277536,4.7265030696834176e-05,1.0,15.889152875016128,0.06293601728587969
2.0,16.131,16.821823744824982,0.059446586480115575,2.9740218142627178e-05,1.0,16.01730445113849,0.06243247751521145
3.0,16.131,16.638214602251164,0.060102602587221055,1.7447196645025605e-05,1.0,16.175698048177228,0.06182113421143429
4.0,16.131,16.41941360869687,0.060903514816773356,1.1406827924997571e-05,1.0,16.118947427623375,0.06203879034224525
5.0,16.131,16.185611323245315,0.061783270339862195,7.917492179666565e-06,1.0,16.117631023295793,0.06204385734818219
6.0,16.131,15.957905360310157,0.06266486593454544,5.017041147041761e-06,1.5,16.213754592375242,0.061676029096324476
7.5,16.131,15.775015961322191,0.06339137801520071,2.9649212584028806e-06,1.5,16.36468794086009,0.06110718417692249
9.0,16.131,15.674564767423888,0.06379762467652554,1.92460147928755e-06,1.5,16.40201694405922,0.060968111629844286
10.5,16.131,15.682396634278797,0.06376576382554859,1.3354315733666327e-06,1.5,16.43927463175082,0.06082993455615126
12.0,16.131,15.811312558688657,0.06324585617343188,8.488848944490679e-07,1.5,16.541559877797383,0.06045379077835533
13.5,16.131,16.061711381391714,0.06225986610359276,nan,1.5,nan,nan
15.0,16.131,16.423174028510164,0.06088956971801117,nan,1.5,nan,nan
16.5,16.131,16.876499221073686,0.05925399497256516,nan,1.5,nan,nan
18.0,16.131,17.39615982790996,0.05748395104968082,nan,1.5,nan,nan
19.5,16.131,17.952929840908695,0.05570121472436972,nan,nan,nan,nan
Name:	42.81332398719393_12_80_0.08
Lambda:	42.81332398719393	Maximal Depth:	20	Filter time:	12.0 to 80.0 [us]
Chi2:	0.10331108331445113	RelRMS:	2.5713633216884917	AbsRMS:	6.957539288861472e-07	Phi model:	0.003046746547184956
depth_vector,start_model,resistivity_model,conductivity_model,E/I[V/A],modelled_thickness,rhoa,sigma
0.0,16.131,16.857718612344264,0.059320007825242625,6.813529106052747e-05,1.0,15.94931533863682,0.0626986161329148
1.0,16.131,16.804552842207094,0.059507682792270054,4.7276728582855295e-05,1.0,15.886531752238225,0.06294640111483815
2.0,16.131,16.70141616589124,0.059875162086091095,2.9723143124369086e-05,1.0,16.023438158368815,0.06240857861567707
3.0,16.131,16.557317434832502,0.06039625705890299,1.7425617049292738e-05,1.0,16.1890497711858,0.06177014797865761
4.0,16.131,16.385664618064318,0.06102895569445218,1.1391608703322217e-05,1.0,16.13330087255233,0.06198359578735095
5.0,16.131,16.202539760543516,0.061718719088423635,7.907362640110516e-06,1.0,16.13139282569373,0.0619909273058692
6.0,16.131,16.024950210022304,0.0624026899861805,5.011329773368296e-06,1.5,16.22607138045792,0.061629212429347685
7.5,16.131,15.885009543815649,0.06295243306223382,2.962667252159801e-06,1.5,16.37298709160259,0.0610762101261829
9.0,16.131,15.813606374491926,0.06323668215322761,1.924197152675654e-06,1.5,16.40431453943083,0.0609595724098263
10.5,16.131,15.832022309629133,0.0631631247381324,1.3359016087826122e-06,1.5,16.43541831257528,0.06084420736859902
12.0,16.131,15.950617659557226,0.06269349697570013,8.497945219986542e-07,1.5,16.529753616548547,0.06049696947683861
13.5,16.131,16.16917570128826,0.061846071715351954,nan,1.5,nan,nan
15.0,16.131,16.47823834546234,0.06068609878284549,nan,1.5,nan,nan
16.5,16.131,16.86100568913596,0.0593084433062216,nan,1.5,nan,nan
18.0,16.131,17.295585277544195,0.05781822262461131,nan,1.5,nan,nan
19.5,16.131,17.757453741667142,0.056314380121601594,nan,nan,nan,nan
Name:	54.5559478116852_12_80_0.08
Lambda:	54.5559478116852	Maximal Depth:	20	Filter time:	12.0 to 80.0 [us]
Chi2:	0.10756671092199147	RelRMS:	2.6237891491138257	AbsRMS:	7.130969934832493e-07	Phi model:	0.0020831691929005243
depth_vector,start_model,resistivity_model,conductivity_model,E/I[V/A],modelled_thickness,rhoa,sigma
0.0,16.131,16.720937849015744,0.05980525787666053,6.81891064088403e-05,1.0,15.940922689198512,0.06273162598533866
1.0,16.131,16.679974346864586,0.059952130573148917,4.728740181877992e-05,1.0,15.88414116370763,0.06295587464840831
2.0,16.131,16.60051258209285,0.06023910376591086,2.970924430454206e-05,1.0,16.028435245393148,0.06238912187560027
3.0,16.131,16.489572514531528,0.060644385966873576,1.7407808726327484e-05,1.0,16.2000889049524,0.06172805630062302
4.0,16.131,16.357666184378502,0.06113341528848385,1.1379150619308986e-05,1.0,16.145074062995107,0.06193839657211754
5.0,16.131,16.217494383257595,0.06166180646452802,7.899174078008293e-06,1.0,16.14253914716355,0.06194812296154244
6.0,16.131,16.082603116306164,0.06217898885946512,5.006820474213106e-06,1.5,16.235812390320877,0.061592236714693674
7.5,16.131,15.979426843152758,0.06258046736066153,2.9610153466955564e-06,1.5,16.37907601932556,0.06105350502190153
9.0,16.131,15.932912440421003,0.0627631642199357,1.9240588288770646e-06,1.5,16.40510075236737,0.06095665092795562
10.5,16.131,15.960247296456785,0.06265567076908654,1.3364643132983778e-06,1.5,16.430804679865517,0.06086129191380448
12.0,16.131,16.069588887171278,0.06222934556828165,8.506882839220271e-07,1.5,16.518173775592917,0.060539380054082596
13.5,16.131,16.260235150583874,0.061499725602928434,nan,1.5,nan,nan
15.0,16.131,16.52374428481925,0.060518970928321814,nan,1.5,nan,nan
16.5,16.131,16.845631401284464,0.05936257158777384,nan,1.5,nan,nan
18.0,16.131,17.20739666864174,0.058114543370896485,nan,1.5,nan,nan
19.5,16.131,17.5886943663081,0.05685470332098913,nan,nan,nan,nan
Name:	69.51927961775606_12_80_0.08
Lambda:	69.51927961775606	Maximal Depth:	20	Filter time:	12.0 to 80.0 [us]
Chi2:	0.11130205885684169	RelRMS:	2.6689570560123053	AbsRMS:	7.270674876134784e-07	Phi model:	0.0014194418023201704
depth_vector,start_model,resistivity_model,conductivity_model,E/I[V/A],modelled_thickness,rhoa,sigma
0.0,16.131,16.60865206562795,0.0602095820930301,6.823237345717743e-05,1.0,15.934183077181453,0.06275815930796289
1.0,16.131,16.577715848060354,0.06032194116278107,4.729539590583504e-05,1.0,15.882351239167797,0.06296296971029575
2.0,16.131,16.517743997815927,0.060540955237726526,2.9697326079324472e-05,1.0,16.032723346964175,0.06237243532237159
3.0,16.131,16.434178043782495,0.060848799211976876,1.7393006090100383e-05,1.0,16.209279189813284,0.061693057926255575
4.0,16.131,16.335202664529742,0.06121748352540492,1.1368957452716347e-05,1.0,16.154722842634765,0.06190140244070596
5.0,16.131,16.230762346666317,0.06161140053938334,7.892594057283864e-06,1.0,16.151509876590996,0.061913716280441275
6.0,16.131,16.13153277145201,0.06199038951646932,5.003316122828821e-06,1.5,16.243392609863513,0.06156349378594517
7.5,16.131,16.059126768294423,0.06226988642833947,2.959863875556897e-06,1.5,16.383323694549894,0.061037675788134606
9.0,16.131,16.033379208366412,0.06236988391556209,1.9241320205819866e-06,1.5,16.40468472931799,0.06095819678953222
10.5,16.131,16.06789851414178,0.062235892212032184,1.337089673466802e-06,1.5,16.425681128266234,0.06088027596488184
12.0,16.131,16.168916864140023,0.06184706176687903,8.515534537110806e-07,1.5,16.506983680694304,0.060580419738922205
13.5,16.131,16.335362819614005,0.061216883337252344,nan,1.5,nan,nan
15.0,16.131,16.55979594781513,0.060387217520753225,nan,1.5,nan,nan
16.5,16.131,16.82988535070265,0.059418111244486274,nan,1.5,nan,nan
18.0,16.131,17.13018367472064,0.058376490234352846,nan,1.5,nan,nan
19.5,16.131,17.44398779323873,0.05732634142220616,nan,nan,nan,nan
Name:	88.58667904100822_12_80_0.08
Lambda:	88.58667904100822	Maximal Depth:	20	Filter time:	12.0 to 80.0 [us]
Chi2:	0.11452137324083958	RelRMS:	2.7072805335638446	AbsRMS:	7.373035522861647e-07	Phi model:	0.0009697554587240173
depth_vector,start_model,resistivity_model,conductivity_model,E/I[V/A],modelled_thickness,rhoa,sigma
0.0,16.131,16.51833820509522,0.060538777423236295,6.826393127153483e-05,1.0,15.929271877042213,0.06277750845857762
1.0,16.131,16.49552358368193,0.06062250736855921,4.729956111608166e-05,1.0,15.881418823143745,0.0629666663373121
2.0,16.131,16.451359443809796,0.060785250204734485,2.968640403085604e-05,1.0,16.036655549855528,0.06235714154308246
3.0,16.131,16.39004262374947,0.061012654021471664,1.7380516675831794e-05,1.0,16.217043445566162,0.06166352105774287
4.0,16.131,16.31790258562577,0.061282385695872896,1.1360575349097019e-05,1.0,16.1626680925059,0.06187097292826716
5.0,16.131,16.24265994429066,0.061566270760442944,7.88732082850379e-06,1.0,16.15870802164514,0.06188613586311888
6.0,16.131,16.172641135049318,0.06183281949123337,5.0006413886281925e-06,1.5,16.24918425166454,0.06154155091801372
7.5,16.131,16.125421809584907,0.062013881671337284,2.9591282445334047e-06,1.5,16.386038814428588,0.06102756201940999
9.0,16.131,16.11652668155525,0.062048108737006086,1.924377483200473e-06,1.5,16.403289707633068,0.060963380993915045
10.5,16.131,16.156511364295977,0.06189454997134372,1.3377612288416965e-06,1.5,16.420183546524676,0.06090065906794626
12.0,16.131,16.249971063807237,0.061538571119505,8.523883395981967e-07,1.5,16.4962032278592,0.06062000971903492
13.5,16.131,16.395566055789363,0.06099209972972507,nan,1.5,nan,nan
15.0,16.131,16.586799375688923,0.06028890669924472,nan,1.5,nan,nan
16.5,16.131,16.813279643870775,0.05947679579364795,nan,1.5,nan,nan
18.0,16.131,17.062235312896807,0.05860896779709347,nan,1.5,nan,nan
19.5,16.131,17.320076006591158,0.057736467185216155,nan,nan,nan,nan
Name:	112.88378916846884_12_80_0.08
Lambda:	112.88378916846884	Maximal Depth:	20	Filter time:	12.0 to 80.0 [us]
Chi2:	0.11726433060220685	RelRMS:	2.739510386645986	AbsRMS:	7.436722394979557e-07	Phi model:	0.0006682831893040808
depth_vector,start_model,resistivity_model,conductivity_model,E/I[V/A],modelled_thickness,rhoa,sigma
0.0,16.131,16.4473315988247,0.0608001361188254,6.828331206435898e-05,1.0,15.926257606891934,0.06278938999249012
1.0,16.131,16.431000607555696,0.06086056618731765,4.729915554759638e-05,1.0,15.881509606917744,0.06296630639976537
2.0,16.131,16.399468313828162,0.06097758664265914,2.9675692916698266e-05,1.0,16.040514153760405,0.06234214130633514
3.0,16.131,16.355954987788262,0.06113981120311369,1.736973676300279e-05,1.0,16.223752441393824,0.06163802138946392
4.0,16.131,16.30532141142209,0.06132967114033625,1.1353604641381425e-05,1.0,16.169282949674862,0.061845661499795104
5.0,16.131,16.25350999304178,0.06152517212762693,7.883090201689021e-06,1.0,16.16448877923755,0.061864004092999726
6.0,16.131,16.206946646573396,0.06170193694143049,4.9986452702562105e-06,1.5,16.253509841913207,0.061525172699701
7.5,16.131,16.179864753907,0.06180521377711312,2.958739863900082e-06,1.5,16.387472731389597,0.061022222058959526
9.0,16.131,16.184220549326003,0.0617885796200204,1.924768212449857e-06,1.5,16.401069713246265,0.06097163279492395
10.5,16.131,16.228022759000456,0.06162180167299652,1.3384723689932875e-06,1.5,16.414366922364994,0.06092223993344967
12.0,16.131,16.31451038277062,0.06129512786703529,8.531986131175439e-07,1.5,16.485757396534293,0.060658420231892066
13.5,16.131,16.44216215225189,0.060819251795484926,nan,1.5,nan,nan
15.0,16.131,16.60534242779584,0.06022158256285583,nan,1.5,nan,nan
16.5,16.131,16.795362344713624,0.05954024566280061,nan,1.5,nan,nan
18.0,16.131,17.00174694431142,0.05881748524286723,nan,1.5,nan,nan
19.5,16.131,17.21352151304096,0.05809386529318828,nan,nan,nan,nan
Name:	143.8449888287663_12_80_0.08
Lambda:	143.8449888287663	Maximal Depth:	20	Filter time:	12.0 to 80.0 [us]
Chi2:	0.11959190485046589	RelRMS:	2.766565002025041	AbsRMS:	7.462170008788311e-07	Phi model:	0.00046689048684103675
depth_vector,start_model,resistivity_model,conductivity_model,E/I[V/A],modelled_thickness,rhoa,sigma
0.0,16.131,16.39302711615141,0.06100154613998894,6.829058528068077e-05,1.0,15.925126780707116,0.06279384859977846
1.0,16.131,16.38179264643526,0.06104338039082699,4.729378357786644e-05,1.0,15.88271220857609,0.06296153873895896
2.0,16.131,16.360195028547622,0.061123965714042904,2.966460343674145e-05,1.0,16.044511507702023,0.06232660929065737
3.0,16.131,16.330691660817298,0.06123439354374249,1.736016518150892e-05,1.0,16.229715238054716,0.06161537558313065
4.0,16.131,16.296987900711866,0.06136103224058473,1.134770916946239e-05,1.0,16.174882746660995,0.061824250330743916
5.0,16.131,16.263616045355718,0.061486940986015384,7.879680400912964e-06,1.0,16.169151718945226,0.06184616344642932
6.0,16.131,16.235480945852895,0.06159349410929737,4.9972022838823145e-06,1.5,16.256638587866593,0.06151333159035511
7.5,16.131,16.22407364055105,0.06163680109911255,2.9586445380756395e-06,1.5,16.38782472612684,0.061020911360231744
9.0,16.131,16.238445462658454,0.06158224950162726,1.9252864506871294e-06,1.5,16.3981264134529,0.06098257659360447
10.5,16.131,16.28452401948461,0.061407996868897675,1.339222911536143e-06,1.5,16.408233598533453,0.060945012392399064
12.0,16.131,16.36445331025165,0.06110806032081386,8.539940404011324e-07,1.5,16.475519028661566,0.06069611514273719
13.5,16.131,16.476604412088335,0.0606921168336319,nan,1.5,nan,nan
15.0,16.131,16.61611137965745,0.060182552773705315,nan,1.5,nan,nan
16.5,16.131,16.775751232111507,0.059609849130680834,nan,1.5,nan,nan
18.0,16.131,16.946987230216887,0.05900753841467325,nan,1.5,nan,nan
19.5,16.131,17.121012434696613,0.05840776086193644,nan,nan,nan,nan
Name:	183.29807108324357_12_80_0.08
Lambda:	183.29807108324357	Maximal Depth:	20	Filter time:	12.0 to 80.0 [us]
Chi2:	0.12157576484618814	RelRMS:	2.789417313733469	AbsRMS:	7.451210151626398e-07	Phi model:	0.0003317229703166682
depth_vector,start_model,resistivity_model,conductivity_model,E/I[V/A],modelled_thickness,rhoa,sigma
0.0,16.131,16.352988849476834,0.06115090086617359,6.828624528589674e-05,1.0,15.925801530893226,0.0627911881270263
1.0,16.131,16.345690003999678,0.061178206594845914,4.728334679903344e-05,1.0,15.88504930000831,0.06295227550848563
2.0,16.131,16.331764435930076,0.06123037127574459,2.9652732796099364e-05,1.0,16.048793202444813,0.06230998103007918
3.0,16.131,16.313076141511143,0.06130051691816392,1.735140638745453e-05,1.0,16.235176496672565,0.06159464913762731
4.0,16.131,16.29242711856307,0.061378209196383766,1.1342617409427131e-05,1.0,16.17972304397697,0.06180575509741237
5.0,16.131,16.273240543627363,0.06145057570550091,7.876911075773137e-06,1.0,16.17294127676732,0.06183167198142958
6.0,16.131,16.25921657192018,0.06150357832904504,4.99620998734736e-06,1.5,16.258791002363807,0.06150518816894895
7.5,16.131,16.259611344676582,0.06150208506228541,2.958799032163799e-06,1.5,16.387254259518777,0.061023035596041685
9.0,16.131,16.281149835042417,0.0614207233599478,1.925919932308849e-06,1.5,16.394530389514728,0.06099595268916999
10.5,16.131,16.328093510148275,0.06124413725206054,1.340015466783146e-06,1.5,16.401763168796432,0.060969054955167995
12.0,16.131,16.401726222718626,0.06096919229238589,8.547853339394788e-07,1.5,16.465349626283594,0.06073360254699376
13.5,16.131,16.50037407576776,0.06060468662153468,nan,1.5,nan,nan
15.0,16.131,16.61984982670563,0.06016901538984718,nan,1.5,nan,nan
16.5,16.131,16.754174894893076,0.05968661580014991,nan,1.5,nan,nan
18.0,16.131,16.896426930255657,0.05918411058904684,nan,1.5,nan,nan
19.5,16.131,17.039575398263747,0.05868690836638425,nan,nan,nan,nan
Name:	233.57214690901213_12_80_0.08
Lambda:	233.57214690901213	Maximal Depth:	20	Filter time:	12.0 to 80.0 [us]
Chi2:	0.12329035404036727	RelRMS:	2.8090180950972004	AbsRMS:	7.406872497964924e-07	Phi model:	0.00023974539268800367
depth_vector,start_model,resistivity_model,conductivity_model,E/I[V/A],modelled_thickness,rhoa,sigma
0.0,16.131,16.324989327074924,0.0612557827735608,6.827115150502956e-05,1.0,15.928148756591131,0.06278193500586163
1.0,16.131,16.320664470178603,0.061272015108650574,4.726801618666574e-05,1.0,15.888483819312913,0.06293866748849068
2.0,16.131,16.31253311989314,0.06130255752740815,2.9639856711889915e-05,1.0,16.053440787977415,0.062291941846442676
3.0,16.131,16.301999857438656,0.06134216714176308,1.734316849795313e-05,1.0,16.2403171568843,0.061575152156194086
4.0,16.131,16.29116510731141,0.06138296392019279,1.1338119453832778e-05,1.0,16.1840018761124,0.06178941448814343
5.0,16.131,16.2825871315272,0.061415301630030734,7.874639396933645e-06,1.0,16.17605151122988,0.06181978335725324
6.0,16.131,16.279022169326055,0.061428751039129495,4.995584765936726e-06,1.5,16.260147551222254,0.06150005692444232
7.5,16.131,16.287913870179022,0.06139521659866248,2.959166960741714e-06,1.5,16.38589588981863,0.06102809432722867
9.0,16.131,16.314154860674353,0.06129646362561649,1.9266580840246835e-06,1.5,16.390342681029253,0.06101153706550837
10.5,16.131,16.36070073798747,0.061122076371590055,1.3408520596840011e-06,1.5,16.394940131259464,0.060994428280549004
12.0,16.131,16.42818067135563,0.060871013047939744,8.555814014482342e-07,1.5,16.455134690719827,0.060771304446627726
13.5,16.131,16.514928583420136,0.06055127607417763,nan,1.5,nan,nan
15.0,16.131,16.617351514959267,0.06017806141368438,nan,1.5,nan,nan
16.5,16.131,16.73051690596786,0.05977101637805912,nan,1.5,nan,nan
18.0,16.131,16.84883359081583,0.05935128948897046,nan,1.5,nan,nan
19.5,16.131,16.966713401878696,0.0589389339180605,nan,nan,nan,nan
Name:	297.63514416313194_12_80_0.08
Lambda:	297.63514416313194	Maximal Depth:	20	Filter time:	12.0 to 80.0 [us]
Chi2:	0.12480666975039717	RelRMS:	2.8262389962679055	AbsRMS:	7.333293024846364e-07	Phi model:	0.00017574720239460295
depth_vector,start_model,resistivity_model,conductivity_model,E/I[V/A],modelled_thickness,rhoa,sigma
0.0,16.131,16.307003472589777,0.06132334500822831,6.82465059997719e-05,1.0,15.931983225427683,0.06276682481086128
1.0,16.131,16.304864423453616,0.06133139007041096,4.724821988407747e-05,1.0,15.892921535331151,0.06292109337964863
2.0,16.131,16.300985886226304,0.061345982812301,2.9625923267469295e-05,1.0,16.058473816954375,0.06227241837541311
3.0,16.131,16.29641873523299,0.06136317532379012,1.733525873021064e-05,1.0,16.245256891636206,0.06155642885000146
4.0,16.131,16.292722678451348,0.06137709575837768,1.1334062044693034e-05,1.0,16.18786405130632,0.06177467248492876
5.0,16.131,16.291787880229556,0.061380617483580306,7.87275502073661e-06,1.0,16.1786326111108,0.06180992077867213
6.0,16.131,16.295639524448774,0.061366109534987806,4.995257196439202e-06,1.5,16.260858394854115,0.061497368448670486
7.5,16.131,16.31025612243107,0.061311115686572576,2.9597148435009797e-06,1.5,16.383873661928885,0.06103562689961986
9.0,16.131,16.339112352764797,0.06120283516079664,1.9274887098563166e-06,1.5,16.385633541463044,0.06102907144051214
10.5,16.131,16.38416390248352,0.06103454567177635,1.3417313519215842e-06,1.5,16.38777649223331,0.06102109096215291
12.0,16.131,16.44556069418997,0.06080668324998421,8.563871899674148e-07,1.5,16.444811136946647,0.060809454828781494
13.5,16.131,16.521688203546415,0.060526502357389114,nan,1.5,nan,nan
15.0,16.131,16.609472560281716,0.06020660778785373,nan,1.5,nan,nan
16.5,16.131,16.70485487304094,0.059862836738189554,nan,1.5,nan,nan
18.0,16.131,16.8033333841829,0.0595120014068939,nan,1.5,nan,nan
19.5,16.131,16.900482311258976,0.05916990897554488,nan,nan,nan,nan
Name:	379.26901907322497_12_80_0.08
Lambda:	379.26901907322497	Maximal Depth:	20	Filter time:	12.0 to 80.0 [us]
Chi2:	0.12618702970165024	RelRMS:	2.841825100337038	AbsRMS:	7.235630021497518e-07	Phi model:	0.00012996772795785983
depth_vector,start_model,resistivity_model,conductivity_model,E/I[V/A],modelled_thickness,rhoa,sigma
0.0,16.131,16.297182151878225,0.06136030085941891,6.821383877380797e-05,1.0,15.937069311319526,0.06274679368368788
1.0,16.131,16.296591206055105,0.06136252590225393,4.722463143239891e-05,1.0,15.898213381245922,0.06290014959666061
2.0,16.131,16.295717039036862,0.06136581763198704,2.9611043620792672e-05,1.0,16.063852990399802,0.062251565710768605
3.0,16.131,16.29534002906987,0.061367237395234614,1.7327575988485062e-05,1.0,16.25005844387145,0.06153824021335383
4.0,16.131,16.296606836976597,0.06136246704627032,1.1330342337488144e-05,1.0,16.191406799239502,0.0617611559266715
5.0,16.131,16.300897096392443,0.061346316959531653,7.871174806501144e-06,1.0,16.180797882991236,0.061801649537392075
6.0,16.131,16.309677038542556,0.06131329257083564,4.995167868273974e-06,1.5,16.26105225531479,0.0614966352914313
7.5,16.131,16.327743167999937,0.061245451359123425,2.9604090001608576e-06,1.5,16.381312434855516,0.061045169852950186
9.0,16.131,16.357494087467952,0.06113405847208191,1.9283956151591845e-06,1.5,16.380495804909707,0.06104821318657957
10.5,16.131,16.400140089305115,0.06097508890501012,1.34264677407035e-06,1.5,16.380326809470418,0.06104884301953255
12.0,16.131,16.455498025821154,0.06076996262470145,8.572023201753904e-07,1.5,16.434384358760898,0.060848035324603846
13.5,16.131,16.522039968436918,0.06052521370910386,nan,1.5,nan,nan
15.0,16.131,16.59714555485784,0.060251324343378355,nan,1.5,nan,nan
16.5,16.131,16.67748285016295,0.05996108699282694,nan,1.5,nan,nan
18.0,16.131,16.759436701426498,0.05966787654115391,nan,1.5,nan,nan
19.5,16.131,16.8395123180346,0.0593841425519806,nan,nan,nan,nan
Name:	483.2930238571752_12_80_0.08
Lambda:	483.2930238571752	Maximal Depth:	20	Filter time:	12.0 to 80.0 [us]
Chi2:	0.1274806879072695	RelRMS:	2.8563550245138027	AbsRMS:	7.11988512447833e-07	Phi model:	9.630828840054425e-05
depth_vector,start_model,resistivity_model,conductivity_model,E/I[V/A],modelled_thickness,rhoa,sigma
0.0,16.131,16.293826404005227,0.061372938142644475,6.817496807041651e-05,1.0,15.943126532015759,0.0627229544965272
1.0,16.131,16.29427650064351,0.06137124283858243,4.7198140780190386e-05,1.0,15.90416156264738,0.06287662484192859
2.0,16.131,16.29541344522848,0.06136696091579154,2.9595472709572387e-05,1.0,16.069486890404004,0.06222974055239787
3.0,16.131,16.297812402109404,0.06135792800453215,1.732009912746738e-05,1.0,16.254734733064975,0.061520536411204856
4.0,16.131,16.302307749112007,0.0613410086099295,1.1326900282642326e-05,1.0,16.194686830938043,0.06174864697535353
5.0,16.131,16.309893751409504,0.06131247788867906,7.869837630607286e-06,1.0,16.182630700152764,0.061794649987937995
6.0,16.131,16.32161539327368,0.061268445304262655,4.995264209313975e-06,1.5,16.26084317572048,0.061497426006366505
7.5,16.131,16.341316628391507,0.06119457952749007,2.961213792902108e-06,1.5,16.37834424692068,0.06105623284771363
9.0,16.131,16.37059720278791,0.0610851264381302,1.9293575549760417e-06,1.5,16.3750506898614,0.061068513248581834
10.5,16.131,16.410129215935783,0.06093797232436816,1.3435858554608825e-06,1.5,16.3726933796373,0.061077305780593116
12.0,16.131,16.45951492591194,0.06075513187972002,8.58020707949443e-07,1.5,16.42393252227312,0.06088675770214362
13.5,16.131,16.517339453453605,0.06054243801297614,nan,1.5,nan,nan
15.0,16.131,16.581379031522403,0.06030861474784019,nan,1.5,nan,nan
16.5,16.131,16.64890533125586,0.06006400902061997,nan,1.5,nan,nan
18.0,16.131,16.717021814216253,0.05981926751747098,nan,1.5,nan,nan
19.5,16.131,16.782975543601786,0.05958418978815901,nan,nan,nan,nan
Name:	615.8482110660261_12_80_0.08
Lambda:	615.8482110660261	Maximal Depth:	20	Filter time:	12.0 to 80.0 [us]
Chi2:	0.12871964354675353	RelRMS:	2.8702015934411693	AbsRMS:	6.992608647689325e-07	Phi model:	7.1050986075549e-05
depth_vector,start_model,resistivity_model,conductivity_model,E/I[V/A],modelled_thickness,rhoa,sigma
0.0,16.131,16.295336491942958,0.06136725071583753,6.813192837740126e-05,1.0,15.949840124922044,0.06269655320478565
1.0,16.131,16.29644673420177,0.061363069895554255,4.71698092026987e-05,1.0,15.91052926406677,0.06285146040103493
2.0,16.131,16.298844298411836,0.061354043372108306,2.9579585568785436e-05,1.0,16.075240303279394,0.06220746820164158
3.0,16.131,16.302943169471867,0.06133861779464174,1.7312876664650154e-05,1.0,16.259255108597085,0.06150343255708251
4.0,16.131,16.309337116608177,0.061314570472743295,1.1323713783228874e-05,1.0,16.19772481777575,0.06173706562186915
5.0,16.131,16.31872834870389,0.061279284674128714,7.868702173344475e-06,1.0,16.18418743664042,0.06178870603883614
6.0,16.131,16.33184821899926,0.06123005716136122,4.995500010964979e-06,1.5,16.260331466672337,0.061499361316811406
7.5,16.131,16.351775920914253,0.061155436867317864,2.9620919753356883e-06,1.5,16.375106921155027,0.06106830354237861
9.0,16.131,16.379539342887632,0.06105177801805658,1.930348766707451e-06,1.5,16.369444610784843,0.06108942751430675
10.5,16.131,16.41544460953431,0.06091824033929527,1.3445307624754642e-06,1.5,16.36502156535307,0.06110593841911783
12.0,16.131,16.458978638835056,0.060757111479596566,8.58831036936554e-07,1.5,16.41359996419951,0.06092508664650948
13.5,16.131,16.50886077146487,0.06057353162299809,nan,1.5,nan,nan
15.0,16.131,16.563212486660742,0.06037476128530951,nan,1.5,nan,nan
16.5,16.131,16.619800270931645,0.060169194797666706,nan,1.5,nan,nan
18.0,16.131,16.676300513505904,0.059965338186974616,nan,1.5,nan,nan
19.5,16.131,16.73054142701727,0.05977092877491417,nan,nan,nan,nan
Name:	784.7599703514607_12_80_0.08
Lambda:	784.7599703514607	Maximal Depth:	20	Filter time:	12.0 to 80.0 [us]
Chi2:	0.12992326178179614	RelRMS:	2.8835895606058353	AbsRMS:	6.860207708316295e-07	Phi model:	5.184982358303027e-05
depth_vector,start_model,resistivity_model,conductivity_model,E/I[V/A],modelled_thickness,rhoa,sigma
0.0,16.131,16.30042134579033,0.0613481074376188,6.808675453624624e-05,1.0,15.956894222288136,0.0626688368093102
1.0,16.131,16.301870172297296,0.06134265513286675,4.714071286143854e-05,1.0,15.917075489206512,0.0628256114433903
2.0,16.131,16.304907554879208,0.06133122783028305,2.956377615866138e-05,1.0,16.080970681345725,0.062185300863711025
3.0,16.131,16.30983956735876,0.061312681579119996,1.730596997807326e-05,1.0,16.263580787768355,0.06148707428268737
4.0,16.131,16.317095032109695,0.061285418638069085,1.1320766334595496e-05,1.0,16.20053616399515,0.06172635213286632
5.0,16.131,16.327170824470183,0.06124759829800151,7.86772854571961e-06,1.0,16.18552259937988,0.06178360901601739
6.0,16.131,16.340571817303246,0.06119736880572851,4.9958278584904225e-06,1.5,16.259620077370023,0.06150205203083373
7.5,16.131,16.35975723171615,0.06112560142771137,2.963003750378142e-06,1.5,16.371747451980813,0.061080834708271185
9.0,16.131,16.38534169694236,0.06103015844867052,1.931340583497632e-06,1.5,16.363839909726558,0.061110350963871664
10.5,16.131,16.41737734772158,0.06091106873040115,1.345460847859892e-06,1.5,16.357478860276807,0.06113411538182955
12.0,16.131,16.45529273267284,0.0607707207793665,8.596195716574961e-07,1.5,16.403560893089637,0.06096237314065583
13.5,16.131,16.497944797220153,0.06061361050065439,nan,1.5,nan,nan
15.0,16.131,16.543759294411785,0.060445753725260246,nan,1.5,nan,nan
16.5,16.131,16.590922846345997,0.06027392262994226,nan,1.5,nan,nan
18.0,16.131,16.637587551259625,0.060104867783207575,nan,1.5,nan,nan
19.5,16.131,16.682054423829655,0.059944655172179485,nan,nan,nan,nan
Name:	1000.0_12_80_0.08
Lambda:	1000.0	Maximal Depth:	20	Filter time:	12.0 to 80.0 [us]
Chi2:	0.13108875863807817	RelRMS:	2.8964945283630352	AbsRMS:	6.728817580007953e-07	Phi model:	3.7305107072503034e-05
depth_vector,start_model,resistivity_model,conductivity_model,E/I[V/A],modelled_thickness,rhoa,sigma
0.0,16.131,16.307721595741327,0.06132064458723312,6.804147059432629e-05,1.0,15.963973345623092,0.06264104670872393
1.0,16.131,16.309308590254812,0.06131467771708747,4.711197217892124e-05,1.0,15.92354831117557,0.06280007322853873
2.0,16.131,16.3125898325128,0.061302344401922566,2.9548506058035255e-05,1.0,16.08651042888033,0.062163885972726964
3.0,16.131,16.317786803423026,0.06128282052258627,1.7299498273708523e-05,1.0,16.26763664818329,0.06147174427526178
4.0,16.131,16.325202933341373,0.061254981275465484,1.1318080016506461e-05,1.0,16.203099500527795,0.06171658700037152
5.0,16.131,16.335183117094342,0.06121755678107619,7.866901805548969e-06,1.0,16.186656547464594,0.061779280796356646
6.0,16.131,16.348069336877334,0.061169302588180194,4.996213583143244e-06,1.5,16.25878320134946,0.06150521767932801
7.5,16.131,16.36582404870729,0.06110294214479157,2.963913997558097e-06,1.5,16.368395330463734,0.061093343593606186
9.0,16.131,16.38878522965927,0.06101733508535278,1.9323048029899456e-06,1.5,16.358395756227473,0.061130688785256355
10.5,16.131,16.416853572984696,0.060913012079585306,1.3463540014844696e-06,1.5,16.350243835257682,0.06116116738538168
12.0,16.131,16.449455272436026,0.06079228664037751,8.603701591054208e-07,1.5,16.39401918774925,0.06099785467783699
13.5,16.131,16.48559048400249,0.06065903438341463,nan,1.5,nan,nan
15.0,16.131,16.523947895661475,0.06051822520346725,nan,1.5,nan,nan
16.5,16.131,16.56305661341445,0.060375329466065955,nan,1.5,nan,nan
18.0,16.131,16.601445045826708,0.06023572027854173,nan,1.5,nan,nan
19.5,16.131,16.637780993070606,0.06010416896438807,nan,nan,nan,nan
