Name:	10.0_12_80_0.08
Lambda:	10.0	Maximal Depth:	20	Filter time:	12.0 to 80.0 [us]
Chi2:	0.039607711802578306	RelRMS:	1.5921349048887194	AbsRMS:	4.041477610410916e-07	Phi model:	0.022489685549630524
depth_vector,start_model,resistivity_model,conductivity_model,E/I[V/A],modelled_thickness,rhoa,sigma
0.0,15.8278,17.00159860677231,0.05881799842055243,7.102879455975684e-05,1.0,15.513167873636466,0.06446136650783167
1.0,15.8278,16.88402193650934,0.05922759421661492,4.9294979753237287e-05,1.0,15.449896629227663,0.06472535214949136
2.0,15.8278,16.655293552012346,0.060040971170945034,3.096610285905659e-05,1.0,15.59173682620644,0.06413653662491338
3.0,15.8278,16.342506106447,0.061190125522150314,1.808755792182668e-05,1.0,15.791625838244087,0.0633247019808565
4.0,15.8278,15.979209161880675,0.06258131988068331,1.175646375553922e-05,1.0,15.797758339124625,0.06330012008877275
5.0,15.8278,15.604842299130794,0.06408267259808842,8.110122051487454e-06,1.0,15.86139490617934,0.06304615741017937
6.0,15.8278,15.258782970870927,0.06553602616335809,5.094461402331643e-06,1.5,16.049069329570454,0.06230890897564367
7.5,15.8278,15.018577451865255,0.06658420234572905,2.9755007646013256e-06,1.5,16.325874737321914,0.06125246065461601
9.0,15.8278,14.951266841335029,0.06688396445680105,1.91092692752781e-06,1.5,16.480172234739275,0.06067897748617313
10.5,15.8278,15.10403536534218,0.0662074720968018,1.3133345502700243e-06,1.5,16.623156658267963,0.060157046014640295
12.0,15.8278,15.505023610374698,0.06449522587833284,8.24645355347474e-07,1.5,16.8641395336291,0.05929742208346184
13.5,15.8278,16.164723484588723,0.061863105852283176,nan,1.5,nan,nan
15.0,15.8278,17.077644653216886,0.05855608430238837,nan,1.5,nan,nan
16.5,15.8278,18.2217938432165,0.05487933891713269,nan,1.5,nan,nan
18.0,15.8278,19.55871646733965,0.051128099416434696,nan,1.5,nan,nan
19.5,15.8278,21.034440191591887,0.04754107981441459,nan,nan,nan,nan
Name:	12.742749857031335_12_80_0.08
Lambda:	12.742749857031335	Maximal Depth:	20	Filter time:	12.0 to 80.0 [us]
Chi2:	0.04406600695704932	RelRMS:	1.6793523886460389	AbsRMS:	4.316268398250297e-07	Phi model:	0.018010130596040192
depth_vector,start_model,resistivity_model,conductivity_model,E/I[V/A],modelled_thickness,rhoa,sigma
0.0,15.8278,16.761333009708057,0.059661125963001056,7.112377967769837e-05,1.0,15.499353007401329,0.06451882214196135
1.0,15.8278,16.66504811171882,0.06000582736372675,4.931214316155181e-05,1.0,15.446311464030835,0.06474037522347373
2.0,15.8278,16.47993439101281,0.06067985322473986,3.093880808304332e-05,1.0,15.600905686515375,0.06409884272708276
3.0,15.8278,16.225775273781455,0.06163033711035415,1.805303633244975e-05,1.0,15.81175092661915,0.06324410273352433
4.0,15.8278,15.9310972887781,0.06277031530680578,1.1731565824862563e-05,1.0,15.820102187669656,0.06321071685487657
5.0,15.8278,15.62898274279859,0.06398369084262844,8.093053793932242e-06,1.0,15.88368820518711,0.06295766997449823
6.0,15.8278,15.353183147912215,0.06513307308106878,5.084318009221783e-06,1.5,16.07040787653019,0.062226174200621036
7.5,15.8278,15.172887029782707,0.06590703522916305,2.9708911386487566e-06,1.5,16.342757826059582,0.061189183040174254
9.0,15.8278,15.147031364354199,0.0660195371585035,1.909354949098969e-06,1.5,16.489216448599414,0.06064569551362396
10.5,15.8278,15.317290429640044,0.0652856981849041,1.313263569830073e-06,1.5,16.623755628330766,0.06015487849783873
12.0,15.8278,15.707713880545903,0.06366298798187978,8.254235409810488e-07,1.5,16.853538516182713,0.059334720660578384
13.5,15.8278,16.325850697069505,0.06125255085050486,nan,1.5,nan,nan
15.0,15.8278,17.1637219790142,0.0582624212407241,nan,1.5,nan,nan
16.5,15.8278,18.198323254681178,0.05495011743693303,nan,1.5,nan,nan
18.0,15.8278,19.392292163467076,0.05156687984950479,nan,1.5,nan,nan
19.5,15.8278,20.695702252306802,0.04831921081047333,nan,nan,nan,nan
Name:	16.237767391887218_12_80_0.08
Lambda:	16.237767391887218	Maximal Depth:	20	Filter time:	12.0 to 80.0 [us]
Chi2:	0.04901352086806192	RelRMS:	1.7711197970651116	AbsRMS:	4.6143581380182864e-07	Phi model:	0.014222066501607044
depth_vector,start_model,resistivity_model,conductivity_model,E/I[V/A],modelled_thickness,rhoa,sigma
0.0,15.8278,16.53429705205042,0.06048034560235446,7.122382361331815e-05,1.0,15.484835584882394,0.06457931015917823
1.0,15.8278,16.4586869205813,0.06075818835520332,4.9334626927857405e-05,1.0,15.441618105453522,0.0647600525521888
2.0,15.8278,16.313408762999586,0.06129926703412828,3.091634182704151e-05,1.0,15.60846267169056,0.06406780866470109
3.0,15.8278,16.114434820415603,0.062056163380492003,1.802217445451162e-05,1.0,15.829796886664505,0.06317200448999001
4.0,15.8278,15.885016554259625,0.0629524052797947,1.1709279307715236e-05,1.0,15.840169646991349,0.06313063699983402
5.0,15.8278,15.652443445299717,0.06388778873373221,8.077882622208775e-06,1.0,15.903569553315485,0.06287896542015788
6.0,15.8278,15.444963875284047,0.06474602388680621,5.0754284733247634e-06,1.5,16.08916712000717,0.06215362128698893
7.5,15.8278,15.323399775257071,0.06525966917698743,2.967028714568669e-06,1.5,16.356937887445106,0.061136137269773315
9.0,15.8278,15.338295207887326,0.0651962937501539,1.9082481444510844e-06,1.5,16.49559178214999,0.06062225673419658
10.5,15.8278,15.525471047084444,0.06441028404016069,1.313497206265774e-06,1.5,16.621784285392486,0.06016201286397498
12.0,15.8278,15.904962512261227,0.06287345847115919,8.263803555168523e-07,1.5,16.840526893505285,0.05938056489109375
13.5,15.8278,16.481524868713734,0.06067399758005783,nan,1.5,nan,nan
15.0,15.8278,17.24546649946897,0.05798625395438229,nan,1.5,nan,nan
16.5,15.8278,18.17351631199889,0.05502512462817995,nan,1.5,nan,nan
18.0,15.8278,19.23012460581965,0.05200174312429406,nan,1.5,nan,nan
19.5,15.8278,20.3697960008471,0.04909229331302159,nan,nan,nan,nan
Name:	20.6913808111479_12_80_0.08
Lambda:	20.6913808111479	Maximal Depth:	20	Filter time:	12.0 to 80.0 [us]
Chi2:	0.0541733077757719	RelRMS:	1.8620128081324794	AbsRMS:	4.915850387839158e-07	Phi model:	0.011141373883173294
depth_vector,start_model,resistivity_model,conductivity_model,E/I[V/A],modelled_thickness,rhoa,sigma
0.0,15.8278,16.325930632363374,0.06125225094474373,7.132328726733811e-05,1.0,15.470436019323508,0.06463941926077195
1.0,15.8278,16.269139144012478,0.0614660672054077,4.9359816165151874e-05,1.0,15.436364227530463,0.06478209410325515
2.0,15.8278,16.160238777253273,0.061880273787016916,3.0898085915156325e-05,1.0,15.614610165045741,0.06404258508089822
3.0,15.8278,16.011925184311657,0.06245345194216815,1.7995127987496767e-05,1.0,15.845654249204228,0.06310878580795869
4.0,15.8278,15.84283094611479,0.06312003223421599,1.1689793526054967e-05,1.0,15.857767471357551,0.06306057910145356
5.0,15.8278,15.675060387281558,0.0637956074996292,8.064754865980187e-06,1.0,15.920823360146962,0.0628108218638492
6.0,15.8278,15.531793580810925,0.06438406451882484,5.067888172702492e-06,1.5,16.105122101489993,0.062092047095220926
7.5,15.8278,15.465863165144224,0.06465853145873703,2.9639505230067277e-06,1.5,16.368260855836912,0.061093845510373855
9.0,15.8278,15.519534174186882,0.06443492367594811,1.9076035363696624e-06,1.5,16.499307646166493,0.06060860379388971
10.5,15.8278,15.722671240540336,0.06360242383123399,1.3140131309452733e-06,1.5,16.617433161951176,0.06017776573879612
12.0,15.8278,16.091258358418546,0.06214554373100503,8.274854310086985e-07,1.5,16.82553029660812,0.05943349079473538
13.5,15.8278,16.62747732618937,0.06014141414133425,nan,1.5,nan,nan
15.0,15.8278,17.3204425077012,0.05773524547974854,nan,1.5,nan,nan
16.5,15.8278,18.147327211342862,0.055104533486063825,nan,1.5,nan,nan
18.0,15.8278,19.075083423026776,0.05242441030652767,nan,1.5,nan,nan
19.5,15.8278,20.063059703524484,0.0498428462446498,nan,nan,nan,nan
Name:	26.366508987303583_12_80_0.08
Lambda:	26.366508987303583	Maximal Depth:	20	Filter time:	12.0 to 80.0 [us]
Chi2:	0.05931405046355603	RelRMS:	1.9483580855858058	AbsRMS:	5.200781676192674e-07	Phi model:	0.008721944441736715
depth_vector,start_model,resistivity_model,conductivity_model,E/I[V/A],modelled_thickness,rhoa,sigma
0.0,15.8278,16.14054458438922,0.06195577818156012,7.141634417463211e-05,1.0,15.45699424328119,0.0646956312631531
1.0,15.8278,16.100424796756435,0.062110162472325474,4.938469322663115e-05,1.0,15.431179846104165,0.06480385880879129
2.0,15.8278,16.023432597316507,0.062408600275041755,3.088295740003356e-05,1.0,15.619709128003365,0.06402167875246649
3.0,15.8278,15.920229570878572,0.0628131645682553,1.7971679809252003e-05,1.0,15.859434113978828,0.06305395216583293
4.0,15.8278,15.80520013094501,0.06327031557430896,1.1673044318375125e-05,1.0,15.872932984665145,0.063000328985582
5.0,15.8278,15.69615922547211,0.06370985319626317,8.053644659421511e-06,1.0,15.935462114753705,0.06275312211210737
6.0,15.8278,15.611617757504115,0.06405486065140975,5.0616895637219945e-06,1.5,16.1182677766556,0.062041406301012035
7.5,15.8278,15.597043345572768,0.06411471570884944,2.9616424945519173e-06,1.5,16.3767636841942,0.06106212553858464
9.0,15.8278,15.686671494184097,0.06374838667149717,1.9073940766273163e-06,1.5,16.500515534115728,0.06060416705965609
10.5,15.8278,15.904404477023428,0.06287566450190997,1.3147787205094717e-06,1.5,16.610981699456918,0.060201137903408454
12.0,15.8278,16.262336342044403,0.0614917794692645,8.287070172743808e-07,1.5,16.808991367652975,0.05949196939468886
13.5,15.8278,16.760144552517826,0.05966535651685492,nan,1.5,nan,nan
15.0,15.8278,17.386402761587338,0.05751621043827138,nan,1.5,nan,nan
16.5,15.8278,18.11924727057352,0.05518993063382083,nan,1.5,nan,nan
18.0,15.8278,18.92878798399878,0.052829584273717776,nan,1.5,nan,nan
19.5,15.8278,19.77942665942643,0.05055758274587916,nan,nan,nan,nan
Name:	33.59818286283781_12_80_0.08
Lambda:	33.59818286283781	Maximal Depth:	20	Filter time:	12.0 to 80.0 [us]
Chi2:	0.06423744848606669	RelRMS:	2.027608616846029	AbsRMS:	5.442806362556077e-07	Phi model:	0.006888662170604316
depth_vector,start_model,resistivity_model,conductivity_model,E/I[V/A],modelled_thickness,rhoa,sigma
0.0,15.8278,15.979664177997291,0.06257953789647966,7.149496059188321e-05,1.0,15.445661077884129,0.06474310131224167
1.0,15.8278,15.954001087906617,0.06268020131689822,4.940471589578909e-05,1.0,15.427010280817674,0.06482137379809909
2.0,15.8278,15.905560211653063,0.06287109581134773,3.086893812301338e-05,1.0,15.624437947565173,0.06400230224958808
3.0,15.8278,15.841981027026579,0.06312341861121977,1.7951102901937315e-05,1.0,15.871551319025379,0.06300581335116817
4.0,15.8278,15.774677389255665,0.06339273858501301,1.1658666795265933e-05,1.0,15.885980021394191,0.0629485872859758
5.0,15.8278,15.717318994999294,0.06362408247349088,8.04433814051761e-06,1.0,15.947750268734088,0.06270476920876557
6.0,15.8278,15.68459968529677,0.06375680731829139,5.0567210960417855e-06,1.5,16.128824022158597,0.06200080046915691
7.5,15.8278,15.715133928233984,0.06363292890577209,2.9600393853603846e-06,1.5,16.38267607651422,0.061040088647884225
9.0,15.8278,15.836001430631708,0.06314725370418897,1.9075650627263535e-06,1.5,16.499529494901232,0.060607788865071885
10.5,15.8278,16.065722581311366,0.062244321407818985,1.315745276623645e-06,1.5,16.602845670600498,0.06023063876156789
12.0,15.8278,16.412648667476002,0.06092861793731332,8.300053749402085e-07,1.5,16.79145752411326,0.059554091630458925
13.5,15.8278,16.874729304989,0.05926020986329842,nan,1.5,nan,nan
15.0,15.8278,17.440047212888246,0.057339294314581735,nan,1.5,nan,nan
16.5,15.8278,18.088281883185086,0.05528441045191819,nan,1.5,nan,nan
18.0,15.8278,18.7925758983748,0.053212502927099045,nan,1.5,nan,nan
19.5,15.8278,19.522241564491363,0.051223625970230856,nan,nan,nan,nan
Name:	42.81332398719393_12_80_0.08
Lambda:	42.81332398719393	Maximal Depth:	20	Filter time:	12.0 to 80.0 [us]
Chi2:	0.06886113326069145	RelRMS:	2.099312394257761	AbsRMS:	5.63030318194028e-07	Phi model:	0.0055233129784373804
depth_vector,start_model,resistivity_model,conductivity_model,E/I[V/A],modelled_thickness,rhoa,sigma
0.0,15.8278,15.844991596236559,0.06311142507879373,7.155571069662787e-05,1.0,15.436917696064423,0.06477977143422523
1.0,15.8278,15.831554346072608,0.06316499177151697,4.941774468775948e-05,1.0,15.424298648361027,0.0648327695668846
2.0,15.8278,15.806895234268847,0.06326353057822713,3.0854878713261794e-05,1.0,15.62918390034348,0.0639828673318012
3.0,15.8278,15.776861802965787,0.06338396142964355,1.793283602715389e-05,1.0,15.882327619427967,0.0629630633470094
4.0,15.8278,15.750108315406644,0.06349162684943614,1.1646329593481583e-05,1.0,15.897196943332881,0.0629041713180379
5.0,15.8278,15.73709617530063,0.06354412458694253,8.036625592523823e-06,1.0,15.957951741423408,0.0626646838017573
6.0,15.8278,15.749059602373583,0.06349585468895472,5.052869671009316e-06,1.5,16.13701884633569,0.06196931474905446
7.5,15.8278,15.818682578893172,0.06321638954525186,2.9590879861583465e-06,1.5,16.386187435400903,0.061027008505931575
9.0,15.8278,15.966448483138642,0.06263133602040863,1.9080876904390413e-06,1.5,16.49651652888351,0.06061885842681481
10.5,15.8278,16.205852720570427,0.06170610193999105,1.316896006134474e-06,1.5,16.593172333747674,0.0602657514721384
12.0,15.8278,16.54193134280085,0.06045243323024709,8.313727168769214e-07,1.5,16.773041426063017,0.059619479532563274
13.5,15.8278,16.97097002039306,0.05892415099421873,nan,1.5,nan,nan
15.0,15.8278,17.481117110492093,0.057204582160244453,nan,1.5,nan,nan
16.5,15.8278,18.053713613981035,0.05539026603510464,nan,1.5,nan,nan
18.0,15.8278,18.665213740702544,0.053575598645266884,nan,1.5,nan,nan
19.5,15.8278,19.289541217885922,0.0518415647476761,nan,nan,nan,nan
Name:	54.5559478116852_12_80_0.08
Lambda:	54.5559478116852	Maximal Depth:	20	Filter time:	12.0 to 80.0 [us]
Chi2:	0.07314685097910976	RelRMS:	2.163653960933454	AbsRMS:	5.745838022344426e-07	Phi model:	0.004520279395105194
depth_vector,start_model,resistivity_model,conductivity_model,E/I[V/A],modelled_thickness,rhoa,sigma
0.0,15.8278,15.736035639068605,0.06354840716789255,7.159312353217466e-05,1.0,15.431539254228952,0.06480234949510652
1.0,15.8278,15.732678720863964,0.0635619666391487,4.9420261570146305e-05,1.0,15.423774956608076,0.06483497086889002
2.0,15.8278,15.727688849078506,0.06358213273392617,3.0838813750712856e-05,1.0,15.634611269925854,0.06396065643944485
3.0,15.8278,15.725447869367413,0.0635911936058726,1.7915892920521746e-05,1.0,15.892339347573724,0.06292339838267232
4.0,15.8278,15.732401377436524,0.06356308716062915,1.1635459630600908e-05,1.0,15.907096282753399,0.06286502465470131
5.0,15.8278,15.756334798979939,0.06346653665068984,8.03015116669005e-06,1.0,15.966528142552425,0.06263102354323968
6.0,15.8278,15.805610333556496,0.06326867352138404,5.04994477117273e-06,1.5,16.143249225854525,0.061945398104765126
7.5,15.8278,15.90770407885896,0.0628626227293844,2.9586988628482815e-06,1.5,16.38762412723343,0.061021658309710125
9.0,15.8278,16.077361543701578,0.0621992605740559,1.9089142678533504e-06,1.5,16.49175408967683,0.06063636375865921
10.5,15.8278,16.32363530467901,0.0612608638538598,1.3182034117430928e-06,1.5,16.582199017584667,0.060305632500221806
12.0,15.8278,16.648651869125487,0.060064923446112486,8.327960837908804e-07,1.5,16.75392430277219,0.0596875085459551
13.5,15.8278,17.04738481121073,0.058660023873126764,nan,1.5,nan,nan
15.0,15.8278,17.50825647788095,0.05711590992874418,nan,1.5,nan,nan
16.5,15.8278,18.01440238149958,0.05551113929968498,nan,1.5,nan,nan
18.0,15.8278,18.545436976602517,0.05392161970956145,nan,1.5,nan,nan
19.5,15.8278,19.0795229044473,0.05241221203528665,nan,nan,nan,nan
Name:	69.51927961775606_12_80_0.08
Lambda:	69.51927961775606	Maximal Depth:	20	Filter time:	12.0 to 80.0 [us]
Chi2:	0.07713126562692939	RelRMS:	2.2218012962736973	AbsRMS:	5.779238181520996e-07	Phi model:	0.0037811731713081565
depth_vector,start_model,resistivity_model,conductivity_model,E/I[V/A],modelled_thickness,rhoa,sigma
0.0,15.8278,15.651693968831385,0.06389084798050546,7.160384717164441e-05,1.0,15.429998495356628,0.06480882031848101
1.0,15.8278,15.656448330590084,0.06387144637690063,4.940992094776177e-05,1.0,15.42592683038708,0.0648259265712404
2.0,15.8278,15.667302034702127,0.06382719869605248,3.081927951154432e-05,1.0,15.641217048011507,0.06393364384180908
3.0,15.8278,15.68747635521864,0.06374511599931988,1.789946294934759e-05,1.0,15.902062944632972,0.0628849227601319
4.0,15.8278,15.721646135325132,0.06360657092727011,1.1625579662596331e-05,1.0,15.916107409064058,0.06282943274374427
5.0,15.8278,15.775421185275281,0.0633897496780242,8.024623892182506e-06,1.0,15.973859016220077,0.06260228032465957
6.0,15.8278,15.854790533486913,0.06307241952442698,5.047799054442167e-06,1.5,16.14782367978915,0.061927849834749846
7.5,15.8278,15.982763920660444,0.06256740104302796,2.9588151991377256e-06,1.5,16.387194566131214,0.06102325788373708
9.0,15.8278,16.169204169096226,0.061845962827983436,1.910026211837889e-06,1.5,16.485352890791937,0.06065990862461672
10.5,15.8278,16.419357463367025,0.060903723073883045,1.3196660203357273e-06,1.5,16.56994452861823,0.060350232209461126
12.0,15.8278,16.732894284452172,0.059762524223270656,8.342838224670816e-07,1.5,16.734000727258,0.05975857275846181
13.5,15.8278,17.103784264022508,0.058466593390299096,nan,1.5,nan,nan
15.0,15.8278,17.520889552679076,0.05707472768396582,nan,1.5,nan,nan
16.5,15.8278,17.969129895331875,0.05565099733959772,nan,1.5,nan,nan
18.0,15.8278,18.4310472539405,0.054256276717331034,nan,1.5,nan,nan
19.5,15.8278,18.88856268885351,0.05294209074945223,nan,nan,nan,nan
Name:	88.58667904100822_12_80_0.08
Lambda:	88.58667904100822	Maximal Depth:	20	Filter time:	12.0 to 80.0 [us]
Chi2:	0.08091844846587525	RelRMS:	2.2756934551507624	AbsRMS:	5.724025562039059e-07	Phi model:	0.003224690562115443
depth_vector,start_model,resistivity_model,conductivity_model,E/I[V/A],modelled_thickness,rhoa,sigma
0.0,15.8278,15.590429696648762,0.06414191394705143,7.158538744934771e-05,1.0,15.432651003614216,0.06479768121276164
1.0,15.8278,15.601518309068691,0.06409632576713577,4.938482327532258e-05,1.0,15.431152755384195,0.06480397257755632
2.0,15.8278,15.624747945044021,0.0640010324337544,3.079497702345424e-05,1.0,15.649445024316744,0.06390002958227332
3.0,15.8278,15.66242790551329,0.06384706164540381,1.788277704334186e-05,1.0,15.91195324599116,0.06284583573999244
4.0,15.8278,15.71782815771733,0.06362202143742154,1.1616233891455867e-05,1.0,15.924643070452689,0.06279575595985858
5.0,15.8278,15.794812970822855,0.06331192410111225,8.019769144337288e-06,1.0,15.98030485726821,0.06257702896983076
6.0,15.8278,15.89744249478085,0.06290319970198359,5.046298052145197e-06,1.5,16.151025593847486,0.06191557274114756
7.5,15.8278,16.044940926730856,0.0623249412114694,2.959392245437962e-06,1.5,16.385064291501656,0.061031191712727306
9.0,15.8278,16.243122490028355,0.061564517574370294,1.911417203220651e-06,1.5,16.477354021008665,0.06068935575001894
10.5,15.8278,16.49407234882986,0.06062784125419112,1.3212940218975555e-06,1.5,16.556330885335957,0.060399855917696484
12.0,15.8278,16.7954635365368,0.059539886935814725,8.358542297352351e-07,1.5,16.713034206839968,0.05983353995594292
13.5,15.8278,17.140546626989263,0.05834119656519087,nan,1.5,nan,nan
15.0,15.8278,17.518733291910706,0.057081752620878765,nan,1.5,nan,nan
16.5,15.8278,17.916644200314316,0.05581402347558237,nan,1.5,nan,nan
18.0,15.8278,18.319454615305926,0.05458677788172246,nan,1.5,nan,nan
19.5,15.8278,18.712342487566815,0.05344066359753931,nan,nan,nan,nan
Name:	112.88378916846884_12_80_0.08
Lambda:	112.88378916846884	Maximal Depth:	20	Filter time:	12.0 to 80.0 [us]
Chi2:	0.08467646346550065	RelRMS:	2.327937641302284	AbsRMS:	5.578064317768295e-07	Phi model:	0.002788192727245459
depth_vector,start_model,resistivity_model,conductivity_model,E/I[V/A],modelled_thickness,rhoa,sigma
0.0,15.8278,15.550497877072083,0.06430662271427444,7.153615695078451e-05,1.0,15.439730593564772,0.06476796948884565
1.0,15.8278,15.566342249562343,0.06424116751179074,4.934360288841612e-05,1.0,15.439745420181765,0.06476790729287993
2.0,15.8278,15.598856250315707,0.06410726427328677,3.076486706279124e-05,1.0,15.659654231338406,0.06385837038462704
3.0,15.8278,15.649637320544143,0.06389924440531569,1.78651791282635e-05,1.0,15.922400804290778,0.06280459914879918
4.0,15.8278,15.720852107535032,0.06360978356387553,1.1607032729771773e-05,1.0,15.933057846040125,0.06276259144119858
5.0,15.8278,15.814982844740115,0.06323117829575065,8.015356220603898e-06,1.0,15.986169715949176,0.06255407128590122
6.0,15.8278,15.934547989479421,0.06275672210220441,5.04533405654311e-06,1.5,16.153082811031577,0.06190768732498917
7.5,15.8278,16.095589108115405,0.06212882257883928,2.960401779197049e-06,1.5,16.381339072865025,0.06104507058622921
9.0,15.8278,16.300653478127185,0.06134723379905209,1.9130932212075902e-06,1.5,16.46772898886219,0.060724827368506096
10.5,15.8278,16.54928795191377,0.06042556047762523,1.3231073790576455e-06,1.5,16.541200139030703,0.06045510553012382
12.0,15.8278,16.837611238486605,0.05939084742105506,8.375328107956731e-07,1.5,16.69069592811047,0.05991361919881364
13.5,15.8278,17.158414233649605,0.058280444007400525,nan,1.5,nan,nan
15.0,15.8278,17.501729324149064,0.05713721092807611,nan,1.5,nan,nan
16.5,15.8278,17.85575494127503,0.05600435284247874,nan,1.5,nan,nan
18.0,15.8278,18.207984149540493,0.05492096169389715,nan,1.5,nan,nan
19.5,15.8278,18.546366151873517,0.0539189182296491,nan,nan,nan,nan
Name:	143.8449888287663_12_80_0.08
Lambda:	143.8449888287663	Maximal Depth:	20	Filter time:	12.0 to 80.0 [us]
Chi2:	0.08863264716878425	RelRMS:	2.3816988514088413	AbsRMS:	5.344324294594541e-07	Phi model:	0.0024264471432585547
depth_vector,start_model,resistivity_model,conductivity_model,E/I[V/A],modelled_thickness,rhoa,sigma
0.0,15.8278,15.530090597207549,0.06439112468408968,7.145547282088952e-05,1.0,15.451350948251033,0.06471926004070161
1.0,15.8278,15.549303725927489,0.06431156131657283,4.9285459666870146e-05,1.0,15.451886122227366,0.06471701849792377
2.0,15.8278,15.588377196590056,0.06415035942411948,3.072821292563812e-05,1.0,15.672104831955943,0.0638076385222339
3.0,15.8278,15.648356707409286,0.06390447372192848,1.7846157486517908e-05,1.0,15.933712909852673,0.06276001115732706
4.0,15.8278,15.730552202239904,0.06357055919865344,1.1597668823968787e-05,1.0,15.941632878697629,0.0627288313317184
5.0,15.8278,15.836367825636174,0.06314579271019352,8.011204902227076e-06,1.0,15.991691810794913,0.06253247072489025
6.0,15.8278,15.967112581121784,0.06262873108205667,5.044825933264465e-06,1.5,16.15416743644512,0.06190353071021898
7.5,15.8278,16.13616450815239,0.061972595748808534,2.9618279936051923e-06,1.5,16.376079893445855,0.06106467521572283
9.0,15.8278,16.343514953437513,0.06118634839867609,1.91506711271037e-06,1.5,16.45641133610739,0.06076658996763632
10.5,15.8278,16.58675193915116,0.060289079119801185,1.3251302646341584e-06,1.5,16.524361807388416,0.06051670930812453
12.0,15.8278,16.860853885766264,0.05930897727808366,8.393472988773111e-07,1.5,16.666632793175296,0.06000012194481678
13.5,15.8278,17.15838555054848,0.05828054143287591,nan,1.5,nan,nan
15.0,15.8278,17.470046924836907,0.057240830794696655,nan,1.5,nan,nan
16.5,15.8278,17.785476061275308,0.05622565269294765,nan,1.5,nan,nan
18.0,15.8278,18.09417511055915,0.055266404458329456,nan,1.5,nan,nan
19.5,15.8278,18.38641768652567,0.05438797361450357,nan,nan,nan,nan
Name:	183.29807108324357_12_80_0.08
Lambda:	183.29807108324357	Maximal Depth:	20	Filter time:	12.0 to 80.0 [us]
Chi2:	0.09306356100325427	RelRMS:	2.4405056656783803	AbsRMS:	5.03239295786995e-07	Phi model:	0.002109142351656896
depth_vector,start_model,resistivity_model,conductivity_model,E/I[V/A],modelled_thickness,rhoa,sigma
0.0,15.8278,15.527380202159916,0.06440236453158378,7.134366239750216e-05,1.0,15.467490397689279,0.06465172916153174
1.0,15.8278,15.548753669509127,0.06431383641770498,4.9210242727894484e-05,1.0,15.467627393882971,0.06465115654359976
2.0,15.8278,15.59200663190294,0.06413542679964561,3.068463718805745e-05,1.0,15.686938791304652,0.06374730043278456
3.0,15.8278,15.657761058726482,0.06386609147050905,1.7825373753566138e-05,1.0,15.946095921401314,0.062711274592165
4.0,15.8278,15.746671279779783,0.06350548520588568,1.1587928587380443e-05,1.0,15.950564790328215,0.0626937047775487
5.0,15.8278,15.859315969668765,0.06305442188758446,8.007187614580426e-06,1.0,15.99704016016438,0.06251156401358465
6.0,15.8278,15.996076818856364,0.0625153286849178,5.044715200328777e-06,1.5,16.154403827964927,0.061902624860033374
7.5,15.8278,16.168105841300584,0.06185016413274288,2.963660815951082e-06,1.5,16.369327537372325,0.061089864425825056
9.0,15.8278,16.373470586676643,0.06107440659610163,1.9173515545603664e-06,1.5,16.443337335206202,0.06081490512628104
10.5,15.8278,16.60832466625459,0.06021076900259766,1.3273844843624687e-06,1.5,16.505648267636765,0.06058532108434281
12.0,15.8278,16.86688277108856,0.059287777923855325,8.413221053644632e-07,1.5,16.64054190291862,0.060094196801644295
13.5,15.8278,17.141691325808086,0.05833730061948006,nan,1.5,nan,nan
15.0,15.8278,17.424150143634836,0.05739160829977736,nan,1.5,nan,nan
16.5,15.8278,17.70519985171109,0.056480582448966636,nan,1.5,nan,nan
18.0,15.8278,17.976066553718002,0.055629522566112734,nan,1.5,nan,nan
19.5,15.8278,18.22895169618994,0.05485778977674352,nan,nan,nan,nan
Name:	233.57214690901213_12_80_0.08
Lambda:	233.57214690901213	Maximal Depth:	20	Filter time:	12.0 to 80.0 [us]
Chi2:	0.09827502460589127	RelRMS:	2.507907808269084	AbsRMS:	4.66084844331692e-07	Phi model:	0.0018181112782258125
depth_vector,start_model,resistivity_model,conductivity_model,E/I[V/A],modelled_thickness,rhoa,sigma
0.0,15.8278,15.540483778344555,0.06434806111978868,7.120225674538888e-05,1.0,15.487962288654119,0.06456627291329094
1.0,15.8278,15.562974800356914,0.06425506773788944,4.911857683455503e-05,1.0,15.486865373155956,0.06457084606245385
2.0,15.8278,15.608349596244071,0.06406827280705167,3.063419050863645e-05,1.0,15.704155653140615,0.06367741265987859
3.0,15.8278,15.676909112114652,0.063788084299553,1.7802690916807545e-05,1.0,15.959637916329992,0.0626580631241511
4.0,15.8278,15.768816120197682,0.06341630166637162,1.1577701114451565e-05,1.0,15.959956980785702,0.06265681049165149
5.0,15.8278,15.884033199144802,0.06295630256261615,8.003229020390513e-06,1.0,16.002314745443552,0.062490959333538716
6.0,15.8278,16.022252630517006,0.062413196387587605,5.044959961099751e-06,1.5,16.153881326783758,0.06190462711533986
7.5,15.8278,16.192763781201673,0.06175598023364665,2.965887842713464e-06,1.5,16.361132241128384,0.061120464357974816
9.0,15.8278,16.392261752715616,0.061004394334682674,1.919951266326163e-06,1.5,16.428490572774685,0.06086986479799923
10.5,15.8278,16.615929147548055,0.06018321281464816,1.3298825224417356e-06,1.5,16.484972427878027,0.060661308617591767
12.0,15.8278,16.857550950370538,0.05932059781068136,8.434726437867851e-07,1.5,16.61224511573016,0.06019655940743966
13.5,15.8278,17.109836907652806,0.058445910700219754,nan,1.5,nan,nan
15.0,15.8278,17.36490927785716,0.05758740135055866,nan,1.5,nan,nan
16.5,15.8278,17.61488373559513,0.056770173167777334,nan,1.5,nan,nan
18.0,15.8278,17.852456595140506,0.05601469997536379,nan,1.5,nan,nan
19.5,15.8278,18.07141402364516,0.05533601292580487,nan,nan,nan,nan
Name:	297.63514416313194_12_80_0.08
Lambda:	297.63514416313194	Maximal Depth:	20	Filter time:	12.0 to 80.0 [us]
Chi2:	0.10456834092803931	RelRMS:	2.5869622763763904	AbsRMS:	4.2603366757724403e-07	Phi model:	0.0015446367024756636
depth_vector,start_model,resistivity_model,conductivity_model,E/I[V/A],modelled_thickness,rhoa,sigma
0.0,15.8278,15.567384606473093,0.06423686606831752,7.10341982845168e-05,1.0,15.51238111688882,0.0644646358585961
1.0,15.8278,15.590106528929866,0.06414324354643405,4.901198957139084e-05,1.0,15.509310287620762,0.06447739979760293
2.0,15.8278,15.63585141495459,0.06395558345121971,3.0577414147256144e-05,1.0,15.72358936785312,0.06359870997677541
3.0,15.8278,15.704682096130853,0.0636752781036153,1.7778194769076262e-05,1.0,15.974294819655555,0.06260057243776114
4.0,15.8278,15.796403912895473,0.0633055476116083,1.1566982913517843e-05,1.0,15.969814671980796,0.06261813430775189
5.0,15.8278,15.910536586871045,0.06285143147373003,7.99930311892682e-06,1.0,16.00755006593001,0.06247052146526595
6.0,15.8278,16.04628236622417,0.06231973096178967,5.045527685683147e-06,1.5,16.15266954371395,0.0619092712380267
7.5,15.8278,16.211367562407535,0.061685110534344764,2.9684860728568186e-06,1.5,16.3515838968136,0.061156155043479786
9.0,15.8278,16.40158677157671,0.06096971067049194,1.922855475544178e-06,1.5,16.411944419485753,0.06093123242683597
10.5,15.8278,16.61155137863278,0.06019907335604349,1.3326210194438028e-06,1.5,16.462380596858623,0.06074455599640441
12.0,15.8278,16.83490486397422,0.05940039507677561,8.458001319446743e-07,1.5,16.581755202782933,0.06030724659547314
13.5,15.8278,17.0646744686642,0.05860059046753551,nan,1.5,nan,nan
15.0,15.8278,17.293719266052822,0.05782446127496572,nan,1.5,nan,nan
16.5,15.8278,17.51521464987965,0.057093219808577754,nan,1.5,nan,nan
18.0,15.8278,17.723106303571054,0.05642351757482313,nan,1.5,nan,nan
19.5,15.8278,17.9124734148709,0.055827019353441275,nan,nan,nan,nan
Name:	379.26901907322497_12_80_0.08
Lambda:	379.26901907322497	Maximal Depth:	20	Filter time:	12.0 to 80.0 [us]
Chi2:	0.1121926623279783	RelRMS:	2.679613850723759	AbsRMS:	3.876415263043794e-07	Phi model:	0.0012868760227126796
depth_vector,start_model,resistivity_model,conductivity_model,E/I[V/A],modelled_thickness,rhoa,sigma
0.0,15.8278,15.60585386522211,0.064078518781245,7.084395340091354e-05,1.0,15.540140078491934,0.06434948429995384
1.0,15.8278,15.628071207633816,0.0639874228056711,4.8892975588859994e-05,1.0,15.534468322116341,0.06437297880200414
2.0,15.8278,15.672732406321002,0.0638050835090305,3.0515366732244807e-05,1.0,15.744896179420603,0.06351264489803699
3.0,15.8278,15.739729516809497,0.06353349331270489,1.775219857837585e-05,1.0,15.989886110137169,0.06253953237140483
4.0,15.8278,15.828620190758299,0.06317670068196217,1.1555874727261707e-05,1.0,15.980047116323203,0.06257803826989508
5.0,15.8278,15.938624125054469,0.06274067273021802,7.99542696748462e-06,1.0,16.012723246065267,0.062450339310380916
6.0,15.8278,16.06861924602697,0.062233100721908886,5.046387690984331e-06,1.5,16.15083433314646,0.06191630595502386
7.5,15.8278,16.22501588366412,0.06163322163566157,2.971414864667825e-06,1.5,16.340837443719288,0.06119637401964101
9.0,15.8278,16.40310327479085,0.060964073885753825,1.9260319666485244e-06,1.5,16.393894620145176,0.06099831816481107
10.5,15.8278,16.597256854998832,0.06025092030185794,1.335575823058752e-06,1.5,16.438090921098528,0.060834314933523426
12.0,15.8278,16.801218613164462,0.059519492188290314,8.48287771477823e-07,1.5,16.549321541763188,0.060425437832991584
13.5,15.8278,17.008457935091954,0.058794277753822344,nan,1.5,nan,nan
15.0,15.8278,17.21257568251471,0.05809705754937327,nan,1.5,nan,nan
16.5,15.8278,17.40770285402662,0.057445833513218976,nan,1.5,nan,nan
18.0,15.8278,17.58884428257863,0.05685421872717802,nan,1.5,nan,nan
19.5,15.8278,17.752127025170754,0.05633127785656892,nan,nan,nan,nan
Name:	483.2930238571752_12_80_0.08
Lambda:	483.2930238571752	Maximal Depth:	20	Filter time:	12.0 to 80.0 [us]
Chi2:	0.1212902744872805	RelRMS:	2.786140263372602	AbsRMS:	3.568961145961364e-07	Phi model:	0.0010473526780809788
depth_vector,start_model,resistivity_model,conductivity_model,E/I[V/A],modelled_thickness,rhoa,sigma
0.0,15.8278,15.653415866743766,0.0638838198967508,7.063742041292933e-05,1.0,15.570416661214303,0.06422435710991514
1.0,15.8278,15.674542773241685,0.06379771419598404,4.876493370041304e-05,1.0,15.561648963036285,0.06426054220701857
2.0,15.8278,15.716962766326887,0.06362552452834395,3.0449585417839963e-05,1.0,15.767564192622975,0.0634213368522616
3.0,15.8278,15.780451940303648,0.06336954123892842,1.7725220581310664e-05,1.0,16.006106528803265,0.06247615547231819
4.0,15.8278,15.864409670972343,0.06303417654611722,1.154456675120591e-05,1.0,15.990480451593976,0.06253720787359564
5.0,15.8278,15.96787232922953,0.06262575121980896,7.99165030566834e-06,1.0,16.017767667513642,0.06243067203603815
6.0,15.8278,16.089529330868736,0.062152222071620175,5.047504416226163e-06,1.5,16.14845207213022,0.06192544000708578
7.5,15.8278,16.234680327481705,0.06159653161184962,2.9746117906632764e-06,1.5,16.329127274769572,0.061240260007350056
9.0,15.8278,16.39843045654503,0.06098144591642151,1.9294242545449062e-06,1.5,16.37467330090316,0.06106992070155342
10.5,15.8278,16.57519003022948,0.060331133349073,1.3386999289090253e-06,1.5,16.412506730644978,0.06092914485346883
12.0,15.8278,16.758989826038746,0.059669467574130386,8.508993501864468e-07,1.5,16.51544209850777,0.06054939335171377
13.5,15.8278,16.94383444245442,0.05901851811620651,nan,1.5,nan,nan
15.0,15.8278,17.124059918515975,0.05839736632308298,nan,1.5,nan,nan
16.5,15.8278,17.294657244950706,0.05782132515473568,nan,1.5,nan,nan
18.0,15.8278,17.451526796999463,0.05730157662605976,nan,1.5,nan,nan
19.5,15.8278,17.591639004446918,0.05684518649724531,nan,nan,nan,nan
Name:	615.8482110660261_12_80_0.08
Lambda:	615.8482110660261	Maximal Depth:	20	Filter time:	12.0 to 80.0 [us]
Chi2:	0.1318490295511795	RelRMS:	2.904881734473107	AbsRMS:	3.4011155067331507e-07	Phi model:	0.0008305577229874495
depth_vector,start_model,resistivity_model,conductivity_model,E/I[V/A],modelled_thickness,rhoa,sigma
0.0,15.8278,15.707388569112654,0.06366430648863054,7.042156912114101e-05,1.0,15.602217334376318,0.06409345406288522
1.0,15.8278,15.72698784591777,0.06358496679703154,4.863194022345915e-05,1.0,15.590006946860075,0.06414365326510686
2.0,15.8278,15.766304341260614,0.0634264047144509,3.0381965233994582e-05,1.0,15.79095110365476,0.06332740779423689
3.0,15.8278,15.825042537909479,0.0631909833799475,1.7697929464589143e-05,1.0,16.022557128542974,0.06241201026636226
4.0,15.8278,15.902515415296314,0.06288313350969117,1.1533311153631333e-05,1.0,16.00088238783582,0.06249655336259576
5.0,15.8278,15.99766960858813,0.06250910441750614,7.988041543590174e-06,1.0,16.022591541693764,0.06241187621851396
6.0,15.8278,16.109114713864255,0.062076657703564145,5.048832815360769e-06,1.5,16.145619400191855,0.06193630453026269
7.5,15.8278,16.241212463683492,0.06157175778816214,2.977992881896398e-06,1.5,16.316765319635117,0.061286657031012715
9.0,15.8278,16.389134519433565,0.06101603466700703,1.932953194449194e-06,1.5,16.35473736891358,0.061144363094497584
10.5,15.8278,16.547533672733742,0.06043196646565848,1.341925413562485e-06,1.5,16.386196515968894,0.06102697468722938
12.0,15.8278,16.71086980451384,0.0598412896335226,8.535811204760014e-07,1.5,16.480831955998656,0.06067654853042915
13.5,15.8278,16.873743078579103,0.05926367346848377,nan,1.5,nan,nan
15.0,15.8278,17.03120463757122,0.05871575271862904,nan,1.5,nan,nan
16.5,15.8278,17.17901547988217,0.058210553519267155,nan,1.5,nan,nan
18.0,15.8278,17.313830277875226,0.05775729483024141,nan,1.5,nan,nan
19.5,15.8278,17.433293198856607,0.057361508728917994,nan,nan,nan,nan
Name:	784.7599703514607_12_80_0.08
Lambda:	784.7599703514607	Maximal Depth:	20	Filter time:	12.0 to 80.0 [us]
Chi2:	0.14367936254250527	RelRMS:	3.0324048546855242	AbsRMS:	3.4132667643794575e-07	Phi model:	0.0006408633773917321
depth_vector,start_model,resistivity_model,conductivity_model,E/I[V/A],modelled_thickness,rhoa,sigma
0.0,15.8278,15.76500723174621,0.0634316232970884,7.020383357828896e-05,1.0,15.63446062243448,0.06396127273908395
1.0,15.8278,15.78278649379646,0.06336016776207784,4.8498373580823356e-05,1.0,15.618617531886521,0.06402615327242817
2.0,15.8278,15.818425202329243,0.06321741811901423,3.0314565953928085e-05,1.0,15.814348101335122,0.06323371621721006
3.0,15.8278,15.871591450666356,0.06300565403969088,1.767106306741953e-05,1.0,16.03879306475832,0.062348831109821944
4.0,15.8278,15.941568089195945,0.06272908627337159,1.1522385108544456e-05,1.0,16.010995961989316,0.062457076522537146
5.0,15.8278,16.027284695344306,0.06239360060101044,7.98467221321007e-06,1.0,16.02709864455061,0.06239432489797591
6.0,15.8278,16.127354804886764,0.06200644880070408,5.050317104549668e-06,1.5,16.142455778072556,0.06194844289791217
7.5,15.8278,16.24534963156351,0.06155607744243769,2.981457923691925e-06,1.5,16.304120671201428,0.06133418785143912
9.0,15.8278,16.376691557978432,0.06106239446836365,1.936523414741743e-06,1.5,16.334629867315194,0.06121963020422959
10.5,15.8278,16.516423178544315,0.060545796701252576,1.3451696068451213e-06,1.5,16.35983980015523,0.06112529292557691
12.0,15.8278,16.659525582888843,0.06002571892125845,8.562671026868223e-07,1.5,16.44634863732578,0.060803770007067215
13.5,15.8278,16.80122278258324,0.05951947741783631,nan,1.5,nan,nan
15.0,15.8278,16.937246924185644,0.059041472588561246,nan,1.5,nan,nan
16.5,15.8278,17.06404265622333,0.058602760210242195,nan,1.5,nan,nan
18.0,15.8278,17.17889645635567,0.05821095682953665,nan,1.5,nan,nan
19.5,15.8278,17.279986326460946,0.05787041616281224,nan,nan,nan,nan
Name:	1000.0_12_80_0.08
Lambda:	1000.0	Maximal Depth:	20	Filter time:	12.0 to 80.0 [us]
Chi2:	0.156428415930108	RelRMS:	3.1640825873429588	AbsRMS:	3.598831678786823e-07	Phi model:	0.0004810281976296234
depth_vector,start_model,resistivity_model,conductivity_model,E/I[V/A],modelled_thickness,rhoa,sigma
0.0,15.8278,15.823609100089405,0.06319670775956858,6.99913724168381e-05,1.0,15.666083923813781,0.06383216155761268
1.0,15.8278,15.83941118090435,0.06313365999397619,4.836846080364199e-05,1.0,15.646571708649374,0.0639117640989178
2.0,15.8278,15.871066829477105,0.06300773670379324,3.0249382840080145e-05,1.0,15.837058395900385,0.06314303925651131
3.0,15.8278,15.918234771418447,0.0628210360231351,1.7645335711961974e-05,1.0,16.054379261952644,0.06228830051186751
4.0,15.8278,15.980209875520977,0.06257740090959842,1.151205148049824e-05,1.0,16.02057588985976,0.06241972865862775
5.0,15.8278,16.0559583058336,0.06228217468879891,7.981603020414155e-06,1.0,16.031207017564814,0.06237833488796796
6.0,15.8278,16.144158471446154,0.06194190931467129,5.0518933170161776e-06,1.5,16.139097926309212,0.06196133170304681
7.5,15.8278,16.247718195723603,0.06154710390430084,2.9849000168986194e-06,1.5,16.291583993424005,0.061381385653085895
9.0,15.8278,16.362434224354647,0.06111560091172444,1.9400335603398222e-06,1.5,16.314920849774417,0.061293585743250896
10.5,15.8278,16.483831190071243,0.06066550842878888,1.3483445189248147e-06,1.5,16.334148315682313,0.06122143503741216
12.0,15.8278,16.607459463540884,0.06021390581716281,8.588869579811231e-07,1.5,16.41288751063227,0.06092773129360692
13.5,15.8278,16.72916596298804,0.05977584311210858,nan,1.5,nan,nan
15.0,15.8278,16.845316907224575,0.05936367985876969,nan,1.5,nan,nan
16.5,15.8278,16.95295715811762,0.05898675910480715,nan,1.5,nan,nan
18.0,15.8278,17.049898612561833,0.05865137516203359,nan,1.5,nan,nan
19.5,15.8278,17.134738603498022,0.05836097200781645,nan,nan,nan,nan
