Name:	5.000000000000001_8_110_0.015
Lambda:	5.000000000000001	Maximal Depth:	20	Filter time:	8.0 to 110.0 [us]
Chi2:	2.4016597460169375	RelRMS:	2.3245933899368523	AbsRMS:	3.2092142404646343e-07	Phi model:	2.3490914429520324
depth_vector,start_model,resistivity_model,conductivity_model,E/I[V/A],modelled_thickness,rhoa,sigma,rel_err
0.0,23.0478,12.193121184254187,0.08201345536460086,0.00010254078228979469,1.0,23.15968185483186,0.043178486054693696,0.015
1.0,23.0478,14.332590738579128,0.06977105662469615,5.918478650992343e-05,1.0,23.47157984724264,0.04260471627850294,0.015
2.0,23.0478,19.11342240906879,0.052319253904289154,3.7812148698128155e-05,1.0,23.617606564768753,0.04234129302042556,0.015
3.0,23.0478,26.524911619199173,0.037700408369171844,2.6434266575672067e-05,1.0,23.407185462714967,0.04272192406869627,0.015
4.0,23.0478,35.79285121091552,0.02793853985275798,1.7162993874208565e-05,1.0,23.107705930848397,0.04327560697684909,0.015
5.0,23.0478,45.41054893606688,0.022021314946178944,1.033795103576336e-05,1.0,22.929283715720018,0.04361235232631419,0.015
6.0,23.0478,53.51592395631853,0.01868602700041642,6.77412586356158e-06,1.5,22.81450749113465,0.04383175926057505,0.015
7.5,23.0478,56.10568917275328,0.017823504438577185,4.721519152967485e-06,1.5,22.74949711667078,0.043957015615400226,0.015
9.0,23.0478,52.02982134312294,0.019219746948682833,3.0067427831721135e-06,1.5,22.809609616557864,0.0438411711910266,0.015
10.5,23.0478,42.36365210876287,0.023605141441361974,1.778033208827679e-06,1.5,23.012117984907984,0.043455365588505546,0.015
12.0,23.0478,30.235420072072777,0.033073792182026246,1.1416839455274346e-06,1.5,23.232388974929115,0.04304335645719151,0.015
13.5,23.0478,19.105967672374987,0.052339667749249044,7.811895196757265e-07,1.5,23.503153587365357,0.04254748182122982,0.015
15.0,23.0478,11.515385234016932,0.08684034269613125,4.894019422163571e-07,1.5,23.879865298392797,0.04187628311568842,0.015
16.5,23.0478,8.582725963248738,0.1165130990179581,2.840105391638389e-07,1.5,24.40014757870804,0.04098335867741292,0.015
18.0,23.0478,12.41445904568536,0.08055123435664718,1.8061858852504174e-07,1.5,24.87152870227686,0.04020661584458438,0.015
19.5,23.0478,35.53012453470695,0.02814513073330684,nan,nan,nan,nan,nan
Name:	5.8538995686138975_8_110_0.015
Lambda:	5.8538995686138975	Maximal Depth:	20	Filter time:	8.0 to 110.0 [us]
Chi2:	2.479606811744132	RelRMS:	2.362015098686775	AbsRMS:	3.784645835537872e-07	Phi model:	2.1434862359638736
depth_vector,start_model,resistivity_model,conductivity_model,E/I[V/A],modelled_thickness,rhoa,sigma,rel_err
0.0,23.0478,12.618263612547391,0.07925020674045966,0.00010231692400479614,1.0,23.193450122934003,0.04311562077653924,0.015
1.0,23.0478,14.63766561132217,0.06831690424916555,5.91978118817348e-05,1.0,23.468136732737346,0.04261096700553266,0.015
2.0,23.0478,19.126180879185437,0.052284353385378464,3.786514441380045e-05,1.0,23.595564761316908,0.042380846151197964,0.015
3.0,23.0478,26.048475588166962,0.038389962461153386,2.6470779630122023e-05,1.0,23.385655699104504,0.042761255569083424,0.015
4.0,23.0478,34.709696719470955,0.02881039290208013,1.717793179598236e-05,1.0,23.09430768806285,0.04330071347048377,0.015
5.0,23.0478,43.714194936026246,0.0228758644980985,1.0341030663654118e-05,1.0,22.924731160674856,0.043621013175299636,0.015
6.0,23.0478,51.32585934140645,0.019483356203512475,6.7724008822181205e-06,1.5,22.818381344243658,0.04382431798793072,0.015
7.5,23.0478,53.703507826135926,0.01862075757206551,4.718355632147866e-06,1.5,22.7596645667511,0.043937378649282446,0.015
9.0,23.0478,49.8313590946181,0.02006768465016645,3.0039517411801352e-06,1.5,22.823736058306267,0.043814036292978815,0.015
10.5,23.0478,40.74421601069702,0.0245433609456974,1.7763433544165443e-06,1.5,23.02671012104034,0.04342782771587782,0.015
12.0,23.0478,29.186804889866906,0.03426205793245908,1.1407636061933375e-06,1.5,23.24488283271547,0.04302022114702051,0.015
13.5,23.0478,18.675762623999145,0.05354533681612325,7.80758560776943e-07,1.5,23.511801554534692,0.04253183226647008,0.015
15.0,23.0478,11.525181244005271,0.08676653137408506,4.893653578930522e-07,1.5,23.881055435528026,0.04187419616774108,0.015
16.5,23.0478,8.91845495562623,0.112127044984305,2.841875562497027e-07,1.5,24.39001414992329,0.04100038621761706,0.015
18.0,23.0478,12.92377220975064,0.07737678935918778,1.8085405856582744e-07,1.5,24.849935706206562,0.040241552808132144,0.015
19.5,23.0478,35.094565000378985,0.02849444066308276,nan,nan,nan,nan,nan
Name:	6.853628031883595_8_110_0.015
Lambda:	6.853628031883595	Maximal Depth:	20	Filter time:	8.0 to 110.0 [us]
Chi2:	2.5876640754304248	RelRMS:	2.4129326906730024	AbsRMS:	4.4500676108651604e-07	Phi model:	1.8992695594504871
depth_vector,start_model,resistivity_model,conductivity_model,E/I[V/A],modelled_thickness,rhoa,sigma,rel_err
0.0,23.0478,13.162661842137242,0.07597247517206052,0.00010206372974775364,1.0,23.231792330300124,0.04304446190730396,0.015
1.0,23.0478,15.063815955671158,0.06638424174477016,5.922478111621653e-05,1.0,23.461011722839366,0.04262390777574596,0.015
2.0,23.0478,19.233149890358508,0.05199356349327343,3.793505208579311e-05,1.0,23.566567515529023,0.04243299323675614,0.015
3.0,23.0478,25.595185568674005,0.039069847621026894,2.651714396287988e-05,1.0,23.35838839522143,0.04281117271791646,0.015
4.0,23.0478,33.482956844287436,0.02986594059331445,1.7195970619715566e-05,1.0,23.07815401949427,0.04333102202001483,0.015
5.0,23.0478,41.655201404930224,0.02400660580845594,1.034410867473544e-05,1.0,22.92018325302458,0.04362966861829251,0.015
6.0,23.0478,48.52409900922739,0.020608316700735423,6.769641318246984e-06,1.5,22.824582017984206,0.04381241238994294,0.015
7.5,23.0478,50.60840578572866,0.01975956334672758,4.713964585040718e-06,1.5,22.77379609000418,0.04391011476733638,0.015
9.0,23.0478,46.92699157643016,0.02130969760486982,3.0001869971358897e-06,1.5,22.842825438196314,0.043777421611245336,0.015
10.5,23.0478,38.520770950685275,0.0259600204076967,1.774074503417755e-06,1.5,23.046338400348287,0.0433908407760292,0.015
12.0,23.0478,27.924571169094648,0.03581075583738038,1.13951570122991e-06,1.5,23.26185034080095,0.042988841616181085,0.015
13.5,23.0478,18.250584287017467,0.05479276631769805,7.801545832645845e-07,1.5,23.523934848844277,0.04250989498251946,0.015
15.0,23.0478,11.676797705442658,0.08563991817156268,4.892793972585813e-07,1.5,23.883852433975907,0.04186929234989967,0.015
16.5,23.0478,9.37559725454119,0.1066598716701101,2.8438553638444366e-07,1.5,24.37869313645809,0.041019426037424055,0.015
18.0,23.0478,13.486002161256618,0.07415095949434584,1.8113343270583212e-07,1.5,24.824377327626188,0.04028298421355104,0.015
19.5,23.0478,34.56709050145518,0.028929249916416964,nan,nan,nan,nan,nan
Name:	8.024090035856696_8_110_0.015
Lambda:	8.024090035856696	Maximal Depth:	20	Filter time:	8.0 to 110.0 [us]
Chi2:	2.7099647528048374	RelRMS:	2.469295586561253	AbsRMS:	5.155211007599606e-07	Phi model:	1.6643369661742209
depth_vector,start_model,resistivity_model,conductivity_model,E/I[V/A],modelled_thickness,rhoa,sigma,rel_err
0.0,23.0478,13.799778436866761,0.07246493156212223,0.00010179758711478656,1.0,23.27226663179311,0.042969600504398776,0.015
1.0,23.0478,15.557747248914051,0.06427665805342102,5.9249255001866555e-05,1.0,23.454550638452538,0.04263564949142752,0.015
2.0,23.0478,19.3757975026141,0.05161077885259094,3.800506558583184e-05,1.0,23.537615499654798,0.042485187168371664,0.015
3.0,23.0478,25.151892413955512,0.03975843978424266,2.656378746792758e-05,1.0,23.331036969133546,0.04286136108407776,0.015
4.0,23.0478,32.26462293524893,0.030993698640361462,1.7214254400157246e-05,1.0,23.061809788257428,0.04336173132904679,0.015
5.0,23.0478,39.58996097076695,0.025258928664728803,1.0347518732240032e-05,1.0,22.91514736384237,0.04363925678164707,0.015
6.0,23.0478,45.71647296340908,0.02187395341719358,6.767159621903982e-06,1.5,22.830161928742513,0.04380170421573002,0.015
7.5,23.0478,47.53702977364465,0.021036232275379083,4.709782287268017e-06,1.5,22.787276218504363,0.043884139131466354,0.015
9.0,23.0478,44.15712715778743,0.022646400804714552,2.996568735183191e-06,1.5,22.86120973242397,0.043742217131305335,0.015
10.5,23.0478,36.476255909084905,0.027415094424505793,1.7718958331743918e-06,1.5,23.06522592441197,0.043355309125396924,0.015
12.0,23.0478,26.777613532205955,0.037344627399199734,1.1383221699338964e-06,1.5,23.27810754089241,0.042958818634346044,0.015
13.5,23.0478,17.889729046926522,0.05589799584872982,7.7958533858724e-07,1.5,23.535384735447494,0.042489214059622485,0.015
15.0,23.0478,11.857447219954507,0.0843351845848517,4.89213438070422e-07,1.5,23.88599917811118,0.04186552936485014,0.015
16.5,23.0478,9.878722550027808,0.10122766328700922,2.845937260673994e-07,1.5,24.366802475177185,0.041039442947785804,0.015
18.0,23.0478,14.087302931145107,0.07098590872133063,1.8141860569542513e-07,1.5,24.798356116194615,0.04032525363029802,0.015
19.5,23.0478,34.051982387208305,0.029366865888420406,nan,nan,nan,nan,nan
Name:	9.394443439884116_8_110_0.015
Lambda:	9.394443439884116	Maximal Depth:	20	Filter time:	8.0 to 110.0 [us]
Chi2:	2.8390864332422145	RelRMS:	2.527438322649038	AbsRMS:	5.86677915262611e-07	Phi model:	1.4512294248493993
depth_vector,start_model,resistivity_model,conductivity_model,E/I[V/A],modelled_thickness,rhoa,sigma,rel_err
0.0,23.0478,14.485784084014751,0.06903319794083586,0.00010153001741783033,1.0,23.313136131127717,0.042894271897842146,0.015
1.0,23.0478,16.094307816657665,0.0621337687455559,5.9269181804266904e-05,1.0,23.449293264385688,0.042645208481348125,0.015
2.0,23.0478,19.564083504419273,0.05111407338729223,3.807180291542943e-05,1.0,23.510100877808025,0.042534908939669144,0.015
3.0,23.0478,24.779342878719284,0.04035619527500904,2.6609095260672674e-05,1.0,23.30454532561372,0.0429100841071082,0.015
4.0,23.0478,31.140202040891875,0.03211282954063195,1.7232786044628364e-05,1.0,23.045273483840354,0.043392845856275605,0.015
5.0,23.0478,37.634805336393526,0.026571148463812623,1.0351809635201714e-05,1.0,22.908814592326046,0.04365132014883818,0.015
6.0,23.0478,43.10143772099352,0.023201082211532064,6.76559968558559e-06,1.5,22.8336710761922,0.04379497263769653,0.015
7.5,23.0478,44.84066610385587,0.02230118521620288,4.706387278454026e-06,1.5,22.798233484434157,0.04386304757703115,0.015
9.0,23.0478,41.82598604286241,0.023908581592678307,2.993501930041405e-06,1.5,22.87682108246491,0.04371236704589609,0.015
10.5,23.0478,34.68589690049577,0.02883016122860317,1.7700319287252745e-06,1.5,23.081415400928943,0.04332489938895834,0.015
12.0,23.0478,25.754134246630663,0.03882871737887392,1.1373054871931688e-06,1.5,23.291978294046135,0.04293323595684522,0.015
13.5,23.0478,17.524125733057435,0.05706418769374636,7.791143834778514e-07,1.5,23.54486814682652,0.04247210023704399,0.015
15.0,23.0478,12.036808557939683,0.08307850001821147,4.891860011054768e-07,1.5,23.88689229878459,0.04186396403063624,0.015
16.5,23.0478,10.420076583858986,0.09596858448708816,2.848057248076232e-07,1.5,24.35470914967368,0.04105982107420891,0.015
18.0,23.0478,14.719882463833915,0.0679353250582642,1.8169524988983476e-07,1.5,24.77317819392037,0.040366237717751205,0.015
19.5,23.0478,33.57898579650903,0.029780530182182064,nan,nan,nan,nan,nan
Name:	10.998825680021056_8_110_0.015
Lambda:	10.998825680021056	Maximal Depth:	20	Filter time:	8.0 to 110.0 [us]
Chi2:	3.022338866456822	RelRMS:	2.6077312839953137	AbsRMS:	6.613160796188113e-07	Phi model:	1.1933838104150118
depth_vector,start_model,resistivity_model,conductivity_model,E/I[V/A],modelled_thickness,rhoa,sigma,rel_err
0.0,23.0478,15.397533867554035,0.0649454652025295,0.00010125843625630785,1.0,23.3548023335636,0.042817746248397154,0.015
1.0,23.0478,16.85770800133624,0.059320045163953145,5.932169422214454e-05,1.0,23.435452787227916,0.042670393829343456,0.015
2.0,23.0478,19.946841986135603,0.05013324919779619,3.816607754001458e-05,1.0,23.47136981009098,0.04260509753333923,0.015
3.0,23.0478,24.502944902533645,0.04081142099358834,2.6668847614465777e-05,1.0,23.269722624957787,0.042974298237979706,0.015
4.0,23.0478,29.983470554418254,0.033351709508912857,1.725495957176699e-05,1.0,23.025526330372358,0.043430060431709945,0.015
5.0,23.0478,35.504258303406566,0.028165635554314675,1.0355244863454559e-05,1.0,22.90374782922275,0.0436609766862743,0.015
6.0,23.0478,40.01882926121712,0.024988237248837156,6.761943634574877e-06,1.5,22.841900815033632,0.04377919368872488,0.015
7.5,23.0478,41.2098371428741,0.024266050761933607,4.700830391194283e-06,1.5,22.81619658968797,0.043828514365622226,0.015
9.0,23.0478,38.363288105801786,0.02606658733844994,2.988821714410318e-06,1.5,22.90069683063084,0.043666793521428986,0.015
10.5,23.0478,32.18975363847138,0.031065786064446804,1.767252981755958e-06,1.5,23.105605573123288,0.04327954083848864,0.015
12.0,23.0478,24.481590533292696,0.040847019258821955,1.135797712427313e-06,1.5,23.312587181941616,0.04289528194342237,0.015
13.5,23.0478,17.353062308709973,0.05762671638066284,7.784035572049941e-07,1.5,23.559199842790704,0.04244626331424442,0.015
15.0,23.0478,12.504720289897849,0.07996980154828949,4.89112889313176e-07,1.5,23.889272621802043,0.04185979271245668,0.015
16.5,23.0478,11.148773809097092,0.08969596272408249,2.850778356189337e-07,1.5,24.339208741072493,0.04108596999344916,0.015
18.0,23.0478,15.453735247089757,0.06470927474885528,1.8206296170882795e-07,1.5,24.73981076449714,0.04042068104397346,0.015
19.5,23.0478,32.957776284132706,0.030341852902297996,nan,nan,nan,nan,nan
Name:	12.87720418070694_8_110_0.015
Lambda:	12.87720418070694	Maximal Depth:	20	Filter time:	8.0 to 110.0 [us]
Chi2:	3.175532646703037	RelRMS:	2.673003639182302	AbsRMS:	7.370882406283907e-07	Phi model:	1.0102272872066054
depth_vector,start_model,resistivity_model,conductivity_model,E/I[V/A],modelled_thickness,rhoa,sigma,rel_err
0.0,23.0478,16.33161934452445,0.061230915251234586,0.00010097206054970263,1.0,23.398940553199715,0.042736977673258535,0.015
1.0,23.0478,17.59859614539334,0.05682271425165711,5.933158062732082e-05,1.0,23.43284935283155,0.0426751345917377,0.015
2.0,23.0478,20.262653549327272,0.049351877707705286,3.822672268140671e-05,1.0,23.446538992378915,0.04265021802684997,0.015
3.0,23.0478,24.173365358305986,0.04136784370639561,2.6710072648361363e-05,1.0,23.245773057244065,0.043018573636481865,0.015
4.0,23.0478,28.891870888746137,0.034611811877835734,1.727121163091608e-05,1.0,23.01107951807683,0.04345732668536603,0.015
5.0,23.0478,33.69082037960843,0.02968167556422152,1.0358618283096423e-05,1.0,22.898774955752273,0.04367045843859851,0.015
6.0,23.0478,37.70917408665721,0.02651874574876553,6.759968413703783e-06,1.5,22.846350106268876,0.043770667758680944,0.015
7.5,23.0478,38.84136627937608,0.025745747273853706,4.697202424625865e-06,1.5,22.82794340392425,0.043805961067351094,0.015
9.0,23.0478,36.316002772474874,0.027536070152465508,2.9856156683350654e-06,1.5,22.91708821371191,0.04363556096981261,0.015
10.5,23.0478,30.733708481664078,0.03253756378266574,1.7652819181732457e-06,1.5,23.122801748673044,0.043247354315849175,0.015
12.0,23.0478,23.628035493563416,0.0423226044447247,1.1346837151246898e-06,1.5,23.327843070018815,0.0428672293875815,0.015
13.5,23.0478,17.093588713664634,0.058501466061401074,7.778451331739643e-07,1.5,23.570474109043715,0.04242596035080651,0.015
15.0,23.0478,12.773509519341971,0.07828702037492317,4.890123846825991e-07,1.5,23.892545749924995,0.04185405818478507,0.015
16.5,23.0478,11.811394520598162,0.0846640079844998,2.852337802241688e-07,1.5,24.33033668710174,0.04110095198683094,0.015
18.0,23.0478,16.166825254745568,0.06185506333140223,1.8229646885567272e-07,1.5,24.718679776937094,0.04045523502970475,0.015
19.5,23.0478,32.52834479405877,0.030742418845198908,nan,nan,nan,nan,nan
Name:	15.076371999678692_8_110_0.015
Lambda:	15.076371999678692	Maximal Depth:	20	Filter time:	8.0 to 110.0 [us]
Chi2:	3.358009690808097	RelRMS:	2.748730944330168	AbsRMS:	8.091824321362383e-07	Phi model:	0.82149348754095
depth_vector,start_model,resistivity_model,conductivity_model,E/I[V/A],modelled_thickness,rhoa,sigma,rel_err
0.0,23.0478,17.40800040558141,0.05744485160279389,0.0001007063157325135,1.0,23.440086040356036,0.04266195944325172,0.015
1.0,23.0478,18.494290180037275,0.05407074238942132,5.936288125727151e-05,1.0,23.42461157413767,0.04269014223928761,0.015
2.0,23.0478,20.758586992020838,0.04817283567443097,3.830173257842367e-05,1.0,23.415917278905916,0.04270599302555804,0.015
3.0,23.0478,24.04471038286411,0.0415891888102203,2.6758779001288247e-05,1.0,23.217556508656404,0.0430708545762411,0.015
4.0,23.0478,27.981805214408837,0.035737508439414915,1.7289829269137513e-05,1.0,22.994557709439704,0.04348855118833101,0.015
5.0,23.0478,31.960105915922654,0.03128900769699252,1.0362201544488704e-05,1.0,22.893495702717907,0.043680528870970126,0.015
6.0,23.0478,35.26258651745277,0.028358668457433286,6.757561579847732e-06,1.5,22.85177455853195,0.04376027767290569,0.015
7.5,23.0478,36.11837597356648,0.027686737652098697,4.6930275179932575e-06,1.5,22.841479855194446,0.04378000052271513,0.015
9.0,23.0478,33.871573261454074,0.02952328172892997,2.981987420246678e-06,1.5,22.93567358813821,0.043600201936828065,0.015
10.5,23.0478,28.978497766801677,0.03450834505112336,1.76308779999645e-06,1.5,23.141981599891977,0.043211511325575845,0.015
12.0,23.0478,22.746097478991736,0.04396358544245221,1.1334704633632259e-06,1.5,23.344486644421025,0.04283666697117046,0.015
13.5,23.0478,16.99839302985472,0.058829090387760415,7.772601389373964e-07,1.5,23.582299289796875,0.04240468614664136,0.015
15.0,23.0478,13.236770458161544,0.07554712859611604,4.889391249379929e-07,1.5,23.89493230209155,0.04184987793049612,0.015
16.5,23.0478,12.587834351065545,0.07944178260618366,2.854417221082089e-07,1.5,24.318518955418174,0.04112092524356627,0.015
18.0,23.0478,16.92836412273827,0.05907245335400097,1.8258508816332285e-07,1.5,24.69262372745006,0.040497924037465875,0.015
19.5,23.0478,32.04348654059876,0.03120759030803376,nan,nan,nan,nan,nan
Name:	17.651113509036346_8_110_0.015
Lambda:	17.651113509036346	Maximal Depth:	20	Filter time:	8.0 to 110.0 [us]
Chi2:	3.547020835516846	RelRMS:	2.8250304210597275	AbsRMS:	8.792178574634584e-07	Phi model:	0.654632809441831
depth_vector,start_model,resistivity_model,conductivity_model,E/I[V/A],modelled_thickness,rhoa,sigma,rel_err
0.0,23.0478,18.539025246911955,0.05394026852445061,0.0001004452318802449,1.0,23.48068647323505,0.04258819268933516,0.015
1.0,23.0478,19.45811844390738,0.051392430510829507,5.938534086474481e-05,1.0,23.418705057574222,0.04270090927493764,0.015
2.0,23.0478,21.357243315179836,0.04682252223484488,3.836673761966871e-05,1.0,23.389460632353114,0.042754299285412564,0.015
3.0,23.0478,24.07783093671454,0.041531980294585935,2.679971795370975e-05,1.0,23.193905896524193,0.043114773529794245,0.015
4.0,23.0478,27.294682514051154,0.036637172807751306,1.7303468881240763e-05,1.0,22.982472345950264,0.043511419700509715,0.015
5.0,23.0478,30.49403763489901,0.0327932959214147,1.0362950840901725e-05,1.0,22.892392141824065,0.043682634554080293,0.015
6.0,23.0478,33.0863869701961,0.030223910543656227,6.7534677336949824e-06,1.5,22.861008550509972,0.04374260207245723,0.015
7.5,23.0478,33.630505048845244,0.02973490878437868,4.687785158755911e-06,1.5,22.858505796978754,0.043747391403517355,0.015
9.0,23.0478,31.597842181439695,0.03164773069812316,2.977733359036212e-06,1.5,22.957512692041526,0.04355872578246079,0.015
10.5,23.0478,27.341797940066183,0.0365740395782319,1.7605449697972673e-06,1.5,23.164259540004682,0.04316995318900653,0.015
12.0,23.0478,21.96199248868557,0.045533209271207166,1.1320418356654098e-06,1.5,23.364122885414087,0.04280066514391973,0.015
13.5,23.0478,16.98935417712682,0.05886038925165998,7.765303677684228e-07,1.5,23.597071828767653,0.04237813942579437,0.015
15.0,23.0478,13.775219449100144,0.07259412481195167,4.887752555233906e-07,1.5,23.900272765845617,0.0418405266666679,0.015
16.5,23.0478,13.423387440950918,0.07449684398956449,2.85596820394955e-07,1.5,24.309713763796353,0.04113581960348981,0.015
18.0,23.0478,17.71726318347945,0.05644212594484994,1.828398380696366e-07,1.5,24.669682318568395,0.040535584815671474,0.015
19.5,23.0478,31.575420691125956,0.0316702035352784,nan,nan,nan,nan,nan
Name:	20.665569151220556_8_110_0.015
Lambda:	20.665569151220556	Maximal Depth:	20	Filter time:	8.0 to 110.0 [us]
Chi2:	3.7426382204788426	RelRMS:	2.901884904002465	AbsRMS:	9.373008768197102e-07	Phi model:	0.5080105807503926
depth_vector,start_model,resistivity_model,conductivity_model,E/I[V/A],modelled_thickness,rhoa,sigma,rel_err
0.0,23.0478,19.694991340882364,0.05077433052352886,0.00010023538639737009,1.0,23.513446682453033,0.04252885650942243,0.015
1.0,23.0478,20.467951700343516,0.048856867293819974,5.9424074085674104e-05,1.0,23.40852758365458,0.042719474619935846,0.015
2.0,23.0478,22.044085058296833,0.045363642780158184,3.8436848162453746e-05,1.0,23.36100969201121,0.04280636895339208,0.015
3.0,23.0478,24.276199724783588,0.04119260886534474,2.6843042541459972e-05,1.0,23.168942583408377,0.043161227423305665,0.015
4.0,23.0478,26.84490253833043,0.03725101994958456,1.7318515356272427e-05,1.0,22.969158837964265,0.04353664002476065,0.015
5.0,23.0478,29.307589536138547,0.03412085455772205,1.036466842668969e-05,1.0,22.889862989783342,0.043687461145850454,0.015
6.0,23.0478,31.171508948116394,0.03208057722404315,6.750217519212322e-06,1.5,22.868346311042973,0.04372856639472469,0.015
7.5,23.0478,31.338586709590526,0.031909543632801116,4.683294000694203e-06,1.5,22.873117273620164,0.04371944532253642,0.015
9.0,23.0478,29.429998720520405,0.03397893453874799,2.9740746750032058e-06,1.5,22.976336938726188,0.043523038623033014,0.015
10.5,23.0478,25.76676283378312,0.03880968697739895,1.7584339343645836e-06,1.5,23.18279527325695,0.04313543678460436,0.015
12.0,23.0478,21.2551868896881,0.04704733979474664,1.130937194884868e-06,1.5,23.37933431855372,0.04277281749662158,0.015
13.5,23.0478,17.087357267002538,0.05852280047606331,7.760498815858083e-07,1.5,23.606810805237355,0.04236065634830022,0.015
15.0,23.0478,14.411364732568437,0.06938968089122653,4.88788415900883e-07,1.5,23.899843762193576,0.04184127770667142,0.015
16.5,23.0478,14.319293376959333,0.06983584829744913,2.8586946221899223e-07,1.5,24.29425472962733,0.041161995341247495,0.015
18.0,23.0478,18.52127209086771,0.0539919717767696,1.831773756990748e-07,1.5,24.639367419426137,0.0405854575313318,0.015
19.5,23.0478,31.09647917693933,0.03215798143288146,nan,nan,nan,nan,nan
Name:	24.19483326789813_8_110_0.015
Lambda:	24.19483326789813	Maximal Depth:	20	Filter time:	8.0 to 110.0 [us]
Chi2:	3.881462954876744	RelRMS:	2.955214315150878	AbsRMS:	9.85944583962497e-07	Phi model:	0.4188823453870395
depth_vector,start_model,resistivity_model,conductivity_model,E/I[V/A],modelled_thickness,rhoa,sigma,rel_err
0.0,23.0478,20.759505777711038,0.04817070361442202,0.00010005862668607974,1.0,23.541130501020085,0.0424788435694143,0.015
1.0,23.0478,21.365833692042372,0.046803696706318856,5.9446668279733167e-05,1.0,23.40259587669504,0.042730302453149134,0.015
2.0,23.0478,22.60928640139175,0.04422961354226746,3.8489924568920485e-05,1.0,23.339528683622365,0.04284576666287663,0.015
3.0,23.0478,24.364645293861763,0.041043076471625556,2.6879393388624344e-05,1.0,23.148049239011364,0.043200184588976155,0.015
4.0,23.0478,26.388666554413327,0.03789505611956572,1.73349270901476e-05,1.0,22.954659277756218,0.04356414041697544,0.015
5.0,23.0478,28.34270453968733,0.03528244803172308,1.0370330479982888e-05,1.0,22.881530537835708,0.04370337020709572,0.015
6.0,23.0478,29.799811233818044,0.03355725954616649,6.7510398183505425e-06,1.5,22.86648931283874,0.043732117611886084,0.015
7.5,23.0478,29.84173252423613,0.03351011873013219,4.68225349080335e-06,1.5,22.876505787778054,0.04371296951015384,0.015
9.0,23.0478,28.129712776531925,0.03554959867326767,2.9727279635318963e-06,1.5,22.983275607204305,0.04350989898439635,0.015
10.5,23.0478,24.85084713622012,0.040240076908384326,1.7575237729426561e-06,1.5,23.19079830019946,0.04312055096401744,0.015
12.0,23.0478,20.804639689381105,0.04806620133442686,1.1304168993223068e-06,1.5,23.386507619524345,0.04275969786806239,0.015
13.5,23.0478,17.095786868802474,0.05849394401522789,7.758109050083146e-07,1.5,23.611658365578656,0.042351959549686326,0.015
15.0,23.0478,14.828313671630031,0.06743855182354482,4.887941460085004e-07,1.5,23.89965697743563,0.04184160471190568,0.015
16.5,23.0478,15.006463256257904,0.06663795345535438,2.8601031100849926e-07,1.5,24.286278100459313,0.041175514661552344,0.015
18.0,23.0478,19.157778620802,0.05219811857070813,1.833549794771916e-07,1.5,24.623453838295816,0.040611686994321744,0.015
19.5,23.0478,30.82639106844162,0.032439736386259806,nan,nan,nan,nan,nan
Name:	28.326824805926805_8_110_0.015
Lambda:	28.326824805926805	Maximal Depth:	20	Filter time:	8.0 to 110.0 [us]
Chi2:	4.0379656201569	RelRMS:	3.0142034843973327	AbsRMS:	1.0327354397561575e-06	Phi model:	0.33155061169989636
depth_vector,start_model,resistivity_model,conductivity_model,E/I[V/A],modelled_thickness,rhoa,sigma,rel_err
0.0,23.0478,21.83468963269486,0.04579868167682212,9.988278554889086e-05,1.0,23.568751446937792,0.042429061303963414,0.015
1.0,23.0478,22.31229661527787,0.044818335702621996,5.945921651325455e-05,1.0,23.39930318202386,0.04273631536037509,0.015
2.0,23.0478,23.27762816798799,0.04295970331613194,3.8529852809180475e-05,1.0,23.323401494446287,0.04287539277828398,0.015
3.0,23.0478,24.623917871591303,0.04061092167439786,2.690273947621888e-05,1.0,23.134655446217593,0.04322519530600985,0.015
4.0,23.0478,26.14496346422982,0.03824828446856114,1.7340330181308123e-05,1.0,22.94989071963628,0.04357319223068826,0.015
5.0,23.0478,27.5547863958185,0.036291335582690355,1.0368085882348589e-05,1.0,22.88483284949467,0.043697063752951175,0.015
6.0,23.0478,28.532908897587696,0.035047250302773884,6.746277813358548e-06,1.5,22.877248582157954,0.04371155020713039,0.015
7.5,23.0478,28.341136883558466,0.03528439963818564,4.677238345412505e-06,1.5,22.89285567930529,0.043681750062487014,0.015
9.0,23.0478,26.721939025203458,0.0374224340178617,2.9688855153644966e-06,1.5,23.003101903692613,0.04347239794818599,0.015
10.5,23.0478,23.840016934930052,0.041946278927965625,1.7552427907443462e-06,1.5,23.210885302018625,0.04308323387876253,0.015
12.0,23.0478,20.360677844099623,0.04911427839765132,1.1291124058649546e-06,1.5,23.40451685384164,0.042726795269685695,0.015
13.5,23.0478,17.22013607927163,0.05807155038709181,7.751073062380688e-07,1.5,23.625945094016597,0.04232634910563877,0.015
15.0,23.0478,15.394596785084396,0.06495785592571582,4.885752326543591e-07,1.5,23.90679550744538,0.04182911087722176,0.015
16.5,23.0478,15.81376383288096,0.06323605250261408,2.8607312042953624e-07,1.5,24.282723151783223,0.04118154268569191,0.015
18.0,23.0478,19.859368087562785,0.050354069454317855,1.8351367268860312e-07,1.5,24.609256391666563,0.040635116481562206,0.015
19.5,23.0478,30.49366032143997,0.03279370168942637,nan,nan,nan,nan,nan
Name:	33.164477502323265_8_110_0.015
Lambda:	33.164477502323265	Maximal Depth:	20	Filter time:	8.0 to 110.0 [us]
Chi2:	4.186233719076324	RelRMS:	3.0690431518507086	AbsRMS:	1.0677318186022732e-06	Phi model:	0.2612448561604521
depth_vector,start_model,resistivity_model,conductivity_model,E/I[V/A],modelled_thickness,rhoa,sigma,rel_err
0.0,23.0478,22.848187518547608,0.04376714779621903,9.975610422256368e-05,1.0,23.588700696425295,0.0423931785336334,0.015
1.0,23.0478,23.217695808427212,0.0430705961629937,5.948315368782885e-05,1.0,23.393025205331718,0.04274778448800546,0.015
2.0,23.0478,23.946936930740048,0.04175899418335739,3.857127875361707e-05,1.0,23.30669879062862,0.04290611935149261,0.015
3.0,23.0478,24.934372276537,0.040105280730928616,2.6926685359116243e-05,1.0,23.12093765698768,0.04325084107035672,0.015
4.0,23.0478,26.00418949204974,0.03845534198655682,1.7346719164146267e-05,1.0,22.944255246295413,0.04358389449844794,0.015
5.0,23.0478,26.930548949328795,0.037132551656542584,1.036689893843946e-05,1.0,22.886579594580017,0.04369372871413338,0.015
6.0,23.0478,27.470484509167,0.0364027070460405,6.742597770529378e-06,1.5,22.885571941694007,0.0436956525512108,0.015
7.5,23.0478,27.053381506597837,0.036963955864671404,4.673229428752576e-06,1.5,22.905946189177786,0.04365678639690785,0.015
9.0,23.0478,25.47893814622481,0.03924810344375239,2.9658363885437413e-06,1.5,23.018865273186538,0.043442627954595456,0.015
10.5,23.0478,22.942799817972073,0.043586659341230766,1.7535126455777214e-06,1.5,23.22615050894386,0.043054917758107304,0.015
12.0,23.0478,19.987594156054623,0.050031033859924606,1.1282003640305719e-06,1.5,23.417128693711444,0.04270378375930202,0.015
13.5,23.0478,17.39215313135949,0.05749719384639716,7.746898147140407e-07,1.5,23.634432573698952,0.042311149078012034,0.015
15.0,23.0478,15.97555082435525,0.06259565075374222,4.885442712775724e-07,1.5,23.90780555508965,0.04182734369726014,0.015
16.5,23.0478,16.60423026379012,0.06022561625038182,2.8624910939284097e-07,1.5,24.272769282580832,0.0411984305687626,0.015
18.0,23.0478,20.529946917405667,0.048709331983327324,1.8374553378821044e-07,1.5,24.588549748019787,0.04066933634752224,0.015
19.5,23.0478,30.165516497680162,0.03315043520229145,nan,nan,nan,nan,nan
Name:	38.82830410883109_8_110_0.015
Lambda:	38.82830410883109	Maximal Depth:	20	Filter time:	8.0 to 110.0 [us]
Chi2:	4.311253665604633	RelRMS:	3.114533792979364	AbsRMS:	1.0932011971716857e-06	Phi model:	0.21099621150452125
depth_vector,start_model,resistivity_model,conductivity_model,E/I[V/A],modelled_thickness,rhoa,sigma,rel_err
0.0,23.0478,23.760238536602742,0.04208711955730141,9.966638893470962e-05,1.0,23.602854245598056,0.04236775728878216,0.015
1.0,23.0478,24.02092781486109,0.04163036530925868,5.9507718446001216e-05,1.0,23.386587009135607,0.04275955271324394,0.015
2.0,23.0478,24.533223660154874,0.04076105178236846,3.860706405733824e-05,1.0,23.29229441127826,0.042932653277634784,0.015
3.0,23.0478,25.210493389608402,0.03966602257820918,2.6947237671492924e-05,1.0,23.10918013381499,0.04327284629785412,0.015
4.0,23.0478,25.910121418530352,0.03859495615041086,1.7352440359618666e-05,1.0,22.9392117372981,0.04359347703190891,0.015
5.0,23.0478,26.45094217897983,0.03780583667808571,1.0366172102382676e-05,1.0,22.887649394612467,0.04369168640950042,0.015
6.0,23.0478,26.64506981585769,0.03753039518796287,6.739748090899741e-06,1.5,22.892022425439286,0.04368334004813515,0.015
7.5,23.0478,26.04211277442368,0.038399342198614315,4.670073493058845e-06,1.5,22.91626459262587,0.04363712925193689,0.015
9.0,23.0478,24.515030789508636,0.04079130100166778,2.963431085110163e-06,1.5,23.031319275965213,0.04341913669893716,0.015
10.5,23.0478,22.24956848536164,0.0449446918783129,1.752160873815659e-06,1.5,23.238094777019597,0.04303278773907536,0.015
12.0,23.0478,19.711820105998925,0.05073098245735657,1.1275041925670021e-06,1.5,23.426766889702865,0.042686214649600054,0.015
13.5,23.0478,17.55514744169817,0.05696334954297977,7.743888627649733e-07,1.5,23.640555568022254,0.04230019032854984,0.015
15.0,23.0478,16.49242090549651,0.060633912130312245,4.885500761928308e-07,1.5,23.907616174216383,0.041827675026775306,0.015
16.5,23.0478,17.305773258241448,0.057784184796468116,2.86415732289367e-07,1.5,24.26335454982356,0.04121441649573026,0.015
18.0,23.0478,21.106593103225986,0.04737856058101378,1.8395235931640393e-07,1.5,24.570115651763093,0.04069984912457025,0.015
19.5,23.0478,29.893971158361044,0.03345156100882602,nan,nan,nan,nan,nan
Name:	45.4593985345391_8_110_0.015
Lambda:	45.4593985345391	Maximal Depth:	20	Filter time:	8.0 to 110.0 [us]
Chi2:	4.419237483586011	RelRMS:	3.1532973754577163	AbsRMS:	1.1110697624759629e-06	Phi model:	0.17404656485489303
depth_vector,start_model,resistivity_model,conductivity_model,E/I[V/A],modelled_thickness,rhoa,sigma,rel_err
0.0,23.0478,24.567080012782668,0.04070487821424781,9.96056978385485e-05,1.0,23.612440963997223,0.04235055585844503,0.015
1.0,23.0478,24.732700743700207,0.040432300959074,5.953216522937199e-05,1.0,23.380184129156234,0.04277126281280869,0.015
2.0,23.0478,25.05602386216854,0.0399105622464654,3.86374448533649e-05,1.0,23.280082920289697,0.04295517345981842,0.015
3.0,23.0478,25.466309363512764,0.03926756663974109,2.6964000226815526e-05,1.0,23.099601706928386,0.043290789715221135,0.015
4.0,23.0478,25.85142138688562,0.03868259253656738,1.73565715179018e-05,1.0,22.935571645352635,0.043600395728642195,0.015
5.0,23.0478,26.0697545110704,0.03835862741152222,1.0364992346913294e-05,1.0,22.88938609422895,0.043688371364932664,0.015
6.0,23.0478,25.980545597743788,0.038490338712780625,6.736957643456795e-06,1.5,22.8983432386663,0.04367128178563561,0.015
7.5,23.0478,25.22885508475118,0.039637153435647575,4.667159314955667e-06,1.5,22.925802889779373,0.04361897399221788,0.015
9.0,23.0478,23.74273249552155,0.04211815132014076,2.9612616228834984e-06,1.5,23.04256661682472,0.04339794332068207,0.015
10.5,23.0478,21.701152562945648,0.04608050181203201,1.7509593987837396e-06,1.5,23.24872392072561,0.04301311346849997,0.015
12.0,23.0478,19.506403811161444,0.051265215755853785,1.1268947831259985e-06,1.5,23.435212047542514,0.04267083216363997,0.015
13.5,23.0478,17.71882578095404,0.05643714839585474,7.74131428443726e-07,1.5,23.645796325940424,0.04229081508677965,0.015
15.0,23.0478,16.960586013798036,0.058960226915889855,4.885626034598242e-07,1.5,23.907207494593358,0.04182839004622983,0.015
16.5,23.0478,17.932393662211304,0.05576500376005501,2.8656829030576634e-07,1.5,24.254742529877415,0.0412290503091584,0.015
18.0,23.0478,21.612334496198365,0.046269874278315526,1.841388173740718e-07,1.5,24.553526466057427,0.04072734730721434,0.015
19.5,23.0478,29.65863542149725,0.03371699290234969,nan,nan,nan,nan,nan
Name:	53.22295069415713_8_110_0.015
Lambda:	53.22295069415713	Maximal Depth:	20	Filter time:	8.0 to 110.0 [us]
Chi2:	4.513834937152973	RelRMS:	3.186868150487903	AbsRMS:	1.121858990909094e-06	Phi model:	0.14644747008877732
depth_vector,start_model,resistivity_model,conductivity_model,E/I[V/A],modelled_thickness,rhoa,sigma,rel_err
0.0,23.0478,25.272668524637893,0.03956843730313311,9.957250271449522e-05,1.0,23.617688559742483,0.042341146021569166,0.015
1.0,23.0478,25.355096959486488,0.03943980185119563,5.955792614468962e-05,1.0,23.373441803829298,0.04278360065209433,0.015
2.0,23.0478,25.513796348310347,0.03919448075653489,3.8663811797126e-05,1.0,23.269497752119356,0.042974713534971815,0.015
3.0,23.0478,25.69672661176648,0.03891546246758535,2.6977660635244242e-05,1.0,23.09180323904206,0.043305409700930914,0.015
4.0,23.0478,25.81561411254534,0.03873624681715554,1.7359207439401052e-05,1.0,22.933249807533763,0.043604809976451386,0.015
5.0,23.0478,25.76546198669979,0.03881164640153563,1.0363233377651064e-05,1.0,22.891976057305865,0.04368342852957226,0.015
6.0,23.0478,25.440348696419125,0.039307637325771236,6.734055413669081e-06,1.5,22.904921887750486,0.04365873871566436,0.015
7.5,23.0478,24.566629562732846,0.040705624572814125,4.664331132633113e-06,1.5,22.93506921300414,0.043601350870700745,0.015
9.0,23.0478,23.117394248043098,0.043257470512043136,2.959222232506206e-06,1.5,23.053152144363544,0.04337801588857766,0.015
10.5,23.0478,21.26150764580225,0.04703335326257704,1.7498556705062348e-06,1.5,23.258499042046626,0.04299503584441128,0.015
12.0,23.0478,19.356550975763668,0.05166209627180481,1.1263493687117557e-06,1.5,23.44277682360036,0.04265706266474703,0.015
13.5,23.0478,17.88356394491937,0.055917265880557045,7.739112329313072e-07,1.5,23.65028129453804,0.04228279518311467,0.015
15.0,23.0478,17.387418504611478,0.0575128504403791,4.885872416789125e-07,1.5,23.9064037678257,0.04182979630528304,0.015
16.5,23.0478,18.493529795076945,0.05407296557665288,2.8671737631115843e-07,1.5,24.246333886796783,0.04124334856844254,0.015
18.0,23.0478,22.055740894908247,0.04533966937519013,1.8431609660767507e-07,1.5,24.537779863681646,0.04075348322282814,0.015
19.5,23.0478,29.447313268870783,0.033958955469703775,nan,nan,nan,nan,nan
Name:	62.312361621777015_8_110_0.015
Lambda:	62.312361621777015	Maximal Depth:	20	Filter time:	8.0 to 110.0 [us]
Chi2:	4.597450933735967	RelRMS:	3.2162500837008805	AbsRMS:	1.1259194318428786e-06	Phi model:	0.1256436420887952
depth_vector,start_model,resistivity_model,conductivity_model,E/I[V/A],modelled_thickness,rhoa,sigma,rel_err
0.0,23.0478,25.874500510785104,0.03864808905521389,9.956579447948743e-05,1.0,23.618749374031257,0.04233924430814685,0.015
1.0,23.0478,25.88682555878487,0.03862968820681233,5.958583418467717e-05,1.0,23.366143001041902,0.0427969648202277,0.015
2.0,23.0478,25.907293324874765,0.03859916925554916,3.868697864977034e-05,1.0,23.260207204214275,0.042991878413654906,0.015
3.0,23.0478,25.898027182996174,0.038612979781586156,2.6988603474997096e-05,1.0,23.085560925645694,0.04331711944192365,0.015
4.0,23.0478,25.793722578608367,0.03876912287291695,1.736037507608493e-05,1.0,22.93222148858636,0.04360676528864471,0.015
5.0,23.0478,25.519313294125453,0.03918600741620269,1.036079578041659e-05,1.0,22.89556646553719,0.04367657823645541,0.015
6.0,23.0478,25.00059316991834,0.03999905095064856,6.730920417580082e-06,1.5,22.91203347260622,0.04364518763450685,0.015
7.5,23.0478,24.027603227023057,0.04161879945126332,4.661481086457083e-06,1.5,22.944416649447582,0.04358358790630122,0.015
9.0,23.0478,22.609731778785328,0.04422874228602297,2.9572391916172856e-06,1.5,23.0634568537327,0.04335863467224148,0.015
10.5,23.0478,20.912428344607306,0.04781845434310216,1.7488113493184815e-06,1.5,23.267757493148704,0.04297792773087198,0.015
12.0,23.0478,19.252464392043255,0.0519414023907134,1.1258494583932777e-06,1.5,23.44971583237988,0.042644440007208025,0.015
13.5,23.0478,18.048366871386673,0.0554066751372042,7.737209150858652e-07,1.5,23.65415942508491,0.042275862863235536,0.015
15.0,23.0478,17.777603757314605,0.056250550617011556,4.886247378069908e-07,1.5,23.905180731040698,0.041831936401196396,0.015
16.5,23.0478,18.99390941349236,0.052648455788130065,2.8686772779677905e-07,1.5,24.23786124596531,0.04125776568534743,0.015
18.0,23.0478,22.438906897745277,0.044565450739513644,1.844897815580592e-07,1.5,24.522376979650414,0.040779081115580165,0.015
19.5,23.0478,29.253054972847625,0.034184463842432504,nan,nan,nan,nan,nan
Name:	72.95406136340671_8_110_0.015
Lambda:	72.95406136340671	Maximal Depth:	20	Filter time:	8.0 to 110.0 [us]
Chi2:	4.672456207976706	RelRMS:	3.242379753814718	AbsRMS:	1.1238521148546307e-06	Phi model:	0.10973075510453457
depth_vector,start_model,resistivity_model,conductivity_model,E/I[V/A],modelled_thickness,rhoa,sigma,rel_err
0.0,23.0478,26.37940657099925,0.03790835845031369,9.95834756940019e-05,1.0,23.615953592032614,0.04234425665273042,0.015
1.0,23.0478,26.33240210126829,0.037976026499756184,5.961617283152131e-05,1.0,23.358214981213308,0.04281149055286486,0.015
2.0,23.0478,26.237157786002104,0.0381138844442028,3.8707511634635856e-05,1.0,23.251980657695952,0.0430070889324011,0.015
3.0,23.0478,26.06683434812394,0.03836292457476606,2.6997128326244676e-05,1.0,23.080700869687103,0.04332624063913691,0.015
4.0,23.0478,25.777802853664046,0.03879306571148908,1.7360113034373802e-05,1.0,22.932452254497054,0.0436063264801478,0.015
5.0,23.0478,25.316963306275554,0.039499208017263296,1.0357619030915804e-05,1.0,22.900247706252003,0.043667649923585315,0.015
6.0,23.0478,24.640121852140986,0.04058421488338174,6.727467070399245e-06,1.5,22.91987361389113,0.04363025803920342,0.015
7.5,23.0478,23.588790404740653,0.04239301731211404,4.6585275652796135e-06,1.5,22.954113513362433,0.043565176212005015,0.015
9.0,23.0478,22.199648067932028,0.045045759146268904,2.955253560857502e-06,1.5,23.07378656692998,0.043339223802703844,0.015
10.5,23.0478,20.63783901720961,0.04845468554949545,1.7477932974106741e-06,1.5,23.276791927572383,0.04296124668345968,0.015
12.0,23.0478,19.18718535496483,0.05211811849939952,1.125377089410487e-06,1.5,23.456277273727665,0.04263251104726903,0.015
13.5,23.0478,18.212599281383604,0.054907044543728106,7.735514604656646e-07,1.5,23.657613761330982,0.04226969000713535,0.015
15.0,23.0478,18.133970681128897,0.05514512059075122,4.886730116743655e-07,1.5,23.903606379688995,0.04183469155724153,0.015
16.5,23.0478,19.43895723098583,0.051443088645001654,2.870210905541619e-07,1.5,24.229226534751813,0.04127246895668365,0.015
18.0,23.0478,22.768920517554683,0.04391951736267017,1.846627882822962e-07,1.5,24.50705825054237,0.04080457106588339,0.015
19.5,23.0478,29.07089619061094,0.03439866433574108,nan,nan,nan,nan,nan
Name:	85.41314966877566_8_110_0.015
Lambda:	85.41314966877566	Maximal Depth:	20	Filter time:	8.0 to 110.0 [us]
Chi2:	4.740867843205965	RelRMS:	3.266030105068449	AbsRMS:	1.1158728734468253e-06	Phi model:	0.09735268920332829
depth_vector,start_model,resistivity_model,conductivity_model,E/I[V/A],modelled_thickness,rhoa,sigma,rel_err
0.0,23.0478,26.78923127022324,0.037328432082017964,9.962506562776353e-05,1.0,23.60938058559712,0.04235604557156612,0.015
1.0,23.0478,26.69380914028156,0.03746186970712162,5.964948009483331e-05,1.0,23.34951894969577,0.042827434781607325,0.015
2.0,23.0478,26.50330843459444,0.037731138452688884,3.872590723209893e-05,1.0,23.244616630565083,0.04302071382347809,0.015
3.0,23.0478,26.201456005365657,0.03816581795283496,2.7003465756481003e-05,1.0,23.077089529451158,0.043333020774729517,0.015
4.0,23.0478,25.760889802424593,0.03881853490580441,1.7358435047571734e-05,1.0,22.933930104014415,0.04360351651307062,0.015
5.0,23.0478,25.14997030627536,0.039761478356516486,1.0353641523825065e-05,1.0,22.90611231381797,0.04365646977976076,0.015
6.0,23.0478,24.34607646436841,0.04107438015581465,6.72362136011195e-06,1.5,22.928612435686738,0.04361362916334056,0.015
7.5,23.0478,23.233201628803062,0.04304185088120885,4.6554047922254225e-06,1.5,22.96437720743515,0.04354570520102027,0.015
9.0,23.0478,21.872910353784203,0.04571865306561691,2.95322039270762e-06,1.5,23.084375573828336,0.04331934371808347,0.015
10.5,23.0478,20.428074174726596,0.048952240502298044,1.7467781185268125e-06,1.5,23.285809603841265,0.04294460948590073,0.015
12.0,23.0478,19.15547520613679,0.05220439530936996,1.1249209867734892e-06,1.5,23.462617124686197,0.04262099128523262,0.015
13.5,23.0478,18.37639392713909,0.05441764058633695,7.733984032197531e-07,1.5,23.66073492093826,0.042264114083585075,0.015
15.0,23.0478,18.45946016893289,0.05417276512143033,4.887325680716605e-07,1.5,23.901664429310664,0.04183809052116462,0.015
16.5,23.0478,19.83272636378429,0.050421711148400564,2.8718042368598277e-07,1.5,24.220263817016548,0.04128774184934456,0.015
18.0,23.0478,23.049298023428353,0.0433852692165963,1.8483859906899275e-07,1.5,24.49151572306552,0.04083046599922046,0.015
19.5,23.0478,28.896708090016887,0.03460601798948427,nan,nan,nan,nan,nan
Name:	100.0_8_110_0.015
Lambda:	100.0	Maximal Depth:	20	Filter time:	8.0 to 110.0 [us]
Chi2:	4.805110347685598	RelRMS:	3.288084287589446	AbsRMS:	1.1022337369751566e-06	Phi model:	0.08743573196709167
depth_vector,start_model,resistivity_model,conductivity_model,E/I[V/A],modelled_thickness,rhoa,sigma,rel_err
0.0,23.0478,27.11339364997842,0.03688214072017488,9.969015117326523e-05,1.0,23.5991034308319,0.04237449117213131,0.015
1.0,23.0478,26.978318129738863,0.037066802874478506,5.968652516516104e-05,1.0,23.339856533476233,0.04284516481777449,0.015
2.0,23.0478,26.71018790415111,0.0374388979811178,3.8742895257574626e-05,1.0,23.23782125125915,0.043033294265735635,0.015
3.0,23.0478,26.30146547210986,0.038020695122878326,2.7008037638317518e-05,1.0,23.074485151580657,0.04333791169903947,0.015
4.0,23.0478,25.738699221375853,0.03885200224763127,1.7355492169656425e-05,1.0,22.93652255327213,0.04359858813285276,0.015
5.0,23.0478,25.00766155843925,0.03998774526211282,1.0348890255248518e-05,1.0,22.913122712224865,0.043643112837975104,0.015
6.0,23.0478,24.103931631362183,0.04148700781655375,6.719367466510349e-06,1.5,22.93828850413489,0.04359523160674078,0.015
7.5,23.0478,22.9461495253787,0.04358029650656589,4.652086478219446e-06,1.5,22.975296173012946,0.04352501018788223,0.015
9.0,23.0478,21.615593300512703,0.046262898551865377,2.9511189762330457e-06,1.5,23.09533280332655,0.04329879151410039,0.015
10.5,23.0478,20.27322568203994,0.04932614156640601,1.7457560484011257e-06,1.5,23.29489732209243,0.04292785609540418,0.015
12.0,23.0478,19.153370680580153,0.05221013140073109,1.1244782216599213e-06,1.5,23.46877568279881,0.04260980689899982,0.015
13.5,23.0478,18.540409280424168,0.05393624190679797,7.732627859731683e-07,1.5,23.663501302555353,0.042259173197332925,0.015
15.0,23.0478,18.758511878884537,0.053309132752990235,4.888072534024461e-07,1.5,23.899229728430317,0.04184235271860702,0.015
16.5,23.0478,20.18222395213275,0.049548553339401696,2.873505758854064e-07,1.5,24.210701657695026,0.04130404868634463,0.015
18.0,23.0478,23.28674430336846,0.04294288574531857,1.8502188729950716e-07,1.5,24.475338364703735,0.04085745353543776,0.015
19.5,23.0478,28.726354119666347,0.0348112397359674,nan,nan,nan,nan,nan
