Name:	5.000000000000001_8_110_0.015
Lambda:	5	Maximal Depth:	20	Filter time:	8 to 110 [us]
Chi2:	5.786336488033204	RelRMS:	3.608220766260666	AbsRMS:	6.247114122075822e-07	Phi model:	0.3727909084410614
depth_vector,start_model,resistivity_model,conductivity_model,E/I[V/A],modelled_thickness,rhoa,sigma,rel_err
0.0,18.1286,25.848748427354565,0.0386865926143544,0.000137994276015,1.0,19.00011772700424,0.0526312528358039,0.015
1.0,18.1286,25.03163303236288,0.0399494511088078,8.185631896772353e-05,1.0,18.90808614256444,0.0528874256474258,0.015
2.0,18.1286,23.562228727475024,0.0424408069188267,5.269735147152163e-05,1.0,18.929142009031303,0.0528285962207314,0.015
3.0,18.1286,21.67362741115077,0.0461390232945277,3.653419256238732e-05,1.0,18.865183363007336,0.0530077010521348,0.015
4.0,18.1286,19.609393257800072,0.0509959684551804,2.342605277432216e-05,1.0,18.77959053635296,0.0532492973190352,0.015
5.0,18.1286,17.607896346262986,0.0567927014297897,1.406332594850176e-05,1.0,18.67618240541796,0.0535441332865703,0.015
6.0,18.1286,15.877947834424631,0.0629804311254834,9.256406108812215e-06,1.5,18.527564708601336,0.0539736341892658,0.015
7.5,18.1286,14.79112222109998,0.0676081222947012,6.522470445889388e-06,1.5,18.340797876836746,0.0545232550249592,0.015
9.0,18.1286,14.68723157329607,0.0680863507196395,4.257885170547017e-06,1.5,18.087813606779843,0.055285841713073,0.015
10.5,18.1286,15.777294729910205,0.063382222181869,2.6247892566830425e-06,1.5,17.749530816320167,0.0563395173849062,0.015
12.0,18.1286,18.020662276357164,0.0554918562184024,1.758812086456697e-06,1.5,17.417193313957583,0.0574145318349674,0.015
13.5,18.1286,20.8489296695903,0.0479640929221692,1.254345017115344e-06,1.5,17.140325753350204,0.0583419483614272,0.015
15.0,18.1286,23.04278489653113,0.0433975322206188,8.306770314412973e-07,1.5,16.78240497896142,0.0595862155187894,0.015
16.5,18.1286,22.89445745527755,0.0436786939351333,5.161946486416544e-07,1.5,16.383490185936573,0.0610370555144831,0.015
18.0,18.1286,19.025215254265127,0.0525618231717939,3.480090501463521e-07,1.5,16.062645827480278,0.0622562441294186,0.015
19.5,18.1286,11.712136276391163,0.0853815201942073,nan,nan,nan,nan,nan
Name:	5.8538995686138975_8_110_0.015
Lambda:	5.8538995686138975	Maximal Depth:	20	Filter time:	8 to 110 [us]
Chi2:	5.80151169259852	RelRMS:	3.6129491151062	AbsRMS:	6.027705588607623e-07	Phi model:	0.3333500506905675
depth_vector,start_model,resistivity_model,conductivity_model,E/I[V/A],modelled_thickness,rhoa,sigma,rel_err
0.0,18.1286,25.46921576149689,0.0392630856546337,0.000138103230591,1.0,18.990123164436003,0.0526589528325315,0.015
1.0,18.1286,24.70427694156261,0.0404788208278864,8.185664883981815e-05,1.0,18.908035344376312,0.052887567734393,0.015
2.0,18.1286,23.3129259521668,0.0428946586135,5.267629791247514e-05,1.0,18.93418538125615,0.052814524621162,0.015
3.0,18.1286,21.519989081165,0.0464684250641759,3.651806378027385e-05,1.0,18.87073769251082,0.0529920989997581,0.015
4.0,18.1286,19.54586648365396,0.0511617124181366,2.3418547558275568e-05,1.0,18.783602665530683,0.0532379234061991,0.015
5.0,18.1286,17.637334609631843,0.0566979094139255,1.40615472551897e-05,1.0,18.677757315103253,0.0535396184418446,0.015
6.0,18.1286,15.984912791089611,0.062558990034492,9.257208260326388e-06,1.5,18.52649439825075,0.0539767523474067,0.015
7.5,18.1286,14.970289786478478,0.0667989741189394,6.524155028938122e-06,1.5,18.337640591656854,0.0545326425720751,0.015
9.0,18.1286,14.90177088366464,0.0671061183135088,4.259504457123989e-06,1.5,18.08322915958972,0.0552998577397162,0.015
10.5,18.1286,15.9586786291299,0.0626618295436231,2.625847088382197e-06,1.5,17.744763522414523,0.0563546535143642,0.015
12.0,18.1286,18.067554487013936,0.0553478336384013,1.7594025296146706e-06,1.5,17.413296370635543,0.0574273807046851,0.015
13.5,18.1286,20.650500232055187,0.0484249770592834,1.2546190688090689e-06,1.5,17.137829640414754,0.0583504458255193,0.015
15.0,18.1286,22.56573116226439,0.0443149833173698,8.306821146271064e-07,1.5,16.782336514608787,0.0595864586036344,0.015
16.5,18.1286,22.28853905239001,0.0448661079871347,5.160412197702921e-07,1.5,16.386737440569906,0.0610249601927607,0.015
18.0,18.1286,18.60706234754436,0.0537430348392406,3.478064975844095e-07,1.5,16.068881506177902,0.0622320850157203,0.015
19.5,18.1286,11.763265925574018,0.0850104049612567,nan,nan,nan,nan,nan
Name:	6.853628031883595_8_110_0.015
Lambda:	6.853628031883595	Maximal Depth:	20	Filter time:	8 to 110 [us]
Chi2:	5.81702038588394	RelRMS:	3.617774988613701	AbsRMS:	5.823385408763894e-07	Phi model:	0.298535181229149
depth_vector,start_model,resistivity_model,conductivity_model,E/I[V/A],modelled_thickness,rhoa,sigma,rel_err
0.0,18.1286,25.137296596115785,0.0397815252796324,0.000138207373135,1.0,18.980582292882428,0.0526854226371649,0.015
1.0,18.1286,24.4041294477504,0.0409766716793162,8.185677022155049e-05,1.0,18.908016652453448,0.0528876200175253,0.015
2.0,18.1286,23.084870551828555,0.0433184148793413,5.265606081734323e-05,1.0,18.939036337507744,0.0528009969556663,0.015
3.0,18.1286,21.36234126327336,0.0468113484227135,3.65026402180837e-05,1.0,18.876052988460938,0.0529771769877583,0.015
4.0,18.1286,19.482132828201,0.051329082334993,2.3411415455872053e-05,1.0,18.7874173224421,0.0532271138090636,0.015
5.0,18.1286,17.654385217624473,0.0566431505641835,1.4059863320922675e-05,1.0,18.679248628214847,0.0535353439479095,0.015
6.0,18.1286,16.0916526916745,0.0621440208262374,9.25796330085224e-06,1.5,18.525487089280645,0.0539796872913872,0.015
7.5,18.1286,15.143739005767138,0.0660338902842404,6.525734324023144e-06,1.5,18.3346818734018,0.0545414426552284,0.015
9.0,18.1286,15.113670706976462,0.0661652631837744,4.261006682844702e-06,1.5,18.078978726079026,0.0553128589369649,0.015
10.5,18.1286,16.1496469545935,0.0619208582584875,2.626808286654575e-06,1.5,17.74043449784717,0.0563684051887991,0.015
12.0,18.1286,18.110288867760666,0.0552172307853226,1.7599204581539942e-06,1.5,17.409879820176997,0.0574386503714437,0.015
13.5,18.1286,20.447964804529743,0.0489046225166856,1.2548398077420349e-06,1.5,17.135819770509766,0.0583572897820138,0.015
15.0,18.1286,22.117422329603063,0.0452132253522848,8.306532255978176e-07,1.5,16.782725624115972,0.0595850770844425,0.015
16.5,18.1286,21.73599327114665,0.0460066391963529,5.158691452251475e-07,1.5,16.390381237555932,0.0610113935427359,0.015
18.0,18.1286,18.237713354067548,0.0548314353113226,3.475934293030441e-07,1.5,16.07544745169209,0.0622066665954446,0.015
19.5,18.1286,11.813588590022446,0.0846482838283858,nan,nan,nan,nan,nan
Name:	8.024090035856696_8_110_0.015
Lambda:	8.024090035856696	Maximal Depth:	20	Filter time:	8 to 110 [us]
Chi2:	5.832813371804986	RelRMS:	3.622682719554835	AbsRMS:	5.646288368138088e-07	Phi model:	0.26760151474399
depth_vector,start_model,resistivity_model,conductivity_model,E/I[V/A],modelled_thickness,rhoa,sigma,rel_err
0.0,18.1286,24.807925746081214,0.0403096982083625,0.0001382872191078,1.0,18.973275428487984,0.0527057125043639,0.015
1.0,18.1286,24.112612976425552,0.0414720711097416,8.184612670737447e-05,1.0,18.909655853474675,0.0528830354052291,0.015
2.0,18.1286,22.86223131726788,0.0437402625370472,5.263061309103953e-05,1.0,18.94514072624503,0.0527839837375651,0.015
3.0,18.1286,21.21714392253829,0.0471316970677534,3.6484279464783046e-05,1.0,18.88238538686113,0.0529594105570913,0.015
4.0,18.1286,19.426795148270923,0.0514752944254423,2.340274961735001e-05,1.0,18.792054916494,0.0532139781649046,0.015
5.0,18.1286,17.685753121470388,0.056542686824346,1.4057397777788816e-05,1.0,18.68143268094758,0.0535290851123992,0.015
6.0,18.1286,16.208909479992016,0.0616944650862775,9.258223438371407e-06,1.5,18.525140068288746,0.0539806984623989,0.015
7.5,18.1286,15.326728070438634,0.0652454976302963,6.526955879483919e-06,1.5,18.332394178101413,0.0545482488694537,0.015
9.0,18.1286,15.321415330690158,0.0652681216726049,4.262265811754713e-06,1.5,18.07541804001585,0.0553237550460062,0.015
10.5,18.1286,16.317158586617673,0.061285179934461,2.627612771305206e-06,1.5,17.736813305824455,0.0563799135029299,0.015
12.0,18.1286,18.140130635121576,0.0551263946282654,1.7603307035836131e-06,1.5,17.407174797739774,0.0574475761643896,0.015
13.5,18.1286,20.252433578323902,0.0493767821102889,1.2549834135475235e-06,1.5,17.13451252872598,0.05836174202934,0.015
15.0,18.1286,21.697976516653103,0.0460872468560607,8.305742352788222e-07,1.5,16.783789668550618,0.0595812995603606,0.015
16.5,18.1286,21.23250906998885,0.0470975896773995,5.156673920415672e-07,1.5,16.39465608093161,0.0609954850570537,0.015
18.0,18.1286,17.907385867266246,0.0558428799944467,3.47361533580237e-07,1.5,16.08260121415775,0.0621789962136028,0.015
19.5,18.1286,11.863843666579283,0.0842897148768929,nan,nan,nan,nan,nan
Name:	9.394443439884116_8_110_0.015
Lambda:	9.394443439884116	Maximal Depth:	20	Filter time:	8 to 110 [us]
Chi2:	5.852743894075406	RelRMS:	3.628866732420697	AbsRMS:	5.443618245204689e-07	Phi model:	0.2339132707114337
depth_vector,start_model,resistivity_model,conductivity_model,E/I[V/A],modelled_thickness,rhoa,sigma,rel_err
0.0,18.1286,24.374872061507848,0.0410258563604595,0.0001383704131481,1.0,18.96566965198468,0.052726849004003,0.015
1.0,18.1286,23.736593562968988,0.0421290442264673,8.182550087278057e-05,1.0,18.91283343703783,0.05287415041903,0.015
2.0,18.1286,22.578392021835207,0.044290133638964,5.259520732135573e-05,1.0,18.95364203385549,0.0527603084522633,0.015
3.0,18.1286,21.05294006101294,0.047499303997538,3.645921870366896e-05,1.0,18.891037112851684,0.0529351561815361,0.015
4.0,18.1286,19.38288434044292,0.0515919087394786,2.3390741490497144e-05,1.0,18.798485896207414,0.053195773612903,0.015
5.0,18.1286,17.758746490628834,0.0563102807130949,1.4053695993749408e-05,1.0,18.68471303243169,0.053519687364974,0.015
6.0,18.1286,16.3775711414541,0.0610591150154646,9.258185086399623e-06,1.5,18.52519122843529,0.053980549386451,0.015
7.5,18.1286,15.56400410660219,0.0642508183081115,6.528263515418751e-06,1.5,18.329946064326894,0.054555534232922,0.015
9.0,18.1286,15.569924770040684,0.0642263861110092,4.263746321768416e-06,1.5,18.07123355305164,0.0553365655456947,0.015
10.5,18.1286,16.498790476075257,0.0606105036275289,2.6286136466180006e-06,1.5,17.732310687661123,0.0563942295854223,0.015
12.0,18.1286,18.151004859302056,0.0550933685353248,1.760878942681312e-06,1.5,17.40356153058109,0.0574595032311533,0.015
13.5,18.1286,20.021816193590315,0.0499455189444869,1.2552156611728418e-06,1.5,17.132398909159257,0.0583689421021701,0.015
15.0,18.1286,21.22539484585182,0.0471133756173885,8.305353338220566e-07,1.5,16.784313755240813,0.0595794391467304,0.015
16.5,18.1286,20.672605600315464,0.0483731958773856,5.154717339856625e-07,1.5,16.39880444113698,0.0609800551978938,0.015
18.0,18.1286,17.534839183165236,0.0570293225705813,3.4712099910843205e-07,1.5,16.090029888637474,0.0621502885278158,0.015
19.5,18.1286,11.921469977924671,0.0838822730629468,nan,nan,nan,nan,nan
Name:	10.998825680021056_8_110_0.015
Lambda:	10.998825680021056	Maximal Depth:	20	Filter time:	8 to 110 [us]
Chi2:	5.873959591998267	RelRMS:	3.635437949132964	AbsRMS:	5.236232213587516e-07	Phi model:	0.2033630972327799
depth_vector,start_model,resistivity_model,conductivity_model,E/I[V/A],modelled_thickness,rhoa,sigma,rel_err
0.0,18.1286,23.944739029049348,0.0417628272660151,0.0001384677974729,1.0,18.95677624606221,0.0527515853444609,0.015
1.0,18.1286,23.356700586771268,0.0428142663508894,8.181218239789098e-05,1.0,18.91488596968841,0.0528684128258835,0.015
2.0,18.1286,22.29133629503352,0.0448604779347749,5.256413602769934e-05,1.0,18.96111044886473,0.0527395271862821,0.015
3.0,18.1286,20.88395868904633,0.0478836419325279,3.643711534179715e-05,1.0,18.898676086114445,0.0529137594317909,0.015
4.0,18.1286,19.34368933193917,0.0516964464658175,2.33806124753128e-05,1.0,18.80391479315057,0.0531804154081923,0.015
5.0,18.1286,17.84060115521786,0.0560519228752293,1.40510753298204e-05,1.0,18.687036215548847,0.0535130337665816,0.015
6.0,18.1286,16.562816352457034,0.060376205273305,9.25883239743461e-06,1.5,18.524327786198064,0.0539830654878106,0.015
7.5,18.1286,15.812457499908282,0.0632412766962883,6.530038744331966e-06,1.5,18.326623845675403,0.0545654239657444,0.015
9.0,18.1286,15.824702415415535,0.0631923415523982,4.265517141975151e-06,1.5,18.06623171793775,0.0553518860829794,0.015
10.5,18.1286,16.67301675652894,0.059977148383085,2.6297838360064824e-06,1.5,17.72705000154037,0.0564109651585067,0.015
12.0,18.1286,18.157813212037137,0.0550727110320246,1.7615371045418047e-06,1.5,17.399226273679275,0.0574738200578926,0.015
13.5,18.1286,19.788056357973,0.050535534259133,1.2555247868989565e-06,1.5,17.129586654789314,0.0583785248385084,0.015
15.0,18.1286,20.773410742862428,0.048138459898483,8.305466810286907e-07,1.5,16.78416087961931,0.0595799818157296,0.015
16.5,18.1286,20.14589543081096,0.0496379028390373,5.15307327215419e-07,1.5,16.402292238275994,0.0609670883479581,0.015
18.0,18.1286,17.18523327813444,0.0581894923284134,3.469017838501126e-07,1.5,16.096807616210423,0.0621241195050962,0.015
19.5,18.1286,11.978727338561535,0.0834813224924848,nan,nan,nan,nan,nan
Name:	12.87720418070694_8_110_0.015
Lambda:	12.87720418070694	Maximal Depth:	20	Filter time:	8 to 110 [us]
Chi2:	5.897504850577329	RelRMS:	3.6427168314046856	AbsRMS:	5.019727355731939e-07	Phi model:	0.1745961720111915
depth_vector,start_model,resistivity_model,conductivity_model,E/I[V/A],modelled_thickness,rhoa,sigma,rel_err
0.0,18.1286,23.48254579618529,0.0425848206016252,0.000138577343474,1.0,18.946784652560165,0.0527794039114112,0.015
1.0,18.1286,22.95561214817576,0.0435623321018458,8.180110440871275e-05,1.0,18.91659364160294,0.0528636401958076,0.015
2.0,18.1286,21.99106134122064,0.0454730212645795,5.253278183872058e-05,1.0,18.96865432396181,0.0527185525615682,0.015
3.0,18.1286,20.718343457298765,0.0482664071121822,3.641458461629437e-05,1.0,18.90647070999312,0.0528919445273011,0.015
4.0,18.1286,19.313653974920296,0.0517768414665887,2.3370276711534584e-05,1.0,18.80945854432477,0.0531647414328001,0.015
5.0,18.1286,17.942412878757658,0.0557338640436659,1.4048391649636186e-05,1.0,18.6894160102602,0.0535062197476376,0.015
6.0,18.1286,16.768870129642334,0.0596343100202261,9.259505993424022e-06,1.5,18.523429389515822,0.0539856836966698,0.015
7.5,18.1286,16.085135483665447,0.0621691996946812,6.531874822784987e-06,1.5,18.323189334481828,0.0545756517462891,0.015
9.0,18.1286,16.09485784877626,0.0621316453612563,4.267342190639845e-06,1.5,18.061080329983604,0.0553676735682238,0.015
10.5,18.1286,16.853110688519987,0.0593362269127669,2.6309850051471686e-06,1.5,17.721654099516634,0.0564281412098702,0.015
12.0,18.1286,18.15672350300159,0.0550760163217049,1.76220981954727e-06,1.5,17.394797945377068,0.0574884516129585,0.015
13.5,18.1286,19.554705479409304,0.0511385866206463,1.2558376078325242e-06,1.5,17.12674195802219,0.0583882213237643,0.015
15.0,18.1286,20.32423243584132,0.049202350108756,8.305528493954355e-07,1.5,16.784077777552188,0.0595802768107668,0.015
16.5,18.1286,19.626590023182327,0.0509512859248005,5.151332954547155e-07,1.5,16.405986245399234,0.0609533608673134,0.015
18.0,18.1286,16.841539134390615,0.0593769958921384,3.466721571468175e-07,1.5,16.10391490544511,0.0620967016946839,0.015
19.5,18.1286,12.038499849192316,0.0830668283031205,nan,nan,nan,nan,nan
Name:	15.076371999678692_8_110_0.015
Lambda:	15.076371999678692	Maximal Depth:	20	Filter time:	8 to 110 [us]
Chi2:	5.920899044367328	RelRMS:	3.6499346363772713	AbsRMS:	4.826431127668471e-07	Phi model:	0.1503641914587874
depth_vector,start_model,resistivity_model,conductivity_model,E/I[V/A],modelled_thickness,rhoa,sigma,rel_err
0.0,18.1286,23.06671118420943,0.0433525174878229,0.0001386804271279,1.0,18.93739449864304,0.0528055747094277,0.015
1.0,18.1286,22.591847448874127,0.0442637549790039,8.179160121744836e-05,1.0,18.918058865609705,0.0528595458500161,0.015
2.0,18.1286,21.71978510041701,0.0460409711871781,5.250436684506379e-05,1.0,18.97549750824945,0.0526995405293198,0.015
3.0,18.1286,20.56653704173953,0.0486226727411869,3.639437227657375e-05,1.0,18.91347011900158,0.0528723705226013,0.015
4.0,18.1286,19.28986161724584,0.0518407036733723,2.336130702964892e-05,1.0,18.81427288868021,0.0531511372199591,0.015
5.0,18.1286,18.040888691183508,0.0554296419160711,1.4046345345251244e-05,1.0,18.691231111363912,0.053501023771089,0.015
6.0,18.1286,16.969503234298852,0.0589292441972487,9.26043895457227e-06,1.5,18.522185249057745,0.0539893099304182,0.015
7.5,18.1286,16.34602603859956,0.0611769489194864,6.533790703949167e-06,1.5,18.319607261863705,0.054586323042073,0.015
9.0,18.1286,16.351087894596503,0.0611580101853936,4.2691583488866654e-06,1.5,18.055957679964155,0.055383381913309,0.015
10.5,18.1286,17.021733130935537,0.0587484242825183,2.632156363845882e-06,1.5,17.716396064970834,0.0564448884712629,0.015
12.0,18.1286,18.15756318875478,0.055073469363957,1.7628590162671951e-06,1.5,17.390527103186134,0.0575025698799428,0.015
13.5,18.1286,19.33903982892417,0.0517088753550403,1.2561368382419051e-06,1.5,17.124021954202085,0.0583974957912623,0.015
15.0,18.1286,19.91832226444541,0.0502050316649921,8.305569113592649e-07,1.5,16.78402305413189,0.0595804710691111,0.015
16.5,18.1286,19.16253069588951,0.0521851740706934,5.149652324635916e-07,1.5,16.409555533827785,0.0609401027309076,0.015
18.0,18.1286,16.53739225292259,0.0604690258721579,3.464516132992001e-07,1.5,16.110748457396323,0.0620703626926101,0.015
19.5,18.1286,12.09563110017004,0.0826744790510304,nan,nan,nan,nan,nan
Name:	17.651113509036346_8_110_0.015
Lambda:	17.651113509036346	Maximal Depth:	20	Filter time:	8 to 110 [us]
Chi2:	5.944785850239108	RelRMS:	3.6572897291625655	AbsRMS:	4.6482604012330163e-07	Phi model:	0.1293013546708552
depth_vector,start_model,resistivity_model,conductivity_model,E/I[V/A],modelled_thickness,rhoa,sigma,rel_err
0.0,18.1286,22.679259203206083,0.044093150972878,0.0001387808522658,1.0,18.92825769597766,0.0528310643304747,0.015
1.0,18.1286,22.25268904500453,0.0449383891527702,8.178290936219984e-05,1.0,18.919399244408623,0.0528558009206099,0.015
2.0,18.1286,21.46490848101244,0.0465876666040568,5.247730038722941e-05,1.0,18.98202166706681,0.0526814275918232,0.015
3.0,18.1286,20.42721802025272,0.0489542922099594,3.637518906462558e-05,1.0,18.92011914237091,0.0528537897925038,0.015
4.0,18.1286,19.270873072140297,0.0518917848847071,2.33529123836486e-05,1.0,18.818781382730155,0.0531384035800369,0.015
5.0,18.1286,18.140948879965084,0.0551239081603059,1.4044537565724615e-05,1.0,18.69283500421441,0.0534964332469924,0.015
6.0,18.1286,17.16463311068365,0.058259328559582,9.261442719814036e-06,1.5,18.52084692181804,0.0539932112295563,0.015
7.5,18.1286,16.599070249947182,0.0602443380829225,6.535702307241105e-06,1.5,18.31603493178494,0.0545969694709764,0.015
9.0,18.1286,16.60795937661695,0.0602120933296562,4.270939200223814e-06,1.5,18.050938142122963,0.0553987827184693,0.015
10.5,18.1286,17.18759159005377,0.0581815081397842,2.6332927899624453e-06,1.5,17.711298562795697,0.0564611339171141,0.015
12.0,18.1286,18.160643744388818,0.0550641273555611,1.7634828245590946e-06,1.5,17.386425751575363,0.05751613438486,0.015
13.5,18.1286,19.13642657709192,0.0522563601919855,1.2564195312546714e-06,1.5,17.121453267132573,0.0584062570155574,0.015
15.0,18.1286,19.539847519682464,0.0511774720346564,8.305535308469594e-07,1.5,16.78406859689815,0.0595803094003565,0.015
16.5,18.1286,18.732312091461765,0.0533836931136654,5.147962942132397e-07,1.5,16.413145368008593,0.0609267740934734,0.015
18.0,18.1286,16.2564012968086,0.061514229486714,3.462330999503894e-07,1.5,16.117526248434043,0.0620442606753724,0.015
19.5,18.1286,12.151634772703964,0.0822934542310541,nan,nan,nan,nan,nan
Name:	20.665569151220556_8_110_0.015
Lambda:	20.66556915122056	Maximal Depth:	20	Filter time:	8 to 110 [us]
Chi2:	5.968943543467793	RelRMS:	3.664713218357275	AbsRMS:	4.486101414735186e-07	Phi model:	0.1111584412849477
depth_vector,start_model,resistivity_model,conductivity_model,E/I[V/A],modelled_thickness,rhoa,sigma,rel_err
0.0,18.1286,22.30480738987579,0.044833384235091,0.0001388764729752,1.0,18.919568241464056,0.0528553287917217,0.015
1.0,18.1286,21.925873715585933,0.0456082167110701,8.177400913990003e-05,1.0,18.920772001730548,0.0528519660777338,0.015
2.0,18.1286,21.224388021394944,0.0471156105416073,5.245109442100793e-05,1.0,18.988343757015446,0.0526638875299768,0.015
3.0,18.1286,20.2976458817534,0.0492667970377269,3.63567969015904e-05,1.0,18.92649947310529,0.0528359721997725,0.015
4.0,18.1286,19.262302677338745,0.0519148731463168,2.3345003411733665e-05,1.0,18.82303150877964,0.0531264052516497,0.015
5.0,18.1286,18.24736266656739,0.0548024401264402,1.4042939786877153e-05,1.0,18.69425286735333,0.0534923758170805,0.015
6.0,18.1286,17.367626650027752,0.0575783911153112,9.262506758881522e-06,1.5,18.51942849499773,0.0539973466389694,0.015
7.5,18.1286,16.854407188855273,0.0593316625613053,6.537604738848429e-06,1.5,18.312481469891967,0.0546075637888904,0.015
9.0,18.1286,16.850596350020155,0.0593450806860496,4.272682221790114e-06,1.5,18.04602860872942,0.0554138542990156,0.015
10.5,18.1286,17.342827796748153,0.0576607235982302,2.63439268782322e-06,1.5,17.706368400506477,0.0564768549586597,0.015
12.0,18.1286,18.160343482857943,0.055065037781027,1.764080210541086e-06,1.5,17.382500384594195,0.0575291228462323,0.015
13.5,18.1286,18.94555928109877,0.0527828176071666,1.2566850319334127e-06,1.5,17.119041675032626,0.0584144848165453,0.015
15.0,18.1286,19.18898685052077,0.0521132255595277,8.305424161565741e-07,1.5,16.784218337843466,0.0595797778527043,0.015
16.5,18.1286,18.33739265775302,0.0545333798901449,5.146264797931369e-07,1.5,16.416755799535633,0.0609133748598664,0.015
18.0,18.1286,16.000149409682145,0.062499416373879,3.460167554254486e-07,1.5,16.12424379460634,0.0620184123198699,0.015
19.5,18.1286,12.206371762674417,0.0819244259836389,nan,nan,nan,nan,nan
Name:	24.19483326789813_8_110_0.015
Lambda:	24.19483326789813	Maximal Depth:	20	Filter time:	8 to 110 [us]
Chi2:	5.992952883438447	RelRMS:	3.6720762502617648	AbsRMS:	4.342739767551317e-07	Phi model:	0.0957873025766101
depth_vector,start_model,resistivity_model,conductivity_model,E/I[V/A],modelled_thickness,rhoa,sigma,rel_err
0.0,18.1286,21.96225139927438,0.0455326724851642,0.0001389645515263,1.0,18.91157299268704,0.0528776744476354,0.015
1.0,18.1286,21.626981663048163,0.0462385373779919,8.176478841301148e-05,1.0,18.92219445586696,0.0528479929921628,0.015
2.0,18.1286,21.005419725904925,0.0476067611620609,5.242617893299296e-05,1.0,18.99435940791297,0.0526472084961919,0.015
3.0,18.1286,20.18015720568093,0.0495536278438152,3.633953955394409e-05,1.0,18.93249102462156,0.052819251238493,0.015
4.0,18.1286,19.25854845650332,0.0519249933222415,2.3337760897310346e-05,1.0,18.826925599209563,0.0531154167859453,0.015
5.0,18.1286,18.3491248951768,0.0544985118207385,1.4041631677113907e-05,1.0,18.695413879386773,0.0534890538637704,0.015
6.0,18.1286,17.561507950629046,0.0569427182911237,9.263655911934415e-06,1.5,18.517896911210045,0.0540018126677569,0.015
7.5,18.1286,17.10311950648544,0.0584688658475901,6.539497747326552e-06,1.5,18.30894731923838,0.05461810461103,0.015
9.0,18.1286,17.083640220456672,0.0585355338262484,4.274378656278216e-06,1.5,18.04125350055504,0.0554285210819323,0.015
10.5,18.1286,17.490671795141864,0.0571733328320617,2.635448100036833e-06,1.5,17.701640864170358,0.0564919381018561,0.015
12.0,18.1286,18.159843168755263,0.055066554854424,1.7646456703855e-06,1.5,17.378786841741736,0.0575414158137967,0.015
13.5,18.1286,18.76797884605393,0.0532822424941221,1.2569301411667532e-06,1.5,17.116816055946682,0.0584220801772641,0.015
15.0,18.1286,18.866012364876344,0.0530053718114667,8.305226948805455e-07,1.5,16.784484037901855,0.0595788346988713,0.015
16.5,18.1286,17.977216123862625,0.0556259652835022,5.144564092789816e-07,1.5,16.4203736665246,0.0608999539418917,0.015
18.0,18.1286,15.767767133773548,0.0634205205794842,3.458037571644205e-07,1.5,16.130864280628238,0.061992958505076,0.015
19.5,18.1286,12.259375481109632,0.0815702236660335,nan,nan,nan,nan,nan
Name:	28.326824805926805_8_110_0.015
Lambda:	28.326824805926805	Maximal Depth:	20	Filter time:	8 to 110 [us]
Chi2:	6.016833626673463	RelRMS:	3.679385228542303	AbsRMS:	4.215309932592587e-07	Phi model:	0.0827451126693391
depth_vector,start_model,resistivity_model,conductivity_model,E/I[V/A],modelled_thickness,rhoa,sigma,rel_err
0.0,18.1286,21.639801144296115,0.0462111455337279,0.0001390468718417,1.0,18.90410807439051,0.0528985549630191,0.015
1.0,18.1286,21.34631081380788,0.0468465023639189,8.175556113352992e-05,1.0,18.923618188516137,0.0528440169336566,0.015
2.0,18.1286,20.80086906614112,0.0480749144095985,5.240247512380645e-05,1.0,19.00008693297338,0.0526313381369096,0.015
3.0,18.1286,20.074662744953905,0.049814037361667,3.632330329430684e-05,1.0,18.938132397443283,0.0528035172113911,0.015
4.0,18.1286,19.26125877412524,0.0519176867787767,2.3331104999965825e-05,1.0,18.83050605905148,0.0531053173432542,0.015
5.0,18.1286,18.4559220895705,0.054183150272676,1.4040570673318218e-05,1.0,18.696355705078176,0.0534863593619149,0.015
6.0,18.1286,17.75511536003067,0.0563217968299515,9.264873996932112e-06,1.5,18.516273801047696,0.0540065463896638,0.015
7.5,18.1286,17.34105983587567,0.0576666022414138,6.541379191021175e-06,1.5,18.30543644851919,0.0546285800293439,0.015
9.0,18.1286,17.305496475372006,0.0577851089925753,4.27603289548651e-06,1.5,18.03660020402839,0.055442821190695,0.015
10.5,18.1286,17.62975972503265,0.056722270501514,2.636464573210313e-06,1.5,17.697090730468858,0.0565064628548415,0.015
12.0,18.1286,18.15929662017568,0.0550682122174799,1.7651838808755568e-06,1.5,17.375254095242592,0.0575531151670353,0.015
13.5,18.1286,18.60339471934358,0.053753630188807,1.2571583485193975e-06,1.5,17.114744557968105,0.0584291513445013,0.015
15.0,18.1286,18.56872030451319,0.0538540073629601,8.304964349332302e-07,1.5,16.784837848245704,0.0595775788268646,0.015
16.5,18.1286,17.646611402069897,0.056668103423114,5.142870097419439e-07,1.5,16.423979242091896,0.0608865845030519,0.015
18.0,18.1286,15.555046330117914,0.0642878188066714,3.4559444624751e-07,1.5,16.13737677970111,0.0619679402452745,0.015
19.5,18.1286,12.310798157228865,0.0812295017129172,nan,nan,nan,nan,nan
Name:	33.164477502323265_8_110_0.015
Lambda:	33.164477502323265	Maximal Depth:	20	Filter time:	8 to 110 [us]
Chi2:	6.040208496714979	RelRMS:	3.686525344766899	AbsRMS:	4.104628212488939e-07	Phi model:	0.0718571278652184
depth_vector,start_model,resistivity_model,conductivity_model,E/I[V/A],modelled_thickness,rhoa,sigma,rel_err
0.0,18.1286,21.34682546692042,0.0468453729361129,0.0001391208460068,1.0,18.89740627706228,0.0529173149658005,0.015
1.0,18.1286,21.091441758293023,0.0474125956613092,8.174593481125724e-05,1.0,18.925103777351804,0.0528398687671518,0.015
2.0,18.1286,20.615213697893825,0.0485078648543025,5.2380145815098856e-05,1.0,19.00548629008457,0.0526163858549472,0.015
3.0,18.1286,19.980347934959987,0.0500491784855398,3.630827505330624e-05,1.0,18.943357784539657,0.0527889517462493,0.015
4.0,18.1286,19.26578488480937,0.0519054897570499,2.3325155508912785e-05,1.0,18.833707957396832,0.0530962889656179,0.015
5.0,18.1286,18.558358014228563,0.0538840774185575,1.4039819277506612e-05,1.0,18.6970227715024,0.0534844510926188,0.015
6.0,18.1286,17.941680517230402,0.0557361390444804,9.266185802201332e-06,1.5,18.514526205420182,0.0540116440952859,0.015
7.5,18.1286,17.567167813898962,0.0569243722490548,6.54325438033644e-06,1.5,18.30193892301629,0.0546390196255333,0.015
9.0,18.1286,17.51474772296485,0.0570947418608164,4.27764153983728e-06,1.5,18.03207804018594,0.0554567253852506,0.015
10.5,18.1286,17.759583438518973,0.0563076270038568,2.637437009767188e-06,1.5,17.69274045768198,0.0565203566056841,0.015
12.0,18.1286,18.15842090987192,0.0550708679440482,1.765690476884525e-06,1.5,17.371930502023957,0.0575641262140377,0.015
13.5,18.1286,18.451501212629875,0.0541961322537544,1.2573665016945833e-06,1.5,17.112855643469516,0.0584356007456658,0.015
15.0,18.1286,18.29697642311755,0.0546538388023792,8.304619688290795e-07,1.5,16.785302251585566,0.0595759304784361,0.015
16.5,18.1286,17.346073154143884,0.0576499355856288,5.141177466504169e-07,1.5,16.42758389102721,0.0608732243666217,0.015
18.0,18.1286,15.362840036044991,0.0650921312500654,3.453888324517587e-07,1.5,16.143780650459306,0.0619433589722088,0.015
19.5,18.1286,12.36035878798751,0.0809038003793106,nan,nan,nan,nan,nan
Name:	38.82830410883109_8_110_0.015
Lambda:	38.82830410883109	Maximal Depth:	20	Filter time:	8 to 110 [us]
Chi2:	6.062870568102742	RelRMS:	3.6934345504193207	AbsRMS:	4.0092660364638507e-07	Phi model:	0.0628508386370896
depth_vector,start_model,resistivity_model,conductivity_model,E/I[V/A],modelled_thickness,rhoa,sigma,rel_err
0.0,18.1286,21.07980631610232,0.0474387660400905,0.0001391850347136,1.0,18.89159581846137,0.052933590661662,0.015
1.0,18.1286,20.85961382006549,0.0479395260442487,8.173552200307369e-05,1.0,18.926711069478905,0.0528353815054848,0.015
2.0,18.1286,20.448054594282087,0.0489044077708806,5.235912868112245e-05,1.0,19.01057186151725,0.052602310297897,0.015
3.0,18.1286,19.898103457053505,0.0502560458667993,3.629446198463072e-05,1.0,18.94816383102549,0.0527755622612156,0.015
4.0,18.1286,19.27689311521208,0.0518755794319814,2.331993461592932e-05,1.0,18.836518860220792,0.0530883656062274,0.015
5.0,18.1286,18.65946408738942,0.0535921072179038,1.4039397485916362e-05,1.0,18.69739725136583,0.0534833798820288,0.015
6.0,18.1286,18.117386651915886,0.0551955985271336,9.267602867929145e-06,1.5,18.51263884435654,0.0540171505752051,0.015
7.5,18.1286,17.779048707368485,0.0562459789868032,6.545128726997542e-06,1.5,18.29844463822848,0.0546494535339268,0.015
9.0,18.1286,17.709120609036408,0.0564680777818934,4.279206181714827e-06,1.5,18.02768229280352,0.0554702475758179,0.015
10.5,18.1286,17.87895547183855,0.0559316790947389,2.638365014527031e-06,1.5,17.688591446220045,0.0565336139420922,0.015
12.0,18.1286,18.156652261217467,0.0550762324250707,1.7661643546097964e-06,1.5,17.368822999954165,0.0575744251641368,0.015
13.5,18.1286,18.31210490769808,0.0546086867151802,1.2575533662968968e-06,1.5,17.111160358932413,0.0584413902402578,0.015
15.0,18.1286,18.04987109138608,0.0554020577175883,8.304181897893083e-07,1.5,16.785892185643117,0.0595738367040921,0.015
16.5,18.1286,17.074505042308218,0.0585668514268578,5.139477480380829e-07,1.5,16.43120619510204,0.0608598046988229,0.015
18.0,18.1286,15.189982063580386,0.0658328624625309,3.451862407737729e-07,1.5,16.150096614396887,0.0619191342241604,0.015
19.5,18.1286,12.408046661463112,0.0805928626224301,nan,nan,nan,nan,nan
Name:	45.4593985345391_8_110_0.015
Lambda:	45.4593985345391	Maximal Depth:	20	Filter time:	8 to 110 [us]
Chi2:	6.084754471636823	RelRMS:	3.700094263823944	AbsRMS:	3.92708061387909e-07	Phi model:	0.0554288541731477
depth_vector,start_model,resistivity_model,conductivity_model,E/I[V/A],modelled_thickness,rhoa,sigma,rel_err
0.0,18.1286,20.83866463854677,0.04798771981532,0.0001392405897627,1.0,18.886570495794384,0.0529476751865923,0.015
1.0,18.1286,20.65047450371785,0.048425037391754,8.172484981321664e-05,1.0,18.928358753208112,0.0528307822689863,0.015
2.0,18.1286,20.29812146449911,0.0492656427221097,5.233969416601559e-05,1.0,19.015277511040967,0.0525892929734716,0.015
3.0,18.1286,19.82601797120753,0.0504387719940664,3.628202838530366e-05,1.0,18.95249251997568,0.0527635084908232,0.015
4.0,18.1286,19.290948351345925,0.0518377832850415,2.3315538454917846e-05,1.0,18.838886544985204,0.053081693422385,0.015
5.0,18.1286,18.75635452534453,0.053315264362739,1.4039361155825192e-05,1.0,18.697429507242543,0.0534832876151582,0.015
6.0,18.1286,18.28279264016709,0.0546962392278634,9.26916297272518e-06,1.5,18.510561528639265,0.0540232125564,0.015
7.5,18.1286,17.976756389937425,0.0556273878506667,6.547029884159466e-06,1.5,18.29490207479948,0.0546600356706725,0.015
9.0,18.1286,17.88896536131323,0.0559003821519273,4.28074527572681e-06,1.5,18.023360933010565,0.0554835473648234,0.015
10.5,18.1286,17.988142328927328,0.0555921774307882,2.6392597719094548e-06,1.5,17.68459338273318,0.0565463948397239,0.015
12.0,18.1286,18.153987192499898,0.055084317808329,1.7666125973658274e-06,1.5,17.36588488046189,0.0575841661328231,0.015
13.5,18.1286,18.184131892365546,0.0549930019161289,1.2577235864750985e-06,1.5,17.109616442340684,0.0584466638027798,0.015
15.0,18.1286,17.825113980422525,0.0561006230365936,8.303677190170151e-07,1.5,16.786572356881948,0.0595714228455955,0.015
16.5,18.1286,16.828846336839092,0.0594217797218194,5.13778244336928e-07,1.5,16.43481994243804,0.0608464226260122,0.015
18.0,18.1286,15.034458192696691,0.0665138701496919,3.449872496232821e-07,1.5,16.156306346183417,0.0618953353924381,0.015
19.5,18.1286,12.453938658485477,0.0802958828867084,nan,nan,nan,nan,nan
Name:	53.22295069415713_8_110_0.015
Lambda:	53.22295069415713	Maximal Depth:	20	Filter time:	8 to 110 [us]
Chi2:	6.10570673467466	RelRMS:	3.7064592474513978	AbsRMS:	3.85646862779688e-07	Phi model:	0.0493665287661008
depth_vector,start_model,resistivity_model,conductivity_model,E/I[V/A],modelled_thickness,rhoa,sigma,rel_err
0.0,18.1286,20.623677962065795,0.0484879565051079,0.0001392860228379,1.0,18.88246325605748,0.0529591921583218,0.015
1.0,18.1286,20.46430356208917,0.0488655769284293,8.171351815667656e-05,1.0,18.93010864484576,0.052825898612699,0.015
2.0,18.1286,20.165462419074,0.0495897380986475,5.2321786064563344e-05,1.0,19.01961615111255,0.0525772966212835,0.015
3.0,18.1286,19.76394253718936,0.050597192241291,3.62709961840272e-05,1.0,18.95633539051932,0.0527528121548288,0.015
4.0,18.1286,19.30716826739004,0.0517942344600066,2.331200680006512e-05,1.0,18.84078916297602,0.0530763330213947,0.015
5.0,18.1286,18.84786762862824,0.0530563997850392,1.403974493106796e-05,1.0,18.697088777251857,0.0534842622781289,0.015
6.0,18.1286,18.43633641376612,0.0542407112539623,9.270888340862494e-06,1.5,18.508264839433167,0.0540299162928244,0.015
7.5,18.1286,18.1586714858914,0.0550701080074587,6.5489706674478525e-06,1.5,18.291287441196527,0.0546708373161175,0.015
9.0,18.1286,18.053003080633665,0.0553924460951734,4.282264572103258e-06,1.5,18.019097698619102,0.0554966745130992,0.015
10.5,18.1286,18.08633407964837,0.055290364293627,2.6401225365225617e-06,1.5,17.680740411950225,0.0565587173783802,0.015
12.0,18.1286,18.149776718979883,0.0550970965364143,1.7670345100921523e-06,1.5,17.363120482673352,0.0575933341589087,0.015
13.5,18.1286,18.066772192895264,0.0553502302084291,1.2578757305532725e-06,1.5,17.108236772771743,0.0584513771513572,0.015
15.0,18.1286,17.62160720541235,0.0567485126835001,8.303088863254478e-07,1.5,16.787365304813836,0.0595686090010352,0.015
16.5,18.1286,16.60798170272487,0.060212012386546,5.136076849000562e-07,1.5,16.438458203827334,0.0608329557188746,0.015
18.0,18.1286,14.895749875056598,0.0671332432665596,3.447905408894219e-07,1.5,16.16245072288577,0.0618718050341224,0.015
19.5,18.1286,12.498119699156014,0.0800120357358658,nan,nan,nan,nan,nan
Name:	62.312361621777015_8_110_0.015
Lambda:	62.312361621777015	Maximal Depth:	20	Filter time:	8 to 110 [us]
Chi2:	6.1256440027934405	RelRMS:	3.712505758417788	AbsRMS:	3.795511784890923e-07	Phi model:	0.0444454388081308
depth_vector,start_model,resistivity_model,conductivity_model,E/I[V/A],modelled_thickness,rhoa,sigma,rel_err
0.0,18.1286,20.434552092233147,0.0489367222480048,0.0001393201392524,1.0,18.87938053238117,0.0529678396113071,0.015
1.0,18.1286,20.30083357858357,0.0492590610197875,8.170115870730547e-05,1.0,18.93201771463596,0.0528205717463976,0.015
2.0,18.1286,20.04977239042163,0.0498758779165857,5.2305319319306085e-05,1.0,19.023607775002183,0.0525662646027659,0.015
3.0,18.1286,19.711459646000737,0.0507319101659166,3.62613610182609e-05,1.0,18.959693222675643,0.0527434694356767,0.015
4.0,18.1286,19.324879769388595,0.0517467643749091,2.330936534715625e-05,1.0,18.842212514111203,0.0530723236058974,0.015
5.0,18.1286,18.933108736365803,0.0528175279572154,1.4040577907402196e-05,1.0,18.696349283166874,0.0534863777336649,0.015
6.0,18.1286,18.57695624739836,0.0538301316255749,9.272800219458597e-06,1.5,18.505720712477974,0.054037344210308,0.015
7.5,18.1286,18.32378195555484,0.054573886680465,6.550964848951395e-06,1.5,18.28757521469736,0.0546819350438717,0.015
9.0,18.1286,18.20042414352498,0.0549437745029564,4.283771168283446e-06,1.5,18.01487259037761,0.0555096903951536,0.015
10.5,18.1286,18.17291607899507,0.0550269420522905,2.640955470804234e-06,1.5,17.677022649140987,0.0565706125883475,0.015
12.0,18.1286,18.14336931828713,0.0551165542880768,1.7674298590569227e-06,1.5,17.360531130451662,0.0576019243009175,0.015
13.5,18.1286,17.959060124971355,0.055682201242232,1.258008502276424e-06,1.5,17.107033002404993,0.058455490198646,0.015
15.0,18.1286,17.437998251998632,0.0573460316688233,8.302398737012263e-07,1.5,16.788295577393587,0.0595653081868869,0.015
16.5,18.1286,16.410528397072387,0.0609364900266342,5.134342174513922e-07,1.5,16.442160563043036,0.0608192576739394,0.015
18.0,18.1286,14.773095150632432,0.0676906220262982,3.445944609203455e-07,1.5,16.168581276768844,0.0618483454350326,0.015
19.5,18.1286,12.540756263916544,0.0797400076163903,nan,nan,nan,nan,nan
Name:	72.95406136340671_8_110_0.015
Lambda:	72.95406136340671	Maximal Depth:	20	Filter time:	8 to 110 [us]
Chi2:	6.144579347649088	RelRMS:	3.718239305398517	AbsRMS:	3.74250142449445e-07	Phi model:	0.0404578594118453
depth_vector,start_model,resistivity_model,conductivity_model,E/I[V/A],modelled_thickness,rhoa,sigma,rel_err
0.0,18.1286,20.27015151248682,0.0493336223650809,0.0001393426080758,1.0,18.87735095997281,0.0529735343756855,0.015
1.0,18.1286,20.15905168552021,0.0496055080169409,8.1687697153241e-05,1.0,18.93409756582294,0.0528147695723853,0.015
2.0,18.1286,19.95019656965936,0.0501248193975601,5.229031688561906e-05,1.0,19.02724626597161,0.0525562126027875,0.015
3.0,18.1286,19.6679200512848,0.0508442172528902,3.6253177081328455e-05,1.0,18.96254647322717,0.0527355332477037,0.015
4.0,18.1286,19.343570411772024,0.051696764284603,2.3307675338468872e-05,1.0,18.84312331903037,0.053069758291613,0.015
5.0,18.1286,19.01162196539834,0.0525994048177492,1.4041910739088216e-05,1.0,18.69516618297349,0.0534897625521373,0.015
6.0,18.1286,18.7042368157453,0.0534638226542446,9.27493590525739e-06,1.5,18.50287979999104,0.0540456410466701,0.015
7.5,18.1286,18.47176405589007,0.0541366810973926,6.553038843835222e-06,1.5,18.283716410734023,0.0546934757428702,0.015
9.0,18.1286,18.33099814640124,0.0545524030941174,4.285280753805119e-06,1.5,18.010641582061286,0.0555227305725747,0.015
10.5,18.1286,18.24762199223137,0.0548016613028116,2.641765770713332e-06,1.5,17.67340778861923,0.0565821833548111,0.015
12.0,18.1286,18.134214295936253,0.055144379771893,1.7678014267084483e-06,1.5,17.35809841462105,0.0576099971387235,0.015
13.5,18.1286,17.8598999233774,0.0559913551750123,1.258122410722918e-06,1.5,17.10600042404727,0.0584590187776577,0.015
15.0,18.1286,17.272598495149158,0.057895168482081,8.301596808922183e-07,1.5,16.78937671791587,0.0595614725192808,0.015
16.5,18.1286,16.234646103987046,0.0615966614606037,5.132561849423896e-07,1.5,16.445962523912318,0.0608051975398829,0.015
18.0,18.1286,14.665381052462896,0.0681877952180492,3.443972968529215e-07,1.5,16.174751590696854,0.0618247516441096,0.015
19.5,18.1286,12.5821167972648,0.0794778824670732,nan,nan,nan,nan,nan
Name:	85.41314966877566_8_110_0.015
Lambda:	85.41314966877566	Maximal Depth:	20	Filter time:	8 to 110 [us]
Chi2:	6.162598659953064	RelRMS:	3.723687283445589	AbsRMS:	3.69593863794723e-07	Phi model:	0.0372202571012745
depth_vector,start_model,resistivity_model,conductivity_model,E/I[V/A],modelled_thickness,rhoa,sigma,rel_err
0.0,18.1286,20.12902771583678,0.0496794983899414,0.0001393527749502,1.0,18.876432781917725,0.0529761110879979,0.015
1.0,18.1286,20.03776505452348,0.0499057653026155,8.167279363125624e-05,1.0,18.93640087185979,0.0528083455122688,0.015
2.0,18.1286,19.865854285767668,0.0503376288588012,5.227661052820227e-05,1.0,19.030571945026885,0.0525470281654526,0.015
3.0,18.1286,19.632769954492083,0.0509352476659155,3.6246369079180526e-05,1.0,18.96492083548643,0.0527289308863783,0.015
4.0,18.1286,19.362920238104355,0.0516451024795369,2.33069226312452e-05,1.0,18.84352901476639,0.0530686157150482,0.015
5.0,18.1286,19.08332898891547,0.0524017586544176,1.4043754904140918e-05,1.0,18.693529501664752,0.0534944457605475,0.015
6.0,18.1286,18.81818777160013,0.0531400798066842,9.277310917198794e-06,1.5,18.499721813367188,0.0540548668833192,0.015
7.5,18.1286,18.60266083497745,0.0537557507966688,6.555206096974823e-06,1.5,18.27968626787312,0.0547055340745928,0.015
9.0,18.1286,18.444846166477006,0.0542156866462498,4.286802055494513e-06,1.5,18.00638024848217,0.0555358704081734,0.015
10.5,18.1286,18.310375876153227,0.0546138433620231,2.6425570926561567e-06,1.5,17.669879374540702,0.0565934819815935,0.015
12.0,18.1286,18.121881271942183,0.055181908820266,1.7681498982165594e-06,1.5,17.35581768738875,0.0576175676658916,0.015
13.5,18.1286,17.76810254375027,0.0562806297148334,1.258216561808487e-06,1.5,17.10514706348112,0.0584619352460853,0.015
15.0,18.1286,17.12365054013302,0.0583987624400697,8.300663909935723e-07,1.5,16.790634649355393,0.0595570102550227,0.015
16.5,18.1286,16.078368339207113,0.0621953657798409,5.130713351934606e-07,1.5,16.449912396402368,0.0607905972933146,0.015
18.0,18.1286,14.57146392793809,0.0686272844612877,3.441969058877567e-07,1.5,16.181028927104375,0.0618007670899672,0.015
19.5,18.1286,12.622514854702109,0.0792235154017253,nan,nan,nan,nan,nan
Name:	100.0_8_110_0.015
Lambda:	100	Maximal Depth:	20	Filter time:	8 to 110 [us]
Chi2:	6.179814144886691	RelRMS:	3.72888479655715	AbsRMS:	3.6554590839532914e-07	Phi model:	0.0345806592794849
depth_vector,start_model,resistivity_model,conductivity_model,E/I[V/A],modelled_thickness,rhoa,sigma,rel_err
0.0,18.1286,20.01030186042065,0.0499742586081596,0.0001393505556629,1.0,18.87663319788961,0.0529755486328885,0.015
1.0,18.1286,19.93610714209786,0.0501602440673265,8.165649649296002e-05,1.0,18.93892036014345,0.0528013202961916,0.015
2.0,18.1286,19.796169646486,0.0505148227085187,5.226429314921152e-05,1.0,19.03356184560849,0.0525387737782103,0.015
3.0,18.1286,19.605455916308927,0.0510062099177272,3.624103719642816e-05,1.0,18.966780904675183,0.0527237597685069,0.015
4.0,18.1286,19.382608790233785,0.0515926421887989,2.330719577108209e-05,1.0,18.84338179475345,0.0530690303307673,0.015
5.0,18.1286,19.14777835755677,0.0522253799540845,1.4046174471428093e-05,1.0,18.69138269881336,0.0535005898768252,0.015
6.0,18.1286,18.9185687660938,0.0528581211593668,9.2799691730985e-06,1.5,18.496188802870112,0.0540651920597191,0.015
7.5,18.1286,18.71641224492714,0.0534290432863829,6.557496059885063e-06,1.5,18.275430350686488,0.0547182737046975,0.015
9.0,18.1286,18.541812708040663,0.0539321594790109,4.2883511540540135e-06,1.5,18.002043641967,0.0555492487346694,0.015
10.5,18.1286,18.36101834681986,0.0544632101069274,2.643335594604083e-06,1.5,17.666409841360572,0.0566045964618573,0.015
12.0,18.1286,18.10588124561696,0.0552306726435687,1.76847661452e-06,1.5,17.353680027151487,0.0576246651105359,0.015
13.5,18.1286,17.68275978384498,0.0565522583705289,1.2582899742722435e-06,1.5,17.10448174614549,0.0584642092547089,0.015
15.0,18.1286,16.989776664504248,0.058858925561349,8.299576473278946e-07,1.5,16.792101258562937,0.0595518085915579,0.015
16.5,18.1286,15.940265699914862,0.0627342115135095,5.128769111829025e-07,1.5,16.454069411905923,0.0607752389373302,0.015
18.0,18.1286,14.490511303629392,0.0690106773354183,3.439906983535881e-07,1.5,16.187494832175336,0.0617760814979433,0.015
19.5,18.1286,12.662302543204325,0.0789745780112232,nan,nan,nan,nan,nan
Name:	5.0_8_110_0.015
Lambda:	5	Maximal Depth:	20	Filter time:	8 to 110 [us]
Chi2:	5.786337067037901	RelRMS:	3.6082209467873874	AbsRMS:	6.247098743885592e-07	Phi model:	0.3727893041009507
depth_vector,start_model,resistivity_model,conductivity_model,E/I[V/A],modelled_thickness,rhoa,sigma,rel_err
0.0,18.1286,25.84884625042696,0.0386864462077676,0.000137994293388,1.0,19.00011613230669,0.0526312572531942,0.015
1.0,18.1286,25.03168306257838,0.0399493712628125,8.185632812846928e-05,1.0,18.908084731863703,0.0528874295932686,0.015
2.0,18.1286,23.56224292784116,0.0424407813408289,5.269735674078589e-05,1.0,18.92914074720137,0.0528285997423231,0.015
3.0,18.1286,21.67359275896284,0.0461390970625515,3.653419586716842e-05,1.0,18.8651822253462,0.0530077042487538,0.015
4.0,18.1286,19.60935153019438,0.0509960769717552,2.342605456969049e-05,1.0,18.779589576843463,0.0532493000397127,0.015
5.0,18.1286,17.60785151333736,0.0567928460347665,1.4063326710019789e-05,1.0,18.676181731217607,0.0535441352194854,0.015
6.0,18.1286,15.877919755842647,0.0629805425003503,9.256406375385496e-06,1.5,18.52756435288707,0.053973635225516,0.015
7.5,18.1286,14.791123657221254,0.0676081157303951,6.522470459289191e-06,1.5,18.34079785171712,0.0545232550996344,0.015
9.0,18.1286,14.687252532143866,0.0680862535597753,4.2578850100713e-06,1.5,18.087814061255063,0.0552858403239585,0.015
10.5,18.1286,15.777331307581072,0.0633820752385098,2.6247890174145804e-06,1.5,17.749531894985374,0.0563395139610708,0.015
12.0,18.1286,18.020671523331064,0.0554918277437839,1.758811839644544e-06,1.5,17.417194943381407,0.0574145264636888,0.015
13.5,18.1286,20.848903661551123,0.0479641527551478,1.2543447855228514e-06,1.5,17.140327863121342,0.0583419411802251,0.015
15.0,18.1286,23.042758833975373,0.0433975813054794,8.306768320080814e-07,1.5,16.782407665099385,0.0595862059816122,0.015
16.5,18.1286,22.894444049915847,0.0436787195102768,5.161944914470366e-07,1.5,16.38349351206834,0.061037043122908,0.015
18.0,18.1286,19.02520892732842,0.0525618406515141,3.4800892601656497e-07,1.5,16.062649647023473,0.0622562293254841,0.015
19.5,18.1286,11.712145231517724,0.0853814549113488,nan,nan,nan,nan,nan
Name:	15.700708201877141_8_110_0.015
Lambda:	15.70070820187714	Maximal Depth:	20	Filter time:	8 to 110 [us]
Chi2:	5.927031511295471	RelRMS:	3.651824324966195	AbsRMS:	4.77872121356233e-07	Phi model:	0.1446289322817549
depth_vector,start_model,resistivity_model,conductivity_model,E/I[V/A],modelled_thickness,rhoa,sigma,rel_err
0.0,18.1286,22.962281245559947,0.0435496799863194,0.0001387068373916,1.0,18.934990591882777,0.0528122786830794,0.015
1.0,18.1286,22.500601227974784,0.0444432568653636,8.178932717804881e-05,1.0,18.91840952433545,0.0528585660815547,0.015
2.0,18.1286,21.65196110522305,0.0461851928857738,5.249725149598969e-05,1.0,18.97721206453544,0.052694779222539,0.015
3.0,18.1286,20.52905616486628,0.0487114454736313,3.638931947307405e-05,1.0,18.91522088612972,0.0528674767278708,0.015
4.0,18.1286,19.28497161314437,0.0518538486890182,2.3359085013511667e-05,1.0,18.81546599920331,0.0531477668446979,0.015
5.0,18.1286,18.06719139808403,0.0553489459410966,1.4045856202719225e-05,1.0,18.69166505301504,0.0534997817028984,0.015
6.0,18.1286,17.021807214392243,0.0587481685936662,9.26069226945495e-06,1.5,18.52184747973931,0.0539902944937798,0.015
7.5,18.1286,16.413290392204498,0.0609262357580019,6.534285776264226e-06,1.5,18.318681922791363,0.0545890803833348,0.015
9.0,18.1286,16.416454856730102,0.0609144915103299,4.269622304286098e-06,1.5,18.05464963127598,0.0553873944065746,0.015
10.5,18.1286,17.064292934055576,0.0586019006978178,2.6324534935113787e-06,1.5,17.71506291932503,0.0564491362268388,0.015
12.0,18.1286,18.157650023044308,0.0550732059892594,1.7630226710631582e-06,1.5,17.38945088817406,0.0575061286541292,0.015
13.5,18.1286,19.285355159934067,0.0518528174206265,1.2562114458550186e-06,1.5,17.123343939336777,0.0583998080948861,0.015
15.0,18.1286,19.81806607120988,0.0504590102993309,8.305566886494871e-07,1.5,16.784026054501744,0.0595804604183025,0.015
16.5,18.1286,19.04847425321853,0.0524976429453941,5.149215939094428e-07,1.5,16.410482638293207,0.060936659941161,0.015
18.0,18.1286,16.462848066037562,0.0607428311303543,3.463948931754123e-07,1.5,16.11250710285811,0.062063587846153,0.015
19.5,18.1286,12.110217369877358,0.082574900966466,nan,nan,nan,nan,nan
Name:	31.845697249517766_8_110_0.015
Lambda:	31.84569724951777	Maximal Depth:	20	Filter time:	8 to 110 [us]
Chi2:	6.034249607566275	RelRMS:	3.684706449233658	AbsRMS:	4.131597674336136e-07	Phi model:	0.0744703924576924
depth_vector,start_model,resistivity_model,conductivity_model,E/I[V/A],modelled_thickness,rhoa,sigma,rel_err
0.0,18.1286,21.418381925579222,0.0466888676966645,0.0001391025140476,1.0,18.899066534007947,0.0529126662526188,0.015
1.0,18.1286,21.15375454867388,0.0472729319846764,8.17483975581339e-05,1.0,18.9247236844845,0.0528409300274145,0.015
2.0,18.1286,20.66109067321728,0.0484001554330472,5.23857306817608e-05,1.0,19.00413547703583,0.0526201258251593,0.015
3.0,18.1286,20.00398553821276,0.0499900381396368,3.63120096211053e-05,1.0,18.94205892194234,0.0527925715003244,0.015
4.0,18.1286,19.266243361682097,0.0519042545672843,2.3326610519470028e-05,1.0,18.832924773779784,0.0530984970211453,0.015
5.0,18.1286,18.53374843293688,0.0539556260633639,1.4039979182712773e-05,1.0,18.696880807523808,0.0534848571959441,0.015
6.0,18.1286,17.893706041554356,0.0558855721490959,9.265837246191146e-06,1.5,18.51499051380767,0.0540102896220359,0.015
7.5,18.1286,17.510037548372136,0.057110100263204,6.542771217470907e-06,1.5,18.30283993861849,0.0546363298457321,0.015
9.0,18.1286,17.46191232777559,0.0572674963216578,4.277231245628807e-06,1.5,18.03323117539323,0.0554531792042084,0.015
10.5,18.1286,17.726982923097832,0.0564111786161323,2.6371905772978155e-06,1.5,17.69384264014763,0.0565168358472332,0.015
12.0,18.1286,18.158620443761915,0.0550702628042172,1.765562871206594e-06,1.5,17.3727675269762,0.057561352757827,0.015
13.5,18.1286,18.489516428275653,0.0540847027492141,1.2573146654358986e-06,1.5,17.113325989963343,0.0584339946884949,0.015
15.0,18.1286,18.364621333832385,0.0544525248749747,8.304714952362728e-07,1.5,16.78517388761342,0.0595763860830746,0.015
16.5,18.1286,17.420804409097528,0.0574026305856334,5.141612098575202e-07,1.5,16.426658104163963,0.0608766551089604,0.015
18.0,18.1286,15.410380653044086,0.064891323745625,3.454413350962576e-07,1.5,16.142144844197986,0.0619496361637117,0.015
19.5,18.1286,12.347786655717464,0.080986174112181,nan,nan,nan,nan,nan
Name:	10.141484333079434_8_110_0.015
Lambda:	10.141484333079434	Maximal Depth:	20	Filter time:	8 to 110 [us]
Chi2:	5.862935864046493	RelRMS:	3.6320250128688	AbsRMS:	5.342271720670706e-07	Phi model:	0.2186263854301903
depth_vector,start_model,resistivity_model,conductivity_model,E/I[V/A],modelled_thickness,rhoa,sigma,rel_err
0.0,18.1286,24.16260734774353,0.0413862620704874,0.000138417164749,1.0,18.96139886499322,0.052738724981215,0.015
1.0,18.1286,23.550897759249125,0.042461226328719,8.181865183784245e-05,1.0,18.91388888382512,0.0528711998966635,0.015
2.0,18.1286,22.43839330408262,0.0445664708006545,5.2579854117813245e-05,1.0,18.957331469272464,0.0527500403535634,0.015
3.0,18.1286,20.971646122052984,0.0476834290536896,3.6448303264706845e-05,1.0,18.894808548980908,0.0529245902337515,0.015
4.0,18.1286,19.36336915092679,0.0516439051595593,2.33857160395512e-05,1.0,18.801178921452824,0.0531881540076704,0.015
5.0,18.1286,17.798047485094283,0.0561859384203515,1.4052371317234618e-05,1.0,18.685887249989065,0.0535163241981236,0.015
6.0,18.1286,16.46581084910003,0.0607319013417828,9.258473008756897e-06,1.5,18.524807159027148,0.0539816685493915,0.015
7.5,18.1286,15.684162168068228,0.0637585858450204,6.529111492117598e-06,1.5,18.32835894652439,0.0545602583907071,0.015
9.0,18.1286,15.693357827975484,0.0637212259454995,4.264599888533266e-06,1.5,18.068822147626133,0.0553439505812712,0.015
10.5,18.1286,16.584771932265312,0.0602962768547043,2.629179071655431e-06,1.5,17.729768283976128,0.0564023163745339,0.015
12.0,18.1286,18.153868466262605,0.0550846780595779,1.761196681964711e-06,1.5,17.401468271487452,0.057466415155238,0.015
13.5,18.1286,19.90805165144433,0.0502309325647871,1.2553641968200708e-06,1.5,17.131047470188864,0.0583735467279617,0.015
15.0,18.1286,21.00214354484348,0.0476141874692368,8.305393937614781e-07,1.5,16.784259057171013,0.0595796333096249,0.015
16.5,18.1286,20.4117885838972,0.0489912971560413,5.15390577603959e-07,1.5,16.400525896366336,0.0609736545229661,0.015
18.0,18.1286,17.361648108974293,0.0575982184250754,3.470133704624827e-07,1.5,16.093356674233167,0.0621374409479835,0.015
19.5,18.1286,11.949403484465172,0.0836861857832527,nan,nan,nan,nan,nan
Name:	7.740833435330893_8_110_0.015
Lambda:	7.740833435330893	Maximal Depth:	20	Filter time:	8 to 110 [us]
Chi2:	5.828819658198416	RelRMS:	3.621442286016227	AbsRMS:	5.689527451157698e-07	Phi model:	0.2750421037123433
depth_vector,start_model,resistivity_model,conductivity_model,E/I[V/A],modelled_thickness,rhoa,sigma,rel_err
0.0,18.1286,24.8938659358538,0.0401705385003995,0.0001382682043243,1.0,18.975014871326835,0.0527008809627391,0.015
1.0,18.1286,24.188173502734536,0.0413425180651588,8.184925296205372e-05,1.0,18.90917434407954,0.0528843820361252,0.015
2.0,18.1286,22.919521715964667,0.0436309279221759,5.263719910733213e-05,1.0,18.943560403967226,0.0527883871181141,0.015
3.0,18.1286,21.25274006971273,0.0470527563372922,3.648897148486004e-05,1.0,18.880766661593885,0.0529639509837351,0.015
4.0,18.1286,19.438498865902027,0.0514443016870066,2.3404937962440984e-05,1.0,18.79088353570661,0.0532172954028367,0.015
5.0,18.1286,17.674665158361346,0.0565781581172942,1.4057998185252585e-05,1.0,18.680900763040515,0.0535306092936623,0.015
6.0,18.1286,16.176980633244426,0.0618162327489565,9.25813097666282e-06,1.5,18.525263409472533,0.0539803390589668,0.015
7.5,18.1286,15.279724958079184,0.0654462042179135,6.526620578469925e-06,1.5,18.33302204951432,0.0545463806948561,0.015
9.0,18.1286,15.26985181160107,0.065488520277601,4.261922492853709e-06,1.5,18.076388736433465,0.0553207841776755,0.015
10.5,18.1286,16.277764383608456,0.0614334976495291,2.627387214186116e-06,1.5,17.737828409917192,0.0563766869816432,0.015
12.0,18.1286,18.135193396182306,0.055141402584133,1.7602077041756186e-06,1.5,17.40798570479168,0.0574449001141322,0.015
13.5,18.1286,20.301537904105967,0.0492573520648281,1.2549303756807653e-06,1.5,17.134995302702308,0.0583600977026409,0.015
15.0,18.1286,21.799981158675408,0.0458715992789766,8.305805368331938e-07,1.5,16.7837047768456,0.059581600921602,0.015
16.5,18.1286,21.354200780228943,0.04682919348243,5.157079542257428e-07,1.5,16.393796406030003,0.0609986836015712,0.015
18.0,18.1286,17.988076247743493,0.0555923816547889,3.4741201286716645e-07,1.5,16.08104329853671,0.062185020053456,0.015
19.5,18.1286,11.85171494291506,0.0843759746852331,nan,nan,nan,nan,nan
Name:	11.984100454707333_8_110_0.015
Lambda:	11.984100454707333	Maximal Depth:	20	Filter time:	8 to 110 [us]
Chi2:	5.886280561159235	RelRMS:	3.639248722278855	AbsRMS:	5.122563347049375e-07	Phi model:	0.187706234407122
depth_vector,start_model,resistivity_model,conductivity_model,E/I[V/A],modelled_thickness,rhoa,sigma,rel_err
0.0,18.1286,23.70436801211583,0.0421863177068832,0.000138523549374,1.0,18.95168951904905,0.0527657441303511,0.015
1.0,18.1286,23.146643193419013,0.0432028087893244,8.180553277789069e-05,1.0,18.91591096230086,0.0528655480559718,0.015
2.0,18.1286,22.13404540364468,0.0451792693908243,5.254728132628125e-05,1.0,18.965164788308588,0.0527282526232763,0.015
3.0,18.1286,20.79498860140433,0.0480885091676591,3.642510755430845e-05,1.0,18.90282924374076,0.052902133702082,0.015
4.0,18.1286,19.32609811139493,0.0517435021925292,2.337515135163953e-05,1.0,18.806843444592147,0.0531721340131401,0.015
5.0,18.1286,17.89093614074134,0.0558942244348407,1.404970171932086e-05,1.0,18.688254191152843,0.0535095461444123,0.015
6.0,18.1286,16.66928269225661,0.0599905837858596,9.25923557053933e-06,1.5,18.52379004814611,0.0539846325941316,0.015
7.5,18.1286,15.954096489326217,0.0626798265053136,6.531049282840811e-06,1.5,18.324733364687063,0.0545710532370999,0.015
9.0,18.1286,15.966894865436847,0.0626295850525499,4.266511523675965e-06,1.5,18.06342451771877,0.0553604882074869,0.015
10.5,18.1286,16.769249562703656,0.0596329606915798,2.6304375143326465e-06,1.5,17.72411303299401,0.056420312719653,0.015
12.0,18.1286,18.15938721273785,0.0550679374961811,1.7619043016840876e-06,1.5,17.396808749980885,0.0574818068285712,0.015
13.5,18.1286,19.663246165749865,0.0508563027472969,1.2556974329728448e-06,1.5,17.12801651876893,0.058383876434507,0.015
15.0,18.1286,20.532123571345057,0.0487041682038001,8.305536930632782e-07,1.5,16.784066411488634,0.0595803171581532,0.015
16.5,18.1286,19.865586196929325,0.0503383081720776,5.152167054135272e-07,1.5,16.404215521807558,0.060959940368414,0.015
18.0,18.1286,16.99951344728798,0.0588252130333492,3.467807237142344e-07,1.5,16.100553630568037,0.0621096654776783,0.015
19.5,18.1286,12.010536349996666,0.0832602284243765,nan,nan,nan,nan,nan
Name:	9.147272967683449_8_110_0.015
Lambda:	9.147272967683447	Maximal Depth:	20	Filter time:	8 to 110 [us]
Chi2:	5.849115034563505	RelRMS:	3.627741560222818	AbsRMS:	5.479712891604183e-07	Phi model:	0.2396519499963664
depth_vector,start_model,resistivity_model,conductivity_model,E/I[V/A],modelled_thickness,rhoa,sigma,rel_err
0.0,18.1286,24.45460040095669,0.0408921014289351,0.0001383546680435,1.0,18.96710851820873,0.0527228490858258,0.015
1.0,18.1286,23.803408512150284,0.0420107901559374,8.182853760605186e-05,1.0,18.912365518896863,0.0528754585988103,0.015
2.0,18.1286,22.62815188126156,0.0441927385518435,5.260106727225236e-05,1.0,18.95223433777996,0.0527642272767052,0.015
3.0,18.1286,21.07899283257435,0.0474405968037834,3.646336290684741e-05,1.0,18.88960572578545,0.0529391674191981,0.015
4.0,18.1286,19.389271818740088,0.0515749126294408,2.339267377932845e-05,1.0,18.797450683081014,0.0531987032103277,0.015
5.0,18.1286,17.744301862741725,0.0563561197129841,1.4054233580532894e-05,1.0,18.68423655826661,0.0535210521918575,0.015
6.0,18.1286,16.348198088750024,0.0611688208432064,9.258114463791203e-06,1.5,18.52528543737081,0.0539802748724569,0.015
7.5,18.1286,15.52135157772078,0.0644273789555409,6.527977942694397e-06,1.5,18.33048063460441,0.0545539432344285,0.015
9.0,18.1286,15.526836308381895,0.0644046204995519,4.2634495247974495e-06,1.5,18.072072220601893,0.0553339975512058,0.015
10.5,18.1286,16.465509693089793,0.0607330121350375,2.628415557517471e-06,1.5,17.73320160040011,0.0563913963498524,0.015
12.0,18.1286,18.15097123189599,0.055093470604082,1.7607681177688611e-06,1.5,17.40429179064244,0.0574570923097059,0.015
13.5,18.1286,20.06015185273792,0.0498500712926315,1.255164847965037e-06,1.5,17.132861290003056,0.058367366843943,0.015
15.0,18.1286,21.30760689916124,0.0469315960601546,8.30535872046507e-07,1.5,16.784306503915232,0.0595794648868413,0.015
16.5,18.1286,20.77011244421843,0.0481461042970116,5.155024586408833e-07,1.5,16.398152840471553,0.0609824783149931,0.015
18.0,18.1286,17.599708392351005,0.0568191232324399,3.471609501002241e-07,1.5,16.08879544683842,0.0621550571206067,0.015
19.5,18.1286,11.91130542788121,0.0839538542651475,nan,nan,nan,nan,nan
Name:	8.582179769504219_8_110_0.015
Lambda:	8.582179769504219	Maximal Depth:	20	Filter time:	8 to 110 [us]
Chi2:	5.840576475019358	RelRMS:	3.6250926979587086	AbsRMS:	5.564715738175286e-07	Phi model:	0.2538243273064234
depth_vector,start_model,resistivity_model,conductivity_model,E/I[V/A],modelled_thickness,rhoa,sigma,rel_err
0.0,18.1286,24.64202736944969,0.0405810765894921,0.000138322694146,1.0,18.97003129250064,0.0527147259053456,0.015
1.0,18.1286,23.96689554889121,0.0417242190570761,8.183967576193058e-05,1.0,18.91064953251548,0.0528802566131096,0.015
2.0,18.1286,22.75186273107824,0.0439524452050264,5.261776860269079e-05,1.0,18.94822372458789,0.052775395442601,0.015
3.0,18.1286,21.14956137565133,0.0472823044524819,3.6475175917577264e-05,1.0,18.88552705847403,0.0529506005791506,0.015
4.0,18.1286,19.40602910818681,0.0515303772052022,2.3398512182557626e-05,1.0,18.794323656301444,0.0532075544875867,0.015
5.0,18.1286,17.709598824914448,0.0564665529629709,1.4056233640570175e-05,1.0,18.68246413083461,0.0535261297972756,0.015
6.0,18.1286,16.272596671859695,0.0614530071730534,9.25839688374269e-06,1.5,18.52490870283244,0.0539813726502793,0.015
7.5,18.1286,15.418333629024442,0.0648578519612221,6.527598334782535e-06,1.5,18.331191291896577,0.0545518283060008,0.015
9.0,18.1286,15.420131511906302,0.0648502899750156,4.2629257508373165e-06,1.5,18.07355250082281,0.0553294655245267,0.015
10.5,18.1286,16.39077677810818,0.0610099212220142,2.628048055632207e-06,1.5,17.734854749557204,0.0563861398427843,0.015
12.0,18.1286,18.147544031119,0.0551038751185957,1.7605697480151425e-06,1.5,17.405599102380325,0.0574527767828022,0.015
13.5,18.1286,20.15841774885028,0.0496070679980344,1.25508836233422e-06,1.5,17.133557338947277,0.0583649956758741,0.015
15.0,18.1286,21.50614422941789,0.0464983396992249,8.305652116873511e-07,1.5,16.783911232183787,0.059580868020945,0.015
16.5,18.1286,21.00528340826653,0.0476070701148671,5.155922491527495e-07,1.5,16.39624895708391,0.0609895594179762,0.015
18.0,18.1286,17.75686040737593,0.0563162618310957,3.472669555758267e-07,1.5,16.085521141261175,0.0621677091601892,0.015
19.5,18.1286,11.886912682346871,0.0841261332292857,nan,nan,nan,nan,nan
Name:	9.514971509387482_8_110_0.015
Lambda:	9.514971509387482	Maximal Depth:	20	Filter time:	8 to 110 [us]
Chi2:	5.854422133769858	RelRMS:	3.629386973165327	AbsRMS:	5.426681399061289e-07	Phi model:	0.2313127264123947
depth_vector,start_model,resistivity_model,conductivity_model,E/I[V/A],modelled_thickness,rhoa,sigma,rel_err
0.0,18.1286,24.339465126069328,0.0410855372055373,0.0001383781454487,1.0,18.96496313567293,0.0527288132777336,0.015
1.0,18.1286,23.70562861536724,0.0421840743489817,8.18243313733147e-05,1.0,18.91301364827445,0.0528736466116406,0.015
2.0,18.1286,22.55504884505696,0.0443359713769431,5.259263167889855e-05,1.0,18.954260845593023,0.0527585859531159,0.015
3.0,18.1286,21.039338934414435,0.0475300104778616,3.645738688872023e-05,1.0,18.8916698990047,0.0529333830913848,0.015
4.0,18.1286,19.37951638695088,0.0516008748635929,2.3389895210691383e-05,1.0,18.798939330847094,0.0531944905188934,0.015
5.0,18.1286,17.765116136654132,0.0562900907772134,1.4053470278805224e-05,1.0,18.684913097259624,0.0535191143140324,0.015
6.0,18.1286,16.392059326004684,0.0610051476823037,9.258230143452952e-06,1.5,18.52513112398817,0.0539807245253503,0.015
7.5,18.1286,15.583849804616264,0.0641689962709842,6.528403039055664e-06,1.5,18.329684900932243,0.0545563115462579,0.015
9.0,18.1286,15.59043918313281,0.0641418749179236,4.263887669765376e-06,1.5,18.07083417624248,0.0553377885186223,0.015
10.5,18.1286,16.5131881681598,0.0605576579044964,2.628707512703837e-06,1.5,17.731888560691885,0.0563955721116364,0.015
12.0,18.1286,18.15158662645177,0.0550916027661587,1.7609317368447992e-06,1.5,17.40321368023776,0.0574606517148928,0.015
13.5,18.1286,20.002812562024754,0.0499929695836122,1.255240345254636e-06,1.5,17.132174304671548,0.0583697073247336,0.015
15.0,18.1286,21.18785638584106,0.0471968462401065,8.305359896432022e-07,1.5,16.784304919573678,0.059579470510799,0.015
16.5,18.1286,20.62859234097995,0.0484764051502166,5.154582064998844e-07,1.5,16.399091349135574,0.0609789883299059,0.015
18.0,18.1286,17.50555624209203,0.0571247200700486,3.4710306267983496e-07,1.5,16.09058418161801,0.0621481475571537,0.015
19.5,18.1286,11.926121077732844,0.0838495595912648,nan,nan,nan,nan,nan
Name:	8.927162913337053_8_110_0.015
Lambda:	8.927162913337053	Maximal Depth:	20	Filter time:	8.0 to 110.0 [us]
Chi2:	5.84597809611598	RelRMS:	3.6267686328550033	AbsRMS:	5.512047577060773e-07	Phi model:	0.24474984685676912
depth_vector,start_model,resistivity_model,conductivity_model,E/I[V/A],modelled_thickness,rhoa,sigma,rel_err
0.0,18.1286,24.52193097454926,0.040779822805874326,0.00013834010614721684,1.0,18.968439499902924,0.052719149617190056,0.015
1.0,18.1286,23.862360947131485,0.041907001667419286,8.183083216855453e-05,1.0,18.912011978090682,0.05287644705166679,0.015
2.0,18.1286,22.67269301986697,0.0441059206828121,5.2606008150243715e-05,1.0,18.951047627405924,0.052767531360844507,0.015
3.0,18.1286,21.105165570078665,0.04738176522138853,3.646687746040059e-05,1.0,18.888392029010483,0.05294256909027039,0.015
4.0,18.1286,19.396047298283122,0.05155689634189111,2.3394303342438357e-05,1.0,18.796577764365978,0.05320117377407774,0.015
5.0,18.1286,17.732663096944712,0.056393108837233655,1.405467328189368e-05,1.0,18.68384686453686,0.05352216849400881,0.015
6.0,18.1286,16.321126231254997,0.06127028158663448,9.258034352807313e-06,1.5,18.525392305030927,0.05397996347577647,0.015
7.5,18.1286,15.484043270734787,0.06458261466435088,6.527715632507853e-06,1.5,18.330971693535616,0.054552481817024906,0.015
9.0,18.1286,15.48798222337335,0.06456618980946864,4.263181901420185e-06,1.5,18.072828534940605,0.05533168192608465,0.015
10.5,18.1286,16.43792458695747,0.0608349305114492,2.6282372760078827e-06,1.5,17.73400352348336,0.05638884635811651,0.015
12.0,18.1286,18.14956315629538,0.05509774485415859,1.760667674796368e-06,1.5,17.404953707030057,0.0574549071966844,0.015
13.5,18.1286,20.096563557388833,0.04975975107108964,1.2551177933253914e-06,1.5,17.13328949713026,0.05836590808598051,0.015
15.0,18.1286,21.380084490393617,0.04677249991454966,8.305345172468966e-07,1.5,16.78432475671128,0.05957940009473101,0.015
16.5,18.1286,20.855402001236936,0.04794920759334632,5.155281183190749e-07,1.5,16.39760870614858,0.06098450194295903,0.015
18.0,18.1286,17.656555799359648,0.05663618722493246,3.471950284029106e-07,1.5,16.087742651788844,0.062159124598428796,0.015
19.5,18.1286,11.902465052551419,0.08401620971662836,nan,nan,nan,nan,nan
