Name:	26.7_5_110_1
Lambda:	26.7	Maximal Depth:	30	Filter time:	5.0 to 110.0 [us]
Chi2:	7.756522912991187	RelRMS:	9.319889736494682	AbsRMS:	7.488878873325897e-05	Phi model:	1.2246136177941456
depth_vector,start_model,resistivity_model,conductivity_model,E/I[V/A],modelled_thickness,rhoa,sigma
0.0,18.4121,6.9905098044994,0.1430510832495158,0.0009344575094550287,1.0,12.608885284245282,0.07930915203499339
1.0,18.4121,9.934147283340602,0.10066289249375064,0.0005310884393341091,1.0,13.613525661991673,0.07345635692243584
2.0,18.4121,16.143536472036587,0.06194429589403622,0.000327695009580625,1.0,14.533192190598362,0.06880800768924723
3.0,18.4121,24.83709942665145,0.040262350398571504,0.0001899740647326539,1.0,15.353266792955578,0.0651327182341951
4.0,18.4121,33.80381929934293,0.02958245608712734,0.0001035010397056966,1.0,16.17034321014211,0.06184160639044418
5.0,18.4121,40.42266974554033,0.02473859362320634,6.369692537139905e-05,1.0,16.68186012140106,0.05994535337921375
6.0,18.4121,42.94658814888732,0.023284736764960186,4.31119166777308e-05,1.5,16.893870168882152,0.05919306766320253
7.5,18.4121,39.20534274142909,0.02550672765687314,2.7116858374795497e-05,1.5,17.03436498803732,0.05870485930659977
9.0,18.4121,31.72426253438174,0.03152161532253845,1.6084737465860416e-05,1.5,17.076707939797977,0.058559296295596794
10.5,18.4121,23.661301353466612,0.04226310231467849,1.0488163614419303e-05,1.5,17.046961087302556,0.05866148194265844
12.0,18.4121,17.171459540393744,0.05823616784861084,7.284593214469847e-06,1.5,17.038162976126372,0.058691773367890984
13.5,18.4121,13.042389426589883,0.07667306712689256,4.647443748377424e-06,1.5,17.06236687926424,0.05860851586864494
15.0,18.4121,11.175998185875496,0.0894774662064481,2.7583550843460297e-06,1.5,17.17182244260388,0.05823493710946869
16.5,18.4121,11.207470159233441,0.08922620232685921,1.7710473961677287e-06,2.0,17.33688268935055,0.05768049642593853
18.5,18.4121,13.27484614480799,0.075330439923111,1.2131631902560102e-06,2.0,17.526058665464312,0.05705789413854546
20.5,18.4121,16.784467461183223,0.05957889354027232,7.579855068736688e-07,2.0,17.838913401137717,0.0560572259931607
22.5,18.4121,21.092350629337634,0.04741055264883974,4.382096199616032e-07,2.0,18.27374186261716,0.054723329656183525
24.5,18.4121,25.565183343369586,0.03911569835306318,2.7698640206313155e-07,2.0,18.70273597157412,0.05346811298196574
26.5,18.4121,29.70143345232209,0.03366840868489527,nan,2.0,nan,nan
28.5,18.4121,33.19019520142014,0.030129379894614543,nan,nan,nan,nan
