Name:	10.0_8_150_1
Lambda:	10	Maximal Depth:	30	Filter time:	8 to 150 [us]
Chi2:	0.6671772378885088	RelRMS:	6.179521421137609	AbsRMS:	1.2894391014707525e-06	Phi model:	0.2349869617199156
depth_vector,start_model,resistivity_model,conductivity_model,E/I[V/A],modelled_thickness,rhoa,sigma
0.0,15.8775,12.756323251861476,0.0783924944716397,0.0001974099792455,1.0,14.708337879956396,0.0679886475386683
1.0,15.8775,13.105845652240752,0.0763018294686712,0.0001109926150419,1.0,15.169303828800428,0.0659226033894449
2.0,15.8775,13.806313854210527,0.0724306292439548,6.88506696894309e-05,1.0,15.566727946861253,0.0642395758064
3.0,15.8775,14.823627843332725,0.0674598695116171,4.644291864281851e-05,1.0,15.800119189031989,0.0632906618004611
4.0,15.8775,16.075013780798862,0.0622083448036897,2.875097852138861e-05,1.0,16.101380134244057,0.0621064773120424
5.0,15.8775,17.438838960107386,0.057343267076872,1.6667363606747513e-05,1.0,16.390096923891853,0.0610124518874747
6.0,15.8775,18.75040006433677,0.053332195396833,1.0724517133267658e-05,1.5,16.50722612019787,0.0605795300021014
7.5,15.8775,19.650284586866768,0.0508898482146334,7.417636987352103e-06,1.5,16.5448149533328,0.0604418969218243
9.0,15.8775,19.904735751982617,0.050239300458957,4.775460375896469e-06,1.5,16.46839214079242,0.0607223820911445
10.5,15.8775,19.498814924979225,0.0512851680395682,2.9374866968083844e-06,1.5,16.18372753677772,0.0617904619147528
12.0,15.8775,18.53304589186133,0.0539576713852062,1.981717023822037e-06,1.5,15.80918079076607,0.0632543844766508
13.5,15.8775,17.257520322953415,0.0579457524190162,1.4348518212629578e-06,1.5,15.401807874315528,0.06492744281453
15.0,15.8775,15.858586322493156,0.063057322996164,9.758268806308815e-07,1.5,14.815164338320898,0.0674984075210965
16.5,15.8775,14.4279570401274,0.0693098820033061,6.31634692286279e-07,2.0,14.07507658838325,0.0710475707695503
18.5,15.8775,12.953173570207364,0.0772011580467064,4.430629580424403e-07,2.0,13.439397732915229,0.0744080962460721
20.5,15.8775,11.40760570643818,0.0876608138231516,3.280532135011969e-07,2.0,12.902214696497778,0.0775060734550823
22.5,15.8775,9.791854803226892,0.1021256973367754,2.27084685726333e-07,2.0,12.27221657291447,0.0814848722770311
24.5,15.8775,8.160057978795477,0.122548148873277,nan,2.0,nan,nan
26.5,15.8775,6.613715546555395,0.1512009388611863,nan,2.0,nan,nan
28.5,15.8775,5.253448535612745,0.1903511556687141,nan,nan,nan,nan
Name:	12.742749857031335_8_150_1
Lambda:	12.742749857031336	Maximal Depth:	30	Filter time:	8 to 150 [us]
Chi2:	0.6379433144174655	RelRMS:	6.344172818719546	AbsRMS:	1.196729691827324e-06	Phi model:	0.2148394770372009
depth_vector,start_model,resistivity_model,conductivity_model,E/I[V/A],modelled_thickness,rhoa,sigma
0.0,15.8775,12.863775087183464,0.0777376775652994,0.0001970189317815,1.0,14.72779373353875,0.0678988325130299
1.0,15.8775,13.194260810728172,0.075790528499096,0.0001107896106153,1.0,15.187828406708418,0.0658421976612734
2.0,15.8775,13.856500687758194,0.0721682928853365,6.873006206469102e-05,1.0,15.584933637911256,0.0641645337242528
3.0,15.8775,14.811966991675584,0.0675129778888925,4.636528767888727e-05,1.0,15.817750719214809,0.0632201137665697
4.0,15.8775,15.99783099115144,0.0625084738395542,2.871199477624093e-05,1.0,16.11595128354014,0.0620503240799281
5.0,15.8775,17.3018537172498,0.0577972751557255,1.6657134331779515e-05,1.0,16.39680642743688,0.0609874858513114
6.0,15.8775,18.588348592393256,0.0537971404522304,1.0727520198041289e-05,1.5,16.50414528501736,0.0605908384063857
7.5,15.8775,19.536292992201943,0.0511867835110354,7.426256664470471e-06,1.5,16.53201006640928,0.0604887122608193
9.0,15.8775,19.915290232070216,0.0502126752031797,4.7859885491958e-06,1.5,16.444231933101406,0.0608115966782887
10.5,15.8775,19.60458207067389,0.0510084834450962,2.9462778946916538e-06,1.5,16.151518491074,0.06191368325849
12.0,15.8775,18.72488662071641,0.053404862750605,1.9878416024749705e-06,1.5,15.776691830878429,0.063384644304377
13.5,15.8775,17.46573105146313,0.0572549753029792,1.4386830658770342e-06,1.5,15.374452155331324,0.0650429680288305
15.0,15.8775,16.00235575716455,0.0624907991782573,9.772971024164692e-07,1.5,14.800302230543224,0.0675661877996187
16.5,15.8775,14.467595825493646,0.0691199845545781,6.312471990326257e-07,2.0,14.080836021867428,0.0710185104383722
18.5,15.8775,12.876543424307505,0.0776605931458488,4.417927239883333e-07,2.0,13.465145871836116,0.0742658126037545
20.5,15.8775,11.270125902781391,0.0887301533830431,3.264025033071056e-07,2.0,12.945678223527668,0.0772458563184882
22.5,15.8775,9.671659840460856,0.1033948687707724,2.252952593696949e-07,2.0,12.337112922237855,0.0810562411402981
24.5,15.8775,8.131054795728728,0.1229852737587383,nan,2.0,nan,nan
26.5,15.8775,6.716765108532896,0.1488811926338785,nan,2.0,nan,nan
28.5,15.8775,5.48658742596126,0.1822626566138784,nan,nan,nan,nan
Name:	16.237767391887218_8_150_1
Lambda:	16.237767391887218	Maximal Depth:	30	Filter time:	8 to 150 [us]
Chi2:	0.6282021388866613	RelRMS:	6.546843205680557	AbsRMS:	1.1328177971017586e-06	Phi model:	0.1981400944781232
depth_vector,start_model,resistivity_model,conductivity_model,E/I[V/A],modelled_thickness,rhoa,sigma
0.0,15.8775,12.933582334006214,0.0773180990521631,0.0001967403594239,1.0,14.741692893613427,0.0678348143063835
1.0,15.8775,13.250814822933448,0.0754670571857422,0.0001106421374111,1.0,15.201321159121996,0.0657837558678194
2.0,15.8775,13.886221262205028,0.0720138316333588,6.864436604010597e-05,1.0,15.597901821600209,0.0641111869684411
3.0,15.8775,14.804398478208768,0.0675474928259964,4.631363562573713e-05,1.0,15.829509207463108,0.0631731525528619
4.0,15.8775,15.94994180740568,0.0626961535079515,2.869070107979236e-05,1.0,16.123924267279847,0.0620196413368978
5.0,15.8775,17.221008248990366,0.0580686093137797,1.665749668576503e-05,1.0,16.39656863781731,0.0609883703163102
6.0,15.8775,18.49451806886336,0.0540700761315624,1.0736882254878083e-05,1.5,16.49454999742943,0.0606260855952932
7.5,15.8775,19.47388032259388,0.0513508342166294,7.438585551865197e-06,1.5,16.513737987338388,0.0605556416582806
9.0,15.8775,19.919823389344703,0.0502012482969557,4.798042342970733e-06,1.5,16.4166792420993,0.0609136589229067
10.5,15.8775,19.69130770316005,0.0507838288383214,2.95522583474232e-06,1.5,16.11889924695166,0.0620389757811232
12.0,15.8775,18.86637606545891,0.0530043499891231,1.993592570122274e-06,1.5,15.746336272729424,0.0635068363001918
13.5,15.8775,17.60828181019685,0.0567914581774188,1.4419633064947223e-06,1.5,15.351126992874232,0.0651417971113251
15.0,15.8775,16.094103649441866,0.0621345569645737,9.781923168372765e-07,1.5,14.791270969168604,0.0676074423952094
16.5,15.8775,14.479440671624642,0.0690634412391149,6.303768521508063e-07,2.0,14.093793766461696,0.0709532164703339
18.5,15.8775,12.810218328516209,0.0780626820211134,4.40144800888575e-07,2.0,13.498734365789176,0.0740810192201702
20.5,15.8775,11.170445544922158,0.0895219439527708,3.244603093829316e-07,2.0,12.99728802878269,0.0769391274383921
22.5,15.8775,9.602956513153249,0.1041345963225275,2.2330379174638842e-07,2.0,12.410354211680588,0.0805778773871581
24.5,15.8775,8.147953213502253,0.1227302088999315,nan,2.0,nan,nan
26.5,15.8775,6.847489442579046,0.1460389254172196,nan,2.0,nan,nan
28.5,15.8775,5.730481558235026,0.1745054040987085,nan,nan,nan,nan
Name:	20.6913808111479_8_150_1
Lambda:	20.6913808111479	Maximal Depth:	30	Filter time:	8 to 150 [us]
Chi2:	0.628485717895871	RelRMS:	6.784787836719272	AbsRMS:	1.0751323525489952e-06	Phi model:	0.1835874224032347
depth_vector,start_model,resistivity_model,conductivity_model,E/I[V/A],modelled_thickness,rhoa,sigma
0.0,15.8775,12.99199151362956,0.0769704936268566,0.0001964650643101,1.0,14.755460799701227,0.0677715195461905
1.0,15.8775,13.299211511964442,0.0751924276939549,0.0001105027363463,1.0,15.214102954590585,0.0657284890857313
2.0,15.8775,13.90948299983535,0.0718933981954496,6.856950954018676e-05,1.0,15.609251783646451,0.0640645697731446
3.0,15.8775,14.798633621913853,0.0675738061735103,4.627333363293744e-05,1.0,15.83869906759773,0.0631364985048403
4.0,15.8775,15.910159074022951,0.0628529227990393,2.8678916751217263e-05,1.0,16.128340905765853,0.0620026576721541
5.0,15.8775,17.160260755914294,0.058274172766014,1.6664026687429537e-05,1.0,16.3922848946989,0.0610043082110773
6.0,15.8775,18.433211543308943,0.0542499063524819,1.074979883331486e-05,1.5,16.481334504369787,0.0606746983828806
7.5,15.8775,19.445353731670984,0.0514261665691009,7.452715230566088e-06,1.5,16.49285901040375,0.0606323014929792
9.0,15.8775,19.9269375022434,0.0501833259570076,4.810431788383389e-06,1.5,16.388479284409087,0.0610184741760227
10.5,15.8775,19.75540619230305,0.0506190553748073,2.9636399835475888e-06,1.5,16.08837572955244,0.0621566786361856
12.0,15.8775,18.96297266309131,0.0527343480247881,1.998540045545592e-06,1.5,15.72033836489586,0.0636118623396198
13.5,15.8775,17.69492703717139,0.0565133723297823,1.444408712859385e-06,1.5,15.333795636055118,0.0652154250477064
15.0,15.8775,16.142876591198085,0.061946828023529,9.78344946722004e-07,1.5,14.789732555616151,0.0676144748554135
16.5,15.8775,14.472894282487124,0.0690946800606459,6.289354540254219e-07,2.0,14.115319044975674,0.0708450157459209
18.5,15.8775,12.760242241341649,0.0783684181762725,4.3806906371340084e-07,2.0,13.541342172702851,0.0738479234367061
20.5,15.8775,11.111841434037842,0.0899940847730958,3.221966069486687e-07,2.0,13.05809489158963,0.0765808495268382
22.5,15.8775,9.582612753143303,0.1043556726918739,2.2109513673175258e-07,2.0,12.492866975817735,0.0800456774202179
24.5,15.8775,8.206197896718523,0.1218591133903653,nan,2.0,nan,nan
26.5,15.8775,7.003306357176309,0.1427896980367418,nan,2.0,nan,nan
28.5,15.8775,5.985394459081514,0.1670733661476097,nan,nan,nan,nan
Name:	26.366508987303583_8_150_1
Lambda:	26.366508987303583	Maximal Depth:	30	Filter time:	8 to 150 [us]
Chi2:	0.6358228265166466	RelRMS:	7.0611167050496455	AbsRMS:	1.017186478285514e-06	Phi model:	0.1701530999643715
depth_vector,start_model,resistivity_model,conductivity_model,E/I[V/A],modelled_thickness,rhoa,sigma
0.0,15.8775,13.040201879979607,0.0766859293440297,0.0001961531740228,1.0,14.771097784121114,0.0676997752377617
1.0,15.8775,13.33985920573542,0.0749633099253442,0.0001103541327562,1.0,15.22775816410626,0.0656695482830247
2.0,15.8775,13.933959555466346,0.0717671094149039,6.849661322229627e-05,1.0,15.620324401672216,0.0640191569832535
3.0,15.8775,14.802943741431871,0.0675541309530959,4.623885083460867e-05,1.0,15.84657260243633,0.0631051284771986
4.0,15.8775,15.89183049109727,0.0629254131901424,2.8673469937659887e-05,1.0,16.130383334651253,0.0619948068966099
5.0,15.8775,17.12458329420996,0.0583955815344197,1.6675019912752134e-05,1.0,16.385079550478885,0.0610311348760447
6.0,15.8775,18.392171333473623,0.0543709593537771,1.0765241292159136e-05,1.5,16.46556936975717,0.0607327920185214
7.5,15.8775,19.41607127618196,0.0515037252271893,7.46799149138261e-06,1.5,16.470359860465987,0.0607151275668428
9.0,15.8775,19.92850471412422,0.0501793794539564,4.822787481240952e-06,1.5,16.360476450298634,0.0611229143012975
10.5,15.8775,19.78917663435674,0.0505326734142067,2.9713228083587964e-06,1.5,16.060631072181053,0.0622640539780607
12.0,15.8775,19.014017273217387,0.0525927785607185,2.0025591972259365e-06,1.5,15.69929742957056,0.0636971179434081
13.5,15.8775,17.740472236697183,0.0563682852777415,1.4459274657319428e-06,1.5,15.323056358330126,0.0652611317621609
15.0,15.8775,16.163266842166536,0.0618686809891186,9.7768471250011e-07,1.5,14.796390181705606,0.0675840517666538
16.5,15.8775,14.462213497435766,0.0691457085858472,6.26866240403797e-07,2.0,14.146364015010516,0.070689542481652
18.5,15.8775,12.729038023210878,0.0785605320823569,4.35516533234512e-07,2.0,13.594200499337475,0.073560780573211
20.5,15.8775,11.090167171699552,0.0901699662879609,3.19568309010849e-07,2.0,13.129594868259137,0.0761638123669379
22.5,15.8775,9.605966652797688,0.1041019645543694,2.186330461810455e-07,2.0,12.586482365074298,0.0794503159019916
24.5,15.8775,8.302692793048372,0.1204428520873702,nan,2.0,nan,nan
26.5,15.8775,7.186926530269127,0.1391415364813188,nan,2.0,nan,nan
28.5,15.8775,6.256122490385614,0.1598434176339731,nan,nan,nan,nan
Name:	33.59818286283781_8_150_1
Lambda:	33.59818286283781	Maximal Depth:	30	Filter time:	8 to 150 [us]
Chi2:	0.6466449940034125	RelRMS:	7.378695446616683	AbsRMS:	9.527488916675708e-07	Phi model:	0.1571967705435028
depth_vector,start_model,resistivity_model,conductivity_model,E/I[V/A],modelled_thickness,rhoa,sigma
0.0,15.8775,13.091926847854916,0.07638295047179,0.000195747918815,1.0,14.79147773929903,0.0676064973104837
1.0,15.8775,13.385340892443471,0.0747085941281135,0.0001101724948819,1.0,15.244490580936873,0.0655974691112665
2.0,15.8775,13.966266602253972,0.0716010963043347,6.84140867613896e-05,1.0,15.632883521428004,0.0639677253802409
3.0,15.8775,14.816598321084207,0.0674918748777165,4.620337733386081e-05,1.0,15.854682565107725,0.0630728490396115
4.0,15.8775,15.885996533114122,0.0629485218579467,2.8670698576680648e-05,1.0,16.1314227790323,0.0619908121991449
5.0,15.8775,17.100244600989008,0.0584786956756258,1.6688551605324216e-05,1.0,16.37622126894041,0.0610641480459614
6.0,15.8775,18.356708953509848,0.0544759958079957,1.0781988099675097e-05,1.5,16.448515177155198,0.0607957611510653
7.5,15.8775,19.38265430460206,0.0515925210389047,7.483571438927193e-06,1.5,16.447492306282147,0.0607995420443545
9.0,15.8775,19.90779268612924,0.0502315859807376,4.834564555320732e-06,1.5,16.333896068724595,0.0612223804897812
10.5,15.8775,19.786752866424948,0.0505388633875771,2.977935057569344e-06,1.5,16.036848096821785,0.0623563928499255
12.0,15.8775,19.02388932917509,0.0525654866203619,2.0054202217158643e-06,1.5,15.684362318348724,0.0637577722130357
13.5,15.8775,17.752032280478108,0.056331578503251,1.4463532003263911e-06,1.5,15.320049312628347,0.0652739413296599
15.0,15.8775,16.165466583075382,0.061860262112506,9.760984981496215e-07,1.5,14.812415814590176,0.0675109322150546
16.5,15.8775,14.454755153248763,0.0691813862910881,6.240960080941557e-07,2.0,14.18819495067788,0.0704811290989642
18.5,15.8775,12.722092460998455,0.07860342180861,4.324357893519567e-07,2.0,13.658688963501907,0.0732134689260552
20.5,15.8775,11.106942176948436,0.0900337810415021,3.165372064630332e-07,2.0,13.213279400800996,0.0756814390785817
22.5,15.8775,9.67248315406913,0.1033860678867461,2.1589087251041575e-07,2.0,12.6928375332763,0.0787845899215475
24.5,15.8775,8.437106845066582,0.1185240412813698,nan,2.0,nan,nan
26.5,15.8775,7.399898182880637,0.1351369944945268,nan,2.0,nan,nan
28.5,15.8775,6.545804008328789,0.1527696213830438,nan,nan,nan,nan
Name:	42.81332398719393_8_150_1
Lambda:	42.81332398719393	Maximal Depth:	30	Filter time:	8 to 150 [us]
Chi2:	0.6597410904898279	RelRMS:	7.742762845055016	AbsRMS:	8.84818269401211e-07	Phi model:	0.1442314469625011
depth_vector,start_model,resistivity_model,conductivity_model,E/I[V/A],modelled_thickness,rhoa,sigma
0.0,15.8775,13.15858892238864,0.0759959905958117,0.0001952097821852,1.0,14.818649134797049,0.0674825343999681
1.0,15.8775,13.442037040057954,0.0743934864202463,0.0001099415602948,1.0,15.265830698992252,0.0655057703519542
2.0,15.8775,14.010391595853385,0.0713755924064226,6.831415967124667e-05,1.0,15.648124558569991,0.0639054217811891
3.0,15.8775,14.840509035747573,0.0673831333946306,4.616238788832216e-05,1.0,15.864066518006895,0.0630355400278311
4.0,15.8775,15.88942966574388,0.0629349209528839,2.8668207396148822e-05,1.0,16.132357280071115,0.0619872212497634
5.0,15.8775,17.084191277830158,0.0585336457393614,1.6703396234167977e-05,1.0,16.366517256446883,0.0611003541151122
6.0,15.8775,18.31803658628324,0.0545910035330321,1.0799279072983028e-05,1.5,16.43095309206055,0.0608607421856252
7.5,15.8775,19.326859410459576,0.0517414639783019,7.498940139529536e-06,1.5,16.42501241791577,0.060882754579183
9.0,15.8775,19.853699516905813,0.0503684464020663,4.845433487834255e-06,1.5,16.309460903538326,0.061314105102214
10.5,15.8775,19.745755562890928,0.0506437951596719,2.983266625575594e-06,1.5,16.017735483105266,0.0624307974778801
12.0,15.8775,18.99823376981957,0.0526364720066025,2.006973002902292e-06,1.5,15.676271352752307,0.0637906793967577
13.5,15.8775,17.73740103912372,0.056378045340142,1.4455696317619157e-06,1.5,15.325584950418534,0.0652503642265668
15.0,15.8775,16.159690172880616,0.0618823745567976,9.73498645337738e-07,1.5,14.838776392408084,0.0673910013572026
16.5,15.8775,14.457418695244025,0.0691686407566631,6.205600920356506e-07,2.0,14.242039581905034,0.0702146623205943
18.5,15.8775,12.742557099835292,0.0784771841448468,4.2877627678855474e-07,2.0,13.736294798668055,0.0727998353745993
20.5,15.8775,11.162631398131404,0.089584611758066,3.130623989495006e-07,2.0,13.310872475652912,0.0751265555153588
22.5,15.8775,9.780849230635154,0.1022406108528739,2.128372869161369e-07,2.0,12.813952192465308,0.0780399352970902
24.5,15.8775,8.611958301287897,0.1161176082158285,nan,2.0,nan,nan
26.5,15.8775,7.644797525141853,0.1308079117479889,nan,2.0,nan,nan
28.5,15.8775,6.8595051189815806,0.1457831115589966,nan,nan,nan,nan
Name:	54.5559478116852_8_150_1
Lambda:	54.5559478116852	Maximal Depth:	30	Filter time:	8 to 150 [us]
Chi2:	0.6762786309738631	RelRMS:	8.1589685051179	AbsRMS:	8.295005711680376e-07	Phi model:	0.1309854437162903
depth_vector,start_model,resistivity_model,conductivity_model,E/I[V/A],modelled_thickness,rhoa,sigma
0.0,15.8775,13.242628194561696,0.0755137111234963,0.0001945131946144,1.0,14.854006926294357,0.0673219020942971
1.0,15.8775,13.518454720293184,0.0739729518418146,0.0001096515009632,1.0,15.292740479423202,0.0653905035101803
2.0,15.8775,14.07081830645661,0.0710690720482926,6.819267084363731e-05,1.0,15.66670434877497,0.0638296337083933
3.0,15.8775,14.879859745032144,0.0672049345313126,4.61137611276008e-05,1.0,15.87521695170385,0.062991265129934
4.0,15.8775,15.901882955248524,0.0628856345386408,2.866503085006283e-05,1.0,16.133549074356996,0.0619826422190899
5.0,15.8775,17.064650440894056,0.058600672979716,1.6719062775789297e-05,1.0,16.356291532349946,0.0611385531996767
6.0,15.8775,18.263535242119968,0.0547539119202818,1.0816744264846684e-05,1.5,16.413261568476702,0.0609263427520462
7.5,15.8775,19.248625604926147,0.0519517611555641,7.513785956495925e-06,1.5,16.40337014615298,0.0609630820429011
9.0,15.8775,19.7659906245672,0.0505919495255197,4.855136532568216e-06,1.5,16.2877238990614,0.0613959326789439
10.5,15.8775,19.66332343022543,0.0508561029140604,2.987115401209375e-06,1.5,16.00397373016063,0.062484481470713
12.0,15.8775,18.93335870538884,0.0528168306300233,2.007059839897723e-06,1.5,15.67581918549315,0.0637925194318028
13.5,15.8775,17.69725350082547,0.0565059431370724,1.4434526487324046e-06,1.5,15.340565734165176,0.0651866441778536
15.0,15.8775,16.146970560554784,0.0619311217698561,9.697955623207612e-07,1.5,14.876526142539408,0.0672199941315937
16.5,15.8775,14.473758630195348,0.0690905538464477,6.161993477284332e-07,2.0,14.30915300384433,0.0698853384076148
18.5,15.8775,12.795500345962132,0.0781524733665901,4.244972196804793e-07,2.0,13.828451003585233,0.0723146793332626
20.5,15.8775,11.261566975193611,0.0887975893765714,3.0911469126324e-07,2.0,13.423961495999997,0.0744936582467086
22.5,15.8775,9.936438886674782,0.1006396769914265,2.0945326405474e-07,2.0,12.951601907501631,0.0772105263226779
24.5,15.8775,8.82882180110105,0.1132653962814482,nan,2.0,nan,nan
26.5,15.8775,7.924834292989431,0.1261856037651958,nan,2.0,nan,nan
28.5,15.8775,7.201072710673617,0.1388681992500609,nan,nan,nan,nan
Name:	69.51927961775606_8_150_1
Lambda:	69.51927961775606	Maximal Depth:	30	Filter time:	8 to 150 [us]
Chi2:	0.7000932057183666	RelRMS:	8.632559213055409	AbsRMS:	8.185494599392865e-07	Phi model:	0.1173107714971189
depth_vector,start_model,resistivity_model,conductivity_model,E/I[V/A],modelled_thickness,rhoa,sigma
0.0,15.8775,13.349958554576046,0.0749065995906949,0.0001936470038363,1.0,14.89826901346748,0.0671218917510509
1.0,15.8775,13.617857363513952,0.0734329912045693,0.0001092985628892,1.0,15.325644173588271,0.0652501120783796
2.0,15.8775,14.152032133288836,0.0706612301739882,6.804824833713669e-05,1.0,15.688863382218752,0.0637394803968633
3.0,15.8775,14.93275509451951,0.066966878762179,4.605684629959961e-05,1.0,15.888292810866652,0.0629394241347351
4.0,15.8775,15.918696228893808,0.0628192149420449,2.8660904178893e-05,1.0,16.135097670633968,0.0619766933186905
5.0,15.8775,17.040397188177643,0.0586840781325087,1.6735430866098247e-05,1.0,16.345624944444477,0.0611784500989592
6.0,15.8775,18.19321556979833,0.0549655445000086,1.0834291007427116e-05,1.5,16.39553531578768,0.0609922140838594
7.5,15.8775,19.140005352370668,0.0522465893603389,7.528029827912157e-06,1.5,16.382672279317468,0.0610401027958341
9.0,15.8775,19.63885096030377,0.0509194759928323,4.8636068193579694e-06,1.5,16.268807653895582,0.0614673196262511
10.5,15.8775,19.538395662738115,0.0511812749245891,2.989426339767284e-06,1.5,15.995724886305588,0.0625167041261211
12.0,15.8775,18.83158870733627,0.0531022642614548,2.0056359339389675e-06,1.5,15.68323769772115,0.0637623441838992
13.5,15.8775,17.63462534153965,0.0567066201085898,1.4399656813561165e-06,1.5,15.36532117895698,0.0650816203809337
15.0,15.8775,16.131446770637567,0.0619907200028827,9.649616165422097e-07,1.5,14.926167090166444,0.0669964361218234
16.5,15.8775,14.507158805713832,0.0689314850269742,6.109946288536003e-07,2.0,14.390299141941751,0.069491258669211
18.5,15.8775,12.882998440349832,0.0776216813679009,4.1958494964351497e-07,2.0,13.93617209719939,0.0717557154881116
20.5,15.8775,11.405616805032125,0.0876761000386058,3.046840416441699e-07,2.0,13.553787010579857,0.0737801176320254
22.5,15.8775,10.138647554482164,0.0986324847201057,2.057320770462305e-07,2.0,13.107309920483267,0.0762933054964439
24.5,15.8775,9.090867808022232,0.1100004995251994,nan,2.0,nan,nan
26.5,15.8775,8.245226544224735,0.1212822952330445,nan,2.0,nan,nan
28.5,15.8775,7.5754471321842685,0.1320054093904903,nan,nan,nan,nan
Name:	88.58667904100822_8_150_1
Lambda:	88.58667904100822	Maximal Depth:	30	Filter time:	8 to 150 [us]
Chi2:	0.7374584067724819	RelRMS:	9.16760588428564	AbsRMS:	8.881696962722125e-07	Phi model:	0.1032217617886338
depth_vector,start_model,resistivity_model,conductivity_model,E/I[V/A],modelled_thickness,rhoa,sigma
0.0,15.8775,13.484452918093435,0.0741594787770885,0.0001926188607421,1.0,14.95123702778434,0.0668840978269336
1.0,15.8775,13.740955751348787,0.0727751415618845,0.0001088868705932,1.0,15.36424987111411,0.065086158347377
2.0,15.8775,14.25327519449846,0.0701593133054769,6.788310642725595e-05,1.0,15.714297687751577,0.0636363151488115
3.0,15.8775,15.001063325620391,0.0666619411100075,4.5992837774619707e-05,1.0,15.903030619204245,0.0628810963108136
4.0,15.8775,15.94271119869193,0.0627245885305912,2.865634946384441e-05,1.0,16.13680732839757,0.0619701270300351
5.0,15.8775,17.007259299265762,0.0587984214507255,1.6752693861823668e-05,1.0,16.33439399696408,0.0612205142220678
6.0,15.8775,18.102156353335342,0.0552420374943755,1.085201588856903e-05,1.5,16.377677614812825,0.0610587180624161
7.5,15.8775,19.00006599835668,0.0526313961270708,7.541739673602559e-06,1.5,16.362811962065752,0.0611141900498716
9.0,15.8775,19.469769840070324,0.0513616754699339,4.870901329090265e-06,1.5,16.252561158276873,0.0615287640059569
10.5,15.8775,19.372604197332123,0.0516192861741176,2.99024937050072e-06,1.5,15.992789662395063,0.0625281780796109
12.0,15.8775,18.69832872177252,0.053480715569814,2.0027437051858093e-06,1.5,15.698333189093422,0.0637010304186154
13.5,15.8775,17.5556179124452,0.0569618229895,1.4351438393394014e-06,1.5,15.399718532594312,0.0649362517817093
15.0,15.8775,16.11682203645141,0.0620469716510054,9.590229097551956e-07,1.5,14.987723419616271,0.0667212739388543
16.5,15.8775,14.560644779349346,0.0686782773121593,6.049631707190944e-07,2.0,14.48578803941422,0.0690331790910588
18.5,15.8775,13.004289604670362,0.0768977030195374,4.1405107321993386e-07,2.0,14.060070302020122,0.0711233997070642
20.5,15.8775,11.593222924759155,0.0862572907025139,2.9977846859957826e-07,2.0,13.701249370738935,0.0729860447716285
22.5,15.8775,10.38906114709026,0.0962550884860348,2.0167862186929648e-07,2.0,13.28235240977525,0.0752878683797037
24.5,15.8775,9.400160730493589,0.1063811597131585,nan,2.0,nan,nan
26.5,15.8775,8.608985379330669,0.1161577068536905,nan,2.0,nan,nan
28.5,15.8775,7.989222247685424,0.1251686295608702,nan,nan,nan,nan
Name:	112.88378916846884_8_150_1
Lambda:	112.88378916846884	Maximal Depth:	30	Filter time:	8 to 150 [us]
Chi2:	0.7956403808951379	RelRMS:	9.762630519184237	AbsRMS:	1.051656558947378e-06	Phi model:	0.0889388938528882
depth_vector,start_model,resistivity_model,conductivity_model,E/I[V/A],modelled_thickness,rhoa,sigma
0.0,15.8775,13.645832656431132,0.0732824463832707,0.0001914516539259,1.0,15.011943394464804,0.0666136271449517
1.0,15.8775,13.889590740870284,0.0719963617831797,0.0001084272431279,1.0,15.407639036457851,0.0649028704289982
2.0,15.8775,14.375049296529284,0.0695649788304684,6.770283332064312e-05,1.0,15.742180416092776,0.063523601786302
3.0,15.8775,15.08174747203718,0.0663053138805091,4.5924909579150615e-05,1.0,15.918708357081815,0.0628191670811737
4.0,15.8775,15.968881305421435,0.0626217942806363,2.865288911971234e-05,1.0,16.138106505883727,0.0619651382047462
5.0,15.8775,16.968579551609437,0.0589324520039246,1.6771476111135413e-05,1.0,16.32219654337863,0.06126626384766
6.0,15.8775,17.992451609616445,0.0555788628307622,1.0870224318427444e-05,1.5,16.35938329068079,0.0611269986301779
7.5,15.8775,18.828756120552143,0.0531102529342589,7.555093551646707e-06,1.5,16.343525069565057,0.0611863105262524
9.0,15.8775,19.26403700671609,0.0519101992822878,4.877134193128049e-06,1.5,16.238711277216186,0.0615812414500561
10.5,15.8775,19.1697735512858,0.0521654571101037,2.989679099942523e-06,1.5,15.994823309232771,0.0625202279929385
12.0,15.8775,18.53530770066278,0.053951087090086,1.998473944969512e-06,1.5,15.720685001954116,0.063610459714427
13.5,15.8775,17.459959019112624,0.0572739030432629,1.4290754494425546e-06,1.5,15.443283054239568,0.0647530707355308
15.0,15.8775,16.103644849322546,0.0620977430486532,9.520623328539332e-07,1.5,15.060685374888322,0.0663980406673501
16.5,15.8775,14.632889185271404,0.0683392040586585,5.981779731239024e-07,2.0,14.595124560420624,0.0685160305319916
18.5,15.8775,13.160243883085007,0.0759864337533524,4.079586114570071e-07,2.0,14.19970641889184,0.0704239912079845
20.5,15.8775,11.824901875694032,0.0845672979372023,2.944520960349248e-07,2.0,13.865984014224882,0.0721189350120494
22.5,15.8775,10.687560411881355,0.0935667225691936,1.9733652839287685e-07,2.0,13.476483576947164,0.0742033331091351
24.5,15.8775,9.757601048300778,0.1024842064201982,nan,2.0,nan,nan
26.5,15.8775,9.018768702638631,0.1108798809428862,nan,2.0,nan,nan
28.5,15.8775,8.44531669963722,0.1184088217843809,nan,nan,nan,nan
Name:	143.8449888287663_8_150_1
Lambda:	143.8449888287663	Maximal Depth:	30	Filter time:	8 to 150 [us]
Chi2:	0.8812357715248554	RelRMS:	10.410366472767262	AbsRMS:	1.291794145019986e-06	Phi model:	0.0748161754593823
depth_vector,start_model,resistivity_model,conductivity_model,E/I[V/A],modelled_thickness,rhoa,sigma
0.0,15.8775,13.832150158284572,0.0722953400994612,0.0001901820832614,1.0,15.078677970452432,0.0663188113679169
1.0,15.8775,14.061164302584642,0.0711178660942171,0.0001079356924707,1.0,15.454382290098518,0.0647065655054159
2.0,15.8775,14.51575290286893,0.0688906739244891,6.751494985878439e-05,1.0,15.77137222476034,0.0634060236324931
3.0,15.8775,15.174942907831412,0.0658981062448627,4.585695469574516e-05,1.0,15.934430973644153,0.0627571829614762
4.0,15.8775,15.99839632514383,0.0625062649828441,2.8652147095269765e-05,1.0,16.138385131141327,0.0619640683918465
5.0,15.8775,16.92234905266727,0.0590934507312022,1.6792350817178477e-05,1.0,16.308666903614274,0.0613170902263252
6.0,15.8775,17.864581829527438,0.0559766810968478,1.088920941045292e-05,1.5,16.340362949531823,0.0611981510501669
7.5,15.8775,18.630807723564743,0.0536745381540905,7.568306474880677e-06,1.5,16.324497596203912,0.0612576279365889
9.0,15.8775,19.026977323098208,0.0525569554753202,4.882504084532219e-06,1.5,16.226802619072824,0.0616264351933762
10.5,15.8775,18.93612309776927,0.0528091201581702,2.9879195694428347e-06,1.5,16.00110206324707,0.06249569536194
12.0,15.8775,18.348149310034632,0.0545014095483242,1.993027040229284e-06,1.5,15.749314858435469,0.0634948255837549
13.5,15.8775,17.35218394903615,0.0576296334188842,1.4219497068860837e-06,1.5,15.494833472420602,0.0645376410001378
15.0,15.8775,16.093234166162222,0.0621379139627887,9.442476438748376e-07,1.5,15.143667012893802,0.0660342042088331
16.5,15.8775,14.722991892231049,0.0679209774290288,5.907769787589858e-07,2.0,14.716765665332362,0.0679497127793273
18.5,15.8775,13.346900519476996,0.0749237621529216,4.014205060875247e-07,2.0,14.353475287321588,0.0696695385599959
20.5,15.8775,12.096478638530536,0.0826686864733288,2.887980334686441e-07,2.0,14.046376578535645,0.0711927374585774
22.5,15.8775,11.031174125354068,0.0906521815933988,1.9277756648639712e-07,2.0,13.688123440638453,0.0730560331616469
24.5,15.8775,10.161969201454474,0.0984061238698569,nan,2.0,nan,nan
26.5,15.8775,9.474725833299974,0.10554395109623,nan,2.0,nan,nan
28.5,15.8775,8.945291193895493,0.1117906592780821,nan,nan,nan,nan
Name:	183.29807108324357_8_150_1
Lambda:	183.2980710832436	Maximal Depth:	30	Filter time:	8 to 150 [us]
Chi2:	0.9982934551982884	RelRMS:	11.096966436068133	AbsRMS:	1.5797089136680675e-06	Phi model:	0.0612988788763943
depth_vector,start_model,resistivity_model,conductivity_model,E/I[V/A],modelled_thickness,rhoa,sigma
0.0,15.8775,14.039672341207266,0.0712267334804489,0.000188857764941,1.0,15.149086174279056,0.0660105823213187
1.0,15.8775,14.251777436440374,0.0701666865385576,0.0001074323022431,1.0,15.50262055779828,0.064505223247367
2.0,15.8775,14.671397974161833,0.068159830560191,6.732850544527605e-05,1.0,15.800474596517684,0.0632892381739212
3.0,15.8775,15.277525525216516,0.0654556261974124,4.579345036262136e-05,1.0,15.94915901402388,0.0626992306691978
4.0,15.8775,16.030686610240263,0.0623803598880916,2.8655816466949573e-05,1.0,16.137007423703317,0.0619693586142323
5.0,15.8775,16.871240934891215,0.0592724627583209,1.6815801323574523e-05,1.0,16.293501189908227,0.0613741631307195
6.0,15.8775,17.723485609692354,0.0564223100366405,1.0909189305778896e-05,1.5,16.32040555584063,0.0612729871557712
7.5,15.8775,18.412148428119785,0.0543119671180121,7.581556376720561e-06,1.5,16.305472387206105,0.0613291032760656
9.0,15.8775,18.76517649484533,0.0532901995499319,4.887220345523282e-06,1.5,16.216361489642043,0.0616661142290602
10.5,15.8775,18.67897500086909,0.0535361281844144,2.985224153998166e-06,1.5,16.010732413172086,0.0624581046134589
12.0,15.8775,18.14395454836116,0.055114776513278,1.986668487381804e-06,1.5,15.78290191052976,0.063359704423737
13.5,15.8775,17.237270334592584,0.0580138258894247,1.4140249077454489e-06,1.5,15.552672637425667,0.0642976305946039
15.0,15.8775,16.086709009002334,0.0621631185993596,9.35812643369368e-07,1.5,15.234529723251145,0.065640358984878
16.5,15.8775,14.828163741139248,0.0674392337080552,5.829547001989846e-07,2.0,14.8481226003347,0.0673485818319858
18.5,15.8775,13.558909035813963,0.073752246390815,3.945966525263167e-07,2.0,14.518480675839374,0.0688777305509748
20.5,15.8775,12.40187371729624,0.0806329771448448,2.829482089451885e-07,2.0,14.239317129537865,0.0702280868459353
22.5,15.8775,11.41441525324962,0.0876085176343401,1.8810331739120025e-07,2.0,13.913955358009632,0.0718702895237007
24.5,15.8775,10.608812099312576,0.0942612604162154,nan,2.0,nan,nan
26.5,15.8775,9.973532062605075,0.1002653817847958,nan,2.0,nan,nan
28.5,15.8775,9.486820004608484,0.1054093995157726,nan,nan,nan,nan
Name:	233.57214690901213_8_150_1
Lambda:	233.57214690901213	Maximal Depth:	30	Filter time:	8 to 150 [us]
Chi2:	1.097203809805276	RelRMS:	11.663673553566554	AbsRMS:	2.1267128705868293e-06	Phi model:	0.0508393782041149
depth_vector,start_model,resistivity_model,conductivity_model,E/I[V/A],modelled_thickness,rhoa,sigma
0.0,15.8775,14.293405972832964,0.0699623310147818,0.0001865215053273,1.0,15.275322637998904,0.0654650656944161
1.0,15.8775,14.500886901795038,0.0689612991793082,0.000106394631837,1.0,15.60325580053453,0.0640891883580952
2.0,15.8775,14.906342176270517,0.0670855390393429,6.682490373154779e-05,1.0,15.87975826284105,0.0629732508170492
3.0,15.8775,15.47776879417498,0.0646087955762944,4.5520597551249046e-05,1.0,16.01282890110389,0.0624499272537073
4.0,15.8775,16.164549617733215,0.061863771255523,2.853191878099917e-05,1.0,16.18368949658843,0.0617906071548643
5.0,15.8775,16.902782411179246,0.0591618572418358,1.6766161505304727e-05,1.0,16.325645611856437,0.0612533203142517
6.0,15.8775,17.621857022833375,0.0567477081844585,1.0883012024713411e-05,1.5,16.346565761970528,0.0611749290071955
7.5,15.8775,18.17114394401511,0.0550323085371497,7.564094465257249e-06,1.5,16.33055715046165,0.06123489791478
9.0,15.8775,18.431947345285685,0.0542536272086176,4.873954042129916e-06,1.5,16.245774117670145,0.0615544690426492
10.5,15.8775,18.33935529041909,0.0545275438620475,2.9735682620795843e-06,1.5,16.05254472810984,0.0622954190091048
12.0,15.8775,17.888218532334964,0.0559027159799276,1.97592571983952e-06,1.5,15.840056143672788,0.0631310893679782
13.5,15.8775,17.125516199049674,0.0583924004612189,1.404146803250323e-06,1.5,15.62552891096524,0.0639978336540178
15.0,15.8775,16.133493579831303,0.0619828554213523,9.271848306552388e-07,1.5,15.328892538803853,0.0652362848437081
16.5,15.8775,15.009458550839389,0.0666246551541378,5.759083017021318e-07,2.0,14.968990900804291,0.0668047703834377
18.5,15.8775,13.824013731854889,0.0723378911072465,3.888389643861719e-07,2.0,14.661449769343472,0.0682060789166267
20.5,15.8775,12.704405491747549,0.0787128528485314,2.782052010317823e-07,2.0,14.400700959340226,0.0694410642109337
22.5,15.8775,11.730193710496636,0.0852500840719416,1.8444906763281592e-07,2.0,14.097126579566108,0.0709364418596842
24.5,15.8775,10.936570210933684,0.0914363443669262,nan,2.0,nan,nan
26.5,15.8775,10.326735325438168,0.0968360249861995,nan,2.0,nan,nan
28.5,15.8775,9.88530023113316,0.1011603063759823,nan,nan,nan,nan
Name:	297.63514416313194_8_150_1
Lambda:	297.63514416313194	Maximal Depth:	30	Filter time:	8 to 150 [us]
Chi2:	1.2784487036579604	RelRMS:	12.364800442648022	AbsRMS:	2.353182931395778e-06	Phi model:	0.0396544100157503
depth_vector,start_model,resistivity_model,conductivity_model,E/I[V/A],modelled_thickness,rhoa,sigma
0.0,15.8775,14.507650532744632,0.0689291486407768,0.0001856077276752,1.0,15.325416889604009,0.0652510797718233
1.0,15.8775,14.692064089975217,0.0680639557434497,0.0001061184038067,1.0,15.630321095921342,0.0639782122109407
2.0,15.8775,15.0521245437806,0.0664358042674574,6.677569826589813e-05,1.0,15.887558255843262,0.0629423341143193
3.0,15.8775,15.55905710035942,0.0642712468724663,4.5546430890949495e-05,1.0,16.006773483887507,0.0624735522750168
4.0,15.8775,16.167664939070196,0.0618518508250029,2.8587351642104906e-05,1.0,16.162761863993417,0.0618706139714741
5.0,15.8775,16.821161787077703,0.0594489258624345,1.6816208015805078e-05,1.0,16.293238488311207,0.0613751526878711
6.0,15.8775,17.45704246014058,0.0572834718299669,1.0917739631227328e-05,1.5,16.311883462177786,0.0613049990406497
7.5,15.8775,17.943199883745162,0.0557314195059436,7.585933902923864e-06,1.5,16.29919897818799,0.0613527082734694
9.0,15.8775,18.17432756359336,0.0550226684591726,4.882848779164006e-06,1.5,16.226038944994198,0.0616293356246691
10.5,15.8775,18.092333883085747,0.0552720288306687,2.972545079014068e-06,1.5,16.05622815973079,0.0622811279244282
12.0,15.8775,17.691615154498717,0.0565239516724234,1.9702799215448373e-06,1.5,15.870301289863544,0.0630107760234335
13.5,15.8775,17.01248241230792,0.0587803693643518,1.3965585573991677e-06,1.5,15.682078986298045,0.0637670554314726
15.0,15.8775,16.12655114797246,0.0620095388545446,9.189033279662834e-07,1.5,15.420854583449616,0.0648472491967628
16.5,15.8775,15.119203430846552,0.0661410506561328,5.681935139423672e-07,2.0,15.104182893636676,0.0662068254232604
18.5,15.8775,14.053788702762898,0.0711551896182561,3.82128810262502e-07,2.0,14.832587325304733,0.0674191210250943
20.5,15.8775,13.044215487193595,0.0766623336590666,2.72478040828059e-07,2.0,14.601790843580073,0.0684847503099023
22.5,15.8775,12.16284844182534,0.0822175828945809,1.799018787425897e-07,2.0,14.333682367419842,0.0697657429798346
24.5,15.8775,11.442787253575936,0.0873912953059137,nan,2.0,nan,nan
26.5,15.8775,10.888244429606662,0.0918421703760488,nan,2.0,nan,nan
28.5,15.8775,10.486148650625315,0.0953638970147888,nan,nan,nan,nan
Name:	379.26901907322497_8_150_1
Lambda:	379.26901907322497	Maximal Depth:	30	Filter time:	8 to 150 [us]
Chi2:	1.4790596707502577	RelRMS:	13.051527727527684	AbsRMS:	2.5800730215019936e-06	Phi model:	0.0299338215193099
depth_vector,start_model,resistivity_model,conductivity_model,E/I[V/A],modelled_thickness,rhoa,sigma
0.0,15.8775,14.72897910145426,0.0678933681086739,0.0001846966936597,1.0,15.375771600969951,0.0650373864773665
1.0,15.8775,14.889887971071357,0.0671596725202257,0.0001058457970337,1.0,15.657146941275656,0.063868596478697
2.0,15.8775,15.20375654209425,0.0657732184300192,6.672940693005776e-05,1.0,15.89490505462191,0.0629132414798049
3.0,15.8775,15.645147060510846,0.0639175839084345,4.557418165672461e-05,1.0,16.00027498996264,0.0624989258389199
4.0,15.8775,16.17438523685502,0.0618261519900859,2.864354590175756e-05,1.0,16.141615700146428,0.0619516669567922
5.0,15.8775,16.74188007002912,0.0597304481824699,1.6866081185237976e-05,1.0,16.26110312592325,0.0614964429077269
6.0,15.8775,17.2932799394794,0.0578259302746303,1.0951904407636283e-05,1.5,16.277942211356475,0.061432826521668
7.5,15.8775,17.714795411365785,0.0564499886551555,7.607115793735504e-06,1.5,16.268928348785366,0.0614668636164139
9.0,15.8775,17.914781942694088,0.0558198253932872,4.891162380931732e-06,1.5,16.207647260987454,0.0616992697272629
10.5,15.8775,17.842323082840092,0.0560465134140381,2.9711533398877065e-06,1.5,16.061241776601822,0.0622616864816025
12.0,15.8775,17.491741570048273,0.0571698361764237,1.964457135217325e-06,1.5,15.901646262291148,0.0628865705792601
13.5,15.8775,16.896997702099675,0.0591821113803984,1.3889314592212849e-06,1.5,15.739437013968928,0.0635346740237588
15.0,15.8775,16.119255480811184,0.0620376047262498,9.10706804910327e-07,1.5,15.513243296687428,0.0644610531063824
16.5,15.8775,15.231952187627282,0.0656514665803827,5.606442010501846e-07,2.0,15.239469908220956,0.0656190803238207
18.5,15.8775,14.290746949875729,0.0699753486299535,3.756101829514064e-07,2.0,15.003705472342624,0.0666502019679984
20.5,15.8775,13.395551052908504,0.0746516508391698,2.669439659469269e-07,2.0,14.802908556238046,0.0675542915232421
22.5,15.8775,12.610845635880867,0.0792968234544685,1.7553348835371906e-07,2.0,14.570515585428504,0.0686317511646648
24.5,15.8775,11.96713498568718,0.083562189379163,nan,2.0,nan,nan
26.5,15.8775,11.469450537921526,0.0871881348364242,nan,2.0,nan,nan
28.5,15.8775,11.107160594117197,0.0900320105688974,nan,nan,nan,nan
Name:	483.2930238571752_8_150_1
Lambda:	483.2930238571752	Maximal Depth:	30	Filter time:	8 to 150 [us]
Chi2:	1.6904932307985272	RelRMS:	13.702743408953772	AbsRMS:	2.798287997262801e-06	Phi model:	0.0218886640939665
depth_vector,start_model,resistivity_model,conductivity_model,E/I[V/A],modelled_thickness,rhoa,sigma
0.0,15.8775,14.948704114127914,0.0668954306918756,0.0001838234696992,1.0,15.4244265578492,0.064832231930925
1.0,15.8775,15.086567551983345,0.066284129677233,0.0001055869984775,1.0,15.682720756165304,0.0637644459496527
2.0,15.8775,15.355221040713776,0.0651244288407531,6.668754334598144e-05,1.0,15.901556452669688,0.0628869257532404
3.0,15.8775,15.7325614613116,0.0635624403857648,4.560262983341108e-05,1.0,15.993620023056383,0.0625249317264259
4.0,15.8775,16.184352635835793,0.061788075340485,2.869832696557009e-05,1.0,16.121067779022674,0.0620306305827481
5.0,15.8775,16.668021546999288,0.0599951228272816,1.691395592112864e-05,1.0,16.230404069369776,0.0616127605773668
6.0,15.8775,17.137116734335926,0.0583528732109526,1.0984317736765968e-05,1.5,16.245903678902227,0.0615539781451894
7.5,15.8775,17.495265801911145,0.0571583199319419,7.626943995904935e-06,1.5,16.240719275315566,0.0615736275621677
9.0,15.8775,17.664166426381183,0.0566117854566017,4.898659424950104e-06,1.5,16.191106618731872,0.06176230096855
10.5,15.8775,17.6000708892465,0.056817952966939,2.969479095623396e-06,1.5,16.067278282176417,0.0622382946531342
12.0,15.8775,17.297540887335618,0.0578116858640958,1.958674359113073e-06,1.5,15.932929485614345,0.0627630970753299
13.5,15.8775,16.784726983105266,0.0595779723439382,1.3815262088598712e-06,1.5,15.795631191290974,0.0633086445162987
15.0,15.8775,16.112957143362106,0.0620618543885322,9.02857546727924e-07,1.5,15.603026152428376,0.0640901316341359
16.5,15.8775,15.344254260987867,0.0651709742937757,5.534879940974526e-07,2.0,15.370545484070398,0.0650594997449096
18.5,15.8775,14.526594467716606,0.0688392590722047,3.694711825115727e-07,2.0,15.16944604582327,0.0659219853499751
20.5,15.8775,13.745955641210273,0.0727486706709577,2.617571173507984e-07,2.0,14.997819727114324,0.0666763581770566
22.5,15.8775,13.058664302445258,0.0765775102904474,1.714606000505795e-07,2.0,14.80035103081962,0.0675659650178325
24.5,15.8775,12.492224536176211,0.0800497939421519,nan,2.0,nan,nan
26.5,15.8775,12.052155420037916,0.0829727102869417,nan,2.0,nan,nan
28.5,15.8775,11.730117313264929,0.0852506392983091,nan,nan,nan,nan
Name:	615.8482110660261_8_150_1
Lambda:	615.8482110660261	Maximal Depth:	30	Filter time:	8 to 150 [us]
Chi2:	1.9029406555999075	RelRMS:	14.301264376883209	AbsRMS:	3.0001687415573715e-06	Phi model:	0.0155404277418145
depth_vector,start_model,resistivity_model,conductivity_model,E/I[V/A],modelled_thickness,rhoa,sigma
0.0,15.8775,15.15859180516232,0.0659691884875114,0.000183017498318,1.0,15.469677385053007,0.0646425891832891
1.0,15.8775,15.27468213805731,0.0654678107839947,0.000105350464605,1.0,15.706185977518103,0.0636691811386547
2.0,15.8775,15.500687058436624,0.0645132693944508,6.665128091264348e-05,1.0,15.907323552201994,0.0628641264960989
3.0,15.8775,15.817722055354164,0.063220228330002,4.563068332928086e-05,1.0,15.987064157468994,0.0625505715214641
4.0,15.8775,16.196723284914007,0.0617408831656352,2.8749848670765213e-05,1.0,16.10180198075963,0.0621048502021649
5.0,15.8775,16.60172754657753,0.0602346952866451,1.6958323022304383e-05,1.0,16.202083252692997,0.0617204580672542
6.0,15.8775,16.993667675169128,0.0588454487350711,1.1014023474783542e-05,1.5,16.216679496117045,0.0616649049664847
7.5,15.8775,17.292143523654296,0.0578297305150213,7.644879802286683e-06,1.5,16.215307546745613,0.0616701223283735
9.0,15.8775,17.43137739963844,0.0573678130576612,4.905182584688828e-06,1.5,16.17674893397435,0.061817118141693
10.5,15.8775,17.374468830970034,0.0575557163633973,2.967621703513269e-06,1.5,16.073981769948432,0.0622123388163583
12.0,15.8775,17.1164500234037,0.0584233295240939,1.953129006411702e-06,1.5,15.963073238450605,0.062644578839072
13.5,15.8775,16.680348366362256,0.0599507862807355,1.3745682027695523e-06,1.5,15.848890865838468,0.0630958979063609
15.0,15.8775,16.108592524618622,0.0620786700310228,8.955742309465166e-07,1.5,15.68750698691086,0.0637449915295251
16.5,15.8775,15.452737048567917,0.0647134547657804,5.46908877047682e-07,2.0,15.493567739696177,0.0645429133431864
18.5,15.8775,14.7534485545341,0.0677807630062651,3.63860432837513e-07,2.0,15.324990505446138,0.0652528952396168
20.5,15.8775,14.08344760598793,0.0710053410199662,2.570370519737037e-07,2.0,15.18086928985131,0.0658723806197658
22.5,15.8775,13.491028149700195,0.0741233350715543,1.677717235834232e-07,2.0,15.016511903496353,0.0665933611231757
24.5,15.8775,13.000449275026918,0.0769204185828362,nan,2.0,nan,nan
26.5,15.8775,12.61735037034484,0.0792559428602654,nan,2.0,nan,nan
28.5,15.8775,12.335373133470071,0.0810676733634152,nan,nan,nan,nan
Name:	784.7599703514607_8_150_1
Lambda:	784.7599703514607	Maximal Depth:	30	Filter time:	8 to 150 [us]
Chi2:	2.1071756150652496	RelRMS:	14.835976371880854	AbsRMS:	3.180351022301599e-06	Phi model:	0.0107479136843888
depth_vector,start_model,resistivity_model,conductivity_model,E/I[V/A],modelled_thickness,rhoa,sigma
0.0,15.8775,15.35199439214702,0.065138116550611,0.0001822992763045,1.0,15.510282336743652,0.0644733589169433
1.0,15.8775,15.448204665658944,0.0647324411892975,0.0001051419689781,1.0,15.726942609726782,0.0635851496896492
2.0,15.8775,15.635330839003512,0.0639577128425977,6.66213239442137e-05,1.0,15.912091790109589,0.0628452885510355
3.0,15.8775,15.897489825512638,0.0629030124237084,4.565750494246534e-05,1.0,15.980802450944166,0.0625750805111115
4.0,15.8775,16.210377693775104,0.0616888772668145,2.879680330048385e-05,1.0,16.084294024408084,0.062172452112756
5.0,15.8775,16.54405709431337,0.0604446656765786,1.6998157985270952e-05,1.0,16.17676044086889,0.0618170741697827
6.0,15.8775,16.866141879784273,0.0592903823012777,1.1040402206888872e-05,1.5,16.190838289498455,0.0617633245493292
7.5,15.8775,17.11041884821881,0.0584439229028049,7.660597943381847e-06,1.5,16.19311939792978,0.0617546240119643
9.0,15.8775,17.222461807197977,0.0580637083823904,4.910665091524205e-06,1.5,16.16470634965894,0.0618631714284806
10.5,15.8775,17.171661643675982,0.0582354824332496,2.9656777302855214e-06,1.5,16.081005229751426,0.0621851672649109
12.0,15.8775,16.953665474879376,0.0589842946636951,1.947972557845809e-06,1.5,15.991231230588635,0.062534271788101
13.5,15.8775,16.587122580352958,0.0602877319532488,1.3682188484723177e-06,1.5,15.897885246518648,0.0629014478651481
15.0,15.8775,16.10667550244863,0.0620860586561127,8.890049940486955e-07,1.5,15.764693238933509,0.0634328866945748
16.5,15.8775,15.554610165352893,0.0642896214928902,5.410251383689888e-07,2.0,15.60569520623929,0.0640791702506269
18.5,15.8775,14.96491333049462,0.0668229730380234,3.588696317633429e-07,2.0,15.466746326297784,0.0646548394150436
20.5,15.8775,14.398167277054778,0.0694532839324363,2.528549501036244e-07,2.0,15.347800847286242,0.0651559145150634
22.5,15.8775,13.89508525749428,0.0719678923496099,1.645171921130683e-07,2.0,15.21390557354974,0.0657293418291328
24.5,15.8775,13.476619699659672,0.0742025836067224,nan,2.0,nan,nan
26.5,15.8775,13.148206221993927,0.0760560020976268,nan,2.0,nan,nan
28.5,15.8775,12.905092294684204,0.0774887910264628,nan,nan,nan,nan
Name:	1000.0_8_150_1
Lambda:	1000.0	Maximal Depth:	30	Filter time:	8.0 to 150.0 [us]
Chi2:	2.295991722984809	RelRMS:	15.302297416482928	AbsRMS:	3.3360073737760163e-06	Phi model:	0.0072687316343704724
depth_vector,start_model,resistivity_model,conductivity_model,E/I[V/A],modelled_thickness,rhoa,sigma
0.0,15.8775,15.5244962676272,0.06441432834669632,0.0001816794228279769,1.0,15.54554093916489,0.06432712788273807
1.0,15.8775,15.603099059696929,0.0640898321656508,0.00010496436343886382,1.0,15.744678184722579,0.06351352426944634
2.0,15.8775,15.755841104467162,0.06346852531512746,6.659790080339717e-05,1.0,15.915822531548407,0.06283055732858267
3.0,15.8775,15.96955097771617,0.06261916827814351,4.568256859041054e-05,1.0,15.97495669323746,0.06259797877407214
4.0,15.8775,16.224176024880865,0.06163641213374613,2.8838486144115592e-05,1.0,16.068791575797388,0.062232433302961465
5.0,15.8775,16.495115480827153,0.06062400721973331,1.703295979215042e-05,1.0,16.154717985615648,0.061901421051757874
6.0,15.8775,16.75585777277522,0.05968062116311299,1.1063185665329015e-05,1.5,16.168601775764632,0.061848267022007776
7.5,15.8775,16.95245508213453,0.0589885060986746,7.6739860360405e-06,1.5,16.174280160375588,0.06182655364470815
9.0,15.8775,17.040462866545063,0.05868385194883788,4.915119650799648e-06,1.5,16.154938188193277,0.06190057729412069
10.5,15.8775,16.994862282258723,0.058841312356141894,2.963726198691798e-06,1.5,16.088063719543037,0.062157884095476706
12.0,15.8775,16.811977962913907,0.059481400832545266,1.9432969150910523e-06,1.5,16.016871276617454,0.062434165994695215
13.5,15.8775,16.506810447037285,0.06058105551090789,1.3625642249142456e-06,1.5,15.941838889681108,0.06272802070828125
15.0,15.8775,16.107375128568954,0.06208336193936052,8.832193777289838e-07,1.5,15.833463753733348,0.06315737450462863
16.5,15.8775,15.64798646409931,0.06390598575058005,5.358847097687142e-07,2.0,15.705333870682875,0.06367263556661464
18.5,15.8775,15.156723804353048,0.0659773189053427,3.5453103708058003e-07,2.0,15.592673839436594,0.06413268245698986
20.5,15.8775,14.683409669904238,0.06810407272431035,2.492324217185896e-07,2.0,15.49616042052235,0.0645321145924412
22.5,15.8775,14.261860970334464,0.0701170767321362,1.6170903123866248e-07,2.0,15.389531253012885,0.06497923709042308
24.5,15.8775,13.909831099120206,0.07189159903338077,nan,2.0,nan,nan
26.5,15.8775,13.632315002634666,0.0733551124520475,nan,2.0,nan,nan
28.5,15.8775,13.425798157190629,0.07448346744766285,nan,nan,nan,nan
