Name:	10.0_12_80_0.08
Lambda:	10	Maximal Depth:	20	Filter time:	12 to 80 [us]
Chi2:	0.1459611362877309	RelRMS:	3.5838598702482365	AbsRMS:	3.348379383437161e-07	Phi model:	0.0434073261764099
depth_vector,start_model,resistivity_model,conductivity_model,E/I[V/A],modelled_thickness,rhoa,sigma
0.0,17.8068,16.963645556253145,0.0589495929211619,6.311365052383173e-05,1.0,16.4963266482066,0.0606195561791154
1.0,17.8068,16.93612721544666,0.0590453760342533,4.331070090504871e-05,1.0,16.552994018003137,0.0604120317395387
2.0,17.8068,16.8801710284771,0.0592411059291392,2.6759431164769418e-05,1.0,16.89067239594499,0.0592042742028478
3.0,17.8068,16.813537141516992,0.0594758849124459,1.5311139038906087e-05,1.0,17.34420753547447,0.0576561366643404
4.0,17.8068,16.75410290809113,0.0596868722536654,9.799843410004382e-06,1.0,17.529916247184445,0.0570453381464737
5.0,17.8068,16.726124106333483,0.0597867141031999,6.668287550992478e-06,1.0,17.762172561054854,0.0562994192609404
6.0,17.8068,16.75628515295319,0.0596790989692459,4.112088994395287e-06,1.5,18.195040512256632,0.0549600315166308
7.5,17.8068,16.925410366075386,0.0590827624483693,2.349666279831454e-06,1.5,18.78127366676121,0.0532445252512231
9.0,17.8068,17.294170613808408,0.0578229521571596,1.484345546627998e-06,1.5,19.168161075496062,0.0521698454046469
10.5,17.8068,17.91809753408785,0.0558094964098489,1.0064914837785094e-06,1.5,19.509059537827007,0.0512582371313724
12.0,17.8068,18.84681630686157,0.0530593594015096,6.210529468044183e-07,1.5,20.02331164975302,0.0499417887256594
13.5,17.8068,20.12190205527484,0.049697091122549,nan,1.5,nan,nan
15.0,17.8068,21.77703620320927,0.0459199310075367,nan,1.5,nan,nan
16.5,17.8068,23.833823907463497,0.0419571783312057,nan,1.5,nan,nan
18.0,17.8068,26.297849117817403,0.0380259235468225,nan,1.5,nan,nan
19.5,17.8068,29.15340362666069,0.0343013122174696,nan,nan,nan,nan
Name:	12.742749857031335_12_80_0.08
Lambda:	12.742749857031336	Maximal Depth:	20	Filter time:	12 to 80 [us]
Chi2:	0.1520357342752975	RelRMS:	3.6547895414764726	AbsRMS:	3.818808742454122e-07	Phi model:	0.0380247501535967
depth_vector,start_model,resistivity_model,conductivity_model,E/I[V/A],modelled_thickness,rhoa,sigma
0.0,17.8068,16.70971087922303,0.0598454400095819,6.329114379379243e-05,1.0,16.465470754527633,0.0607331557602155
1.0,17.8068,16.700055547599447,0.0598800403477547,4.338765576148982e-05,1.0,16.5334153289266,0.0604835710048616
2.0,17.8068,16.684554903498533,0.0599356713909289,2.6771617234804136e-05,1.0,16.885546406647286,0.0592222469985533
3.0,17.8068,16.673622514895758,0.0599749693929215,1.530047925929413e-05,1.0,17.352262358038466,0.0576293730100702
4.0,17.8068,16.683039064368884,0.0599411172114179,9.79033080509414e-06,1.0,17.541269501615854,0.0570084166318682
5.0,17.8068,16.732516384625523,0.059763873945394,6.661513500202646e-06,1.0,17.774212014836763,0.0562612845601968
6.0,17.8068,16.8443104080448,0.0593672270206088,4.107949993846206e-06,1.5,18.207260174460163,0.0549231455154756
7.5,17.8068,17.09251376639449,0.0585051452154507,2.348056013003598e-06,1.5,18.789859324048606,0.0532201962108427
9.0,17.8068,17.527981561877816,0.0570516346374378,1.4843238472787748e-06,1.5,19.16834788810145,0.0521693369630848
10.5,17.8068,18.197157867281945,0.054953636567498,1.0072201933489123e-06,1.5,19.49964871698754,0.0512829751198968
12.0,17.8068,19.14000084100408,0.0522466016750467,6.220948886189902e-07,1.5,20.000947479581683,0.0499976314132551
13.5,17.8068,20.38838227406687,0.0490475402392251,nan,1.5,nan,nan
15.0,17.8068,21.96406344183899,0.0455289160244873,nan,1.5,nan,nan
16.5,17.8068,23.87584704486631,0.0418833308037553,nan,1.5,nan,nan
18.0,17.8068,26.11612938883176,0.0382905133111967,nan,1.5,nan,nan
19.5,17.8068,28.65763174857192,0.0348947187532281,nan,nan,nan,nan
Name:	16.237767391887218_12_80_0.08
Lambda:	16.237767391887218	Maximal Depth:	20	Filter time:	12 to 80 [us]
Chi2:	0.1589532598689955	RelRMS:	3.734626955832438	AbsRMS:	4.292177743305849e-07	Phi model:	0.0335561193998918
depth_vector,start_model,resistivity_model,conductivity_model,E/I[V/A],modelled_thickness,rhoa,sigma
0.0,17.8068,16.4749832255599,0.0606980891154148,6.34591130458362e-05,1.0,16.436403068870057,0.0608405620019116
1.0,17.8068,16.48372784683246,0.0606658887656994,4.3461185571960646e-05,1.0,16.514762026609514,0.0605518867537263
2.0,17.8068,16.50441929335119,0.0605898324700736,2.678429024158917e-05,1.0,16.88021971400341,0.0592409350673572
3.0,17.8068,16.545383319963126,0.0604398206231603,1.5291629661039027e-05,1.0,17.358956466577,0.0576071494807538
4.0,17.8068,16.61920111333062,0.0601713640253067,9.782455247953398e-06,1.0,17.550682867146186,0.0569778399831917
5.0,17.8068,16.741702130209518,0.0597310830298164,6.656080121511247e-06,1.0,17.783883461982224,0.0562306878662225
6.0,17.8068,16.93097011196417,0.0590633610116266,4.104807700465111e-06,1.5,18.21655094766661,0.0548951337096055
7.5,17.8068,17.254430584832562,0.0579561287220365,2.347094304460036e-06,1.5,18.79499166559852,0.053205663391187
9.0,17.8068,17.75308924639451,0.056328224689294,1.4847186371415264e-06,1.5,19.164949801016142,0.0521785869716694
10.5,17.8068,18.46398594735445,0.05415948662717,1.008225531611669e-06,1.5,19.486684023586893,0.0513170942162139
12.0,17.8068,19.41776477282144,0.0514992333926958,6.23302671430948e-07,1.5,19.975101706817835,0.0500623233201703
13.5,17.8068,20.63661663667307,0.0484575556936456,nan,1.5,nan,nan
15.0,17.8068,22.132094392807705,0.0451832520796121,nan,1.5,nan,nan
16.5,17.8068,23.90267217813607,0.0418363266059728,nan,1.5,nan,nan
18.0,17.8068,25.931368464605896,0.038563333106192,nan,1.5,nan,nan
19.5,17.8068,28.184101233670788,0.0354809965983703,nan,nan,nan,nan
Name:	20.6913808111479_12_80_0.08
Lambda:	20.6913808111479	Maximal Depth:	20	Filter time:	12 to 80 [us]
Chi2:	0.1663726796714209	RelRMS:	3.819638326346465	AbsRMS:	4.719649158321272e-07	Phi model:	0.029946603985684
depth_vector,start_model,resistivity_model,conductivity_model,E/I[V/A],modelled_thickness,rhoa,sigma
0.0,17.8068,16.26679279599805,0.0614749331685112,6.360627651128685e-05,1.0,16.411041088286858,0.0609345863324743
1.0,17.8068,16.291997821339574,0.061379826523803,4.352487801663841e-05,1.0,16.498646763734644,0.0606110315785462
2.0,17.8068,16.345150725187192,0.0611802250595977,2.6794566240978505e-05,1.0,16.87590360963196,0.059256086259538
3.0,17.8068,16.43285053076217,0.0608537148273823,1.5283525290420342e-05,1.0,17.365092528499297,0.0575867936412556
4.0,17.8068,16.564964066250422,0.0603683772569967,9.775677355452024e-06,1.0,17.558794352787277,0.0569515184191026
5.0,17.8068,16.753941014769133,0.0596874490078763,6.651678199976048e-06,1.0,17.791728562666556,0.0562058934564885
6.0,17.8068,17.014118201609772,0.0587747180400678,4.102517129272423e-06,1.5,18.2233309193468,0.0548747100311036
7.5,17.8068,17.406533993557876,0.0574496910395888,2.346715053037606e-06,1.5,18.79701657706941,0.0531999318030025
9.0,17.8068,17.962711991691474,0.0556708809038714,1.4854825306480657e-06,1.5,19.158378990776285,0.0521964828277718
10.5,17.8068,18.710482476325325,0.0534459761401297,1.0094684935022147e-06,1.5,19.470684726860696,0.0513592620921263
12.0,17.8068,19.67148272383961,0.0508350089334198,6.246472850016411e-07,1.5,19.94642585648272,0.0501342950960306
13.5,17.8068,20.85897341112148,0.0479409978760903,nan,1.5,nan,nan
15.0,17.8068,22.27577411331385,0.0448918181210284,nan,1.5,nan,nan
16.5,17.8068,23.912375278866705,0.041819350371428,nan,1.5,nan,nan
18.0,17.8068,25.745563978013585,0.0388416428109319,nan,1.5,nan,nan
19.5,17.8068,27.73806977540543,0.0360515352400862,nan,nan,nan,nan
Name:	26.366508987303583_12_80_0.08
Lambda:	26.366508987303583	Maximal Depth:	20	Filter time:	12 to 80 [us]
Chi2:	0.1739369059847219	RelRMS:	3.906286209444571	AbsRMS:	5.055485331684251e-07	Phi model:	0.0270740278173557
depth_vector,start_model,resistivity_model,conductivity_model,E/I[V/A],modelled_thickness,rhoa,sigma
0.0,17.8068,16.089497393328664,0.0621523454433473,6.372163738961968e-05,1.0,16.391228207478747,0.0610082409531541
1.0,17.8068,16.128972957339045,0.0620002279528268,4.357220518564803e-05,1.0,16.48669762225896,0.0606549609213359
2.0,17.8068,16.210334317282314,0.061689042337262,2.679924844205704e-05,1.0,16.873937915822587,0.0592629891723322
3.0,17.8068,16.33879065493183,0.0612040401960932,1.5274807875201865e-05,1.0,17.371698801520445,0.0575648939936994
4.0,17.8068,16.521965031638366,0.060525488226435,9.769258973636868e-06,1.0,17.5664842372689,0.0569265873861321
5.0,17.8068,16.76943924663383,0.0596322861660822,6.647866620810856e-06,1.0,17.798528549001027,0.0561844198101492
6.0,17.8068,17.092272180070616,0.0585059721413743,4.100856867897017e-06,1.5,18.228249151848424,0.0548599040790813
7.5,17.8068,17.54555438995633,0.0569944943188819,2.3468173159781684e-06,1.5,18.796470517764188,0.053201477322826
9.0,17.8068,18.151975164098207,0.0550904235467358,1.486555138771812e-06,1.5,19.149162198473785,0.0522216058141541
10.5,17.8068,18.93065531970991,0.0528243731192356,1.0109076931120976e-06,1.5,19.4522004443167,0.0514080657796309
12.0,17.8068,19.894805291853043,0.0502643773251453,6.261033756586354e-07,1.5,19.915488395055327,0.05021217557729
13.5,17.8068,21.04967774829631,0.0475066655156246,nan,1.5,nan,nan
15.0,17.8068,22.39082312306092,0.0446611540140332,nan,1.5,nan,nan
16.5,17.8068,23.90280964021206,0.0418360860104782,nan,1.5,nan,nan
18.0,17.8068,25.55870821893929,0.0391256080484924,nan,1.5,nan,nan
19.5,17.8068,27.320674960690617,0.0366023167963022,nan,nan,nan,nan
Name:	33.59818286283781_12_80_0.08
Lambda:	33.59818286283781	Maximal Depth:	20	Filter time:	12 to 80 [us]
Chi2:	0.1813425477823622	RelRMS:	3.991921229116651	AbsRMS:	5.259312113101793e-07	Phi model:	0.0247830009713138
depth_vector,start_model,resistivity_model,conductivity_model,E/I[V/A],modelled_thickness,rhoa,sigma
0.0,17.8068,15.94553008495832,0.0627134999383505,6.379513294175454e-05,1.0,16.37863671613819,0.0610551425818414
1.0,17.8068,15.997000874266664,0.0625117175312927,4.359698579955985e-05,1.0,16.480449649006818,0.0606779560811475
2.0,17.8068,16.102119104840668,0.0621036270747355,2.6795127401981306e-05,1.0,16.87566799136933,0.0592569135936679
3.0,17.8068,16.26499304422637,0.061481735484355,1.5264006906088987e-05,1.0,17.379892764482243,0.0575377543205336
4.0,17.8068,16.491423413464766,0.0606375796029546,9.76238246017898e-06,1.0,17.574732359688486,0.0568998707652424
5.0,17.8068,16.788603558146153,0.0595642154832336,6.644155053431155e-06,1.0,17.805156358306277,0.0561635056652277
6.0,17.8068,17.16477636045938,0.0582588423525045,4.099580906037704e-06,1.5,18.23203122045061,0.0548485238922975
7.5,17.8068,17.669621395307047,0.0565943082552744,2.347295113197803e-06,1.5,18.793919721882904,0.0532086980682182
9.0,17.8068,18.3178355732231,0.0545916025942384,1.4878817373167195e-06,1.5,19.137778217027645,0.0522526694927554
10.5,17.8068,19.12057422005858,0.0522996845435187,1.0125118383780357e-06,1.5,19.43164930970073,0.0514624355381288
12.0,17.8068,20.0834164848704,0.0497923249638993,6.276567693281269e-07,1.5,19.88261547252309,0.0502951938783887
13.5,17.8068,21.20464043167388,0.0471594886610892,nan,1.5,nan,nan
15.0,17.8068,22.473916681671835,0.0444960268458915,nan,1.5,nan,nan
16.5,17.8068,23.871626136406977,0.0418907364871505,nan,1.5,nan,nan
18.0,17.8068,25.36903135752374,0.0394181388286797,nan,1.5,nan,nan
19.5,17.8068,26.92945572031892,0.0371340590907478,nan,nan,nan,nan
Name:	42.81332398719393_12_80_0.08
Lambda:	42.81332398719393	Maximal Depth:	20	Filter time:	12 to 80 [us]
Chi2:	0.1884148031207829	RelRMS:	4.075341041207016	AbsRMS:	5.296782046718334e-07	Phi model:	0.0229116494546482
depth_vector,start_model,resistivity_model,conductivity_model,E/I[V/A],modelled_thickness,rhoa,sigma
0.0,17.8068,15.835873003450049,0.0631477658214445,6.381785067762875e-05,1.0,16.37474953182496,0.0610696363969696
1.0,17.8068,15.89710050610172,0.0629045529161858,4.359356415400071e-05,1.0,16.481312001371567,0.0606747812259594
2.0,17.8068,16.021564128049135,0.0624158785002326,2.6779115904938908e-05,1.0,16.882394073238544,0.0592333051616873
3.0,17.8068,16.212507662704187,0.0616807726975164,1.5249629226678692e-05,1.0,17.39081514050905,0.0575016174871909
4.0,17.8068,16.47426375076108,0.0607007399619786,9.754210188730289e-06,1.0,17.58454729654042,0.0568681117083258
5.0,17.8068,16.812056636838356,0.0594811224825886,6.640044822573154e-06,1.0,17.8125032720667,0.0561403405644946
6.0,17.8068,17.231760879356294,0.0580323744625543,4.09844389264946e-06,1.5,18.23540308641489,0.0548383819793369
7.5,17.8068,17.77817285202344,0.0562487499881735,2.3480513625611856e-06,1.5,18.789884133593883,0.0532201259406453
9.0,17.8068,18.45897611177025,0.0541741857156614,1.489421385387682e-06,1.5,19.12458717856962,0.0522887103738671
10.5,17.8068,19.27826441528105,0.0518718894221277,1.0142647184481606e-06,1.5,19.4092546503393,0.0515218135891951
12.0,17.8068,20.234928230610063,0.0494194982360879,6.293071336409338e-07,1.5,19.84783868778778,0.0503833196012063
13.5,17.8068,21.321353367166164,0.0469013379582156,nan,1.5,nan,nan
15.0,17.8068,22.52260657934555,0.0443998342943597,nan,1.5,nan,nan
16.5,17.8068,23.816293639720467,0.0419880614140654,nan,1.5,nan,nan
18.0,17.8068,25.173238124708675,0.0397247265149593,nan,1.5,nan,nan
19.5,17.8068,26.55902482379724,0.0376519848388404,nan,nan,nan,nan
Name:	54.5559478116852_12_80_0.08
Lambda:	54.5559478116852	Maximal Depth:	20	Filter time:	12 to 80 [us]
Chi2:	0.1952179935736164	RelRMS:	4.15760606282978	AbsRMS:	5.14184804162277e-07	Phi model:	0.0213104572360779
depth_vector,start_model,resistivity_model,conductivity_model,E/I[V/A],modelled_thickness,rhoa,sigma
0.0,17.8068,15.76049977285852,0.063449764564073,6.378255497633669e-05,1.0,16.380789897949867,0.0610471171555136
1.0,17.8068,15.829353683782044,0.0631737732302077,4.355722714077975e-05,1.0,16.49047693149741,0.0606410599374457
2.0,17.8068,15.968945118728737,0.062621544038446,2.674854989447057e-05,1.0,16.895252819028283,0.0591882235034535
3.0,17.8068,16.18183239940679,0.0617976985126022,1.5230351901732348e-05,1.0,17.40548662084553,0.0574531480666767
4.0,17.8068,16.47116623640705,0.0607121551471959,9.744010238748583e-06,1.0,17.596816729807486,0.0568284602467948
5.0,17.8068,16.840556385839328,0.0593804608997875,6.635114088017704e-06,1.0,17.821326818011443,0.0561125448296774
6.0,17.8068,17.293890021559008,0.0578238903308263,4.097253071828651e-06,1.5,18.23893619271013,0.0548277591101879
7.5,17.8068,17.87161365481214,0.0559546563234226,2.349026235473477e-06,1.5,18.7846850952188,0.0532348556779653
9.0,17.8068,18.57539927796905,0.0538346436076896,1.4911633913133146e-06,1.5,19.109689801876744,0.0523294731818091
10.5,17.8068,19.40327359492445,0.0515376951784869,1.0161753287914163e-06,1.5,19.384918198361063,0.0515864957369047
12.0,17.8068,20.348454533287065,0.0491437813306238,6.310734101534705e-07,1.5,19.810787377869627,0.0504775494747415
13.5,17.8068,21.39851830409701,0.0467322076131101,nan,1.5,nan,nan
15.0,17.8068,22.535071231898776,0.0443752757517128,nan,1.5,nan,nan
16.5,17.8068,23.73406816235974,0.0421335269267456,nan,1.5,nan,nan
18.0,17.8068,24.966842725714063,0.0400531220942114,nan,1.5,nan,nan
19.5,17.8068,26.201797298540225,0.0381653208215496,nan,nan,nan,nan
Name:	69.51927961775606_12_80_0.08
Lambda:	69.51927961775606	Maximal Depth:	20	Filter time:	12 to 80 [us]
Chi2:	0.2021174296407779	RelRMS:	4.24224185699629	AbsRMS:	4.776483763971421e-07	Phi model:	0.0198528585930587
depth_vector,start_model,resistivity_model,conductivity_model,E/I[V/A],modelled_thickness,rhoa,sigma
0.0,17.8068,15.718887414954148,0.0636177341055735,6.368322627224742e-05,1.0,16.397818557374922,0.0609837214932622
1.0,17.8068,15.793383970377665,0.0633176526243911,4.348395008273326e-05,1.0,16.508997703794375,0.0605730292015343
2.0,17.8068,15.944156178409632,0.062718903955176,2.670107914006033e-05,1.0,16.915271808551903,0.0591181750620422
3.0,17.8068,16.173209229074992,0.0618306475750202,1.520498154725351e-05,1.0,17.42484258669573,0.0573893276237412
4.0,17.8068,16.482734112758763,0.0606695462754526,9.73113173397118e-06,1.0,17.612338784018878,0.0567783763566586
5.0,17.8068,16.8750139311849,0.0592592103377175,6.628999853339966e-06,1.0,17.832283426179075,0.056078067855961
6.0,17.8068,17.352279634690827,0.0576293156318661,4.095855812692885e-06,1.5,18.243083974051924,0.0548152933693859
7.5,17.8068,17.951091893018972,0.0557069177718872,2.3501880121997538e-06,1.5,18.778493985327565,0.0532524067575036
9.0,17.8068,18.66810493093262,0.053567301217759,1.4931196121596358e-06,1.5,19.09299502811041,0.0523752296864745
10.5,17.8068,19.496293345631937,0.0512918010758206,1.0182713002134774e-06,1.5,19.358308272338427,0.0516574065218769
12.0,17.8068,20.42423544215438,0.0489614410699585,6.329886944125814e-07,1.5,19.770805147528897,0.0505796295364828
13.5,17.8068,21.43574148850076,0.0466510570924944,nan,1.5,nan,nan
15.0,17.8068,22.50996937048738,0.0444247605823529,nan,1.5,nan,nan
16.5,17.8068,23.62211086202628,0.0423332193232379,nan,1.5,nan,nan
18.0,17.8068,24.744640020902736,0.0404127923928277,nan,1.5,nan,nan
19.5,17.8068,25.849006778414825,0.0386862059564721,nan,nan,nan,nan
Name:	88.58667904100822_12_80_0.08
Lambda:	88.58667904100822	Maximal Depth:	20	Filter time:	12 to 80 [us]
Chi2:	0.2098606035412322	RelRMS:	4.335608991991999	AbsRMS:	4.19543489636283e-07	Phi model:	0.0184397215484667
depth_vector,start_model,resistivity_model,conductivity_model,E/I[V/A],modelled_thickness,rhoa,sigma
0.0,17.8068,15.710303924812672,0.0636524923251555,6.351526136807679e-05,1.0,16.426714977514436,0.0608764443389223
1.0,17.8068,15.788613983297129,0.0633367818769846,4.3370579712239455e-05,1.0,16.537754781971405,0.0604677003126293
2.0,17.8068,15.94691331685208,0.0627080601826084,2.66348133932405e-05,1.0,16.943316278678367,0.0590203230319444
3.0,17.8068,16.18674766663717,0.061778933025633,1.5172550139821247e-05,1.0,17.44966421230549,0.0573076930210955
4.0,17.8068,16.509516881526306,0.0605711243506448,9.715063488373908e-06,1.0,17.631753406238236,0.0567158567250715
5.0,17.8068,16.91640660204522,0.0591142092717905,6.62143436170008e-06,1.0,17.84586399961494,0.0560353928518998
6.0,17.8068,17.408269101454945,0.0574439649440174,4.094158813015033e-06,1.5,18.24812471147884,0.0548001515668598
7.5,17.8068,18.018166732297868,0.0554995419266202,2.3515408541511963e-06,1.5,18.771291113536897,0.0532728406347526
9.0,17.8068,18.73867799147641,0.0533655576159036,1.4953269533772248e-06,1.5,19.07420086391477,0.0524268359725536
10.5,17.8068,19.558714917495408,0.0511281034678558,1.0205990004416076e-06,1.5,19.328863156100432,0.0517361001484656
12.0,17.8068,20.46322199502517,0.0488681596790139,6.350990417143653e-07,1.5,19.72698373435205,0.0506919868473671
13.5,17.8068,21.43322457966578,0.0466565353376049,nan,1.5,nan,nan
15.0,17.8068,22.44632194506281,0.0445507287317491,nan,1.5,nan,nan
16.5,17.8068,23.477646923456792,0.0425937063991233,nan,1.5,nan,nan
18.0,17.8068,24.50122409336829,0.0408142873265939,nan,1.5,nan,nan
19.5,17.8068,25.491572117787708,0.0392286515472387,nan,nan,nan,nan
Name:	112.88378916846884_12_80_0.08
Lambda:	112.88378916846884	Maximal Depth:	20	Filter time:	12 to 80 [us]
Chi2:	0.2196232716716624	RelRMS:	4.446826466855287	AbsRMS:	3.4196050089151026e-07	Phi model:	0.0170003970184442
depth_vector,start_model,resistivity_model,conductivity_model,E/I[V/A],modelled_thickness,rhoa,sigma
0.0,17.8068,15.733965480951628,0.0635567683945063,6.327562419198774e-05,1.0,16.46816296666142,0.0607232271155213
1.0,17.8068,15.814406858425691,0.0632334812776879,4.321495663351021e-05,1.0,16.577434163053322,0.0603229661577382
2.0,17.8068,15.97686275582369,0.0625905107456401,2.654840854426184e-05,1.0,16.980059013761068,0.0588926103960872
3.0,17.8068,16.222483948209153,0.0616428410835563,1.5132362522308774e-05,1.0,17.480545065692638,0.057206454160437
4.0,17.8068,16.552005671673637,0.060415639037108,9.69545669632607e-06,1.0,17.655516131465127,0.056639522320043
5.0,17.8068,16.965697377473642,0.0589424635929059,6.612254288886813e-06,1.0,17.862377626113908,0.0559835885754676
6.0,17.8068,17.463263372987882,0.0572630658223248,4.092128253113834e-06,1.5,18.2541608283464,0.0547820307601939
7.5,17.8068,18.074574706063423,0.0553263363737423,2.3531203018113765e-06,1.5,18.76289046936013,0.053296692299782
9.0,17.8068,18.789004605112925,0.0532226172177251,1.497841611217322e-06,1.5,19.052846349758426,0.0524855962013612
10.5,17.8068,19.59233728668291,0.0510403626360449,1.0232177952632374e-06,1.5,19.29586923996223,0.051824563462991
12.0,17.8068,20.466834050939923,0.0488595352613452,6.374584607606992e-07,1.5,19.67827678989196,0.0508174577823636
13.5,17.8068,21.3916403986608,0.0467472330949712,nan,1.5,nan,nan
15.0,17.8068,22.34357754230956,0.044755590196172,nan,1.5,nan,nan
16.5,17.8068,23.298284866753374,0.0429216144329576,nan,1.5,nan,nan
18.0,17.8068,24.23160214850009,0.0412684226932926,nan,1.5,nan,nan
19.5,17.8068,25.121021693518724,0.0398072981346137,nan,nan,nan,nan
Name:	143.8449888287663_12_80_0.08
Lambda:	143.8449888287663	Maximal Depth:	20	Filter time:	12 to 80 [us]
Chi2:	0.2330157143114941	RelRMS:	4.587185927663423	AbsRMS:	2.5475124896609857e-07	Phi model:	0.0154924076862482
depth_vector,start_model,resistivity_model,conductivity_model,E/I[V/A],modelled_thickness,rhoa,sigma
0.0,17.8068,15.789015467577434,0.0633351713445014,6.296330242473222e-05,1.0,16.52257691613952,0.0605232467717056
1.0,17.8068,15.87003932103493,0.0630118161506097,4.301621613446016e-05,1.0,16.62845485727237,0.0601378786293336
2.0,17.8068,16.033541491477077,0.0623692526402584,2.644123606209025e-05,1.0,17.025910827316505,0.0587340090138139
3.0,17.8068,16.280322029721088,0.0614238464186652,1.5084074926684093e-05,1.0,17.517831355099766,0.0570846915767847
4.0,17.8068,16.610547721142805,0.0602027107587274,9.672161467937862e-06,1.0,17.683853427893002,0.0565487609404568
5.0,17.8068,17.023717144123122,0.0587415775023739,6.601416087295424e-06,1.0,17.88192324191873,0.0559223964039731
6.0,17.8068,17.51858027347186,0.0570822512092652,4.089791015756596e-06,1.5,18.26111476867264,0.0547611694394212
7.5,17.8068,18.1220497193812,0.0551813958953284,2.3549877043461923e-06,1.5,18.75297038885053,0.0533248855655712
9.0,17.8068,18.82108601714652,0.0531318968038812,1.500732024602291e-06,1.5,19.02837460572869,0.052553096137751
10.5,17.8068,19.59921018764253,0.0510224641924861,1.0261931401871006e-06,1.5,19.25855355769987,0.0519249795683738
12.0,17.8068,20.43687966632452,0.0489311488019269,6.401229363217941e-07,1.5,19.62363235991829,0.0509589652750793
13.5,17.8068,21.31218239476065,0.0469215203528775,nan,1.5,nan,nan
15.0,17.8068,22.201844001125856,0.0450413037741049,nan,1.5,nan,nan
16.5,17.8068,23.08247016190265,0.0433229196436042,nan,1.5,nan,nan
18.0,17.8068,23.93188637700582,0.0417852560490516,nan,1.5,nan,nan
19.5,17.8068,24.730406739131222,0.0404360514789952,nan,nan,nan,nan
Name:	183.29807108324357_12_80_0.08
Lambda:	183.2980710832436	Maximal Depth:	20	Filter time:	12 to 80 [us]
Chi2:	0.2520153145955852	RelRMS:	4.768777461221145	AbsRMS:	1.961501693857233e-07	Phi model:	0.0139009008364307
depth_vector,start_model,resistivity_model,conductivity_model,E/I[V/A],modelled_thickness,rhoa,sigma
0.0,17.8068,15.874382531646482,0.0629945761988816,6.258007277440169e-05,1.0,16.589962544393053,0.0602774115567833
1.0,17.8068,15.954509194729198,0.0626782051265083,4.277527325103792e-05,1.0,16.69083912210399,0.0599131051880837
2.0,17.8068,16.116146889781806,0.0620495709575614,2.631364241539905e-05,1.0,17.08090501743347,0.0585449072504858
3.0,17.8068,16.35983026496815,0.0611253285519308,1.5027809690847697e-05,1.0,17.561529489843007,0.0569426484508861
4.0,17.8068,16.685209505791462,0.05993331996538,9.645280510458669e-06,1.0,17.716694248091173,0.0564439384682467
5.0,17.8068,17.091059571945863,0.0585101231313622,6.589019522522384e-06,1.0,17.904344885221914,0.0558523646863723
6.0,17.8068,17.5753104717223,0.0568979991340093,4.087237965212637e-06,1.5,18.26871838707812,0.0547383773077
7.5,17.8068,18.1621347261176,0.0550596069834222,2.357223829451777e-06,1.5,18.74110880260301,0.0533586358487554
9.0,17.8068,18.83688153735495,0.0530873434658982,1.5040704311753434e-06,1.5,19.0002074967216,0.0526310041704831
10.5,17.8068,19.58160933674116,0.0510683255294901,1.0295882431663963e-06,1.5,19.21619308947647,0.0520394437828395
12.0,17.8068,20.37568843580478,0.04907809633773,6.43143157566035e-07,1.5,19.56214869705516,0.0511191288588117
13.5,17.8068,21.196806677312388,0.0471769175057076,nan,1.5,nan,nan
15.0,17.8068,22.02221162914201,0.0454086999453179,nan,1.5,nan,nan
16.5,17.8068,22.82995514650847,0.0438021009495034,nan,1.5,nan,nan
18.0,17.8068,23.600008234533465,0.042372866571153,nan,1.5,nan,nan
19.5,17.8068,24.31525817438984,0.0411264397370559,nan,nan,nan,nan
Name:	233.57214690901213_12_80_0.08
Lambda:	233.57214690901213	Maximal Depth:	20	Filter time:	12 to 80 [us]
Chi2:	0.278799171891905	RelRMS:	5.002309206869616	AbsRMS:	2.434181976008048e-07	Phi model:	0.0122361945856501
depth_vector,start_model,resistivity_model,conductivity_model,E/I[V/A],modelled_thickness,rhoa,sigma
0.0,17.8068,15.988336418257962,0.0625455941030891,6.213082983682167e-05,1.0,16.669836693355254,0.0599885900741072
1.0,17.8068,16.066365761817345,0.0622418295976155,4.249499285080774e-05,1.0,16.764149525188618,0.0596511024014353
2.0,17.8068,16.22359691750432,0.0616386122685936,2.616700286741788e-05,1.0,17.144659678039822,0.0583272003515401
3.0,17.8068,16.46021974718997,0.0607525303646518,1.4964148777258052e-05,1.0,17.61130141831351,0.0567817207966316
4.0,17.8068,16.775484788130424,0.0596107959102055,9.615146871348247e-06,1.0,17.753690736401776,0.056326316305016
5.0,17.8068,17.167699744419693,0.0582489218059074,6.575281453190068e-06,1.0,17.929275180018234,0.0557747031020237
6.0,17.8068,17.634192707470866,0.0567080113384687,4.0845985063021054e-06,1.5,18.276587677816767,0.0547148087831379
7.5,17.8068,18.196437809299383,0.0549558111582116,2.359907958503398e-06,1.5,18.72689550952136,0.0533991338549183
9.0,17.8068,18.838649688043137,0.0530823608145704,1.507916598022113e-06,1.5,18.96788516555757,0.0527206903285047
10.5,17.8068,19.54210975715697,0.0511715476182793,1.0334513142944963e-06,1.5,19.168276079399583,0.0521695324012321
12.0,17.8068,20.285978892588336,0.0492951316421491,6.465552584683268e-07,1.5,19.4932637654154,0.0512997726822012
13.5,17.8068,21.048343648274773,0.047509676614481,nan,1.5,nan,nan
15.0,17.8068,21.807420190678307,0.0458559513805972,nan,1.5,nan,nan
16.5,17.8068,22.5427895866272,0.0443600822408074,nan,1.5,nan,nan
18.0,17.8068,23.23651723371183,0.043035709264949,nan,1.5,nan,nan
19.5,17.8068,23.874023361373105,0.0418865301781494,nan,nan,nan,nan
Name:	297.63514416313194_12_80_0.08
Lambda:	297.63514416313194	Maximal Depth:	20	Filter time:	12 to 80 [us]
Chi2:	0.3154366578720995	RelRMS:	5.294403563238196	AbsRMS:	3.85937414570917e-07	Phi model:	0.0105328149375041
depth_vector,start_model,resistivity_model,conductivity_model,E/I[V/A],modelled_thickness,rhoa,sigma
0.0,17.8068,16.128486241904515,0.062002098957175,6.162496664949064e-05,1.0,16.760937883437,0.0596625324283428
1.0,17.8068,16.203189185956788,0.0617162453961035,4.218108499918341e-05,1.0,16.847218237270198,0.0593569802394886
2.0,17.8068,16.353608787466754,0.0611485827376762,2.600422205639602e-05,1.0,17.216133149167604,0.058085052626835
3.0,17.8068,16.579671109711374,0.0603148273197204,1.4894375515323948e-05,1.0,17.666259101094752,0.0566050794499007
4.0,17.8068,16.8802674864779,0.0592407674108872,9.582451828045782e-06,1.0,17.794051186474718,0.056198557007642
5.0,17.8068,17.253268424551642,0.057960032580087,6.5606046617364e-06,1.0,17.956005055283594,0.0556916751204493
6.0,17.8068,17.69551193187294,0.056511504377492,4.082066742171825e-06,1.5,18.28414385466512,0.0546921971271219
7.5,17.8068,18.22593277712633,0.0548668763474759,2.3631204242340185e-06,1.5,18.70991989033621,0.0534475831997819
9.0,17.8068,18.82827558606933,0.0531116084119716,1.512312560663555e-06,1.5,18.931110332707533,0.0528231034749338
10.5,17.8068,19.483686732065028,0.0513249886303223,1.0378078164534144e-06,1.5,19.114595511577143,0.0523160429627888
12.0,17.8068,20.17165582882272,0.0495745123001319,6.503725579811602e-07,1.5,19.41691305648933,0.051501492389172
13.5,17.8068,20.871134923790493,0.0479130628809324,nan,1.5,nan,nan
15.0,17.8068,21.561740307883568,0.0463784456041506,nan,1.5,nan,nan
16.5,17.8068,22.22490576440098,0.0449945664832362,nan,1.5,nan,nan
18.0,17.8068,22.8448520576271,0.043773538015368,nan,1.5,nan,nan
19.5,17.8068,23.409265769365607,0.0427181275078112,nan,nan,nan,nan
Name:	379.26901907322497_12_80_0.08
Lambda:	379.26901907322497	Maximal Depth:	20	Filter time:	12 to 80 [us]
Chi2:	0.3635041051854379	RelRMS:	5.645415281802686	AbsRMS:	5.704911371531578e-07	Phi model:	0.0088417360810164
depth_vector,start_model,resistivity_model,conductivity_model,E/I[V/A],modelled_thickness,rhoa,sigma
0.0,17.8068,16.291192775437462,0.0613828596705158,6.107559610974313e-05,1.0,16.86129674809915,0.0593074195264806
1.0,17.8068,16.36154662564413,0.0611189163763197,4.184154520796999e-05,1.0,16.938237694894173,0.0590380190674404
2.0,17.8068,16.503104643829197,0.0605946591009418,2.582936670791304e-05,1.0,17.29374368963063,0.0578243796107376
3.0,17.8068,16.715561673600828,0.0598244928604054,1.482025166875105e-05,1.0,17.72511558804106,0.0564171215151166
4.0,17.8068,16.997518830464195,0.0588321160267066,9.548098134396152e-06,1.0,17.836707178792544,0.0560641597115513
5.0,17.8068,17.346515258698506,0.0576484662819262,6.545476143700408e-06,1.0,17.983662142892875,0.055606026851166
6.0,17.8068,17.759042329048935,0.0563093426701435,4.079837488750986e-06,1.5,18.29080364267904,0.0546722833799734
7.5,17.8068,18.25161078551704,0.0547896846887353,2.366905546336616e-06,1.5,18.689967475983966,0.0535046409944249
9.0,17.8068,18.808009431267266,0.0531688376515568,1.5172592332237034e-06,1.5,18.889940939446845,0.0529382279809967
10.5,17.8068,19.40979464401357,0.0515203802173364,1.0426446966024445e-06,1.5,19.0554340097006,0.0524784688446837
12.0,17.8068,20.03730540613034,0.0499069101224585,6.545758969925217e-07,1.5,19.33370043215097,0.0517231558184821
13.5,17.8068,20.670796985613663,0.0483774283447306,nan,1.5,nan,nan
15.0,17.8068,21.291589244295068,0.0469669026828489,nan,1.5,nan,nan
16.5,17.8068,21.88310390902014,0.0456973564699751,nan,1.5,nan,nan
18.0,17.8068,22.43167455789386,0.0445798193718931,nan,1.5,nan,nan
19.5,17.8068,22.9270499154266,0.0436166015116992,nan,nan,nan,nan
Name:	483.2930238571752_12_80_0.08
Lambda:	483.2930238571752	Maximal Depth:	20	Filter time:	12 to 80 [us]
Chi2:	0.4236648461545042	RelRMS:	6.048497226845798	AbsRMS:	7.737886730533183e-07	Phi model:	0.0072228158818681
depth_vector,start_model,resistivity_model,conductivity_model,E/I[V/A],modelled_thickness,rhoa,sigma
0.0,17.8068,16.471623324346595,0.0607104703834446,6.0499309468959686e-05,1.0,16.9682024150782,0.0589337618409941
1.0,17.8068,16.536790172118863,0.0604712274626309,4.148650969183285e-05,1.0,17.034737032603925,0.0587035771721062
2.0,17.8068,16.667813392355146,0.0599958720715375,2.564759212705727e-05,1.0,17.37535918438489,0.0575527670759573
3.0,17.8068,16.864195904049442,0.0592972238753393,1.4743982194673752e-05,1.0,17.78619010484987,0.0562233954604659
4.0,17.8068,17.12432337362782,0.0583964678884797,9.51317708372055e-06,1.0,17.8803306071827,0.0559273775171858
5.0,17.8068,17.44551304934534,0.057321329396932,6.530450085290767e-06,1.0,18.011237581323076,0.0555208933025768
6.0,17.8068,17.82405275220809,0.0561039632176872,4.078093948129575e-06,1.5,18.29601661513912,0.0546567059396167
7.5,17.8068,18.274162330463,0.0547220705341443,2.371262494071494e-06,1.5,18.667066547626703,0.0535702809784614
9.0,17.8068,18.780118958129588,0.0532477990277648,1.522708982812261e-06,1.5,18.84484282655503,0.0530649159138042
10.5,17.8068,19.324342388084748,0.051748203375686,1.0479041783472035e-06,1.5,18.991620458033733,0.0526548012166589
12.0,17.8068,19.88843369482718,0.0502804803708645,6.591087813668231e-07,1.5,19.244956165423936,0.0519616668078792
13.5,17.8068,20.454275245254443,0.0488895347309853,nan,1.5,nan,nan
15.0,17.8068,21.005087747310967,0.0476075135714688,nan,1.5,nan,nan
16.5,17.8068,21.526331693137955,0.0464547334053564,nan,1.5,nan,nan
18.0,17.8068,22.006359553772946,0.0454414096778016,nan,1.5,nan,nan
19.5,17.8068,22.436765505212097,0.0445697041210195,nan,nan,nan,nan
Name:	615.8482110660261_12_80_0.08
Lambda:	615.8482110660261	Maximal Depth:	20	Filter time:	12 to 80 [us]
Chi2:	0.4953621729157892	RelRMS:	6.490431694574406	AbsRMS:	9.83785645313033e-07	Phi model:	0.0057341260839577
depth_vector,start_model,resistivity_model,conductivity_model,E/I[V/A],modelled_thickness,rhoa,sigma
0.0,17.8068,16.66385696631143,0.0600101166267602,5.991469924267207e-05,1.0,17.078400441010743,0.0585534929605396
1.0,17.8068,16.72321643892955,0.0597971092254792,4.112731781521794e-05,1.0,17.133776914754023,0.0583642477064641
2.0,17.8068,16.842474071031717,0.0593736998366501,2.546463157422379e-05,1.0,17.45848652431111,0.0572787336753097
3.0,17.8068,17.02098636242716,0.0587510017755164,1.4667970885165233e-05,1.0,17.847584037173952,0.0560299925142329
4.0,17.8068,17.257002796164407,0.0579474901761192,9.478833869273862e-06,1.0,17.923493287520955,0.0557926953166121
5.0,17.8068,17.54772957881835,0.0569874293713237,6.516069259624817e-06,1.0,18.03772812101628,0.0554393542962248
6.0,17.8068,17.88939039867436,0.0558990540043277,4.076970090055997e-06,1.5,18.29937878213335,0.0546466637969346
7.5,17.8068,18.294074150595208,0.0546625093879082,2.3761310356872974e-06,1.5,18.64155940953956,0.0536435808845618
9.0,17.8068,18.74691264065188,0.0533421166017247,1.5285599027755555e-06,1.5,18.79672340486852,0.0532007615615065
10.5,17.8068,19.231542934528274,0.0519979079892025,1.053481633816212e-06,1.5,18.92452952127286,0.0528414721684843
12.0,17.8068,19.73112712956948,0.0506813418936102,6.638774574180906e-07,1.5,19.15268694582937,0.052211995258334
13.5,17.8068,20.2293819600305,0.0494330475333262,nan,1.5,nan,nan
15.0,17.8068,20.71152066954989,0.0482823070287736,nan,1.5,nan,nan
16.5,17.8068,21.16501187026166,0.047247788289931,nan,1.5,nan,nan
18.0,17.8068,21.580085028726003,0.0463390203823972,nan,1.5,nan,nan
19.5,17.8068,21.949952314263594,0.0455581855341971,nan,nan,nan,nan
Name:	784.7599703514607_12_80_0.08
Lambda:	784.7599703514607	Maximal Depth:	20	Filter time:	12 to 80 [us]
Chi2:	0.5767387638694564	RelRMS:	6.953864307266068	AbsRMS:	1.191686005216804e-06	Phi model:	0.0044219296783342
depth_vector,start_model,resistivity_model,conductivity_model,E/I[V/A],modelled_thickness,rhoa,sigma
0.0,17.8068,16.861285307208558,0.0593074597683534,5.934046102487493e-05,1.0,17.188402065801967,0.0581787647375086
1.0,17.8068,16.914459056553056,0.0591210157331384,4.077533151158226e-05,1.0,17.232238590422913,0.0580307656926109
2.0,17.8068,17.021210611070693,0.0587502277511092,2.5286177994854585e-05,1.0,17.540530722301146,0.0570108177358962
3.0,17.8068,17.180799085398196,0.0582045104555055,1.459454552741252e-05,1.0,17.907394914792764,0.0558428517804077
4.0,17.8068,17.391417318058807,0.0574996264945942,9.446128836152224e-06,1.0,17.964840080779968,0.0556642862114798
5.0,17.8068,17.65026711200073,0.056656366368534,6.502793276594384e-06,1.0,18.062270104096324,0.0553640264616135
6.0,17.8068,17.953637093481795,0.0556990204710697,4.076525571998695e-06,1.5,18.300709041825623,0.054642691587224
7.5,17.8068,18.311672888059743,0.0546099750750821,2.381390358814941e-06,1.5,18.61410259006212,0.0537227081005715
9.0,17.8068,18.710640778266765,0.0534455239588343,1.5346613127838284e-06,1.5,18.746869779685472,0.0533422385578003
10.5,17.8068,19.13564430445403,0.0522584964524679,1.0592327944448426e-06,1.5,18.855966225029515,0.0530336121769561
12.0,17.8068,19.57159099973696,0.0510944664648591,6.687581807075496e-07,1.5,19.05938661411478,0.0524675856703295
13.5,17.8068,20.00412687299232,0.0499896849459651,nan,1.5,nan,nan
15.0,17.8068,20.4204520368296,0.0489705124155153,nan,1.5,nan,nan
16.5,17.8068,20.80994120493974,0.048053956046864,nan,1.5,nan,nan
18.0,17.8068,21.16452030476777,0.0472488856633678,nan,1.5,nan,nan
19.5,17.8068,21.478787505531898,0.0465575628858215,nan,nan,nan,nan
Name:	1000.0_12_80_0.08
Lambda:	1000	Maximal Depth:	20	Filter time:	12 to 80 [us]
Chi2:	0.6648402554625935	RelRMS:	7.420156311539689	AbsRMS:	1.390475661078843e-06	Phi model:	0.0033137325577187
depth_vector,start_model,resistivity_model,conductivity_model,E/I[V/A],modelled_thickness,rhoa,sigma
0.0,17.8068,17.057211739628304,0.0586262289091916,5.879342005082068e-05,1.0,17.29485659656323,0.0578206586690471
1.0,17.8068,17.104071049055612,0.058465613077257,4.04407229716714e-05,1.0,17.327161586101596,0.05771285706726
2.0,17.8068,17.198079504205182,0.0581460272791206,2.5117265603746625e-05,1.0,17.619082321650712,0.05675664496846
3.0,17.8068,17.338447346356855,0.0576752912197826,1.452569865995968e-05,1.0,17.96393361552447,0.0556670950473674
4.0,17.8068,17.523384740310682,0.0570666007064038,9.415917594933464e-06,1.0,18.00324669680387,0.0555455366935304
5.0,17.8068,17.75018431254165,0.0563374431719807,6.490945582572525e-06,1.0,18.084242372964205,0.0552967594315696
6.0,17.8068,18.015310441564186,0.055508341265818,4.076737505193768e-06,1.5,18.30007478279864,0.0546445854385229
7.5,17.8068,18.327174714403867,0.0545637838664827,2.386871522050448e-06,1.5,18.58559497454785,0.0538051109673624
9.0,17.8068,18.67336614130862,0.0535522086608601,1.5408300763929828e-06,1.5,18.69680052924616,0.0534850868433755
10.5,17.8068,19.040599405356826,0.052519355021915,1.0649896486676372e-06,1.5,18.78795361979701,0.0532255944546452
12.0,17.8068,19.41560398649771,0.0515049648053923,6.736109856650341e-07,1.5,18.96773836916643,0.0527210983480022
13.5,17.8068,19.785949998141287,0.0505409141382618,nan,1.5,nan,nan
15.0,17.8068,20.14073725648429,0.0496506154300806,nan,1.5,nan,nan
16.5,17.8068,20.47108965505479,0.0488493781645412,nan,1.5,nan,nan
18.0,17.8068,20.77042447165642,0.0481453810134989,nan,1.5,nan,nan
19.5,17.8068,21.034498685331787,0.0475409476099062,nan,nan,nan,nan
Name:	58.06735210785115_12_80_0.08
Lambda:	58.06735210785115	Maximal Depth:	20	Filter time:	12 to 80 [us]
Chi2:	0.1969615734423485	RelRMS:	4.178956192408817	AbsRMS:	5.06841338379258e-07	Phi model:	0.0209260814796648
depth_vector,start_model,resistivity_model,conductivity_model,E/I[V/A],modelled_thickness,rhoa,sigma
0.0,17.8068,15.746592012173991,0.0635058048895202,6.376332040360895e-05,1.0,16.38408397207624,0.0610348434312423
1.0,17.8068,15.817081442008934,0.0632227888353712,4.354204073244179e-05,1.0,16.494311027726084,0.0606269639464814
2.0,17.8068,15.959915787257415,0.0626569722127488,2.673803257856026e-05,1.0,16.899682989514385,0.0591727075957852
3.0,17.8068,16.177500086421787,0.0618142478539887,1.522444791665796e-05,1.0,17.409986185981744,0.0574382994516781
4.0,17.8068,16.472719169060724,0.0607064316301957,9.740974880607644e-06,1.0,17.60047207012632,0.0568166578723375
5.0,17.8068,16.848816379671465,0.0593513501165889,6.633666078115843e-06,1.0,17.823920106918138,0.0561043807423633
6.0,17.8068,17.309223232347982,0.0577726675874842,4.096917966317341e-06,1.5,18.23993074272244,0.0548247695731515
7.5,17.8068,17.89334474036352,0.0558867005867391,2.349307783569431e-06,1.5,18.78318425654574,0.0532391093193642
9.0,17.8068,18.60146815011732,0.053759197496123,1.49164527600898e-06,1.5,19.10557391584018,0.0523407464442046
10.5,17.8068,19.43022333862635,0.0514662123317979,1.0166954481435235e-06,1.5,19.37830636524349,0.0516040969294188
12.0,17.8068,20.371535957617706,0.0490881002826918,6.315504206686873e-07,1.5,19.800810719815555,0.0505029826379409
13.5,17.8068,21.4119154901305,0.0467029678153239,nan,1.5,nan,nan
15.0,17.8068,22.532246545158948,0.0443808387235515,nan,1.5,nan,nan
16.5,17.8068,23.70821098637866,0.0421794795303003,nan,1.5,nan,nan
18.0,17.8068,24.911386053870785,0.0401422866570934,nan,1.5,nan,nan
19.5,17.8068,26.110946767112445,0.038298113389727,nan,nan,nan,nan
Name:	172.21381097981777_12_80_0.08
Lambda:	172.21381097981777	Maximal Depth:	20	Filter time:	12 to 80 [us]
Chi2:	0.2464709007173682	RelRMS:	4.717464218517634	AbsRMS:	2.041033132179885e-07	Phi model:	0.0143181539638521
depth_vector,start_model,resistivity_model,conductivity_model,E/I[V/A],modelled_thickness,rhoa,sigma
0.0,17.8068,15.849573362873048,0.0630931809396496,6.268520188702702e-05,1.0,16.571408714009337,0.0603448998970502
1.0,17.8068,15.93010010431336,0.0627742445717106,4.28411502506513e-05,1.0,16.673724356140173,0.059974603072513
2.0,17.8068,16.092510114984307,0.0621407097373121,2.6348348159071755e-05,1.0,17.06590254053332,0.0585963735363479
3.0,17.8068,16.337364150766664,0.0612093842538897,1.5043014202791874e-05,1.0,17.549694118656355,0.056981050110551
4.0,17.8068,16.664457207311536,0.0600079551082677,9.652518216966833e-06,1.0,17.707836852157296,0.0564721715220779
5.0,17.8068,17.072794776753195,0.058572718355499,6.592343318904351e-06,1.0,17.898326246552283,0.055871146062757
6.0,17.8068,17.560527506270212,0.0569458975331428,4.087906049961895e-06,1.5,18.266727900267785,0.0547443420332187
7.5,17.8068,18.15248547344784,0.0550888748244822,2.356607191821792e-06,1.5,18.744377900377664,0.0533493298798597
9.0,17.8068,18.83430521173541,0.0530946052300837,1.503164148686568e-06,1.5,19.00784375542748,0.0526098600591906
10.5,17.8068,19.588341450418543,0.0510507743869572,1.028671023921256e-06,1.5,19.22761419719287,0.0520085326106654
12.0,17.8068,20.39423377635736,0.0490334675460708,6.423294629350092e-07,1.5,19.578665928445385,0.051076003015462
13.5,17.8068,21.22976549323741,0.0471036762190587,nan,1.5,nan,nan
15.0,17.8068,22.071978594289007,0.0453063143264711,nan,1.5,nan,nan
16.5,17.8068,22.89844252273914,0.0436710924337739,nan,1.5,nan,nan
18.0,17.8068,23.688529234838967,0.0422145245948528,nan,1.5,nan,nan
19.5,17.8068,24.424535337937,0.0409424370275231,nan,nan,nan,nan
Name:	29.657596692192385_12_80_0.08
Lambda:	29.657596692192385	Maximal Depth:	20	Filter time:	12 to 80 [us]
Chi2:	0.1775644967452214	RelRMS:	3.948075431350619	AbsRMS:	5.173094197451679e-07	Phi model:	0.0258997001512096
depth_vector,start_model,resistivity_model,conductivity_model,E/I[V/A],modelled_thickness,rhoa,sigma
0.0,17.8068,16.01538290751443,0.0624399682339658,6.376309436162829e-05,1.0,16.384122693415407,0.0610346991848326
1.0,17.8068,16.06096409576444,0.0622627629348675,4.358739824749832e-05,1.0,16.482866270681004,0.0606690598332861
2.0,17.8068,16.154412394814955,0.0619025920324386,2.6798535663515456e-05,1.0,16.8742371194232,0.059261938357435
3.0,17.8068,16.300370374494925,0.0613482992732909,1.5269915050935224e-05,1.0,17.375409458747235,0.0575526005516131
4.0,17.8068,16.50552786092659,0.0605857630501652,9.76602838665284e-06,1.0,17.57035800080513,0.0569140366948799
5.0,17.8068,16.77825057764944,0.0596009694438653,6.646082215472723e-06,1.0,17.801714222133665,0.0561743654303053
6.0,17.8068,17.128176684898698,0.0583833304850051,4.100204008509366e-06,1.5,18.230184042204392,0.0548540814335673
7.5,17.8068,17.607697162858802,0.0567933438853874,2.347008010988101e-06,1.5,18.79545235857148,0.0532043592738516
9.0,17.8068,18.23551079024344,0.054838058089112,1.4871697388083302e-06,1.5,19.14388600784171,0.0522359984587445
10.5,17.8068,19.02676735173444,0.0525575354716702,1.0116666996040654e-06,1.5,19.44246983955721,0.0514337945874254
12.0,17.8068,19.99086403060023,0.0500228503615096,6.26845269054589e-07,1.5,19.89977150704504,0.0502518332758732
13.5,17.8068,21.12953511385039,0.0473271179234085,nan,1.5,nan,nan
15.0,17.8068,22.435310631197847,0.0445725943553208,nan,1.5,nan,nan
16.5,17.8068,23.89053062736318,0.0418575884980404,nan,1.5,nan,nan
18.0,17.8068,25.467184617750505,0.0392662170950378,nan,1.5,nan,nan
19.5,17.8068,27.127828939306205,0.0368625149560374,nan,nan,nan,nan
Name:	87.95730415567415_12_80_0.08
Lambda:	87.95730415567415	Maximal Depth:	20	Filter time:	12 to 80 [us]
Chi2:	0.2096108230471135	RelRMS:	4.332658411317077	AbsRMS:	4.21551266157634e-07	Phi model:	0.0184813879323217
depth_vector,start_model,resistivity_model,conductivity_model,E/I[V/A],modelled_thickness,rhoa,sigma
0.0,17.8068,15.710092187792874,0.06365335021885,6.35212149768171e-05,1.0,16.42568855128634,0.0608802484521531
1.0,17.8068,15.788314767745016,0.0633379822172639,4.33745100790417e-05,1.0,16.536755724783973,0.0604713534288518
2.0,17.8068,15.946442129037797,0.0627099130895814,2.6637045167682422e-05,1.0,16.942369872697583,0.0590236199253026
3.0,17.8068,16.186032487138277,0.061781662726466,1.517361224993572e-05,1.0,17.44884991791201,0.0573103674284834
4.0,17.8068,16.50850698014233,0.0605748297652159,9.715585411858864e-06,1.0,17.631121946016453,0.0567178880085925
5.0,17.8068,16.915080738258215,0.0591188428523559,6.621679436438052e-06,1.0,17.845423668480986,0.0560367755104757
6.0,17.8068,17.406643089713317,0.0574493309735846,4.09421347564146e-06,1.5,18.24796228831752,0.0548006393371498
7.5,17.8068,18.016354525675283,0.0555051244453971,2.3514980661102166e-06,1.5,18.771518822091195,0.0532721944067282
9.0,17.8068,18.73690063510117,0.0533706197985929,1.4952579459754818e-06,1.5,19.074787719590194,0.052425223006439
10.5,17.8068,19.55729930314048,0.0511318042690803,1.0205266842516446e-06,1.5,19.329776261887588,0.051733656223
12.0,17.8068,20.462588020295165,0.0488696737190907,6.35033681959632e-07,1.5,19.728337288490227,0.0506885088883498
13.5,17.8068,21.433860752289103,0.0466551505375997,nan,1.5,nan,nan
15.0,17.8068,22.44875097456795,0.044545908194754,nan,1.5,nan,nan
16.5,17.8068,23.482384593722323,0.0425851129389702,nan,1.5,nan,nan
18.0,17.8068,24.508736232350145,0.040801777395607,nan,1.5,nan,nan
19.5,17.8068,25.5022352422482,0.0392122490636959,nan,nan,nan,nan
Name:	44.923733528203634_12_80_0.08
Lambda:	44.923733528203634	Maximal Depth:	20	Filter time:	12 to 80 [us]
Chi2:	0.1897801780678755	RelRMS:	4.091691977176888	AbsRMS:	5.282046117700977e-07	Phi model:	0.0225766811313434
depth_vector,start_model,resistivity_model,conductivity_model,E/I[V/A],modelled_thickness,rhoa,sigma
0.0,17.8068,15.81819378542683,0.063218342976762,6.381567140179058e-05,1.0,16.375122323148524,0.0610682461031976
1.0,17.8068,15.881100391677736,0.0629679288800438,4.358910971865933e-05,1.0,16.48243481528518,0.0606706479477557
2.0,17.8068,16.00889483643255,0.0624652738503991,2.677428701948916e-05,1.0,16.884423898762613,0.0592261842036129
3.0,17.8068,16.20467214397627,0.0617105974817101,1.5246233120762524e-05,1.0,17.393397586384417,0.0574930800629085
4.0,17.8068,16.472509723301645,0.0607072035043586,9.7523692514564e-06,1.0,17.58676016258657,0.0568609562395331
5.0,17.8068,16.817285309152712,0.0594626291709373,6.639144155865267e-06,1.0,17.814114199177308,0.0561352638036968
6.0,17.8068,17.244449950230464,0.0579896722067748,4.098217508352863e-06,1.5,18.2360746256693,0.0548363625685315
7.5,17.8068,17.79789629864017,0.0561864156988263,2.348229074011175e-06,1.5,18.78893612282541,0.0532228112045773
9.0,17.8068,18.4840341041853,0.0541007441537652,1.4897511444921328e-06,1.5,19.12176489985251,0.0522964279310699
10.5,17.8068,19.305672143607417,0.0517982483366229,1.0146309042207549e-06,1.5,19.40458443284792,0.0515342136524814
12.0,17.8068,20.26049262326803,0.0493571414374967,6.296477285584301e-07,1.5,19.84068052376061,0.0504014970052276
13.5,17.8068,21.33984122902949,0.0468607047853597,nan,1.5,nan,nan
15.0,17.8068,22.52801102349786,0.0443891828247486,nan,1.5,nan,nan
16.5,17.8068,23.802198890543533,0.0420129251334545,nan,1.5,nan,nan
18.0,17.8068,25.13326588188671,0.0397879051890621,nan,1.5,nan,nan
19.5,17.8068,26.487323922890976,0.0377539083567357,nan,nan,nan,nan
Name:	38.334705834656404_12_80_0.08
Lambda:	38.3347058346564	Maximal Depth:	20	Filter time:	12 to 80 [us]
Chi2:	0.1852332669780013	RelRMS:	4.037563210072139	AbsRMS:	5.302105648188894e-07	Phi model:	0.0237226931445579
depth_vector,start_model,resistivity_model,conductivity_model,E/I[V/A],modelled_thickness,rhoa,sigma
0.0,17.8068,15.881595369329377,0.0629659663745876,6.381426730204002e-05,1.0,16.37536252252531,0.0610673503334316
1.0,17.8068,15.938647258193068,0.0627405816692481,4.359892785233387e-05,1.0,16.479960246443515,0.0606797580240405
2.0,17.8068,16.05482902524548,0.0622865555545653,2.678806006936348e-05,1.0,16.87863599813418,0.0592464936213177
3.0,17.8068,16.233753527277692,0.0616000482155709,1.5256710426959329e-05,1.0,17.38543357966083,0.0575194167817532
4.0,17.8068,16.480382946667657,0.0606782016677713,9.758142302428405e-06,1.0,17.57982309927029,0.0568833937834965
5.0,17.8068,16.800790894351646,0.0595210074506787,6.641994484190908e-06,1.0,17.809017366013315,0.0561513293770153
6.0,17.8068,17.201882771565874,0.0581331714254538,4.098957132129661e-06,1.5,18.233880857902715,0.05484296008036
7.5,17.8068,17.73060939078938,0.0563996407545628,2.3476759466297345e-06,1.5,18.79188720216797,0.0532144530904076
9.0,17.8068,18.39773016894794,0.0543545312827677,1.4886939287584897e-06,1.5,19.130816878599283,0.0522716832399693
10.5,17.8068,19.21043785299034,0.052055034229443,1.0134468142214628e-06,1.5,19.419696097386048,0.0514941116990292
12.0,17.8068,20.17054924715592,0.0495772320201444,6.285417432261e-07,1.5,19.86394821344608,0.0503424590748324
13.5,17.8068,21.27300078059433,0.0470079426176781,nan,1.5,nan,nan
15.0,17.8068,22.50480820066934,0.0444349487933097,nan,1.5,nan,nan
16.5,17.8068,23.844686763058927,0.0419380640197478,nan,1.5,nan,nan
18.0,17.8068,25.263518848783185,0.0395827677840755,nan,1.5,nan,nan
19.5,17.8068,26.725766811213752,0.03741707420647,nan,nan,nan,nan
Name:	49.55053124100617_12_80_0.08
Lambda:	49.55053124100617	Maximal Depth:	20	Filter time:	12 to 80 [us]
Chi2:	0.1925336108337138	RelRMS:	4.124918590788944	AbsRMS:	5.227772364705807e-07	Phi model:	0.0219225397861327
depth_vector,start_model,resistivity_model,conductivity_model,E/I[V/A],modelled_thickness,rhoa,sigma
0.0,17.8068,15.786348182671214,0.0633458725494036,6.380393033179459e-05,1.0,16.377131139431757,0.0610607554819089
1.0,17.8068,15.852420126490305,0.0630818507218934,4.357587134071872e-05,1.0,16.485772895863448,0.0606583632030328
2.0,17.8068,15.986493742860358,0.0625528033904623,2.6762588393996e-05,1.0,16.88934395510455,0.0592089309483075
3.0,17.8068,16.191381202668452,0.06176125356342,1.5238673430719598e-05,1.0,17.39914952299173,0.0574740735849514
4.0,17.8068,16.470672541264413,0.060713974945144,9.748347414202152e-06,1.0,17.59159696357098,0.056845322347415
5.0,17.8068,16.828580506579154,0.0594227183694458,6.63719534021646e-06,1.0,17.817601086238792,0.056124278187614
6.0,17.8068,17.269738606624884,0.0579047559883962,4.097743442035643e-06,1.5,18.23748108138941,0.0548321336448408
7.5,17.8068,17.836261011462106,0.0560655621353248,2.3486158932121616e-06,1.5,18.786873029466307,0.0532286559041277
9.0,17.8068,18.53208577038632,0.0539604668567834,1.4904473890010633e-06,1.5,19.11580943499889,0.0523127207037915
10.5,17.8068,19.35752691883807,0.0516594916382027,1.015396572240436e-06,1.5,19.39482841698816,0.051560136470405
12.0,17.8068,20.307930738412686,0.0492418460985041,6.303564771079923e-07,1.5,19.82580567065704,0.0504393121072521
13.5,17.8068,21.372655298174056,0.0467887581607809,nan,1.5,nan,nan
15.0,17.8068,22.53455251699746,0.0443762972105044,nan,1.5,nan,nan
16.5,17.8068,23.77011448751013,0.0420696333004809,nan,1.5,nan,nan
18.0,17.8068,25.050381559356985,0.0399195516296027,nan,1.5,nan,nan
19.5,17.8068,26.34259435598923,0.0379613331354601,nan,nan,nan,nan
Name:	52.64529334899836_12_80_0.08
Lambda:	52.64529334899836	Maximal Depth:	20	Filter time:	12 to 80 [us]
Chi2:	0.1942240480805858	RelRMS:	4.145473115601542	AbsRMS:	5.177517051843992e-07	Phi model:	0.0215342188213592
depth_vector,start_model,resistivity_model,conductivity_model,E/I[V/A],modelled_thickness,rhoa,sigma
0.0,17.8068,15.769452232349906,0.0634137435635571,6.379163447103078e-05,1.0,16.379235537156962,0.0610529104201145
1.0,17.8068,15.837312553820963,0.0631420259341119,4.356480194234908e-05,1.0,16.488565362140424,0.0606480902393188
2.0,17.8068,15.974933461567604,0.0625980698076642,2.6754054636788e-05,1.0,16.892935233799204,0.0591963436880531
3.0,17.8068,16.184964749333247,0.0617857385226122,1.5233543252649987e-05,1.0,17.403055627852897,0.0574611735653789
4.0,17.8068,16.47071560552266,0.0607138162026608,9.745664397812858e-06,1.0,17.594825501968554,0.0568348915928786
5.0,17.8068,16.836013672459487,0.0593964830068895,6.6359058983606966e-06,1.0,17.819909137515932,0.0561170089186772
6.0,17.8068,17.285016330056454,0.0578535756579602,4.097438183438494e-06,1.5,18.23838686341193,0.0548294104894826
7.5,17.8068,17.858779091880187,0.055994869237991,2.348870786997104e-06,1.5,18.785513867491304,0.0532325070825195
9.0,17.8068,18.559794973521363,0.0538799055391865,1.490894324592975e-06,1.5,19.11198892611387,0.0523231780776954
10.5,17.8068,19.386919290902505,0.0515811710460495,1.0158835798766928e-06,1.5,19.388629422949887,0.0515766214406224
12.0,17.8068,20.33413935310749,0.0491783784223539,6.308052332514947e-07,1.5,19.81640180942884,0.0504632480516311
13.5,17.8068,21.38967207118228,0.0467515348843179,nan,1.5,nan,nan
15.0,17.8068,22.53556618260336,0.0443743011334662,nan,1.5,nan,nan
16.5,17.8068,23.74795860131008,0.0421088825691667,nan,1.5,nan,nan
18.0,17.8068,24.998061958982163,0.0400031011060313,nan,1.5,nan,nan
19.5,17.8068,26.25384329713761,0.0380896613376612,nan,nan,nan,nan
Name:	47.729521171456376_12_80_0.08
Lambda:	47.729521171456376	Maximal Depth:	20	Filter time:	12 to 80 [us]
Chi2:	0.191485512879917	RelRMS:	4.112231923764997	AbsRMS:	5.252401420193584e-07	Phi model:	0.0221683028569397
depth_vector,start_model,resistivity_model,conductivity_model,E/I[V/A],modelled_thickness,rhoa,sigma
0.0,17.8068,15.79785300368623,0.0632997407791212,6.380958922072867e-05,1.0,16.37616286557009,0.0610643658229877
1.0,17.8068,15.862755923873364,0.0630407480767579,4.358159927187938e-05,1.0,16.48432838040352,0.0606636786724531
2.0,17.8068,15.994510551733615,0.0625214505167594,2.6767358550849845e-05,1.0,16.887337351607904,0.0592159663290427
3.0,17.8068,16.1960340386905,0.0617435106403896,1.5241666021370362e-05,1.0,17.396871983858794,0.0574815978945998
4.0,17.8068,16.471097606019885,0.0607124081175087,9.749928538102026e-06,1.0,17.589695052453678,0.0568514688297853
5.0,17.8068,16.824161721779152,0.059438325459359,6.637958856891283e-06,1.0,17.816234773025442,0.0561285823149369
6.0,17.8068,17.26016514004816,0.0579368732504033,4.097927027266521e-06,1.5,18.236936390191104,0.0548337713420911
7.5,17.8068,17.821891629577447,0.056110766510351,2.3484643290027183e-06,1.5,18.787681327012564,0.0532263658614551
9.0,17.8068,18.514203807275383,0.0540125846301334,1.4901775565666054e-06,1.5,19.11811694961732,0.0523064066735932
10.5,17.8068,19.33834904147493,0.0517107224538817,1.0151009315467669e-06,1.5,19.398593968477385,0.0515501278920005
12.0,17.8068,20.29054589421832,0.0492840362804109,6.300833164429167e-07,1.5,19.83153532459266,0.0504247393675022
13.5,17.8068,21.36089093137884,0.0468145267541727,nan,1.5,nan,nan
15.0,17.8068,22.532765539650885,0.0443798165050047,nan,1.5,nan,nan
16.5,17.8068,23.7829114243851,0.0420469967766301,nan,1.5,nan,nan
18.0,17.8068,25.082285126320915,0.0398687757101771,nan,1.5,nan,nan
19.5,17.8068,26.39768847445792,0.037882104751997,nan,nan,nan,nan
Name:	46.637695225467674_12_80_0.08
Lambda:	46.63769522546768	Maximal Depth:	20	Filter time:	12 to 80 [us]
Chi2:	0.1908357158771161	RelRMS:	4.104390189607307	AbsRMS:	5.265201951989645e-07	Phi model:	0.022322645002586
depth_vector,start_model,resistivity_model,conductivity_model,E/I[V/A],modelled_thickness,rhoa,sigma
0.0,17.8068,15.805370400279791,0.0632696339708873,6.381235716633723e-05,1.0,16.375689303626878,0.061066131718713
1.0,17.8068,15.869526176173828,0.063013853652504,4.358472192794303e-05,1.0,16.483541017303587,0.0606665763715606
2.0,17.8068,15.99979866038881,0.0625007864927532,2.6770118763238128e-05,1.0,16.886176519033487,0.05922003710389
3.0,17.8068,16.19917174703088,0.061731551193862,1.5243449882128297e-05,1.0,17.39551471443937,0.0574860828446735
4.0,17.8068,16.47153167059103,0.0607108081991817,9.750877561045184e-06,1.0,17.588553733301957,0.0568551579148097
5.0,17.8068,16.821495840493913,0.059447745282719,6.638418683883615e-06,1.0,17.815412038915493,0.0561311743907818
6.0,17.8068,17.254195969494724,0.0579569167852267,4.098038843328379e-06,1.5,18.23660465562914,0.0548347688006345
7.5,17.8068,17.812835636174874,0.0561392930595041,2.348372992652866e-06,1.5,18.788168469136536,0.0532249858011816
9.0,17.8068,18.502860937196434,0.0540456961436538,1.4900132021226929e-06,1.5,19.119522793857715,0.0523025606225515
10.5,17.8068,19.32610818558411,0.0517434752200098,1.0149201984279888e-06,1.5,19.40089685189395,0.0515440088998967
12.0,17.8068,20.27934739210237,0.0493112515242695,6.299160237426096e-07,1.5,19.83504640028862,0.0504158134959265
13.5,17.8068,21.35314431248492,0.0468315104026769,nan,1.5,nan,nan
15.0,17.8068,22.53122045931149,0.0443828598546568,nan,1.5,nan,nan
16.5,17.8068,23.79048376750267,0.0420336135142396,nan,1.5,nan,nan
18.0,17.8068,25.10184825236321,0.0398377039788635,nan,1.5,nan,nan
19.5,17.8068,26.431849075517466,0.0378331458061423,nan,nan,nan,nan
Name:	48.41704918799936_12_80_0.08
Lambda:	48.41704918799936	Maximal Depth:	20	Filter time:	12 to 80 [us]
Chi2:	0.191886280684465	RelRMS:	4.117077521372472	AbsRMS:	5.243568184632936e-07	Phi model:	0.0220738693432709
depth_vector,start_model,resistivity_model,conductivity_model,E/I[V/A],modelled_thickness,rhoa,sigma
0.0,17.8068,15.793362548432857,0.0633177385077649,6.380760078857802e-05,1.0,16.376503083341646,0.0610630972260012
1.0,17.8068,15.858717792864994,0.0630568002445891,4.357951051632764e-05,1.0,16.484855102816088,0.060661740352766
2.0,17.8068,15.991369706170689,0.0625337302791595,2.6765581213597828e-05,1.0,16.888084932648724,0.0592133450292377
3.0,17.8068,16.194194908402096,0.0617505226815052,1.5240538627769885e-05,1.0,17.39772990980756,0.0574787633320065
4.0,17.8068,16.470894706962778,0.0607131560119358,9.749331346068804e-06,1.0,17.590413345715124,0.0568491473364718
5.0,17.8068,16.825834052205952,0.0594324178461093,6.637670117341247e-06,1.0,17.81675144169839,0.0561269546399797
6.0,17.8068,17.263834095554195,0.0579245603534571,4.097857314604778e-06,1.5,18.23714322052145,0.0548331494636037
7.5,17.8068,17.827421441097254,0.0560933617519534,2.348521674525553e-06,1.5,18.787375490989604,0.0532272323230883
9.0,17.8068,18.52110270562812,0.0539924655617898,1.4902800522769402e-06,1.5,19.11724035937012,0.0523088050995739
10.5,17.8068,19.345765893745167,0.0516908974032047,1.0152133839794538e-06,1.5,19.39716145560832,0.051553934955306
12.0,17.8068,20.29729346830482,0.0492676524365944,6.301872885162668e-07,1.5,19.82935398095584,0.0504302863805045
13.5,17.8068,21.36549690480392,0.0468044344793663,nan,1.5,nan,nan
15.0,17.8068,22.533552326055,0.0443782669296986,nan,1.5,nan,nan
16.5,17.8068,23.778103304705567,0.0420554990103901,nan,1.5,nan,nan
18.0,17.8068,25.070136251413505,0.0398880959389926,nan,1.5,nan,nan
19.5,17.8068,26.37661957979775,0.0379123639014726,nan,nan,nan,nan
Name:	47.309495849222444_12_80_0.08
Lambda:	47.30949584922245	Maximal Depth:	20	Filter time:	12 to 80 [us]
Chi2:	0.1912375196329909	RelRMS:	4.10923696518311	AbsRMS:	5.257507795688387e-07	Phi model:	0.0222270264096279
depth_vector,start_model,resistivity_model,conductivity_model,E/I[V/A],modelled_thickness,rhoa,sigma
0.0,17.8068,15.800687654933736,0.0632883847740482,6.381071183723983e-05,1.0,16.37597079536538,0.0610650820336717
1.0,17.8068,15.865307424068806,0.0630306096989289,4.358282937706412e-05,1.0,16.484018203919103,0.0606648201688013
2.0,17.8068,15.996500354308736,0.0625136734817528,2.676842963753765e-05,1.0,16.886886872614514,0.0592175459895868
3.0,17.8068,16.19720891934752,0.0617390320134417,1.5242353232611214e-05,1.0,17.396349080531998,0.0574833256892439
4.0,17.8068,16.47124799371609,0.0607118537940481,9.750293526499288e-06,1.0,17.58925608620493,0.0568528876434
5.0,17.8068,16.823137640355956,0.0594419436717419,6.638135556270675e-06,1.0,17.815918606779917,0.0561295783883659
6.0,17.8068,17.257889925996068,0.0579445114256796,4.097969874700274e-06,1.5,18.23680926915159,0.0548341535649849
7.5,17.8068,17.818448427802227,0.056121609244029,2.348429228739469e-06,1.5,18.787868530416333,0.0532258355108811
9.0,17.8068,18.509897544400257,0.054025150468892,1.4901145622218483e-06,1.5,19.118655755959423,0.0523049325624419
10.5,17.8068,19.333708509822387,0.0517231342084192,1.015031720824392e-06,1.5,19.399475763871514,0.0515477847016022
12.0,17.8068,20.286309408472725,0.0492943284983291,6.30019280654479e-07,1.5,19.832879099857543,0.0504213228429947
13.5,17.8068,21.357974866306268,0.0468209184746991,nan,1.5,nan,nan
15.0,17.8068,22.5322150144766,0.0443809008283258,nan,1.5,nan,nan
16.5,17.8068,23.785833957726524,0.0420418305188396,nan,1.5,nan,nan
18.0,17.8068,25.089771134985885,0.0398568801054375,nan,1.5,nan,nan
19.5,17.8068,26.41072608834805,0.0378634043098566,nan,nan,nan,nan
Name:	47.99097353947668_12_80_0.08
Lambda:	47.99097353947668	Maximal Depth:	20	Filter time:	12 to 80 [us]
Chi2:	0.1916386620681226	RelRMS:	4.1140828037126855	AbsRMS:	5.249110858423119e-07	Phi model:	0.0221321484137455
depth_vector,start_model,resistivity_model,conductivity_model,E/I[V/A],modelled_thickness,rhoa,sigma
0.0,17.8068,15.796123785848932,0.0633066702665281,6.380885484597589e-05,1.0,16.376288513935734,0.0610638973018232
1.0,17.8068,15.861200327012954,0.0630469308364333,4.358081582433015e-05,1.0,16.48452593778793,0.0606629516538096
2.0,17.8068,15.993299371852222,0.0625261852948224,2.6766686145776943e-05,1.0,16.88762016793413,0.0592149746415293
3.0,17.8068,16.1953225261799,0.0617462232310279,1.5241237659253634e-05,1.0,17.397197947150698,0.0574805208883525
4.0,17.8068,16.47101420238861,0.0607127155445583,9.749701402149624e-06,1.0,17.589968239392846,0.0568505858788587
5.0,17.8068,16.824798251518022,0.0594360767392723,6.637848983714948e-06,1.0,17.81643137495772,0.056127962943554
6.0,17.8068,17.261568360431802,0.0579321634697036,4.097900456154378e-06,1.5,18.23701522326892,0.0548335343123518
7.5,17.8068,17.824009862321553,0.0561040982205645,2.3484861525606814e-06,1.5,18.78756493581108,0.0532266956051283
9.0,17.8068,18.51684897985357,0.0540048688136953,1.4902166233546453e-06,1.5,19.117782820706456,0.0523073208529652
10.5,17.8068,19.34119539890391,0.0517031124175846,1.0151438162256211e-06,1.5,19.39804763647552,0.0515515797641217
12.0,17.8068,20.293138877772133,0.049277738945321,6.301229775209116e-07,1.5,19.830703160767925,0.0504268553612536
13.5,17.8068,21.362666647630224,0.0468106354180708,nan,1.5,nan,nan
15.0,17.8068,22.533081247527576,0.0443791947055498,nan,1.5,nan,nan
16.5,17.8068,23.78108648849169,0.0420502234195198,nan,1.5,nan,nan
18.0,17.8068,25.077650001607253,0.0398761446920229,nan,1.5,nan,nan
19.5,17.8068,26.38963709295115,0.0378936624432439,nan,nan,nan,nan
Name:	47.56864740607957_12_80_0.08
Lambda:	47.56864740607957	Maximal Depth:	20	Filter time:	12 to 80 [us]
Chi2:	0.1913908159632711	RelRMS:	4.111087976039838	AbsRMS:	5.254383554004376e-07	Phi model:	0.0221907002681176
depth_vector,start_model,resistivity_model,conductivity_model,E/I[V/A],modelled_thickness,rhoa,sigma
0.0,17.8068,15.79893038931158,0.0632954241431766,6.38100275635914e-05,1.0,16.37608786813783,0.0610646454789517
1.0,17.8068,15.863725480579564,0.0630368951621234,4.358207458452508e-05,1.0,16.48420852647961,0.0606641197479174
2.0,17.8068,15.995266204389305,0.0625184968616269,2.676777011958568e-05,1.0,16.88716424995456,0.0592165733215208
3.0,17.8068,16.196479359465737,0.0617418130079959,1.5241929364762264e-05,1.0,17.396671599582866,0.0574822599987446
4.0,17.8068,16.471152801439104,0.0607122046680684,9.750068314896402e-06,1.0,17.589526941695645,0.0568520121839956
5.0,17.8068,16.823769708929383,0.0594397104395241,6.638026504414698e-06,1.0,17.816113730402783,0.0561289636523549
6.0,17.8068,17.259296787224613,0.0579397881807214,4.097943413079119e-06,1.5,18.236887776013848,0.0548339175127926
7.5,17.8068,17.820578759308976,0.0561149002794102,2.348450890241149e-06,1.5,18.78775300062233,0.0532261628075947
9.0,17.8068,18.51256280204426,0.0540173724563718,1.4901534626600836e-06,1.5,19.11832302632593,0.052305842862002
10.5,17.8068,19.33658163167274,0.0517154489375738,1.0150744691164468e-06,1.5,19.39893110742725,0.0515492319892373
12.0,17.8068,20.28893367893787,0.0492879525274464,6.300588369035146e-07,1.5,19.832048994828284,0.0504234333154771
13.5,17.8068,21.35978335420982,0.0468169542460695,nan,1.5,nan,nan
15.0,17.8068,22.532561049551347,0.0443802192658393,nan,1.5,nan,nan
16.5,17.8068,23.78403214699,0.0420450154885346,nan,1.5,nan,nan
18.0,17.8068,25.085146528151643,0.0398642279756172,nan,1.5,nan,nan
19.5,17.8068,26.40266690002787,0.0378749617902782,nan,nan,nan,nan
Name:	16.0_12_80_0.08
Lambda:	16	Maximal Depth:	20	Filter time:	12 to 80 [us]
Chi2:	0.1585142862877061	RelRMS:	3.7295822104427487	AbsRMS:	4.264197669352994e-07	Phi model:	0.0338025645045804
depth_vector,start_model,resistivity_model,conductivity_model,E/I[V/A],modelled_thickness,rhoa,sigma,rel_err
0.0,17.8068,16.488565485517835,0.0606480897855132,6.344937139710264e-05,1.0,16.43808539253103,0.0608343353937296,0.08
1.0,17.8068,16.496242193337032,0.0606198665295971,4.345692554048218e-05,1.0,16.515841290820745,0.0605479298566392,0.08
2.0,17.8068,16.514830405982448,0.0605516360396745,2.67835562438346e-05,1.0,16.880528111854282,0.0592398527684542,0.08
3.0,17.8068,16.552772550591815,0.0604128400208245,1.5292134398722198e-05,1.0,17.358574493839026,0.0576084171171385,0.08
4.0,17.8068,16.622830771456883,0.0601582253798253,9.782896519915331e-06,1.0,17.550155096904888,0.0569795534272149,0.08
5.0,17.8068,16.741056819486744,0.0597333854596318,6.656377378125415e-06,1.0,17.783354003185934,0.0562323620066747,0.08
6.0,17.8068,16.92577691780664,0.0590814829272597,4.104972650750043e-06,1.5,18.216062946787503,0.0548966043277949,0.08
7.5,17.8068,17.244816352154984,0.0579884400957993,2.347135286088549e-06,1.5,18.79477288780802,0.0532062827238891,0.08
9.0,17.8068,17.739772959326213,0.0563705072377646,1.4846834797126275e-06,1.5,19.165252351564224,0.0521777632590568,0.08
10.5,17.8068,18.448256695765966,0.0542056637920432,1.008157123859356e-06,1.5,19.487565516592024,0.0513147729586122,0.08
12.0,17.8068,19.401472690789635,0.0515424790652477,6.232249645668744e-07,1.5,19.97676207062132,0.0500581624021363,0.0991344988748485
13.5,17.8068,20.62218161190123,0.0484914748022048,nan,1.5,nan,nan,nan
15.0,17.8068,22.12251572792504,0.0452028156426038,nan,1.5,nan,nan,nan
16.5,17.8068,23.90150828600988,0.0418383638402152,nan,1.5,nan,nan,nan
18.0,17.8068,25.942652310934008,0.0385465598511117,nan,1.5,nan,nan,nan
19.5,17.8068,28.2121659065765,0.0354457010961675,nan,nan,nan,nan,nan
Name:	16.0_12_80_0.02
Lambda:	16	Maximal Depth:	20	Filter time:	12 to 80 [us]
Chi2:	0.6038246369415675	RelRMS:	3.843328663847735	AbsRMS:	2.0630446326113979e-07	Phi model:	0.0479051851087066
depth_vector,start_model,resistivity_model,conductivity_model,E/I[V/A],modelled_thickness,rhoa,sigma,rel_err
0.0,17.8068,17.69435908854941,0.0565151862803062,6.250086171512199e-05,1.0,16.603976549449285,0.0602265365180347,0.02
1.0,17.8068,17.602788663705816,0.0568091805852241,4.300319740306108e-05,1.0,16.631810738990144,0.0601257443157219,0.02
2.0,17.8068,17.42368793958216,0.0573931307463476,2.6664328716067564e-05,1.0,16.93081068840519,0.0590639171628582,0.02
3.0,17.8068,17.186461109622993,0.0581853351671149,1.5313241922775165e-05,1.0,17.342619642274894,0.0576614156700046,0.02
4.0,17.8068,16.926405059808665,0.0590792904025719,9.819831933474523e-06,1.0,17.506119769055164,0.0571228812090991,0.02
5.0,17.8068,16.68624044122006,0.0599296170711826,6.6916166756250816e-06,1.0,17.720865444408854,0.0564306525060553,0.02
6.0,17.8068,16.509757973315324,0.0605702398312741,4.134623349514566e-06,1.5,18.128869736918,0.0551606368467406,0.02
7.5,17.8068,16.50552315654211,0.060585780318247,2.3673234223076413e-06,1.5,18.687767996740163,0.0535109382872495,0.0302396166134185
9.0,17.8068,16.7565016934519,0.0596783277496865,1.496986988162036e-06,1.5,19.06009711544791,0.0524656298413881,0.0503028308097432
10.5,17.8068,17.329462617139264,0.0577051938708691,1.0156836250453212e-06,1.5,19.391173996764145,0.0515698533862298,0.0652413127413127
12.0,17.8068,18.274859207425987,0.054719983812168,6.272742866499377e-07,1.5,19.89069698067011,0.0502747591485509,0.0991344988748485
13.5,17.8068,19.625277680824283,0.0509546930373929,nan,1.5,nan,nan,nan
15.0,17.8068,21.39366219533501,0.0467428152725555,nan,1.5,nan,nan,nan
16.5,17.8068,23.56746938482803,0.0424313694300911,nan,1.5,nan,nan,nan
18.0,17.8068,26.10314742001132,0.0383095564649562,nan,1.5,nan,nan,nan
19.5,17.8068,28.92295892060415,0.0345746091451113,nan,nan,nan,nan,nan
Name:	16.0_12_80_0.08_2
Lambda:	16	Maximal Depth:	20	Filter time:	12 to 80 [us]
Chi2:	0.1585142862877061	RelRMS:	3.7295822104427487	AbsRMS:	4.264197669352994e-07	Phi model:	0.0338025645045804
depth_vector,start_model,resistivity_model,conductivity_model,E/I[V/A],modelled_thickness,rhoa,sigma,rel_err
0.0,17.8068,16.488565485517835,0.0606480897855132,6.344937139710264e-05,1.0,16.43808539253103,0.0608343353937296,0.08
1.0,17.8068,16.496242193337032,0.0606198665295971,4.345692554048218e-05,1.0,16.515841290820745,0.0605479298566392,0.08
2.0,17.8068,16.514830405982448,0.0605516360396745,2.67835562438346e-05,1.0,16.880528111854282,0.0592398527684542,0.08
3.0,17.8068,16.552772550591815,0.0604128400208245,1.5292134398722198e-05,1.0,17.358574493839026,0.0576084171171385,0.08
4.0,17.8068,16.622830771456883,0.0601582253798253,9.782896519915331e-06,1.0,17.550155096904888,0.0569795534272149,0.08
5.0,17.8068,16.741056819486744,0.0597333854596318,6.656377378125415e-06,1.0,17.783354003185934,0.0562323620066747,0.08
6.0,17.8068,16.92577691780664,0.0590814829272597,4.104972650750043e-06,1.5,18.216062946787503,0.0548966043277949,0.08
7.5,17.8068,17.244816352154984,0.0579884400957993,2.347135286088549e-06,1.5,18.79477288780802,0.0532062827238891,0.08
9.0,17.8068,17.739772959326213,0.0563705072377646,1.4846834797126275e-06,1.5,19.165252351564224,0.0521777632590568,0.08
10.5,17.8068,18.448256695765966,0.0542056637920432,1.008157123859356e-06,1.5,19.487565516592024,0.0513147729586122,0.08
12.0,17.8068,19.401472690789635,0.0515424790652477,6.232249645668744e-07,1.5,19.97676207062132,0.0500581624021363,0.0991344988748485
13.5,17.8068,20.62218161190123,0.0484914748022048,nan,1.5,nan,nan,nan
15.0,17.8068,22.12251572792504,0.0452028156426038,nan,1.5,nan,nan,nan
16.5,17.8068,23.90150828600988,0.0418383638402152,nan,1.5,nan,nan,nan
18.0,17.8068,25.942652310934008,0.0385465598511117,nan,1.5,nan,nan,nan
19.5,17.8068,28.2121659065765,0.0354457010961675,nan,nan,nan,nan,nan
Name:	16.0_12_80_0.02_2
Lambda:	16	Maximal Depth:	20	Filter time:	12 to 80 [us]
Chi2:	0.6038246477598683	RelRMS:	3.843328778344459	AbsRMS:	2.063044533341109e-07	Phi model:	0.0479051834144412
depth_vector,start_model,resistivity_model,conductivity_model,E/I[V/A],modelled_thickness,rhoa,sigma,rel_err
0.0,17.8068,17.69435911746369,0.056515186187955,6.250086163596694e-05,1.0,16.60397656346817,0.0602265364671849,0.02
1.0,17.8068,17.60278869575896,0.0568091804817795,4.3003197357471736e-05,1.0,16.631810750744826,0.0601257442732275,0.02
2.0,17.8068,17.423687976970395,0.0573931306231918,2.666432869630769e-05,1.0,16.930810696769697,0.0590639171336783,0.02
3.0,17.8068,17.186461133804418,0.0581853350852479,1.5313241918101264e-05,1.0,17.342619645803765,0.0576614156582717,0.02
4.0,17.8068,16.9264050800102,0.0590792903320613,9.819831934172609e-06,1.0,17.5061197682255,0.0571228812118063,0.02
5.0,17.8068,16.686240455254698,0.0599296170207764,6.691616678583999e-06,1.0,17.720865439184944,0.0564306525226904,0.02
6.0,17.8068,16.509757983872866,0.0605702397925411,4.134623353589183e-06,1.5,18.12886972500749,0.0551606368829806,0.02
7.5,17.8068,16.505523150289214,0.0605857803411991,2.367323426311956e-06,1.5,18.687767975666663,0.0535109383475918,0.0302396166134185
9.0,17.8068,16.756501672421223,0.0596783278245873,1.4969869915800077e-06,1.5,19.060097086435466,0.052465629921249,0.0503028308097432
10.5,17.8068,17.32946258420515,0.057705193980536,1.0156836279047795e-06,1.5,19.391173960369443,0.0515698534830197,0.0652413127413127
12.0,17.8068,18.27485916365488,0.0547199839432308,6.272742888727245e-07,1.5,19.8906969336808,0.0502747592673188,0.0991344988748485
13.5,17.8068,19.62527762720103,0.0509546931766193,nan,1.5,nan,nan,nan
15.0,17.8068,21.39366213225554,0.0467428154103773,nan,1.5,nan,nan,nan
16.5,17.8068,23.56746931261932,0.0424313695600971,nan,1.5,nan,nan,nan
18.0,17.8068,26.103147376318542,0.0383095565290807,nan,1.5,nan,nan,nan
19.5,17.8068,28.92295862106548,0.0345746095031809,nan,nan,nan,nan,nan
Name:	16.0_12_80_0.02_3
Lambda:	16	Maximal Depth:	20	Filter time:	12 to 80 [us]
Chi2:	1.6846527820279518	RelRMS:	2.595883496636897	AbsRMS:	2.889042493889588e-07	Phi model:	0.1832642550903545
depth_vector,start_model,resistivity_model,conductivity_model,E/I[V/A],modelled_thickness,rhoa,sigma,rel_err
0.0,17.8068,19.81923526434014,0.0504560335786141,6.181652384139454e-05,1.0,16.726294086035164,0.0597861065252286,0.02
1.0,17.8068,19.569415853952076,0.0511001456284168,4.2821127199466674e-05,1.0,16.67892167881503,0.0599559143724599,0.02
2.0,17.8068,19.093040012649087,0.0523751062867674,2.6758374184028384e-05,1.0,16.891117191227117,0.0592027151714617,0.02
3.0,17.8068,18.434126229593133,0.0542472145164469,1.5438122290087907e-05,1.0,17.248969087040113,0.0579744792256218,0.02
4.0,17.8068,17.653224953849517,0.0566468734531101,9.87617685647709e-06,1.0,17.43947311168053,0.0573411819036106,0.02
5.0,17.8068,16.822660746922146,0.0594436287483808,6.701536734137826e-06,1.0,17.703373394702393,0.0564864095505799,0.02
6.0,17.8068,16.01638682289498,0.0624360544645767,4.11317266405705e-06,1.5,18.191844556091446,0.0549696869339813,0.02
7.5,17.8068,15.37124740175325,0.0650565288465749,2.3283761352063397e-06,1.5,18.895587708588277,0.0529224078881382,0.02
9.0,17.8068,15.05941240697245,0.0664036532751439,1.453041059657641e-06,1.5,19.442489287727344,0.0514337431386025,0.02
10.5,17.8068,15.248654805776097,0.0655795552287803,9.73109091550274e-07,1.5,19.952717351166783,0.05011848674043,0.02
12.0,17.8068,16.111649292355875,0.0620668922128566,5.90730761287457e-07,1.5,20.702776820969884,0.0483026991329538,0.02
13.5,17.8068,17.842794380093476,0.056045033008712,nan,1.5,nan,nan,nan
15.0,17.8068,20.67736503623221,0.0483620615222363,nan,1.5,nan,nan,nan
16.5,17.8068,24.91024814265621,0.0401441203746021,nan,1.5,nan,nan,nan
18.0,17.8068,30.914181085627582,0.0323476141007957,nan,1.5,nan,nan,nan
19.5,17.8068,39.15879358176298,0.0255370482216724,nan,nan,nan,nan,nan
Name:	16.0_7_110_0.02
Lambda:	16.0	Maximal Depth:	20	Filter time:	7.0 to 110.0 [us]
Chi2:	1.2604128880769108	RelRMS:	2.24536223186987	AbsRMS:	1.5506902001793921e-06	Phi model:	0.21231203139456323
depth_vector,start_model,resistivity_model,conductivity_model,E/I[V/A],modelled_thickness,rhoa,sigma,rel_err
0.0,17.5564,14.854448774776863,0.06731989959115946,0.00027431600424675375,1.0,16.081237434634538,0.06218426934274825,0.02
1.0,17.5564,15.276419336251454,0.06546036593974391,0.00017019523539809435,1.0,16.237209763705454,0.06158693609016925,0.02
2.0,17.5564,16.074632495585302,0.06220982036601071,9.802551882768615e-05,1.0,16.47918032432722,0.060682629858947554,0.02
3.0,17.5564,17.10701386593208,0.05845555558889558,6.27675175374687e-05,1.0,16.55691730543055,0.060397716649343125,0.02
4.0,17.5564,18.166445462292586,0.05504654182766038,4.2811407417245056e-05,1.0,16.681446073790326,0.05994684127362238,0.02
5.0,17.5564,19.028789958742912,0.0525519490292415,2.6731336508093582e-05,1.0,16.902505064254367,0.059162828006767636,0.02
6.0,17.5564,19.507144157851233,0.05126327010801938,1.5511819833226176e-05,1.5,17.194291841585162,0.058158836037751516,0.02
7.5,17.5564,19.250568097804386,0.05194651892450148,9.822763618475439e-06,1.5,17.50263636499379,0.057134249900778006,0.02
9.0,17.5564,18.38317840919419,0.054397557252659774,6.637115647526339e-06,1.5,17.817743711418757,0.05612382893122072,0.02
10.5,17.5564,17.30345561623593,0.057791924467485815,4.082614601086599e-06,1.5,18.282508080169222,0.054697090553165725,0.02
12.0,17.5564,16.539445572004013,0.06046151883668216,2.3336611078286886e-06,1.5,18.867048747770593,0.053002460181705104,0.02
13.5,17.5564,16.621543902420598,0.06016288293498234,1.4541808746841202e-06,1.5,19.432328361232347,0.051460637212934715,0.02
15.0,17.5564,18.060305242776174,0.055370049761478066,9.728540906518602e-07,1.5,19.95620382027674,0.05010973073866574,0.02
16.5,17.5564,21.42386892811936,0.04667690991553235,5.939453318105256e-07,1.5,20.628010442569412,0.04847777262785992,0.02
18.0,17.5564,27.464229034088504,0.036410998421211954,3.350727674126301e-07,1.5,21.47840341984904,0.0465583954473944,0.02
19.5,17.5564,37.251005872455956,0.026844912682999992,2.0872774034508657e-07,nan,22.19746198900676,0.04505019540050333,0.02
