Name:	10.0_12_80_0.08
Lambda:	10.0	Maximal Depth:	20	Filter time:	12.0 to 80.0 [us]
Chi2:	0.14980887867015438	RelRMS:	3.370486552796369	AbsRMS:	1.661001804416541e-07	Phi model:	0.026443232211037112
depth_vector,start_model,resistivity_model,conductivity_model,E/I[V/A],modelled_thickness,rhoa,sigma
0.0,18.7524,19.101815898319405,0.05235104376060817,5.5337418391952576e-05,1.0,18.007642150117903,0.05553197868236473
1.0,18.7524,19.030525406859987,0.05254715666649578,3.816956832384798e-05,1.0,18.00785011507618,0.05553133736729625
2.0,18.7524,18.892954579365412,0.052929783734947645,2.3766731406730197e-05,1.0,18.280379945557723,0.05470345818731234
3.0,18.7524,18.703926209753487,0.053464710499046594,1.3737474564454796e-05,1.0,18.644676862125287,0.0536346114976868
4.0,18.7524,18.48589660808613,0.05409529335799587,8.864330095213445e-06,1.0,18.74254886732862,0.053354536092108926
5.0,18.7524,18.26632369462821,0.05474555344128067,6.077290637289423e-06,1.0,18.89581493931099,0.05292177147224239
6.0,18.7524,18.075084775109307,0.0553247750946691,3.786956674030886e-06,1.5,19.222113592245098,0.0520234153856752
7.5,18.7524,17.981878221362816,0.055611543337668747,2.1920522507357594e-06,1.5,19.671096211641768,0.050836007777145586
9.0,18.7524,18.051065806280516,0.055398390916732994,1.3991196006141531e-06,1.5,19.938871092250626,0.05015329079431466
10.5,18.7524,18.33873841187234,0.05452937805975838,9.570342807155823e-07,1.5,20.17552018278525,0.04956501695818725
12.0,18.7524,18.8915429050535,0.052933738923595236,5.97347347357648e-07,1.5,20.54961541428242,0.048662711191421064
13.5,18.7524,19.747032980387857,0.050640519058897056,nan,1.5,nan,nan
15.0,18.7524,20.93394138372305,0.04776931308203331,nan,1.5,nan,nan
16.5,18.7524,22.47134355780591,0.044501121947941036,nan,1.5,nan,nan
18.0,18.7524,24.3663949472125,0.04104012933248459,nan,1.5,nan,nan
19.5,18.7524,26.610986237037032,0.03757846443917983,nan,nan,nan,nan
Name:	12.742749857031335_12_80_0.08
Lambda:	12.742749857031335	Maximal Depth:	20	Filter time:	12.0 to 80.0 [us]
Chi2:	0.15435516390331913	RelRMS:	3.4256210123522264	AbsRMS:	1.9033997699271985e-07	Phi model:	0.021835333081017545
depth_vector,start_model,resistivity_model,conductivity_model,E/I[V/A],modelled_thickness,rhoa,sigma
0.0,18.7524,18.824618039375,0.053121927781393706,5.543756558492566e-05,1.0,17.985948578202162,0.05559895802281661
1.0,18.7524,18.775902185314976,0.05325975764733802,3.820180676287359e-05,1.0,17.997717493764195,0.055562601221320285
2.0,18.7524,18.67858429516535,0.053537248016105474,2.3758144084232886e-05,1.0,18.284784612361243,0.05469028053652654
3.0,18.7524,18.548425056723424,0.05391293314348112,1.3718759106202698e-05,1.0,18.661630017400107,0.05358588714209851
4.0,18.7524,18.402437096104844,0.05434062862313303,8.850686985131032e-06,1.0,18.761804699001665,0.0532997766495891
5.0,18.7524,18.263407136873358,0.054754295981335556,6.0681462389701956e-06,1.0,18.914793551308744,0.052868671142900656
6.0,18.7524,18.156061114563926,0.055078025662617304,3.781689961874229e-06,1.5,19.239956383206195,0.05197516980198878
7.5,18.7524,18.143264801214347,0.05511687179548132,2.1899319584282206e-06,1.5,19.683791201655623,0.05080322127761084
9.0,18.7524,18.279335662959557,0.05470658334845046,1.398757943215475e-06,1.5,19.94230782199571,0.05014464769704502
10.5,18.7524,18.611547917660868,0.05373008222766254,9.57500829534267e-07,1.5,20.168965877106235,0.0495811240939774
12.0,18.7524,19.17881021463553,0.052140877812998566,5.982070889198356e-07,1.5,20.529921461687042,0.04870939237961533
13.5,18.7524,20.01018684762939,0.04997454584580604,nan,1.5,nan,nan
15.0,18.7524,21.125756217592308,0.047335583621250815,nan,1.5,nan,nan
16.5,18.7524,22.534635690682588,0.04437613342085094,nan,1.5,nan,nan
18.0,18.7524,24.23376721787049,0.04126473573050495,nan,1.5,nan,nan
19.5,18.7524,26.20562326272668,0.03815974876744643,nan,nan,nan,nan
Name:	16.237767391887218_12_80_0.08
Lambda:	16.237767391887218	Maximal Depth:	20	Filter time:	12.0 to 80.0 [us]
Chi2:	0.15913359401985117	RelRMS:	3.484083980273569	AbsRMS:	2.161422071820934e-07	Phi model:	0.018114699244449962
depth_vector,start_model,resistivity_model,conductivity_model,E/I[V/A],modelled_thickness,rhoa,sigma
0.0,18.7524,18.569734348455476,0.05385106653844912,5.5534213494336576e-05,1.0,17.96507485233162,0.05566355877833783
1.0,18.7524,18.53937938524561,0.05393923816003467,3.823448509763404e-05,1.0,17.987461146286726,0.0555942826987808
2.0,18.7524,18.481902529409496,0.05410698375931487,2.3752159086274318e-05,1.0,18.287856046916435,0.05468109533641111
3.0,18.7524,18.406758655307474,0.05432787047010345,1.3702833745086981e-05,1.0,18.67608618348546,0.053544409153790544
4.0,18.7524,18.32841332173445,0.05456009652587692,8.839171838137992e-06,1.0,18.778095671477626,0.05325353632737729
5.0,18.7524,18.26487922255413,0.05474988297569272,6.060586800110925e-06,1.0,18.930518708190032,0.052824754324738266
6.0,18.7524,18.236233678586178,0.05483588429634162,3.777493177599793e-06,1.5,19.254204104036273,0.051936709229667366
7.5,18.7524,18.298655922055694,0.05464882252880018,2.18844524178957e-06,1.5,19.692704959818823,0.050780225572891545
9.0,18.7524,18.496800724478053,0.05406340344450125,1.3987730587546714e-06,1.5,19.94216415357308,0.05014500895184076
10.5,18.7524,18.86950123362363,0.05299557140482847,9.58199164491172e-07,1.5,20.15916526653564,0.049605228528981166
12.0,18.7524,19.44767106870268,0.051420038752573796,5.991904006355421e-07,1.5,20.507454660081155,0.04876275562108412
13.5,18.7524,20.25323885423254,0.04937481887204521,nan,1.5,nan,nan
15.0,18.7524,21.29836775758921,0.0469519547874119,nan,1.5,nan,nan
16.5,18.7524,22.584516083002324,0.04427812384045834,nan,1.5,nan,nan
18.0,18.7524,24.101305264096748,0.041491528738473796,nan,1.5,nan,nan
19.5,18.7524,25.825519569077823,0.03872138941194235,nan,nan,nan,nan
Name:	20.6913808111479_12_80_0.08
Lambda:	20.6913808111479	Maximal Depth:	20	Filter time:	12.0 to 80.0 [us]
Chi2:	0.1639706175630402	RelRMS:	3.543937581132517	AbsRMS:	2.4074181891844735e-07	Phi model:	0.01519055672282451
depth_vector,start_model,resistivity_model,conductivity_model,E/I[V/A],modelled_thickness,rhoa,sigma
0.0,18.7524,18.34270532274976,0.05451758518737898,5.562187883064879e-05,1.0,17.946193453449514,0.05572212305600583
1.0,18.7524,18.329908758865905,0.05455564526562713,3.826452985384506e-05,1.0,17.978044250542325,0.05562340297220227
2.0,18.7524,18.30690670115475,0.05462419273360489,2.374742329830356e-05,1.0,18.290287315051845,0.05467382675706018
3.0,18.7524,18.281052258949924,0.054701446384763014,1.3689201626663523e-05,1.0,18.68848293184609,0.05350889120571425
4.0,18.7524,18.263592003451993,0.0547537417508555,8.829517050302723e-06,1.0,18.791781999884577,0.053214751001589004
5.0,18.7524,18.26861605175815,0.05473868393570848,6.0544455090497046e-06,1.0,18.943317918265624,0.052789062840769556
6.0,18.7524,18.31197535876054,0.05460907304692254,3.7742769017459438e-06,1.5,19.265140952154447,0.051907224685432095
7.5,18.7524,18.443483569170763,0.054219692079838525,2.18754290857526e-06,1.5,19.698119912004778,0.05076626624607774
9.0,18.7524,18.698488682423505,0.053480258056363424,1.3991272854930543e-06,1.5,19.93879808104732,0.05015347444390556
10.5,18.7524,19.107454228309603,0.05233559573406697,9.590981347979765e-07,1.5,20.146566400603774,0.04963624967726664
12.0,18.7524,19.693793976049243,0.050777417556828186,6.002740282759101e-07,1.5,20.482766895161536,0.04882152909899205
13.5,18.7524,20.472549449593327,0.048845894961062813,nan,1.5,nan,nan
15.0,18.7524,21.449470314855958,0.04662119788139465,nan,1.5,nan,nan
16.5,18.7524,22.620252880312577,0.044208170673031906,nan,1.5,nan,nan
18.0,18.7524,23.969960901073907,0.04171888323585867,nan,1.5,nan,nan
19.5,18.7524,25.472871174503638,0.039257451315536124,nan,nan,nan,nan
Name:	26.366508987303583_12_80_0.08
Lambda:	26.366508987303583	Maximal Depth:	20	Filter time:	12.0 to 80.0 [us]
Chi2:	0.16871775298374406	RelRMS:	3.6036190279822597	AbsRMS:	2.6141503402773234e-07	Phi model:	0.01295091617102213
depth_vector,start_model,resistivity_model,conductivity_model,E/I[V/A],modelled_thickness,rhoa,sigma
0.0,18.7524,18.147495916171344,0.055104021216993024,5.569426049912124e-05,1.0,17.930641199178467,0.05577045398944335
1.0,18.7524,18.14988804307472,0.05509675859304049,3.828831099810151e-05,1.0,17.97059928500388,0.05564644696264976
2.0,18.7524,18.156885633702146,0.0550755245240867,2.3742254348089957e-05,1.0,18.292941883373018,0.054665892800377223
3.0,18.7524,18.174030612599765,0.05502356749122652,1.3677201358528895e-05,1.0,18.699412751874274,0.05347761522081854
4.0,18.7524,18.209916265500755,0.054915134447626794,8.821370019333643e-06,1.0,18.803350397506883,0.05318201165535845
5.0,18.7524,18.27527959168827,0.05471872509435134,6.049510767846388e-06,1.0,18.953618218636425,0.05276037474558474
6.0,18.7524,18.382250567013283,0.05440030296369082,3.7719337276190124e-06,1.5,19.273118629852306,0.05188573884721962
7.5,18.7524,18.574854847119003,0.05383622150646857,2.1871721744344534e-06,1.5,19.7003457874538,0.050760530337333055
9.0,18.7524,18.87981645258764,0.05296661662528724,1.3997843930321616e-06,1.5,19.932557615299878,0.05016917644489424
10.5,18.7524,19.31976968194106,0.051760451416495865,9.601696818655643e-07,1.5,20.131574598003642,0.04967321334612174
12.0,18.7524,19.9111396977569,0.050223142179684245,6.014381927456972e-07,1.5,20.456326928418548,0.04888463131720728
13.5,18.7524,20.662867136782737,0.048395994291608395,nan,1.5,nan,nan
15.0,18.7524,21.575436273306924,0.04634900482810619,nan,1.5,nan,nan
16.5,18.7524,22.64042995542447,0.04416877249985298,nan,1.5,nan,nan
18.0,18.7524,23.840370848681403,0.04194565622939164,nan,1.5,nan,nan
19.5,18.7524,25.149087512659083,0.039762874080287745,nan,nan,nan,nan
Name:	33.59818286283781_12_80_0.08
Lambda:	33.59818286283781	Maximal Depth:	20	Filter time:	12.0 to 80.0 [us]
Chi2:	0.17328465178188537	RelRMS:	3.662128000696659	AbsRMS:	2.755087990226397e-07	Phi model:	0.01125662991792471
depth_vector,start_model,resistivity_model,conductivity_model,E/I[V/A],modelled_thickness,rhoa,sigma
0.0,18.7524,17.985975192959916,0.05559887575022458,5.5744723956492946e-05,1.0,17.91981830679735,0.05580413723395174
1.0,18.7524,18.001270069080295,0.05555163586582928,3.8301680129600125e-05,1.0,17.966417305121137,0.055659399590755394
2.0,18.7524,18.033584930354657,0.055452091409555,2.3734425572875175e-05,1.0,18.29696426730695,0.05465387511232133
3.0,18.7524,18.087171592086168,0.05528780411623553,1.3665755073400681e-05,1.0,18.709852908827834,0.05344777454280102
4.0,18.7524,18.168393012760735,0.05504064114518224,8.814102575067042e-06,1.0,18.813684860782466,0.053152798476205035
5.0,18.7524,18.285212348230235,0.05468900119701299,6.045387481249095e-06,1.0,18.962235512289702,0.05273639805559241
6.0,18.7524,18.446652090294567,0.05421037894058484,3.7702484136187937e-06,1.5,19.278861635564407,0.05187028253552399
7.5,18.7524,18.691398147780543,0.05350054565708035,2.187227436766917e-06,1.5,19.700013954368448,0.05076138536329572
9.0,18.7524,19.038544712051415,0.05252502305845883,1.4006835199703205e-06,1.5,19.924026629204086,0.05019065767229139
10.5,18.7524,19.50360370343871,0.051272575838058505,9.613752708192277e-07,1.5,20.11474074193775,0.04971478443741876
12.0,18.7524,20.096739016079283,0.04975931663340534,6.026616376856489e-07,1.5,20.428632377473054,0.04895090290541007
13.5,18.7524,20.821554998945988,0.04802715263344266,nan,1.5,nan,nan
15.0,18.7524,21.674368214267368,0.04613744631973817,nan,1.5,nan,nan
16.5,18.7524,22.64393985248962,0.04416192617160894,nan,1.5,nan,nan
18.0,18.7524,23.71170311454801,0.0421732675704118,nan,1.5,nan,nan
19.5,18.7524,24.852573651154028,0.04023728141948651,nan,nan,nan,nan
Name:	42.81332398719393_12_80_0.08
Lambda:	42.81332398719393	Maximal Depth:	20	Filter time:	12.0 to 80.0 [us]
Chi2:	0.1776718776931602	RelRMS:	3.719744056057949	AbsRMS:	2.814603997258121e-07	Phi model:	0.009968545170481966
depth_vector,start_model,resistivity_model,conductivity_model,E/I[V/A],modelled_thickness,rhoa,sigma
0.0,18.7524,17.858045494414842,0.05599716947259167,5.576933159120397e-05,1.0,17.914546630707704,0.05582055860045483
1.0,18.7524,17.883890314686877,0.05591624542556968,3.8302114853771e-05,1.0,17.9662813604843,0.0556598207461805
2.0,18.7524,17.937026903885698,0.055750599324984565,2.372254361528975e-05,1.0,18.30307338197738,0.054635632996187254
3.0,18.7524,18.02061377965154,0.055492005556945945,1.3654185300532327e-05,1.0,18.720420520382657,0.05341760346201664
4.0,18.7524,18.13924172260495,0.055129096094122254,8.807340501694993e-06,1.0,18.823313438488807,0.053125609540946105
5.0,18.7524,18.29858955389741,0.05464902073761255,6.041859519936708e-06,1.0,18.969616410420794,0.05271587882244465
6.0,18.7524,18.505044294296177,0.054039319446980774,3.7691224799524466e-06,1.5,19.282700838437666,0.05185995511617462
7.5,18.7524,18.79265138422184,0.053212289184462386,2.187678230296748e-06,1.5,19.697307601510193,0.05076835983022014
9.0,18.7524,19.173813708642257,0.0521544652094574,1.4018189372026343e-06,1.5,19.91326673361339,0.0502177775940705
10.5,18.7524,19.6577849786647,0.05087043128640057,9.62719094375768e-07,1.5,20.096018108637853,0.0497611016567591
12.0,18.7524,20.249240617927196,0.049384567987931026,6.039537265438477e-07,1.5,20.399485520900054,0.04902084412743948
13.5,18.7524,20.947304859935073,0.04773883832247332,nan,1.5,nan,nan
15.0,18.7524,21.745041540325968,0.045987495500779324,nan,1.5,nan,nan
16.5,18.7524,22.629423301991363,0.04419025560903274,nan,1.5,nan,nan
18.0,18.7524,23.58180438176452,0.0424055760878623,nan,1.5,nan,nan
19.5,18.7524,24.578906910384045,0.04068529180919441,nan,nan,nan,nan
Name:	54.5559478116852_12_80_0.08
Lambda:	54.5559478116852	Maximal Depth:	20	Filter time:	12.0 to 80.0 [us]
Chi2:	0.18195686686159995	RelRMS:	3.7774041280672126	AbsRMS:	2.77721224321376e-07	Phi model:	0.008963643453802555
depth_vector,start_model,resistivity_model,conductivity_model,E/I[V/A],modelled_thickness,rhoa,sigma
0.0,18.7524,17.762856086720664,0.05629725282453817,5.576375892453106e-05,1.0,17.915740119528063,0.055816840014887535
1.0,18.7524,17.797091760589556,0.056188955670523184,3.828669117903228e-05,1.0,17.971106143710443,0.05564487750521587
2.0,18.7524,17.866801363382038,0.05596972729822235,2.3704864542335605e-05,1.0,18.31217253154148,0.054608485054275645
3.0,18.7524,17.97428249712845,0.05563504413373713,1.3641570373807957e-05,1.0,18.73195977597038,0.05338469716782191
4.0,18.7524,18.12271159663383,0.05517938056166734,8.800554344278778e-06,1.0,18.832988704548704,0.053098316772126106
5.0,18.7524,18.31591569268847,0.054597324904656006,6.038610497124046e-06,1.0,18.976420093816653,0.052696978410898675
6.0,18.7524,18.55811228085608,0.053884790913328304,3.768400763040823e-06,1.5,19.285162750531534,0.051853334759772156
7.5,18.7524,18.87929342835399,0.05296808399079933,2.1884677043689752e-06,1.5,19.692570208091333,0.05078057305029272
9.0,18.7524,19.286184143064922,0.05185058861732313,1.4031733981972977e-06,1.5,19.900450031036765,0.05025011989379129
10.5,18.7524,19.78268854585372,0.05054924651329009,9.642010726186312e-07,1.5,20.075421093628066,0.049812155637293194
12.0,18.7524,20.36882979552432,0.049094622029770794,6.053239979623618e-07,1.5,20.368688362338318,0.049094962925987855
13.5,18.7524,21.04006326318935,0.04752837420168552,nan,1.5,nan,nan
15.0,18.7524,21.787007450352508,0.0458989148591777,nan,1.5,nan,nan
16.5,18.7524,22.59561946162933,0.044256365783560236,nan,1.5,nan,nan
18.0,18.7524,23.44781948979585,0.04264788887662605,nan,1.5,nan,nan
19.5,18.7524,24.322530593454356,0.041114142961305125,nan,nan,nan,nan
Name:	69.51927961775606_12_80_0.08
Lambda:	69.51927961775606	Maximal Depth:	20	Filter time:	12.0 to 80.0 [us]
Chi2:	0.1863263141791892	RelRMS:	3.837155407903496	AbsRMS:	2.633577573711007e-07	Phi model:	0.008140750761991212
depth_vector,start_model,resistivity_model,conductivity_model,E/I[V/A],modelled_thickness,rhoa,sigma
0.0,18.7524,17.69894379848145,0.05650054666458678,5.572486972567386e-05,1.0,17.924074492433647,0.05579088618618125
1.0,18.7524,17.739595741823983,0.05637107037576608,3.825319924753046e-05,1.0,17.981594142506687,0.05561242190624802
2.0,18.7524,17.821977045501235,0.05611049758659789,2.3680009441557664e-05,1.0,18.324984218662713,0.05457030620422418
3.0,18.7524,17.947708691286945,0.05571741870790832,1.3627165091682348e-05,1.0,18.74515849312406,0.05334710828755124
4.0,18.7524,18.118844894822008,0.05519115626878507,8.793328431073753e-06,1.0,18.843304624669518,0.053069247667461
5.0,18.7524,18.337726395071655,0.05453238741029283,6.035405485739261e-06,1.0,18.983137594511955,0.05267833070382954
6.0,18.7524,18.606806116143797,0.05374377492612079,3.767982190846594e-06,1.5,19.28659093906575,0.05184949497603854
7.5,18.7524,18.952558271990778,0.05276332543864855,2.189574412066717e-06,1.5,19.685933985312126,0.05079769142506066
9.0,18.7524,19.377007587360474,0.0516075557844285,1.4047558742992712e-06,1.5,19.88550180986838,0.050287893640367676
10.5,18.7524,19.879618444630935,0.05030277632265517,9.65841550064343e-07,1.5,20.052682646591222,0.04986863940471282
12.0,18.7524,20.45659644177841,0.048883987267681776,6.067967014670479e-07,1.5,20.335718302087063,0.04917456001037198
13.5,18.7524,21.100495036054852,0.047392253039148104,nan,1.5,nan,nan
15.0,18.7524,21.80017909901193,0.045871182775985724,nan,1.5,nan,nan
16.5,18.7524,22.54116665395619,0.04436327610507642,nan,1.5,nan,nan
18.0,18.7524,23.306332919273853,0.04290679290747713,nan,1.5,nan,nan
19.5,18.7524,24.076916731419853,0.04153355727209962,nan,nan,nan,nan
Name:	88.58667904100822_12_80_0.08
Lambda:	88.58667904100822	Maximal Depth:	20	Filter time:	12.0 to 80.0 [us]
Chi2:	0.19108953284631716	RelRMS:	3.902107085493563	AbsRMS:	2.3807395911231276e-07	Phi model:	0.007422145088065103
depth_vector,start_model,resistivity_model,conductivity_model,E/I[V/A],modelled_thickness,rhoa,sigma
0.0,18.7524,17.66465598017619,0.05661021653193984,5.565027377493376e-05,1.0,17.94008836808692,0.055741085522124284
1.0,18.7524,17.709941881636023,0.05646545915754418,3.819988354192069e-05,1.0,17.998321567105815,0.055560736387087625
2.0,18.7524,17.801461643706542,0.05617516246782668,2.3646836177775038e-05,1.0,18.34211850493016,0.05451932936379247
3.0,18.7524,17.940303004258038,0.05574041864079192,1.3610340051164986e-05,1.0,18.760603765146598,0.05330318856037019
4.0,18.7524,18.127633084321335,0.055164399861165773,8.78532043471703e-06,1.0,18.854753586673315,0.053037023019320055
5.0,18.7524,18.364609312266122,0.05445256051987331,6.032060800966939e-06,1.0,18.990154184382995,0.05265886681543501
6.0,18.7524,18.65226708889849,0.053612785793485815,3.7677985842564618e-06,1.5,19.287217497051582,0.05184781061098466
7.5,18.7524,19.01402461265615,0.05259275825983617,2.190997520481394e-06,1.5,19.677408720241495,0.0508196995964887
9.0,18.7524,19.44811812947747,0.05141885674194369,1.4065901086119929e-06,1.5,19.86821053623775,0.05033165911827308
10.5,18.7524,19.950443526903424,0.05012419892577764,9.676721186590962e-07,1.5,20.02738523876423,0.04993163051881774
12.0,18.7524,20.514188756929553,0.04874674849924089,6.084040041536172e-07,1.5,20.29988677890756,0.04926135849383368
13.5,18.7524,21.129713934981552,0.04732671739319849,nan,1.5,nan,nan
15.0,18.7524,21.784720889687513,0.04590373248589022,nan,1.5,nan,nan
16.5,18.7524,22.464719064599034,0.044514244630632714,nan,1.5,nan,nan
18.0,18.7524,23.153754941029586,0.04318953891266902,nan,1.5,nan,nan
19.5,18.7524,23.83533266960185,0.04195452246720013,nan,nan,nan,nan
Name:	112.88378916846884_12_80_0.08
Lambda:	112.88378916846884	Maximal Depth:	20	Filter time:	12.0 to 80.0 [us]
Chi2:	0.19669108602764498	RelRMS:	3.9763880652675274	AbsRMS:	2.027424870038313e-07	Phi model:	0.006752126875121902
depth_vector,start_model,resistivity_model,conductivity_model,E/I[V/A],modelled_thickness,rhoa,sigma
0.0,18.7524,17.658328882248217,0.05663050035302561,5.5538375177528716e-05,1.0,17.964177384186595,0.05566633966107874
1.0,18.7524,17.706649950367954,0.05647595693160577,3.812549607109888e-05,1.0,18.021725234102092,0.05548858319666994
2.0,18.7524,17.804129887167104,0.056166743690225604,2.3604484958270224e-05,1.0,18.364051596055372,0.054454214244028895
3.0,18.7524,17.951433921641122,0.055705856388133024,1.3590609228020122e-05,1.0,18.77875711597479,0.05325166057711646
4.0,18.7524,18.149030115974846,0.05509936308496156,8.776274145913431e-06,1.0,18.867707926570446,0.05300060844124846
5.0,18.7524,18.397141727201312,0.05435626983953916,6.028448457473698e-06,1.0,18.99773956463217,0.052637841286217346
6.0,18.7524,18.695680655159748,0.05348829060813113,3.767813624607625e-06,1.5,19.287166169899017,0.05184794858877061
7.5,18.7524,19.065392210156038,0.052451058387736976,2.1927529537603848e-06,1.5,19.66690533648505,0.05084684056239649
9.0,18.7524,19.501553092438527,0.05127796720906998,1.4087100149381149e-06,1.5,19.84827299735148,0.05038221713966945
10.5,18.7524,19.99729943649109,0.050006752320525795,9.697311103965209e-07,1.5,19.999026293613476,0.050002434384485095
12.0,18.7524,20.543545963616502,0.04867708825784228,6.101820945468654e-07,1.5,20.260431249068624,0.04935729095331918
13.5,18.7524,21.12910286550087,0.04732808611731348,nan,1.5,nan,nan
15.0,18.7524,21.741013939917195,0.045996014848413674,nan,1.5,nan,nan
16.5,18.7524,22.36510594233857,0.04471250896723616,nan,1.5,nan,nan
18.0,18.7524,22.9867041778466,0.04350340928664964,nan,1.5,nan,nan
19.5,18.7524,23.591439824050543,0.04238825639546338,nan,nan,nan,nan
Name:	143.8449888287663_12_80_0.08
Lambda:	143.8449888287663	Maximal Depth:	20	Filter time:	12.0 to 80.0 [us]
Chi2:	0.20371177405393984	RelRMS:	4.064942184895025	AbsRMS:	1.6115103627399198e-07	Phi model:	0.006094575413909476
depth_vector,start_model,resistivity_model,conductivity_model,E/I[V/A],modelled_thickness,rhoa,sigma
0.0,18.7524,17.678313726482152,0.05656648114022311,5.538855238190779e-05,1.0,17.996557497059868,0.05556618259705346
1.0,18.7524,17.72823929402408,0.05640718084943071,3.8029418198276875e-05,1.0,18.0520659694159,0.05539532160442002
2.0,18.7524,17.828829076654838,0.05608893302529919,2.3552448097788906e-05,1.0,18.39109071161517,0.054374154077138824
3.0,18.7524,17.98041164692776,0.05561607929987888,1.3567660623546471e-05,1.0,18.79992632058092,0.05319169782624446
4.0,18.7524,18.18290687921391,0.054996706887564084,8.766030724670923e-06,1.0,18.88240346098145,0.05295935986466963
5.0,18.7524,18.43580891474179,0.054242263229381374,6.024497810284868e-06,1.0,19.006044009614293,0.05261484186262778
6.0,18.7524,18.73815450195993,0.05336704849431167,3.7680186145667643e-06,1.5,19.28646664907057,0.051849829115702274
7.5,18.7524,19.10832430738466,0.05233321268330876,2.1948668631186055e-06,1.5,19.654275646661,0.05087951436001595
9.0,18.7524,19.539376094532553,0.051178706789917254,1.411153144511202e-06,1.5,19.8253575039528,0.05044045232478753
10.5,18.7524,20.02242055483261,0.04994401137771727,9.720576856573659e-07,1.5,19.967102385388532,0.050082379541048334
12.0,18.7524,20.54677696604749,0.04866943373417882,6.121663345958093e-07,1.5,20.216626914641562,0.04946423576109852
13.5,18.7524,21.100281752242655,0.04739273208490282,nan,1.5,nan,nan
15.0,18.7524,21.66975324816335,0.04614727212386493,nan,1.5,nan,nan
16.5,18.7524,22.241587165346477,0.04496082013238924,nan,1.5,nan,nan
18.0,18.7524,22.802430851540375,0.04385497346799089,nan,1.5,nan,nan
19.5,18.7524,23.3398666308153,0.042845146282014905,nan,nan,nan,nan
Name:	183.29807108324357_12_80_0.08
Lambda:	183.29807108324357	Maximal Depth:	20	Filter time:	12.0 to 80.0 [us]
Chi2:	0.21284730656202003	RelRMS:	4.173072614306305	AbsRMS:	1.25953087894102e-07	Phi model:	0.005430428719868704
depth_vector,start_model,resistivity_model,conductivity_model,E/I[V/A],modelled_thickness,rhoa,sigma
0.0,18.7524,17.722873300607894,0.056424259375916205,5.5201473260754766e-05,1.0,18.03719507593994,0.05544099267041324
1.0,18.7524,17.773126565655996,0.05626472057720873,3.7911856389769846e-05,1.0,18.089365439276975,0.05528109890625161
2.0,18.7524,17.874278450650653,0.05594631429519877,2.3490669717521735e-05,1.0,18.423321220867685,0.05427902971519176
3.0,18.7524,18.02638861182205,0.055474228451070945,1.3541394690779203e-05,1.0,18.824228992245754,0.05312302567143276
4.0,18.7524,18.228951458932126,0.05485779049074176,8.754541872022699e-06,1.0,18.89891981961047,0.05291307701947863
5.0,18.7524,18.480902451754787,0.054109911710780584,6.020196916709953e-06,1.0,19.01509501395576,0.05258979769841115
6.0,18.7524,18.78061397979393,0.05324639551592405,3.7684267417276497e-06,1.5,19.28507411871186,0.05185357307129679
7.5,18.7524,19.144345326706294,0.052234745191573805,2.197367465887663e-06,1.5,19.639361781704896,0.05091815157311033
9.0,18.7524,19.563589169310347,0.05111536494380657,1.4139528814500792e-06,1.5,19.79917835742536,0.050507146405141916
10.5,18.7524,20.02808638009318,0.04992988251708087,9.746849567075495e-07,1.5,19.931205257644187,0.05017258048739784
12.0,18.7524,20.526166786041752,0.04871830237100198,6.143857218460279e-07,1.5,20.1679109593008,0.04958371752126522
13.5,18.7524,21.045201700688473,0.047516769581129076,nan,1.5,nan,nan
15.0,18.7524,21.572153207109096,0.04635605868358335,nan,1.5,nan,nan
16.5,18.7524,22.094182950716124,0.04526078209049987,nan,1.5,nan,nan
18.0,18.7524,22.59926654407732,0.04424922366615805,nan,1.5,nan,nan
19.5,18.7524,23.07675307589171,0.04333365255984389,nan,nan,nan,nan
Name:	233.57214690901213_12_80_0.08
Lambda:	233.57214690901213	Maximal Depth:	20	Filter time:	12.0 to 80.0 [us]
Chi2:	0.22485235340046972	RelRMS:	4.305676382469528	AbsRMS:	1.2764836349958927e-07	Phi model:	0.004755255114290951
depth_vector,start_model,resistivity_model,conductivity_model,E/I[V/A],modelled_thickness,rhoa,sigma
0.0,18.7524,17.789991941789403,0.056211380155319804,5.4979471803605546e-05,1.0,18.08571735124268,0.0552922497116925
1.0,18.7524,17.839442110288697,0.05605556462011002,3.777406892001249e-05,1.0,18.133328138539166,0.05514707462193207
2.0,18.7524,17.938897795280273,0.05574478495903467,2.341965523946002e-05,1.0,18.46054528817818,0.054169580821666355
3.0,18.7524,18.088204971885837,0.05528464552200075,1.3511963062200993e-05,1.0,18.851554248550876,0.05304602404742677
4.0,18.7524,18.286534792275567,0.05468504620254303,8.741881662116202e-06,1.0,18.91716200795501,0.05286205190712443
5.0,18.7524,18.53240816117336,0.053959528157547655,6.015592241187881e-06,1.0,19.024797264650886,0.0525629779959892
6.0,18.7524,18.823713963734296,0.05312447915042678,3.7690656851471533e-06,1.5,19.282894547715724,0.05185943414903243
7.5,18.7524,19.174782024780352,0.05215183143712712,2.200275584130632e-06,1.5,19.622052987807248,0.05096306694418673
9.0,18.7524,19.576111554647092,0.051082667628271364,1.4171297312010531e-06,1.5,19.76957742650499,0.05058277060891064
10.5,18.7524,20.0166500259245,0.04995840955928456,9.776324674945286e-07,1.5,19.8911240722958,0.05027367967568973
12.0,18.7524,20.484269556090883,0.048817947706739466,6.168569215712104e-07,1.5,20.114011618502822,0.049716586574907955
13.5,18.7524,20.966317075608966,0.04769554883644032,nan,1.5,nan,nan
15.0,18.7524,21.45020889737334,0.04661959260091186,nan,1.5,nan,nan
16.5,18.7524,21.924025354629403,0.045612061828273855,nan,1.5,nan,nan
18.0,18.7524,22.377053857710827,0.04468863534756224,nan,1.5,nan,nan
19.5,18.7524,22.80023145635045,0.0438592038819621,nan,nan,nan,nan
Name:	297.63514416313194_12_80_0.08
Lambda:	297.63514416313194	Maximal Depth:	20	Filter time:	12.0 to 80.0 [us]
Chi2:	0.24044230509637093	RelRMS:	4.466222750896775	AbsRMS:	1.8169386454163664e-07	Phi model:	0.004076600272094042
depth_vector,start_model,resistivity_model,conductivity_model,E/I[V/A],modelled_thickness,rhoa,sigma
0.0,18.7524,17.87715851671885,0.05593730116924301,5.472685931063979e-05,1.0,18.14132893030409,0.055122753346341404
1.0,18.7524,17.924821871158272,0.055788559974982985,3.761854771607808e-05,1.0,18.183271187364756,0.054995605009448625
2.0,18.7524,18.020616670043076,0.055491996656383547,2.3340553858788002e-05,1.0,18.50223041887238,0.05404753791088854
3.0,18.7524,18.164222297778764,0.055053279111337804,1.347979313722283e-05,1.0,18.88153552573733,0.05296179426916337
4.0,18.7524,18.354574299029217,0.05448233141821712,8.728250550576317e-06,1.0,18.9368524657571,0.05280708617275589
5.0,18.7524,18.5899034326095,0.05379264091527495,6.010783903952284e-06,1.0,19.0349418592772,0.05253496477125422
6.0,18.7524,18.867772205899026,0.05300042787708392,3.76996820446751e-06,1.5,19.279816912681817,0.05186771246474976
7.5,18.7524,19.200736864404025,0.05208133453742007,2.203594579118493e-06,1.5,19.602345232285867,0.05101430406158539
9.0,18.7524,19.578797030284477,0.05107566100476962,1.4206825354837442e-06,1.5,19.73660419247863,0.05066727742258151
10.5,18.7524,19.99060428880232,0.0500235003181043,9.808988064435671e-07,1.5,19.846941964530284,0.050385596017117534
12.0,18.7524,20.424028571398342,0.0489619369902563,6.195785233421455e-07,1.5,20.05506564852777,0.04986271386618021
13.5,18.7524,20.866763622850584,0.04792310001081956,nan,1.5,nan,nan
15.0,18.7524,21.30693256106024,0.04693308138720836,nan,1.5,nan,nan
16.5,18.7524,21.733646716422264,0.046011606475796135,nan,1.5,nan,nan
18.0,18.7524,22.137471603424178,0.04517227702938406,nan,1.5,nan,nan
19.5,18.7524,22.510763536483346,0.044423193303918515,nan,nan,nan,nan
Name:	379.26901907322497_12_80_0.08
Lambda:	379.26901907322497	Maximal Depth:	20	Filter time:	12.0 to 80.0 [us]
Chi2:	0.26015837264814334	RelRMS:	4.655699201233507	AbsRMS:	2.66553901491195e-07	Phi model:	0.003410682326868596
depth_vector,start_model,resistivity_model,conductivity_model,E/I[V/A],modelled_thickness,rhoa,sigma
0.0,18.7524,17.981195262684324,0.05561365556578217,5.445001807330965e-05,1.0,18.202767804733014,0.0549367003264187
1.0,18.7524,18.02624470769712,0.05547467130372444,3.744906453157522e-05,1.0,18.238091227842425,0.0548302992625342
2.0,18.7524,18.11672813301459,0.055197604813513414,2.325516996749339e-05,1.0,18.54749138742683,0.05391564708734091
3.0,18.7524,18.252200315733663,0.05478791502950937,1.3445581615726308e-05,1.0,18.91355062427603,0.05287214547206563
4.0,18.7524,18.431438378011883,0.05425512537279608,8.713964414264756e-06,1.0,18.957544202618678,0.052749448415468615
5.0,18.7524,18.652492112195578,0.05361213900989504,6.005913816859004e-06,1.0,19.04523052959304,0.0525065841784467
6.0,18.7524,18.912735237850473,0.05287442495354548,3.7711609482173273e-06,1.5,19.275751481408893,0.051878651836971525
7.5,18.7524,19.223085172269048,0.05202078599966804,2.2073011041614252e-06,1.5,19.580394765914516,0.05107149329495627
9.0,18.7524,19.57346082129376,0.05108958549180585,1.4245811216318376e-06,1.5,19.700579572775965,0.0507599279658701
10.5,18.7524,19.95263606842251,0.05011869091235631,9.84455714952368e-07,1.5,19.799107522191154,0.050507327104476
12.0,18.7524,20.348855622737272,0.049142812674076206,6.22526641266309e-07,1.5,19.991698653968637,0.050020761982698544
13.5,18.7524,20.750459167834094,0.048191704670811804,nan,1.5,nan,nan
15.0,18.7524,21.14646988245372,0.04728921685551639,nan,1.5,nan,nan
16.5,18.7524,21.52710198177423,0.046453071149411704,nan,1.5,nan,nan
18.0,18.7524,21.884148761282162,0.04569517466309763,nan,1.5,nan,nan
19.5,18.7524,22.2112267179304,0.04502227691875895,nan,nan,nan,nan
Name:	483.2930238571752_12_80_0.08
Lambda:	483.2930238571752	Maximal Depth:	20	Filter time:	12.0 to 80.0 [us]
Chi2:	0.2842215942575819	RelRMS:	4.871881001653934	AbsRMS:	3.6556301912983405e-07	Phi model:	0.002778276680093824
depth_vector,start_model,resistivity_model,conductivity_model,E/I[V/A],modelled_thickness,rhoa,sigma
0.0,18.7524,18.09820574223544,0.055254096137625344,5.415715220929547e-05,1.0,18.26833225802223,0.054739534286763744
1.0,18.7524,18.139985427135073,0.055126835907162816,3.7270507513195085e-05,1.0,18.2962953266415,0.05465587334195932
2.0,18.7524,18.223851325296216,0.05487314301186803,2.3165868788081257e-05,1.0,18.595126136862344,0.05377753249103452
3.0,18.7524,18.3492721598702,0.05449807443518097,1.3410244808330322e-05,1.0,18.9467616171643,0.052779468080396255
4.0,18.7524,18.514935510836924,0.054010450072304754,8.699424443402983e-06,1.0,18.978661723337755,0.05269075420477705
5.0,18.7524,18.718806404858153,0.05342220964155421,6.001146094736928e-06,1.0,19.055316419460812,0.052478792688990465
6.0,18.7524,18.958189768780834,0.052747652186008694,3.772653034919355e-06,1.5,19.270668764929262,0.05189233504028166
7.5,18.7524,19.24249045623966,0.051968325112289986,2.211338911204177e-06,1.5,19.556552216465665,0.05113375757297591
9.0,18.7524,19.561891187429335,0.05111980178289765,1.4287624510411334e-06,1.5,19.662124454365188,0.05085920406622134
10.5,18.7524,19.905625780779456,0.05023705413801075,9.882454676031628e-07,1.5,19.7484576505993,0.050636865809601764
12.0,18.7524,20.26260987091457,0.04935198409141873,6.256532707516872e-07,1.5,19.925038929405027,0.050188107714269875
13.5,18.7524,20.622053899048677,0.04849177511101992,nan,1.5,nan,nan
15.0,18.7524,20.974013531826145,0.04767804685939539,nan,1.5,nan,nan
16.5,18.7524,21.309836530550715,0.04692668564427307,nan,1.5,nan,nan
18.0,18.7524,21.622476169889122,0.0462481721400888,nan,1.5,nan,nan
19.5,18.7524,21.906657604589885,0.045648223387144186,nan,nan,nan,nan
Name:	615.8482110660261_12_80_0.08
Lambda:	615.8482110660261	Maximal Depth:	20	Filter time:	12.0 to 80.0 [us]
Chi2:	0.31241891366244395	RelRMS:	5.1092534743542215	AbsRMS:	4.7044321951937334e-07	Phi model:	0.0022001514241236143
depth_vector,start_model,resistivity_model,conductivity_model,E/I[V/A],modelled_thickness,rhoa,sigma
0.0,18.7524,18.223692513170118,0.05487362120916538,5.3857658229472606e-05,1.0,18.335994529343544,0.054537538086612936
1.0,18.7524,18.261731859105954,0.05475931897999938,3.7088488331145006e-05,1.0,18.35610829079494,0.05447777841349254
2.0,18.7524,18.33804671882316,0.054531434854157394,2.307536938724878e-05,1.0,18.643713288058898,0.05363738352705142
3.0,18.7524,18.45205528868627,0.05419450485893254,1.3374825795872304e-05,1.0,18.980196557070617,0.05268649336655441
4.0,18.7524,18.60241658965506,0.053756456596940595,8.685069918639979e-06,1.0,18.999567690538726,0.05263277650775039
5.0,18.7524,18.78709435298455,0.05322802883784625,5.996642383124327e-06,1.0,19.064856081338935,0.05245253338045495
6.0,18.7524,19.0034270646833,0.05262208740540481,3.774427139019676e-06,1.5,19.264629729064687,0.0519086021410156
7.5,18.7524,19.25943366151044,0.05192260673783354,2.2156180898632006e-06,1.5,19.53136347642598,0.051199702530086176
9.0,18.7524,19.545830419083224,0.05116180681807552,1.4331322076297564e-06,1.5,19.62213632250506,0.050962850505379374
10.5,18.7524,19.85256727695368,0.05037131903644893,9.921831040258846e-07,1.5,19.696173099449368,0.050771284094165293
12.0,18.7524,20.16944535638298,0.049579945423909845,6.288885971975629e-07,1.5,19.85664376890859,0.050360978000007925
13.5,18.7524,20.486696215060313,0.04881216519747452,nan,1.5,nan,nan
15.0,18.7524,20.795480150353765,0.048087372485265185,nan,1.5,nan,nan
16.5,18.7524,21.088268702202114,0.047419729619415193,nan,1.5,nan,nan
18.0,18.7524,21.359090039229468,0.04681847392203208,nan,1.5,nan,nan
19.5,18.7524,21.603632638575068,0.04628851160033232,nan,nan,nan,nan
Name:	784.7599703514607_12_80_0.08
Lambda:	784.7599703514607	Maximal Depth:	20	Filter time:	12.0 to 80.0 [us]
Chi2:	0.34406689854888356	RelRMS:	5.359697570802963	AbsRMS:	5.758644212443312e-07	Phi model:	0.001692895726682708
depth_vector,start_model,resistivity_model,conductivity_model,E/I[V/A],modelled_thickness,rhoa,sigma
0.0,18.7524,18.35284771539595,0.05448745696075895,5.356120433626654e-05,1.0,18.403590406461113,0.05433722322188398
1.0,18.7524,18.386868440517993,0.05438664029358923,3.690877682043333e-05,1.0,18.415644856225658,0.054301655348329356
2.0,18.7524,18.45508511206674,0.05418560759419941,2.2986456602777428e-05,1.0,18.69175890227691,0.05349951308638945
3.0,18.7524,18.556897322347595,0.05388831886221226,1.3340374051040448e-05,1.0,19.01286029683243,0.05259597895255148
4.0,18.7524,18.69098777025792,0.05350172030989461,8.671322869062244e-06,1.0,19.01964298464579,0.052577222443517035
5.0,18.7524,18.855388533169183,0.05303523702207804,5.992537686344841e-06,1.0,19.073560965805267,0.05242859483830952
6.0,18.7524,19.04755509337011,0.05250017627449049,3.7764361214109215e-06,1.5,19.25779687873854,0.05192701980900236
7.5,18.7524,19.274251865175867,0.051882688209899844,2.220021239618565e-06,1.5,19.50552949784955,0.051267513661203
9.0,18.7524,19.526923853846547,0.05121134324508635,1.4375726884088546e-06,1.5,19.581708621903942,0.0510680665976925
10.5,18.7524,19.796412998607593,0.05051420174302972,9.961640620517164e-07,1.5,19.64366370605492,0.05090700059641941
12.0,18.7524,20.073541225984783,0.04981682049729824,6.321475757141892e-07,1.5,19.788338931193856,0.05053481262258068
13.5,18.7524,20.34964058357389,0.04914091705419083,nan,1.5,nan,nan
15.0,18.7524,20.6169919442813,0.04850368097841635,nan,1.5,nan,nan
16.5,18.7524,20.869144238129763,0.04791763325747263,nan,1.5,nan,nan
18.0,18.7524,21.101100654830354,0.047390892842885196,nan,1.5,nan,nan
19.5,18.7524,21.3093741513383,0.04692770387802293,nan,nan,nan,nan
Name:	1000.0_12_80_0.08
Lambda:	1000.0	Maximal Depth:	20	Filter time:	12.0 to 80.0 [us]
Chi2:	0.37807839562603646	RelRMS:	5.61375219089917	AbsRMS:	6.777970922286148e-07	Phi model:	0.0012661031147286476
depth_vector,start_model,resistivity_model,conductivity_model,E/I[V/A],modelled_thickness,rhoa,sigma
0.0,18.7524,18.48096140568525,0.054109739101147226,5.3276718171264865e-05,1.0,18.46904637039507,0.05414464720836634
1.0,18.7524,18.510872495349762,0.05402230501297098,3.673668599073149e-05,1.0,18.473111379794354,0.05413273267511324
2.0,18.7524,18.57081938060887,0.05384792019700391,2.2901674913061324e-05,1.0,18.737861578080235,0.053367882766826046
3.0,18.7524,18.660210289177876,0.05358996412703651,1.3307824507577311e-05,1.0,19.043849981051267,0.052510390545767026
4.0,18.7524,18.77779373651676,0.053254392610316205,8.658537646229426e-06,1.0,19.038361354774104,0.052525528923697926
5.0,18.7524,18.921724473866696,0.05284930564236505,5.988922975839347e-06,1.0,19.08123496304107,0.05240750936388161
6.0,18.7524,19.08963809412467,0.052384439928579676,3.7786068731241475e-06,1.5,19.250420633010986,0.05194691685256898
7.5,18.7524,19.28718075220881,0.051847909388492555,2.2244160224169237e-06,1.5,19.479829623815633,0.05133515124677584
9.0,18.7524,19.506649550187213,0.051264569931764765,1.4419559426850404e-06,1.5,19.542005535522648,0.05117182052692808
10.5,18.7524,19.739878695108615,0.05065887260228159,1.000076108100268e-06,1.5,19.592402870586746,0.05104019178276791
12.0,18.7524,19.97877352136955,0.05005312257683823,6.35339783888008e-07,1.5,19.72200013656057,0.05070479632267134
13.5,18.7524,20.21578270722764,0.04946630137859938,nan,1.5,nan,nan
15.0,18.7524,20.444275404215535,0.04891344790795587,nan,1.5,nan,nan
16.5,18.7524,20.658801857190767,0.048405517750388184,nan,1.5,nan,nan
18.0,18.7524,20.855230393362685,0.04794960214480568,nan,1.5,nan,nan
19.5,18.7524,21.030767943580035,0.04754938111070097,nan,nan,nan,nan
