Name:	10.0_8_150_1
Lambda:	10	Maximal Depth:	30	Filter time:	8 to 150 [us]
Chi2:	0.9140325022210865	RelRMS:	35.42567462472548	AbsRMS:	3.6116742061890004e-07	Phi model:	0.1041949562632614
depth_vector,start_model,resistivity_model,conductivity_model,E/I[V/A],modelled_thickness,rhoa,sigma
0.0,20.6629,18.22762822725407,0.0548617728830344,0.0001262580705927,1.0,19.81391220138446,0.0504695887332198
1.0,20.6629,18.54223713722929,0.0539309249794993,7.282232428297106e-05,1.0,20.0902503332084,0.0497753877335733
2.0,20.6629,19.15175938359852,0.0522145240011941,4.616955981579306e-05,1.0,20.318842257734868,0.0492154024976164
3.0,20.6629,20.01917714364321,0.0499521030672099,3.176618249652101e-05,1.0,20.353074162431003,0.0491326269446737
4.0,20.6629,21.06536733479712,0.0474712823235765,2.0131437154118603e-05,1.0,20.419652029092024,0.0489724309981038
5.0,20.6629,22.1785443166439,0.0450886219457401,1.188967756414034e-05,1.0,20.52954907245952,0.04871027592815
6.0,20.6629,23.2130149377687,0.0430792812859889,7.69492868485507e-06,1.5,20.59631534137969,0.0485523737340978
7.5,20.6629,23.84260143658444,0.0419417320152651,5.301678032805405e-06,1.5,20.696491586919013,0.0483173679848249
9.0,20.6629,23.88437457543473,0.0418683770362782,3.3481334933660974e-06,1.5,20.866976168884765,0.0479226118775715
10.5,20.6629,23.3108970123443,0.0428983920897788,1.9681303064171e-06,1.5,21.136184821935988,0.0473122282202112
12.0,20.6629,22.292762968314648,0.0448576069920686,1.2563458719093572e-06,1.5,21.422212089928177,0.0466805200042883
13.5,20.6629,21.105920788597626,0.04738006979256,8.578132515236019e-07,1.5,21.70274011359064,0.046077131033504
15.0,20.6629,20.03700721597365,0.0499076528356386,5.349792925720343e-07,1.5,22.11721009356996,0.0452136592169337
16.5,20.6629,19.31526693148896,0.0517725177470748,3.096084420670392e-07,2.0,22.64051080460334,0.0441686147733326
18.5,20.6629,19.30137166756067,0.0518097893364063,1.9625779659503706e-07,2.0,23.12803963271869,0.0432375599437024
20.5,20.6629,20.19068012575409,0.0495278016278637,1.3277622132644526e-07,2.0,23.58016964942017,0.0424085159211138
22.5,20.6629,22.123573463321257,0.0452006544809726,nan,2.0,nan,nan
24.5,20.6629,25.21769329602425,0.039654697527694,nan,2.0,nan,nan
26.5,20.6629,29.56506749831442,0.0338237008948825,nan,2.0,nan,nan
28.5,20.6629,35.19716496500399,0.0284113791833599,nan,nan,nan,nan
Name:	12.742749857031335_8_150_1
Lambda:	12.742749857031336	Maximal Depth:	30	Filter time:	8 to 150 [us]
Chi2:	0.9138747327597732	RelRMS:	35.8163372820835	AbsRMS:	3.9526786229927786e-07	Phi model:	0.0812687223260428
depth_vector,start_model,resistivity_model,conductivity_model,E/I[V/A],modelled_thickness,rhoa,sigma
0.0,20.6629,18.62337985886473,0.0536959460408578,0.0001257563942703,1.0,19.86657260272767,0.0503358087978749
1.0,20.6629,18.89560654293836,0.0529223551372961,7.2655041712041e-05,1.0,20.121076002209552,0.0496991313928831
2.0,20.6629,19.420856966873945,0.0514910336709494,4.610368815505305e-05,1.0,20.33819164776762,0.0491685798481382
3.0,20.6629,20.16449672511707,0.0495921129910666,3.172497266136033e-05,1.0,20.37069572426805,0.0490901250274274
4.0,20.6629,21.05354361554818,0.0474979423065622,2.0102299331575648e-05,1.0,20.43937914401636,0.0489251651409749
5.0,20.6629,21.991714879756856,0.0454716699205885,1.1867886111728208e-05,1.0,20.5546718781882,0.0486507401298466
6.0,20.6629,22.8534810667996,0.0437570100186072,7.677775031046615e-06,1.5,20.62698139888192,0.0484801910983545
7.5,20.6629,23.37086912775685,0.0427883102906229,5.288645935498974e-06,1.5,20.730477355020383,0.0482381559707705
9.0,20.6629,23.397434885116628,0.0427397278765849,3.339884132376351e-06,1.5,20.901322357230207,0.0478438628383758
10.5,20.6629,22.91287837102507,0.0436435782448253,1.9640324254686595e-06,1.5,21.165574519221945,0.0472465322919455
12.0,20.6629,22.06213853726756,0.045326521647518,1.2545974923625655e-06,1.5,21.44210982013581,0.0466372016741058
13.5,20.6629,21.07669215527472,0.0474457752968478,8.573588145929455e-07,1.5,21.71040835811172,0.0460608563185485
15.0,20.6629,20.20246752503575,0.0494989039710499,5.354352182605011e-07,1.5,22.10465303655064,0.0452393438768965
16.5,20.6629,19.63983098318941,0.050916935123115,3.104892983610495e-07,2.0,22.59766986898051,0.0442523501669827
18.5,20.6629,19.71583083764275,0.0507206624075276,1.9719730703011649e-07,2.0,23.05452164019724,0.0433754391267189
20.5,20.6629,20.602498811593488,0.0485378016106122,1.3365579987146328e-07,2.0,23.476602991118856,0.0425956004102594
22.5,20.6629,22.412190397109253,0.044618575082647,nan,2.0,nan,nan
24.5,20.6629,25.21755434488441,0.0396549160288756,nan,2.0,nan,nan
26.5,20.6629,29.05099606981124,0.0344222276440002,nan,2.0,nan,nan
28.5,20.6629,33.878178571723126,0.0295175255034124,nan,nan,nan,nan
Name:	16.237767391887218_8_150_1
Lambda:	16.237767391887218	Maximal Depth:	30	Filter time:	8 to 150 [us]
Chi2:	0.9238516235543666	RelRMS:	36.240434272844105	AbsRMS:	4.540234445483396e-07	Phi model:	0.0622431931419193
depth_vector,start_model,resistivity_model,conductivity_model,E/I[V/A],modelled_thickness,rhoa,sigma
0.0,20.6629,19.00541825842977,0.0526165742001733,0.0001253437896407,1.0,19.910146357077533,0.0502256478714696
1.0,20.6629,19.23616893520618,0.0519854032977321,7.252791757649816e-05,1.0,20.14458076962409,0.0496411422722628
2.0,20.6629,19.679058386272228,0.050815439457082,4.6058681201422525e-05,1.0,20.351438676889003,0.049136575348631
3.0,20.6629,20.3032941885899,0.0492530911836948,3.169677376367417e-05,1.0,20.382775734452466,0.0490610313839506
4.0,20.6629,21.04209755549045,0.0475237792887749,2.0080931640741936e-05,1.0,20.453875978595622,0.0488904890714342
5.0,20.6629,21.81572144912681,0.0458385023998381,1.1850730491245152e-05,1.0,20.57450430539243,0.0486038441148692
6.0,20.6629,22.51571193818081,0.0444134301746976,7.663818488949822e-06,1.5,20.652016267051703,0.0484214222509306
7.5,20.6629,22.929483966118635,0.0436119714459179,5.277959429958234e-06,1.5,20.75845049783047,0.0481731524279479
9.0,20.6629,22.93980733132793,0.043592345199619,3.333220469085416e-06,1.5,20.92916990184693,0.0477802036435163
10.5,20.6629,22.54012404408501,0.0443653281607569,1.9609288184552017e-06,1.5,21.187901459055105,0.0471967458378294
12.0,20.6629,21.849375774418768,0.045767897917285,1.2535085659605197e-06,1.5,21.45452590349187,0.0466102119663824
13.5,20.6629,21.058971968659783,0.0474856988027816,8.57363346384263e-07,1.5,21.710331854470503,0.0460610186294358
15.0,20.6629,20.372240682587048,0.0490864022068391,5.361805513080491e-07,1.5,22.08416348599092,0.0452813166608891
16.5,20.6629,19.96201663651445,0.050095139093853,3.115371082911529e-07,2.0,22.54697209742381,0.0443518533521518
18.5,20.6629,20.11889989528629,0.0497045069663223,1.9824123233873695e-07,2.0,22.97351470860183,0.0435283853029931
20.5,20.6629,20.9930840165256,0.047634735287717,1.346047835344222e-07,2.0,23.366130575735955,0.0427969875781841
22.5,20.6629,22.671648841445908,0.0441079520503116,nan,2.0,nan,nan
24.5,20.6629,25.19248202189368,0.0396943818052919,nan,2.0,nan,nan
26.5,20.6629,28.54358543863307,0.0350341411085141,nan,2.0,nan,nan
28.5,20.6629,32.64747504642659,0.0306302401204975,nan,nan,nan,nan
Name:	20.6913808111479_8_150_1
Lambda:	20.6913808111479	Maximal Depth:	30	Filter time:	8 to 150 [us]
Chi2:	0.9387650212230224	RelRMS:	36.68743458128343	AbsRMS:	5.135922150006977e-07	Phi model:	0.0469845667273659
depth_vector,start_model,resistivity_model,conductivity_model,E/I[V/A],modelled_thickness,rhoa,sigma
0.0,20.6629,19.364170252280484,0.0516417686361868,0.0001250187287797,1.0,19.944643630538817,0.0501387750277383
1.0,20.6629,19.55526977063789,0.0511371109541783,7.243819367208516e-05,1.0,20.16121175232264,0.0496001932961592
2.0,20.6629,19.91972460629985,0.0502014972477951,4.603233179138378e-05,1.0,20.359204193510983,0.0491178334130921
3.0,20.6629,20.43071725890153,0.0489459076413142,3.1680169422538426e-05,1.0,20.38989718214509,0.0490438961543991
4.0,20.6629,21.030170439326515,0.0475507320725273,2.006660026015979e-05,1.0,20.463613465970624,0.0488672248262957
5.0,20.6629,21.65117771729158,0.0461868639691297,1.183789990512293e-05,1.0,20.58936816288256,0.0485687560729885
6.0,20.6629,22.205615964700083,0.0450336528196148,7.652919284674993e-06,1.5,20.67161986674293,0.0483755025704989
7.5,20.6629,22.524879043558844,0.0443953549347008,5.269542720135601e-06,1.5,20.78054873107944,0.0481219246392852
9.0,20.6629,22.52587082914525,0.0443934002634048,3.3280916221259884e-06,1.5,20.950666697397377,0.0477311779354604
10.5,20.6629,22.20712030911988,0.0450306021708418,1.9587739839205897e-06,1.5,21.20343772653309,0.0471621636499369
12.0,20.6629,21.66260783019089,0.0461624938160175,1.2530339418558428e-06,1.5,21.45994325736342,0.0465984456718857
13.5,20.6629,21.050943865983843,0.0475038082076641,8.577828820000473e-07,1.5,21.70325236286471,0.0460760435017125
15.0,20.6629,20.535812323519018,0.0486954197012567,5.371750937050561e-07,1.5,22.05689687083107,0.0453372931766499
16.5,20.6629,20.26742598903208,0.0493402566532701,3.12718198361922e-07,2.0,22.49016526380097,0.0444638795789352
18.5,20.6629,20.496933278919123,0.048787786269885,1.9936189373226379e-07,2.0,22.88734072856732,0.0436922756496489
20.5,20.6629,21.35486328447607,0.0468277406733364,1.3560043168909092e-07,2.0,23.25161271013468,0.0430077695025485
22.5,20.6629,22.901021071194613,0.0436661752718886,nan,2.0,nan,nan
24.5,20.6629,25.14921103655969,0.0397626787793179,nan,2.0,nan,nan
26.5,20.6629,28.05377712363504,0.0356458239328318,nan,2.0,nan,nan
28.5,20.6629,31.51607394419388,0.0317298405179122,nan,nan,nan,nan
Name:	26.366508987303583_8_150_1
Lambda:	26.366508987303583	Maximal Depth:	30	Filter time:	8 to 150 [us]
Chi2:	0.955137892174214	RelRMS:	37.14721480606051	AbsRMS:	5.638068916158315e-07	Phi model:	0.0351096939393383
depth_vector,start_model,resistivity_model,conductivity_model,E/I[V/A],modelled_thickness,rhoa,sigma
0.0,20.6629,19.68951844776557,0.0507884437424361,0.0001247750091663,1.0,19.970606734292424,0.0500735913187282
1.0,20.6629,19.842784915394983,0.0503961517631606,7.238114504441537e-05,1.0,20.171803999117483,0.0495741481547089
2.0,20.6629,20.13749502705259,0.049658609407804,4.602138949583124e-05,1.0,20.362431208960164,0.0491100492734858
3.0,20.6629,20.544010044652747,0.0486759886617307,3.1673008331674204e-05,1.0,20.3929704278417,0.0490365051789973
4.0,20.6629,21.018502834345973,0.0475771280134147,2.0058048748917927e-05,1.0,20.46942933206524,0.0488533404511432
5.0,20.6629,21.49960345872404,0.0465124857730444,1.1828722036152495e-05,1.0,20.600016937653244,0.0485436494070145
6.0,20.6629,21.92593609849751,0.0456080869481566,7.644675147042363e-06,1.5,20.686478929652523,0.0483407545286295
7.5,20.6629,22.172558101817145,0.0451007951093403,5.263127484167798e-06,1.5,20.797431602377625,0.0480828603800133
9.0,20.6629,22.166835373067045,0.0451124386124602,3.3243226718185047e-06,1.5,20.966498916763207,0.0476951351758817
10.5,20.6629,21.915867239106152,0.0456290407808103,1.957452603837028e-06,1.5,21.212978919328005,0.0471409510094246
12.0,20.6629,21.50046795592005,0.0465106155852135,1.253088159345323e-06,1.5,21.45932424657288,0.04659978984006
13.5,20.6629,21.04527597424465,0.0475166018836629,8.58549597341936e-07,1.5,21.69032925447498,0.0461034956301406
15.0,20.6629,20.687032128353824,0.0483394618326807,5.383673792686711e-07,1.5,22.02431956758354,0.0454043538975818
16.5,20.6629,20.54804889353528,0.0486664210885061,3.139953071496238e-07,2.0,22.42914122366881,0.0445848545884016
18.5,20.6629,20.84548684465549,0.0479720146356949,2.00531097876362e-07,2.0,22.798290382761248,0.0438629381068039
20.5,20.6629,21.681617314577977,0.0461220205804312,1.3662075307825784e-07,2.0,23.135701838139724,0.043223240297447
22.5,20.6629,23.09973444889126,0.043290540945937,nan,2.0,nan,nan
24.5,20.6629,25.0880534467644,0.0398596089617694,nan,2.0,nan,nan
26.5,20.6629,27.58675679749972,0.0362492774101895,nan,2.0,nan,nan
28.5,20.6629,30.48732348606222,0.0328005179089324,nan,nan,nan,nan
Name:	33.59818286283781_8_150_1
Lambda:	33.59818286283781	Maximal Depth:	30	Filter time:	8 to 150 [us]
Chi2:	0.9721782440924956	RelRMS:	38.223255025712376	AbsRMS:	5.879899521656928e-07	Phi model:	0.0231030578076271
depth_vector,start_model,resistivity_model,conductivity_model,E/I[V/A],modelled_thickness,rhoa,sigma
0.0,20.6629,20.01565783202419,0.0499608860419287,0.0001246900959331,1.0,19.97967228390908,0.0500508709947842
1.0,20.6629,20.128059675323783,0.0496818876797131,7.240875634941616e-05,1.0,20.1666756576984,0.0495867547519296
2.0,20.6629,20.34346846291509,0.0491558261966458,4.606113806510203e-05,1.0,20.350714984319787,0.0491383226963032
3.0,20.6629,20.639037551925984,0.0484518717253209,3.1700207959843375e-05,1.0,20.381303615523823,0.0490645750077698
4.0,20.6629,20.98133862586354,0.0476614012972131,2.0072419876653147e-05,1.0,20.45965791772485,0.0488766725241123
5.0,20.6629,21.3253672036882,0.0468925102413735,1.1835589036067028e-05,1.0,20.59204809065332,0.0485624351496098
6.0,20.6629,21.62699506799025,0.0462385087182122,7.649238996549218e-06,1.5,20.67824984374056,0.0483599921442436
7.5,20.6629,21.7960904114232,0.0458797876648514,5.267523609271949e-06,1.5,20.78585869641177,0.0481096313895672
9.0,20.6629,21.786517539444475,0.0458999469827842,3.3293815832708367e-06,1.5,20.945254823192503,0.0477435108066915
10.5,20.6629,21.607844939425867,0.0462794879731569,1.963025075407174e-06,1.5,21.17281481378652,0.0472303757811577
12.0,20.6629,21.32263914670324,0.0468985097538741,1.2586334226498443e-06,1.5,21.39624781661476,0.0467371666551493
13.5,20.6629,21.02467856028012,0.0475631528507266,8.637717913454907e-07,1.5,21.602817288873464,0.0462902586559879
15.0,20.6629,20.816812115450617,0.0480380950961161,5.429391804749072e-07,1.5,21.9005087044769,0.045661039818476
16.5,20.6629,20.793134768273188,0.0480927965477255,3.176656398921973e-07,2.0,22.256041487748064,0.0449316200524922
18.5,20.6629,21.124203794285304,0.0473390623257728,2.0346436664636905e-07,2.0,22.57864427871286,0.0442896388133808
20.5,20.6629,21.883974879219352,0.0456955377402476,1.3898403965496905e-07,2.0,22.87268636644831,0.0437202689696689
22.5,20.6629,23.09234479562528,0.0433043941120022,nan,2.0,nan,nan
24.5,20.6629,24.721590788140688,0.0404504713539597,nan,2.0,nan,nan
26.5,20.6629,26.70250998057565,0.0374496629990002,nan,2.0,nan,nan
28.5,20.6629,28.93344370153914,0.0345620801421161,nan,nan,nan,nan
Name:	42.81332398719393_8_150_1
Lambda:	42.81332398719393	Maximal Depth:	30	Filter time:	8 to 150 [us]
Chi2:	0.9867973111661096	RelRMS:	38.76571291510319	AbsRMS:	6.083531022702069e-07	Phi model:	0.0168692272350929
depth_vector,start_model,resistivity_model,conductivity_model,E/I[V/A],modelled_thickness,rhoa,sigma
0.0,20.6629,20.243919386963096,0.0493975490064434,0.000124606672172,1.0,19.98858883950107,0.0500285441873624
1.0,20.6629,20.32855350708881,0.0491918915751328,7.241108867829083e-05,1.0,20.16624261562062,0.049587819558682
2.0,20.6629,20.490866796523417,0.0488022302780117,4.607591036230385e-05,1.0,20.346365019608253,0.0491488282568545
3.0,20.6629,20.71210039697069,0.0482809556169522,3.170855512403341e-05,1.0,20.37772658818688,0.0490731876135636
4.0,20.6629,20.96464553423445,0.0476993516712237,2.007381375225128e-05,1.0,20.458710794993426,0.0488789352379288
5.0,20.6629,21.215657489973587,0.0471349992557428,1.1833426539969352e-05,1.0,20.59455673948364,0.0485565196983731
6.0,20.6629,21.432519764864487,0.0466580696516774,7.646629303278078e-06,1.5,20.68295438463692,0.0483489921895679
7.5,20.6629,21.54981622015344,0.0464041080343319,5.265687118755863e-06,1.5,20.7906913438189,0.0480984486500638
9.0,20.6629,21.538678260963888,0.0464281042635922,3.328995224776188e-06,1.5,20.94687537635316,0.0477398171342011
10.5,20.6629,21.41030455656165,0.0467064817951657,1.963980272070988e-06,1.5,21.165949218077166,0.0472456958909233
12.0,20.6629,21.216455799951564,0.0471332257106902,1.2602579578559415e-06,1.5,21.377856645403988,0.0467773742048639
13.5,20.6629,21.03088986203893,0.0475491054615342,8.65654962174032e-07,1.5,21.571475656275982,0.0463575147075791
15.0,20.6629,20.93395568471548,0.0477692804485169,5.448465011563081e-07,1.5,21.84936805935557,0.0457679140780373
16.5,20.6629,20.99956198761005,0.0476200408651385,3.193571090757642e-07,2.0,22.17738613695279,0.0450909766292864
18.5,20.6629,21.36637262514084,0.0468025161567829,2.0489122580651605e-07,2.0,22.47369736008963,0.0444964610841414
20.5,20.6629,22.087890755096645,0.0452736755667471,1.4017362455895906e-07,2.0,22.74309644635973,0.0439693865942366
22.5,20.6629,23.170320002432096,0.0431586615935832,nan,2.0,nan,nan
24.5,20.6629,24.579196098010826,0.0406848131245809,nan,2.0,nan,nan
26.5,20.6629,26.24490395380528,0.0381026351538622,nan,2.0,nan,nan
28.5,20.6629,28.07603168806233,0.0356175691461835,nan,nan,nan,nan
Name:	54.5559478116852_8_150_1
Lambda:	54.5559478116852	Maximal Depth:	30	Filter time:	8 to 150 [us]
Chi2:	0.9996248238695904	RelRMS:	39.20051284734572	AbsRMS:	6.211384284741428e-07	Phi model:	0.01267376451848
depth_vector,start_model,resistivity_model,conductivity_model,E/I[V/A],modelled_thickness,rhoa,sigma
0.0,20.6629,20.42245568593876,0.0489657079137901,0.000124555855063,1.0,19.99402518632684,0.0500149414978161
1.0,20.6629,20.48524640593678,0.0488156197969965,7.241657201913309e-05,1.0,20.165224618641737,0.0495903228906039
2.0,20.6629,20.605318933150443,0.0485311585442713,4.608699147338446e-05,1.0,20.343103515518752,0.0491567080331252
3.0,20.6629,20.76737218981629,0.0481524571746429,3.171318074260328e-05,1.0,20.37574503814203,0.0490779600023492
4.0,20.6629,20.950363041599125,0.0477318697539701,2.0072521012440744e-05,1.0,20.459589193410856,0.0488768367021785
5.0,20.6629,21.12804687611732,0.0473304515965637,1.1829631498425973e-05,1.0,20.598961104352743,0.0485461375908269
6.0,20.6629,21.27980777297236,0.0469929057004973,7.642956692945695e-06,1.5,20.68957959988472,0.048333509879803
7.5,20.6629,21.360648429994097,0.0468150582262205,5.263022290549216e-06,1.5,20.79770872449224,0.048082219692901
9.0,20.6629,21.351731846869768,0.0468346084135841,3.327887187606877e-06,1.5,20.95152469836104,0.0477292232616477
10.5,20.6629,21.26640577489901,0.0470225204289251,1.964276366856092e-06,1.5,21.163822129529432,0.0472504443611213
12.0,20.6629,21.146205829452523,0.047289807356703,1.2612764581352545e-06,1.5,21.366346462333585,0.0468025734658419
13.5,20.6629,21.050308167638324,0.0475052427753694,8.669873988245951e-07,1.5,21.54936845912698,0.0464050722366511
15.0,20.6629,21.041846829485,0.0475243455626121,5.462833927830242e-07,1.5,21.811037583895576,0.0458483461024505
16.5,20.6629,21.177136492372213,0.0472207373437947,3.206764046530239e-07,2.0,22.1165176604264,0.0452150747850021
18.5,20.6629,21.57008227187977,0.0463605093107905,2.0602257267353225e-07,2.0,22.39134756724973,0.0446601079723593
20.5,20.6629,22.25706614077304,0.0449295515264739,1.41125942396434e-07,2.0,22.640667423653856,0.0441683092325824
22.5,20.6629,23.232967573507327,0.043042284496635,nan,2.0,nan,nan
24.5,20.6629,24.46210311441765,0.0408795595097713,nan,2.0,nan,nan
26.5,20.6629,25.878159124221327,0.0386426250491683,nan,2.0,nan,nan
28.5,20.6629,27.398159502128934,0.0364988020426078,nan,nan,nan,nan
Name:	69.51927961775606_8_150_1
Lambda:	69.51927961775606	Maximal Depth:	30	Filter time:	8 to 150 [us]
Chi2:	1.0121675448687086	RelRMS:	39.6610110419498	AbsRMS:	6.301459456956402e-07	Phi model:	0.0094710935855772
depth_vector,start_model,resistivity_model,conductivity_model,E/I[V/A],modelled_thickness,rhoa,sigma
0.0,20.6629,20.57509967763393,0.0486024376876796,0.000124522343164,1.0,19.997612267886243,0.0500059700430275
1.0,20.6629,20.61875439589241,0.0484995349767208,7.242520057336316e-05,1.0,20.16362296444853,0.0495942619916643
2.0,20.6629,20.700991545412595,0.0483068648091691,4.609810879515974e-05,1.0,20.3398326666708,0.0491646129242064
3.0,20.6629,20.81129759818806,0.0480508240911929,3.171795687808011e-05,1.0,20.373699514179165,0.0490828874404496
4.0,20.6629,20.934553459538453,0.047767916422615,2.007188168325508e-05,1.0,20.46002364339636,0.0488757988470242
5.0,20.6629,21.05338506810736,0.0474983000009269,1.1826849508062377e-05,1.0,20.60219126100232,0.0485385261854592
6.0,20.6629,21.1533985047567,0.0472737276601267,7.640379380085618e-06,1.5,20.69423211947404,0.0483226434412593
7.5,20.6629,21.20333950303536,0.0471623821264968,5.261375813113661e-06,1.5,20.80204740872125,0.0480721911815637
9.0,20.6629,21.195575002375485,0.0471796589565475,3.3276069161890897e-06,1.5,20.9527011255958,0.0477265434182326
10.5,20.6629,21.144641810805727,0.0472933052707926,1.965168214275096e-06,1.5,21.15741849515636,0.0472647454711421
12.0,20.6629,21.08518276201715,0.0474266697750137,1.2627220365614754e-06,1.5,21.35003639311002,0.0468383276537512
13.5,20.6629,21.063650111549983,0.0474751524405384,8.686316239214323e-07,1.5,21.52216613381681,0.0464637245982756
15.0,20.6629,21.1288449280084,0.0473286638908689,5.479258464161177e-07,1.5,21.767428837171813,0.0459401984258388
16.5,20.6629,21.324467553107137,0.0468944885732583,3.22118603514929e-07,2.0,22.050454487838,0.0453505391714966
18.5,20.6629,21.738644388482303,0.0460010284969667,2.0723241152725288e-07,2.0,22.30411427027956,0.044834777471191
20.5,20.6629,22.39168369727953,0.0446594375625935,1.4213108730632924e-07,2.0,22.53379866543961,0.0443777817866862
22.5,20.6629,23.268422219687366,0.0429766999480481,nan,2.0,nan,nan
24.5,20.6629,24.32760849706508,0.0411055612030521,nan,2.0,nan,nan
26.5,20.6629,25.51092104713673,0.0391988983130907,nan,2.0,nan,nan
28.5,20.6629,26.75289213277847,0.0373791362457881,nan,nan,nan,nan
Name:	88.58667904100822_8_150_1
Lambda:	88.58667904100822	Maximal Depth:	30	Filter time:	8 to 150 [us]
Chi2:	1.0232822631272471	RelRMS:	40.05776121131248	AbsRMS:	6.274350436454977e-07	Phi model:	0.0072763047172909
depth_vector,start_model,resistivity_model,conductivity_model,E/I[V/A],modelled_thickness,rhoa,sigma
0.0,20.6629,20.67083736445513,0.048377333843261,0.0001245418605126,1.0,19.99552295396683,0.0500111951211365
1.0,20.6629,20.700930102493587,0.0483070081899142,7.244439932913004e-05,1.0,20.16006038333534,0.0496030260319367
2.0,20.6629,20.757260814173502,0.0481759134286725,4.610769091087543e-05,1.0,20.33701454851201,0.0491714257082619
3.0,20.6629,20.8323146722397,0.0480023471099233,3.171914681503166e-05,1.0,20.373189967697844,0.0490841150347845
4.0,20.6629,20.915438230966668,0.0478115729136114,2.0067789776522324e-05,1.0,20.462804805465137,0.0488691559884754
5.0,20.6629,20.99565399786488,0.0476289045390866,1.182165637813504e-05,1.0,20.60822437068166,0.048524316409455
6.0,20.6629,21.06287988998064,0.0474768884987892,7.636238171380007e-06,1.5,20.70171323676725,0.0483051807627182
7.5,20.6629,21.09754271028813,0.0473988849664636,5.258644944725393e-06,1.5,20.809248596937543,0.0480555554585074
9.0,20.6629,21.09785329966085,0.0473981871897874,3.3265834346557715e-06,1.5,20.956998548383503,0.0477167566572711
10.5,20.6629,21.07846876451289,0.047441776306046,1.9655347317919584e-06,1.5,21.15478823365165,0.047270622090618
12.0,20.6629,21.06769855772476,0.0474660294412336,1.2637501546740897e-06,1.5,21.33845534001177,0.0468637482922626
13.5,20.6629,21.102558413378475,0.0473876190939021,8.699233774939213e-07,1.5,21.50085527614404,0.0465097777347274
15.0,20.6629,21.22043301929089,0.0471243918109931,5.492819764906035e-07,1.5,21.73158613543892,0.0460159692793543
16.5,20.6629,21.45312133921241,0.0466132635987184,3.233398075897065e-07,2.0,21.99489872617488,0.0454650877209976
18.5,20.6629,21.869803725388497,0.045725147447899,2.082678287913302e-07,2.0,22.23012863000781,0.0449839952185489
20.5,20.6629,22.479204043239992,0.0444855608800224,1.429961459614385e-07,2.0,22.4428276143373,0.0445576652454062
22.5,20.6629,23.26271779535753,0.0429872385848039,nan,2.0,nan,nan
24.5,20.6629,24.18078321453576,0.0413551534343549,nan,2.0,nan,nan
26.5,20.6629,25.18226329263612,0.0397104894178603,nan,2.0,nan,nan
28.5,20.6629,26.21397633721382,0.0381475891767088,nan,nan,nan,nan
Name:	112.88378916846884_8_150_1
Lambda:	112.88378916846884	Maximal Depth:	30	Filter time:	8 to 150 [us]
Chi2:	1.0337441155773497	RelRMS:	40.44828464873103	AbsRMS:	6.189480810078797e-07	Phi model:	0.0056514439397311
depth_vector,start_model,resistivity_model,conductivity_model,E/I[V/A],modelled_thickness,rhoa,sigma
0.0,20.6629,20.72919745070099,0.0482411343892227,0.0001245873324913,1.0,19.9906573372449,0.0500233675726552
1.0,20.6629,20.74968809651742,0.0481934955045342,7.24672445766266e-05,1.0,20.15582319752168,0.0496134536506034
2.0,20.6629,20.78777959503883,0.0481051858101602,4.611544596135208e-05,1.0,20.33473448823022,0.0491769391225049
3.0,20.6629,20.83872189482452,0.047987587964709,3.17182610924865e-05,1.0,20.37356924258172,0.049083201283649
4.0,20.6629,20.895414438778083,0.0478573900953207,2.006233258754832e-05,1.0,20.466515385323284,0.0488602960090171
5.0,20.6629,20.95052545719712,0.0477314997202836,1.1815951719554276e-05,1.0,20.61485684115062,0.0485087045573771
6.0,20.6629,20.99769908378381,0.0476242656878669,7.632067294607294e-06,1.5,20.70925478735338,0.0482875897886328
7.5,20.6629,21.02614895304002,0.0475598266821664,5.256076309661615e-06,1.5,20.816027673165483,0.0480399053893038
9.0,20.6629,21.03748331355929,0.0475342028842142,3.3257749110088554e-06,1.5,20.96039495831804,0.047709024662398
10.5,20.6629,21.045454655298208,0.0475161984560998,1.966076578024492e-06,1.5,21.1509012474206,0.0472793092030512
12.0,20.6629,21.07335001966604,0.0474532999768324,1.2648962188672683e-06,1.5,21.32556419859532,0.0468920770717929
13.5,20.6629,21.1497504045556,0.0472818818601567,8.712872365983236e-07,1.5,21.478412013133592,0.0465583768198748
15.0,20.6629,21.302751607720914,0.0469422926396777,5.506681338009169e-07,1.5,21.69510191175191,0.0460933534245494
16.5,20.6629,21.555601559651542,0.046391653567759,3.2456185257163144e-07,2.0,21.939653681054143,0.0455795708782561
18.5,20.6629,21.961862004788323,0.0455334798015747,2.0929201845083139e-07,2.0,22.157545904095688,0.0451313518350945
20.5,20.6629,22.523263280669,0.0443985397470475,1.4384549242403394e-07,2.0,22.35439687801841,0.04473392887568
22.5,20.6629,23.219864233965723,0.0430665739439256,nan,2.0,nan,nan
24.5,20.6629,24.0154760643722,0.0416398158137508,nan,2.0,nan,nan
26.5,20.6629,24.86568952878947,0.0402160575053509,nan,2.0,nan,nan
28.5,20.6629,25.725086653308885,0.0388725609937401,nan,nan,nan,nan
Name:	143.8449888287663_8_150_1
Lambda:	143.8449888287663	Maximal Depth:	30	Filter time:	8 to 150 [us]
Chi2:	1.0437979643816475	RelRMS:	40.8307052476433	AbsRMS:	6.077464824056435e-07	Phi model:	0.0044185863079729
depth_vector,start_model,resistivity_model,conductivity_model,E/I[V/A],modelled_thickness,rhoa,sigma
0.0,20.6629,20.759060735890905,0.0481717363190268,0.0001246442178965,1.0,19.98457462076577,0.0500385932138335
1.0,20.6629,20.77353532096804,0.0481381712139597,7.248938213034896e-05,1.0,20.15171939344525,0.0496235572000506
2.0,20.6629,20.80012453046082,0.0480766352401182,4.612034748281868e-05,1.0,20.333293722803976,0.0491804236752106
3.0,20.6629,20.835900818102928,0.047994085244021,3.1715173781417435e-05,1.0,20.37489139678304,0.0490800162084735
4.0,20.6629,20.87651883462693,0.0479007064310619,2.0055699724972744e-05,1.0,20.471027622218152,0.0488495261915749
5.0,20.6629,20.916892426130573,0.0478082489323673,1.1809905478639591e-05,1.0,20.621892277527024,0.0484921551592897
6.0,20.6629,20.953213421676807,0.0477253765269944,7.62794218247107e-06,1.5,20.716720348252103,0.0482701886780245
7.5,20.6629,20.981052992369573,0.0476620501537116,5.253686885714532e-06,1.5,20.82233873897641,0.0480253449209403
9.0,20.6629,21.004416161946253,0.0476090357518102,3.325161701476875e-06,1.5,20.96297181925849,0.0477031600586949
10.5,20.6629,21.03571320525644,0.0475382027812643,1.9667609495734253e-06,1.5,21.14599439294319,0.0472902802023686
12.0,20.6629,21.09299946979329,0.047409094255754,1.2661293994069568e-06,1.5,21.31171488134398,0.0469225496665868
13.5,20.6629,21.19861216438299,0.0471728994448116,8.726980150052828e-07,1.5,21.455258184995305,0.0466086211304298
15.0,20.6629,21.3733835226756,0.0467871639948384,5.520665725890037e-07,1.5,21.65844921236261,0.0461713574316854
16.5,20.6629,21.634244302116446,0.0462230150512893,3.2577412460344895e-07,2.0,21.885191914966363,0.0456929966109249
18.5,20.6629,22.022908068713456,0.0454072639671341,2.1029858839310533e-07,2.0,22.08678635624952,0.0452759393725491
20.5,20.6629,22.53578207926795,0.0443738760200366,1.4467522970890874e-07,2.0,22.268844100975787,0.0449057883501093
22.5,20.6629,23.15327340084656,0.04319043716572,nan,2.0,nan,nan
24.5,20.6629,23.84233372013266,0.0419422029629419,nan,2.0,nan,nan
26.5,20.6629,24.56385574767594,0.0407102211587695,nan,2.0,nan,nan
28.5,20.6629,25.279284466639584,0.0395580816901552,nan,nan,nan,nan
Name:	183.29807108324357_8_150_1
Lambda:	183.2980710832436	Maximal Depth:	30	Filter time:	8 to 150 [us]
Chi2:	1.0548688122233318	RelRMS:	41.2576432834477	AbsRMS:	5.934721163856434e-07	Phi model:	0.0033576130510933
depth_vector,start_model,resistivity_model,conductivity_model,E/I[V/A],modelled_thickness,rhoa,sigma
0.0,20.6629,20.77249337451556,0.0481405858204213,0.0001247174089636,1.0,19.97675515403441,0.0500581797338615
1.0,20.6629,20.782532313538425,0.0481173316568629,7.251598973833787e-05,1.0,20.14678970509188,0.0496356995153059
2.0,20.6629,20.80119648330093,0.0480741576958226,4.612617183566889e-05,1.0,20.33158202978172,0.049184564119762
3.0,20.6629,20.826656176234213,0.0480153891022181,3.1712272167961065e-05,1.0,20.37613422074322,0.0490770226170764
4.0,20.6629,20.85623360956688,0.0479472956968267,2.004914995956924e-05,1.0,20.47548577063409,0.048838890134377
5.0,20.6629,20.887455298064847,0.0478756260985342,1.1804127964509344e-05,1.0,20.628620633201272,0.0484763386646668
6.0,20.6629,20.9186192956778,0.0478043022756583,7.62424749524633e-06,1.5,20.723412647734808,0.0482546005814011
7.5,20.6629,20.94952661653019,0.0477337754835449,5.251793746801688e-06,1.5,20.82734238962851,0.0480138071047401
9.0,20.6629,20.98519623406694,0.0476526399298864,3.325046501815394e-06,1.5,20.963456005632324,0.0477020582737563
10.5,20.6629,21.036492101547832,0.0475364426337232,1.9678853603596774e-06,1.5,21.137938690275515,0.0473083026047402
12.0,20.6629,21.11845017205108,0.0473519596302306,1.2677319282624567e-06,1.5,21.29375112697638,0.0469621342917421
13.5,20.6629,21.24750218369056,0.0470643556760094,8.744153167242144e-07,1.5,21.42715771458892,0.0466697456246909
15.0,20.6629,21.43844396993704,0.0466451763664514,5.537007041137036e-07,1.5,21.615814643067303,0.0462624248270339
16.5,20.6629,21.70188194455637,0.0460789530859482,3.271540862955039e-07,2.0,21.823606260296067,0.0458219410702671
18.5,20.6629,22.066803555872127,0.0453169394229683,2.114286930618633e-07,2.0,22.00801221919482,0.0454379973093538
20.5,20.6629,22.525951960448047,0.0443932403725196,1.455988381017993e-07,2.0,22.17456909000413,0.0450967049659955
22.5,20.6629,23.05946537109344,0.0433661398435353,nan,2.0,nan,nan
24.5,20.6629,23.639615173395207,0.0423018730493308,nan,2.0,nan,nan
26.5,20.6629,24.2360855708036,0.0412607884667921,nan,2.0,nan,nan
28.5,20.6629,24.82046435417533,0.0402893348702309,nan,nan,nan,nan
Name:	233.57214690901213_8_150_1
Lambda:	233.57214690901213	Maximal Depth:	30	Filter time:	8 to 150 [us]
Chi2:	1.0650632188092926	RelRMS:	41.63517303753046	AbsRMS:	5.791144610486484e-07	Phi model:	0.0025990576397592
depth_vector,start_model,resistivity_model,conductivity_model,E/I[V/A],modelled_thickness,rhoa,sigma
0.0,20.6629,20.765132933495305,0.0481576498066595,0.000124788351846,1.0,19.96918317109302,0.0500771609650804
1.0,20.6629,20.773472706796337,0.0481383163091857,7.253660134229761e-05,1.0,20.142972989930296,0.0496451045483659
2.0,20.6629,20.789207190577976,0.0481018824254739,4.612695115553146e-05,1.0,20.33135302627533,0.0491851181132728
3.0,20.6629,20.8112677848422,0.04805089292678,3.1706065996785325e-05,1.0,20.37879309474237,0.0490706194106261
4.0,20.6629,20.83809618799853,0.0479890288910336,2.0040874830340115e-05,1.0,20.48112177318356,0.0488254506308011
5.0,20.6629,20.86840106940664,0.0479193397076316,1.1797626479534752e-05,1.0,20.636198674546023,0.0484585371448988
6.0,20.6629,20.90153256323821,0.0478433816742609,7.620216314654306e-06,1.5,20.730720616569577,0.0482375899273237
7.5,20.6629,20.939936451426497,0.0477556368100571,5.249690022510061e-06,1.5,20.83290615435825,0.04800098424054
9.0,20.6629,20.98862580527313,0.0476448534209782,3.324745660265597e-06,1.5,20.96472058025577,0.0476991809250147
10.5,20.6629,21.056628961207828,0.047490982618456,1.968808119357568e-06,1.5,21.13133342593759,0.0473230903059128
12.0,20.6629,21.155597332259145,0.0472688142194476,1.2691229638344478e-06,1.5,21.27818878998584,0.0469964812263828
13.5,20.6629,21.297668836352656,0.0469534956000966,8.759239411144415e-07,1.5,21.40254764857393,0.0467234095874857
15.0,20.6629,21.49320338443936,0.0465263358892318,5.551432190434139e-07,1.5,21.57835325330005,0.0463427393305402
16.5,20.6629,21.74893627751575,0.0459792601918563,3.283734680822858e-07,2.0,21.769546259393174,0.0459357300370244
18.5,20.6629,22.08580217589334,0.0452779569442807,2.1242687556443282e-07,2.0,21.939015133011544,0.0455808974986896
20.5,20.6629,22.495021941100305,0.0444542798232579,1.4641408603599217e-07,2.0,22.09217906751929,0.0452648874945177
22.5,20.6629,22.95835368014817,0.0435571301815377,nan,2.0,nan,nan
24.5,20.6629,23.45204973649179,0.0426401961123245,nan,2.0,nan,nan
26.5,20.6629,23.95110813753468,0.0417517216430108,nan,2.0,nan,nan
28.5,20.6629,24.43278324880018,0.0409286158607864,nan,nan,nan,nan
Name:	297.63514416313194_8_150_1
Lambda:	297.63514416313194	Maximal Depth:	30	Filter time:	8 to 150 [us]
Chi2:	1.0751593539755515	RelRMS:	41.99907476845082	AbsRMS:	5.65265685831264e-07	Phi model:	0.0020092794836571
depth_vector,start_model,resistivity_model,conductivity_model,E/I[V/A],modelled_thickness,rhoa,sigma
0.0,20.6629,20.74767926213992,0.0481981617011395,0.0001248558934135,1.0,19.9619808862404,0.0500952288101473
1.0,20.6629,20.75572052212268,0.0481794885864906,7.255364953054551e-05,1.0,20.139817489162727,0.0496528829289591
2.0,20.6629,20.77117978870218,0.0481436302690864,4.612531986977169e-05,1.0,20.331832387737688,0.0491839584809438
3.0,20.6629,20.793448822808426,0.0480920701765979,3.169857041929991e-05,1.0,20.382005538317287,0.0490628853043947
4.0,20.6629,20.82163000945288,0.0480269796142764,2.003220398681612e-05,1.0,20.4870314505303,0.0488113664693044
5.0,20.6629,20.855089404728485,0.047949926303038,1.1791209369893733e-05,1.0,20.64368519758026,0.0484409634437369
6.0,20.6629,20.893698488579275,0.0478613205099427,7.616398232705018e-06,1.5,20.7376482111406,0.0482214757343016
7.5,20.6629,20.94142416988232,0.0477522441591239,5.247799472633189e-06,1.5,20.83790930332019,0.047989459280383
9.0,20.6629,21.00265257553599,0.0476130334682013,3.324597115841038e-06,1.5,20.96534505074167,0.0476977601646782
10.5,20.6629,21.08450277130689,0.0474281993199698,1.969804582454085e-06,1.5,21.1242063671288,0.0473390565600652
12.0,20.6629,21.195697732659934,0.0471793857703077,1.270536362158738e-06,1.5,21.262405358636787,0.047031367483256
13.5,20.6629,21.344930259758645,0.0468495323165936,8.774255718459561e-07,1.5,21.37812172318774,0.0467767941893301
15.0,20.6629,21.53918874557021,0.0464270039049479,5.565584828176249e-07,1.5,21.54175689653245,0.0464214690010251
16.5,20.6629,21.782413179182907,0.045908595699382,3.295576119255133e-07,2.0,21.7173677522085,0.0460460959822493
18.5,20.6629,22.089289051286464,0.0452708096525071,2.133905975328744e-07,2.0,21.872910822688752,0.0457186520855148
20.5,20.6629,22.45058716137758,0.0445422648776122,1.4719821832966926e-07,2.0,22.01365181349823,0.0454263567204612
22.5,20.6629,22.85006743107588,0.043763547001179,nan,2.0,nan,nan
24.5,20.6629,23.26774842397127,0.0429779444825767,nan,2.0,nan,nan
26.5,20.6629,23.68329585966173,0.0422238528761209,nan,2.0,nan,nan
28.5,20.6629,24.07872719337141,0.0415304343941937,nan,nan,nan,nan
Name:	379.26901907322497_8_150_1
Lambda:	379.26901907322497	Maximal Depth:	30	Filter time:	8 to 150 [us]
Chi2:	1.0850195618411052	RelRMS:	42.34311179636354	AbsRMS:	5.529896408325389e-07	Phi model:	0.0015568469530332
depth_vector,start_model,resistivity_model,conductivity_model,E/I[V/A],modelled_thickness,rhoa,sigma
0.0,20.6629,20.72507681079436,0.04825072587809,0.0001249140840257,1.0,19.955780944351865,0.0501107925963194
1.0,20.6629,20.733727877360103,0.0482305934521276,7.256538332419868e-05,1.0,20.137646363657467,0.0496582362179478
2.0,20.6629,20.75062097617561,0.0481913288835128,4.612088172720438e-05,1.0,20.33313670110246,0.0491808034687427
3.0,20.6629,20.775391838680125,0.048133869520486,3.168974423066861e-05,1.0,20.385789876757737,0.0490537774619231
4.0,20.6629,20.80747580558558,0.0480596497789298,2.0023212306320915e-05,1.0,20.49316430120518,0.0487967590217969
5.0,20.6629,20.84652206821752,0.0479696323793307,1.1784930764638165e-05,1.0,20.65101670970362,0.0484237659606422
6.0,20.6629,20.892560782794384,0.0478639268013296,7.612799091365819e-06,1.5,20.744183857766924,0.0482062831132103
7.5,20.6629,20.95028134763312,0.0477320558806231,5.24609815721599e-06,1.5,20.842414231159808,0.0479790867271499
9.0,20.6629,21.02306156874517,0.0475668111768598,3.3245581530493245e-06,1.5,20.965508855321456,0.0476973874996685
10.5,20.6629,21.11613710413523,0.0473571465779206,1.970826590095584e-06,1.5,21.116902843903453,0.0473554293161274
12.0,20.6629,21.23572007677803,0.0470904681538693,1.2719273701945972e-06,1.5,21.246900505717587,0.0470656884626959
13.5,20.6629,21.38776814413245,0.0467556966795687,8.788811263914475e-07,1.5,21.354511690923065,0.0468285116734867
15.0,20.6629,21.57674045419657,0.0463462033166137,5.579151863271014e-07,1.5,21.506820122839684,0.0464968783989608
16.5,20.6629,21.804614158417586,0.0458618525755455,3.306835776957896e-07,2.0,21.66804182587305,0.0461509170065351
18.5,20.6629,22.081289103471608,0.0452872110552087,2.1430269899889415e-07,2.0,21.81080399021049,0.0458488371381833
20.5,20.6629,22.397818371394056,0.0446472055187828,1.479380777719782e-07,2.0,21.940194890298137,0.0455784465452581
22.5,20.6629,22.740138250242083,0.043975106439353,nan,2.0,nan,nan
24.5,20.6629,23.09171311019635,0.0433055787254883,nan,2.0,nan,nan
26.5,20.6629,23.43621730714513,0.0426690018655495,nan,2.0,nan,nan
28.5,20.6629,23.75960788027292,0.0420882366846751,nan,nan,nan,nan
Name:	483.2930238571752_8_150_1
Lambda:	483.2930238571752	Maximal Depth:	30	Filter time:	8 to 150 [us]
Chi2:	1.0945920643874414	RelRMS:	42.672296127561225	AbsRMS:	5.427797384553986e-07	Phi model:	0.0012116636180897
depth_vector,start_model,resistivity_model,conductivity_model,E/I[V/A],modelled_thickness,rhoa,sigma
0.0,20.6629,20.701370281242017,0.0483059810251364,0.0001249607611826,1.0,19.95081118632406,0.0501232752222868
1.0,20.6629,20.711101063841458,0.0482832852255186,7.257217558741156e-05,1.0,20.136389846016577,0.0496613349089396
2.0,20.6629,20.73028480578489,0.0482386040215397,4.611461126293933e-05,1.0,20.334979866993148,0.0491763457126975
3.0,20.6629,20.758665185667923,0.0481726542172092,3.1680545450309114e-05,1.0,20.38973583848469,0.0490442842379814
4.0,20.6629,20.79580658137652,0.0480866176595208,2.0014682253980773e-05,1.0,20.49898653867926,0.0487828994917926
5.0,20.6629,20.84140979992127,0.047981399032026,1.1779340611278396e-05,1.0,20.65754979873424,0.0484084516190431
6.0,20.6629,20.895430174159785,0.0478573540561344,7.609802315712768e-06,1.5,20.74962960463167,0.0481936313589319
7.5,20.6629,20.96273447973646,0.0477037001526039,5.244862611538986e-06,1.5,20.84568736981592,0.0479715531687373
9.0,20.6629,21.04551741276304,0.0475160567634013,3.324812266967424e-06,1.5,20.964440585388324,0.0476998179811663
10.5,20.6629,21.14725458759291,0.0472874621080459,1.971987578666219e-06,1.5,21.1086137825239,0.0473740251398181
12.0,20.6629,21.272035258888383,0.0470100762728924,1.273371656829572e-06,1.5,21.23083166040492,0.0471013107727183
13.5,20.6629,21.423629473585475,0.0466774316290786,8.803445308474851e-07,1.5,21.33083993453649,0.0468804792998757
15.0,20.6629,21.604602148547592,0.0462864343959801,5.592489656421092e-07,1.5,21.472611427663644,0.0465709540438885
16.5,20.6629,21.81558875800209,0.0458387812079192,3.317735237470055e-07,2.0,21.6205597434931,0.0462522715352436
18.5,20.6629,22.062831502412955,0.0453250979998026,2.1517814499204813e-07,2.0,21.751606058247376,0.0459736167215495
20.5,20.6629,22.338112061973707,0.044766540575392,1.4864436396447378e-07,2.0,21.87064026602974,0.0457233984847364
22.5,20.6629,22.62956015975473,0.044189988357725,nan,2.0,nan,nan
24.5,20.6629,22.923779005095472,0.0436228250053239,nan,2.0,nan,nan
26.5,20.6629,23.20790852004796,0.0430887599861124,nan,2.0,nan,nan
28.5,20.6629,23.47117481523287,0.0426054514898417,nan,nan,nan,nan
Name:	615.8482110660261_8_150_1
Lambda:	615.8482110660261	Maximal Depth:	30	Filter time:	8 to 150 [us]
Chi2:	1.103767662110005	RelRMS:	42.98329587257712	AbsRMS:	5.353263097628604e-07	Phi model:	0.0009517317922155
depth_vector,start_model,resistivity_model,conductivity_model,E/I[V/A],modelled_thickness,rhoa,sigma
0.0,20.6629,20.67951020862729,0.0483570447225974,0.0001249914402607,1.0,19.947546442572687,0.0501314787198975
1.0,20.6629,20.690499877071183,0.0483313600899599,7.257237774480384e-05,1.0,20.136352451422127,0.0496614271334615
2.0,20.6629,20.71228930823713,0.0482805152592334,4.610585807670951e-05,1.0,20.337553512968977,0.0491701226188446
3.0,20.6629,20.74463089078655,0.048205244299822,3.1670652333987846e-05,1.0,20.39398177834936,0.0490340734275647
4.0,20.6629,20.787083841552867,0.0481067959133846,2.000646487370628e-05,1.0,20.504599272347004,0.048769546125616
5.0,20.6629,20.83925566524704,0.0479863588250739,1.1774357601143395e-05,1.0,20.663377690397382,0.0483947985166392
6.0,20.6629,20.900899645668687,0.0478448304595936,7.607341090331611e-06,1.5,20.75410482236708,0.0481832393427194
7.5,20.6629,20.976714182055577,0.0476719085420654,5.244033328799541e-06,1.5,20.84788498019883,0.0479664964071795
9.0,20.6629,21.06768108412333,0.0474660688097088,3.325308941555438e-06,1.5,20.962353007101868,0.0477045682639352
10.5,20.6629,21.17568412492253,0.0472239760519972,1.973247284101375e-06,1.5,21.09962911184552,0.0473941980069493
12.0,20.6629,21.303036547330173,0.0469416647611828,1.274837255794877e-06,1.5,21.21455672030997,0.0471374449715765
13.5,20.6629,21.45181093112748,0.0466161110225411,8.817902427881095e-07,1.5,21.30751867943808,0.0469317903714902
15.0,20.6629,21.62316455693243,0.0462466998004414,5.605409245896992e-07,1.5,21.439604738470152,0.046642650934961
16.5,20.6629,21.81683998944868,0.0458361522788649,3.328144902037978e-07,2.0,21.575453481849063,0.0463489678602249
18.5,20.6629,22.03633346205012,0.0453796000919186,2.160076354419191e-07,2.0,21.69588482763956,0.0460916901036479
20.5,20.6629,22.27439569764838,0.0448945961800245,1.4931014749733945e-07,2.0,21.80557679299452,0.0458598279464577
22.5,20.6629,22.521272097558032,0.0444024651746217,nan,2.0,nan,nan
24.5,20.6629,22.766329528010388,0.0439245157533917,nan,2.0,nan,nan
26.5,20.6629,22.999620292387977,0.0434789786651809,nan,2.0,nan,nan
28.5,20.6629,23.213041197376544,0.043079232552821,nan,nan,nan,nan
Name:	784.7599703514607_8_150_1
Lambda:	784.7599703514607	Maximal Depth:	30	Filter time:	8 to 150 [us]
Chi2:	1.1125237615310266	RelRMS:	43.27741353122293	AbsRMS:	5.310760395135998e-07	Phi model:	0.0007569038757584
depth_vector,start_model,resistivity_model,conductivity_model,E/I[V/A],modelled_thickness,rhoa,sigma
0.0,20.6629,20.661732689468817,0.0483986515085298,0.0001250034390689,1.0,19.94626994108733,0.0501346869842616
1.0,20.6629,20.673926862258504,0.0483701043668467,7.25651946357982e-05,1.0,20.13768127239165,0.0496581501352382
2.0,20.6629,20.69817929163792,0.0483134282445799,4.609444794828861e-05,1.0,20.340909586350616,0.0491620099757501
3.0,20.6629,20.73421275872115,0.0482294655522613,3.166006401655029e-05,1.0,20.398528535177636,0.049023143913321
4.0,20.6629,20.781510695132123,0.0481196971033602,1.999862749191651e-05,1.0,20.509956035901585,0.0487568085591969
5.0,20.6629,20.83951640880844,0.0479857584208297,1.1770052506358428e-05,1.0,20.668416035377827,0.0483830013044209
6.0,20.6629,20.90772386748245,0.0478292140425332,7.6054690088914705e-06,1.5,20.75751042261062,0.0481753341147658
7.5,20.6629,20.99046148160983,0.0476406867412667,5.2436504537300094e-06,1.5,20.84889979972154,0.04796416163952
9.0,20.6629,21.08756453467437,0.0474213130850504,3.3260762020018542e-06,1.5,20.95912914776053,0.0477119060124141
10.5,20.6629,21.19953722825071,0.0471708410062551,1.974624210097699e-06,1.5,21.089819311011837,0.047416243129113
12.0,20.6629,21.32724627032785,0.0468883787116613,1.2763374290854437e-06,1.5,21.19793010920949,0.0471744172590486
13.5,20.6629,21.47144584888139,0.0465734821510446,8.832284429458617e-07,1.5,21.2843817438598,0.0469828070194467
15.0,20.6629,21.632285411390978,0.0462272007318018,5.617984768087672e-07,1.5,21.40759861025128,0.0467123855508547
16.5,20.6629,21.80893506435522,0.0458527661735492,3.338116211521666e-07,2.0,21.53246660777917,0.0464414977724253
18.5,20.6629,22.00284009013072,0.0454486782571557,2.167949514039192e-07,2.0,21.64332557148778,0.046203620450887
20.5,20.6629,22.2078429743713,0.0450291368303548,1.4993831432319577e-07,2.0,21.744631187083197,0.0459883633526064
22.5,20.6629,22.41612840749836,0.0446107366009508,nan,2.0,nan,nan
24.5,20.6629,22.61943979874241,0.044209759786164,nan,2.0,nan,nan
26.5,20.6629,22.810246815708837,0.0438399464976996,nan,2.0,nan,nan
28.5,20.6629,22.98259343742149,0.0435111904460593,nan,nan,nan,nan
Name:	1000.0_8_150_1
Lambda:	1000.0	Maximal Depth:	30	Filter time:	8.0 to 150.0 [us]
Chi2:	1.1209199399200471	RelRMS:	43.55676626347712	AbsRMS:	5.304142529344085e-07	Phi model:	0.0006102261327436246
depth_vector,start_model,resistivity_model,conductivity_model,E/I[V/A],modelled_thickness,rhoa,sigma
0.0,20.6629,20.649486403865637,0.048427354581216,0.0001249947349598667,1.0,19.94719591339342,0.05013235967309853
1.0,20.6629,20.66269210564362,0.04839640424816034,7.254991117779317e-05,1.0,20.14050932640366,0.04965117732593918
2.0,20.6629,20.688994066740122,0.04833487779899421,4.608011922209222e-05,1.0,20.345126071696242,0.04915182125075063
3.0,20.6629,20.728056811063585,0.04824378903989933,3.1648665769545714e-05,1.0,20.403425919361514,0.04901137700855745
4.0,20.6629,20.779257303203714,0.04812491541003352,1.9991135202910993e-05,1.0,20.515080204509747,0.04874463029299657
5.0,20.6629,20.841856077232745,0.04798037162786002,1.1766424893659853e-05,1.0,20.67266389356079,0.04837305947355359
6.0,20.6629,20.915086406995098,0.04781237717791822,7.604194075582337e-06,1.5,20.759830519628277,0.048169950089645815
7.5,20.6629,21.002812105006235,0.047612671817486754,5.243725285316732e-06,1.5,20.8487014471027,0.04796461796612123
9.0,20.6629,21.10386690618993,0.04738468094236759,3.3271273732145576e-06,1.5,20.954714369684087,0.04772195804523753
10.5,20.6629,21.217610970446792,0.047130659591829736,1.9761317919403767e-06,1.5,21.079091729372358,0.04744037422668285
12.0,20.6629,21.34376282308565,0.04685209483860966,1.2778846598806991e-06,1.5,21.18081603865598,0.047212534124037205
13.5,20.6629,21.48207801782665,0.046550431441975106,8.846703994178473e-07,1.5,21.26124733092962,0.047033929121611716
15.0,20.6629,21.631993083286357,0.046227825431981825,5.630311162065861e-07,1.5,21.376342211885557,0.046780688206047964
16.5,20.6629,21.79234147859733,0.04588768035697857,3.347723036267315e-07,2.0,21.49125298430427,0.04653055830343308
18.5,20.6629,21.963074234560665,0.04553096662699521,2.1754588817333507e-07,2.0,21.593490465094565,0.04631025269474055
20.5,20.6629,22.139104577327387,0.0451689451353917,1.5053347546520404e-07,2.0,21.68727914935533,0.04610997963890393
22.5,20.6629,22.31432380147391,0.044814264097662135,nan,2.0,nan,nan
24.5,20.6629,22.48248018582478,0.0444790784528524,nan,2.0,nan,nan
26.5,20.6629,22.63802524234676,0.04417346430595001,nan,2.0,nan,nan
28.5,20.6629,22.776718180737813,0.0439044814123264,nan,nan,nan,nan
