Name:	10.0_8_150_1
Lambda:	10	Maximal Depth:	30	Filter time:	8 to 150 [us]
Chi2:	0.6978408325480959	RelRMS:	9.308872924519823	AbsRMS:	1.014128721957455e-06	Phi model:	0.2823422726357276
depth_vector,start_model,resistivity_model,conductivity_model,E/I[V/A],modelled_thickness,rhoa,sigma
0.0,19.8095,14.94953121849526,0.0668917296057297,0.0001528819952156,1.0,17.441029040018588,0.0573360664502932
1.0,19.8095,15.473179191236596,0.0646279596223096,8.701968880037461e-05,1.0,17.840897108259927,0.0560509930600419
2.0,19.8095,16.490368716536985,0.0606414578830595,5.4190907229405866e-05,1.0,18.26074535227976,0.0547622772624204
3.0,19.8095,17.887725050574183,0.0559042582090616,3.667580035680091e-05,1.0,18.493550581593148,0.0540729047993256
4.0,19.8095,19.488196790769702,0.0513131107375534,2.275156213144805e-05,1.0,18.820191704094857,0.053134421568215
5.0,19.8095,21.0819428978045,0.0474339582858912,1.2989558834381364e-05,1.0,19.35366387483141,0.051669803013395
6.0,19.8095,22.463821288625244,0.0445160236609591,8.12946498455142e-06,1.5,19.855673468167264,0.0503634390242771
7.5,19.8095,23.23291513423625,0.043042381647854,5.4493419881942585e-06,1.5,20.320899208324253,0.0492104207470484
9.0,19.8095,23.34074995072585,0.0428435248272261,3.307874700363116e-06,1.5,21.035943549045907,0.0475376822374747
10.5,19.8095,22.97332096716145,0.0435287523919341,1.8504700205340096e-06,1.5,22.02289770505205,0.0454072853351446
12.0,19.8095,22.502132280804872,0.0444402329308603,1.1339908273927532e-06,1.5,22.936691060239088,0.0435982678309473
13.5,19.8095,22.26497485805104,0.0449135921497975,7.447502922109855e-07,1.5,23.847120650595222,0.0419337837322947
15.0,19.8095,22.60410771992616,0.0442397467040237,4.4355870625267e-07,1.5,25.06037619056944,0.0399036308312208
16.5,19.8095,23.837407017089507,0.0419508715559154,2.422988128459884e-07,2.0,26.66002543843428,0.0375093415536789
18.5,19.8095,26.680606448629927,0.0374804074234733,1.464218666924752e-07,2.0,28.11595303235127,0.0355669963898916
20.5,19.8095,31.574180144429576,0.0316714478547251,nan,2.0,nan,nan
22.5,19.8095,38.90865842771399,0.0257012202530148,nan,2.0,nan,nan
24.5,19.8095,49.01182766805103,0.0204032383116343,nan,2.0,nan,nan
26.5,19.8095,62.11241795879594,0.0160998401424877,nan,2.0,nan,nan
28.5,19.8095,78.33478817830074,0.0127657203556083,nan,nan,nan,nan
Name:	12.742749857031335_8_150_1
Lambda:	12.742749857031336	Maximal Depth:	30	Filter time:	8 to 150 [us]
Chi2:	0.7386335241700923	RelRMS:	9.514585068988527	AbsRMS:	1.0638283271574222e-06	Phi model:	0.2215254290257802
depth_vector,start_model,resistivity_model,conductivity_model,E/I[V/A],modelled_thickness,rhoa,sigma
0.0,19.8095,15.467371873403089,0.0646522245786014,0.0001527118443078,1.0,17.453981783911953,0.0572935168823048
1.0,19.8095,15.900010052422262,0.0628930419982757,8.707831457022838e-05,1.0,17.83288857991002,0.0560761648635302
2.0,19.8095,16.73723922986211,0.0597470100215708,5.427006183003228e-05,1.0,18.242985117012847,0.0548155904083609
3.0,19.8095,17.880738199081875,0.0559261026511392,3.672245166161343e-05,1.0,18.47788476048615,0.0541187485993223
4.0,19.8095,19.189490947501945,0.0521118565748185,2.2765921957889725e-05,1.0,18.81227685938679,0.0531567766876144
5.0,19.8095,20.497308981015284,0.0487868920220798,1.298866437954798e-05,1.0,19.354552381866583,0.051667431014158
6.0,19.8095,21.65287732207735,0.046183238611914,8.124183861568096e-06,1.5,19.864277318748112,0.0503416250162893
7.5,19.8095,22.36870322900862,0.0447053183978568,5.443937084694712e-06,1.5,20.334347114546848,0.0491778759537657
9.0,19.8095,22.61882728615673,0.0442109569761834,3.304631165656217e-06,1.5,21.04970598381928,0.0475066017914307
10.5,19.8095,22.57912390680601,0.044288698008277,1.8498117436543173e-06,1.5,22.02812213027196,0.0453965160573428
12.0,19.8095,22.49885645413045,0.0444467034152935,1.1347533805419025e-06,1.5,22.92641428655924,0.0436178107706208
13.5,19.8095,22.66952513395889,0.0441120841345724,7.462114416049235e-07,1.5,23.81598060529428,0.0419886133001678
15.0,19.8095,23.37705855696207,0.0427769814394456,4.453774929613801e-07,1.5,24.99210368253539,0.0400126380997212
16.5,19.8095,24.89137822728157,0.0401745532476773,2.440658630817779e-07,2.0,26.531189630599787,0.0376914874124848
18.5,19.8095,27.816574759401245,0.0359497892407485,1.4796181204740228e-07,2.0,27.92053105552153,0.0358159376700767
20.5,19.8095,32.48081331802422,0.0307874064054018,nan,2.0,nan,nan
22.5,19.8095,39.13310735407673,0.0255538102546263,nan,2.0,nan,nan
24.5,19.8095,47.92256708305238,0.0208669956738115,nan,2.0,nan,nan
26.5,19.8095,58.90514051700427,0.01697644706766,nan,2.0,nan,nan
28.5,19.8095,72.0470739756238,0.0138798141939579,nan,nan,nan,nan
Name:	16.237767391887218_8_150_1
Lambda:	16.237767391887218	Maximal Depth:	30	Filter time:	8 to 150 [us]
Chi2:	0.777238069367219	RelRMS:	9.734368338443128	AbsRMS:	1.0962096109557167e-06	Phi model:	0.1770791763633997
depth_vector,start_model,resistivity_model,conductivity_model,E/I[V/A],modelled_thickness,rhoa,sigma
0.0,19.8095,15.92887465590549,0.0627790739522995,0.0001526086942456,1.0,17.46184580310394,0.0572677144945492
1.0,19.8095,16.278582945175796,0.0614304084924267,8.71363348154718e-05,1.0,17.82497161141571,0.0561010711152867
2.0,19.8095,16.95429761494815,0.0589820954374616,5.433507688674172e-05,1.0,18.2284296899718,0.0548593607352881
3.0,19.8095,17.87670300127918,0.0559387265050185,3.675774283649264e-05,1.0,18.466055766923287,0.0541534160094554
4.0,19.8095,18.93751707848034,0.0528052329065012,2.277406863034345e-05,1.0,18.807790277190847,0.0531694571909784
5.0,19.8095,20.01270106960873,0.0499682674778268,1.2985227801200168e-05,1.0,19.35796705702317,0.0516583170667807
6.0,19.8095,20.993240307080487,0.0476343806564594,8.118192539403398e-06,1.5,19.874049498153703,0.050316871762491
7.5,19.8095,21.68173308311021,0.0461217743142031,5.438615615787587e-06,1.5,20.3476091852561,0.0491458230249773
9.0,19.8095,22.066989848583088,0.0453165568508298,3.3017535968802312e-06,1.5,21.061934471895,0.0474790196187533
10.5,19.8095,22.29112138739591,0.0448609104325021,1.8494933967722025e-06,1.5,22.03064980725686,0.0453913075078975
12.0,19.8095,22.54704079647632,0.0443517182155576,1.1357639939488808e-06,1.5,22.912812177175173,0.0436437043287143
13.5,19.8095,23.06902940151429,0.0433481609735326,7.478382899692831e-07,1.5,23.781428527336512,0.0420496186278511
15.0,19.8095,24.09283187562085,0.0415061212049499,4.472791762723394e-07,1.5,24.921214610667327,0.0401264551356159
16.5,19.8095,25.842594038522783,0.0386958057890523,2.458582542929784e-07,2.0,26.40208477859739,0.0378757968692927
18.5,19.8095,28.8134555368126,0.0347060073625109,1.495019353982057e-07,2.0,27.728447778250214,0.0360640454163606
20.5,19.8095,33.23882293260809,0.0300853012162165,nan,2.0,nan,nan
22.5,19.8095,39.26078193936792,0.0254707102253934,nan,2.0,nan,nan
24.5,19.8095,46.91700978565627,0.0213142313324862,nan,2.0,nan,nan
26.5,19.8095,56.162283389506406,0.01780554385698,nan,2.0,nan,nan
28.5,19.8095,66.88059032358419,0.0149520211344092,nan,nan,nan,nan
Name:	20.6913808111479_8_150_1
Lambda:	20.6913808111479	Maximal Depth:	30	Filter time:	8 to 150 [us]
Chi2:	0.8136868175544364	RelRMS:	9.96883163780268	AbsRMS:	1.1139116101024302e-06	Phi model:	0.1446324835503604
depth_vector,start_model,resistivity_model,conductivity_model,E/I[V/A],modelled_thickness,rhoa,sigma
0.0,19.8095,16.3187005367913,0.0612793891122305,0.0001525618326562,1.0,17.465421393623156,0.057255990420312
1.0,19.8095,16.597686950289102,0.0602493590218353,8.71922731689918e-05,1.0,17.817347035117766,0.0561250784434412
2.0,19.8095,17.13734396811975,0.0583520994770414,5.438687647213489e-05,1.0,18.216853673728465,0.0548942214671326
3.0,19.8095,17.87694712854401,0.0559379626067868,3.678273443499914e-05,1.0,18.45769045578285,0.0541779591761816
4.0,19.8095,18.736416028914668,0.0533720001977307,2.277672571015898e-05,1.0,18.80632753338695,0.053173592676438
5.0,19.8095,19.62630792474554,0.0509520182723295,1.2979618815739736e-05,1.0,19.36354352983322,0.0516434400789974
6.0,19.8095,20.47026761764444,0.0488513398397412,8.111660305526484e-06,1.5,19.88471764061442,0.0502898767824344
7.5,19.8095,21.142354979662784,0.0472984206802845,5.433450351066576e-06,1.5,20.360502667411296,0.0491147009646566
9.0,19.8095,21.643652504994524,0.0462029225321021,3.2992676465516184e-06,1.5,21.072513051840524,0.0474551847489617
10.5,19.8095,22.088453634745225,0.0452725218585241,1.849525443119008e-06,1.5,22.030395326164424,0.0453918318393655
12.0,19.8095,22.62722105342098,0.0441945565316696,1.137030427644816e-06,1.5,22.895795366814017,0.0436761415787911
13.5,19.8095,23.44717537899484,0.0426490604448606,7.496386659991024e-07,1.5,23.74333669084947,0.0421170795419581
15.0,19.8095,24.738691072661293,0.0404225105145154,4.492720637573891e-07,1.5,24.84746276350668,0.0402455578470045
16.5,19.8095,26.68163946371328,0.0374789563197564,2.4768375024358254e-07,2.0,26.272197916566235,0.0380630506505677
18.5,19.8095,29.669238711451968,0.0337049430127107,1.5104899185113405e-07,2.0,27.53879171385193,0.0363124137903625
20.5,19.8095,33.85417853588165,0.0295384511823292,nan,2.0,nan,nan
22.5,19.8095,39.29977487598473,0.0254454383811516,nan,2.0,nan,nan
24.5,19.8095,45.97324234248543,0.0217517831905422,nan,2.0,nan,nan
26.5,19.8095,53.77485999880592,0.018596050273719,nan,2.0,nan,nan
28.5,19.8095,62.55375664586499,0.0159862501250131,nan,nan,nan,nan
Name:	26.366508987303583_8_150_1
Lambda:	26.366508987303583	Maximal Depth:	30	Filter time:	8 to 150 [us]
Chi2:	0.8524861504004397	RelRMS:	10.274814254537116	AbsRMS:	1.1049742908439564e-06	Phi model:	0.1188592938171059
depth_vector,start_model,resistivity_model,conductivity_model,E/I[V/A],modelled_thickness,rhoa,sigma
0.0,19.8095,16.631152297916746,0.0601281247436632,0.0001526375597702,1.0,17.459644242630056,0.057274935623165
1.0,19.8095,16.852191414301142,0.0593394636587962,8.728393441219605e-05,1.0,17.804870923538115,0.0561644060377879
2.0,19.8095,17.28068724356387,0.057868068897112,5.444770319151617e-05,1.0,18.20328373659344,0.0549351432670213
3.0,19.8095,17.873628922536557,0.0559483473856345,3.681102100841904e-05,1.0,18.44823365559397,0.0542057314900049
4.0,19.8095,18.57035832909166,0.0538492570944867,2.278122336207127e-05,1.0,18.80385218787652,0.0531805924662997
5.0,19.8095,19.313475032087336,0.0517773211883725,1.2975643858896985e-05,1.0,19.367497878017364,0.0516328958081377
6.0,19.8095,20.04976127631581,0.0498759055640862,8.107005966276234e-06,1.5,19.89232763199892,0.0502706379313496
7.5,19.8095,20.712793280140943,0.0482793405252,5.430239897096859e-06,1.5,20.36852686997284,0.049095352176607
9.0,19.8095,21.31792735498891,0.0469088754899981,3.2985389504938053e-06,1.5,21.075616424192223,0.0474481970004029
10.5,19.8095,21.95075564002469,0.0455565182538233,1.850963465329236e-06,1.5,22.018983503124847,0.0454153571557053
12.0,19.8095,22.735517820778902,0.0439840432878137,1.139407085198875e-06,1.5,22.863945819469155,0.043736982579292
13.5,19.8095,23.814511447656,0.0419912036490014,7.52318754434709e-07,1.5,23.68691372401108,0.0422174037382639
15.0,19.8095,25.33626464719841,0.0394691172485276,4.519037380608839e-07,1.5,24.75090228576376,0.0404025674884256
16.5,19.8095,27.435717191791003,0.0364488375867647,2.4993792796521614e-07,2.0,26.11399441701548,0.038293643784668
18.5,19.8095,30.404412525200552,0.0328899629016398,1.5289782401410585e-07,2.0,27.31634351364628,0.0366081206842502
20.5,19.8095,34.32157318349171,0.0291361935728805,nan,2.0,nan,nan
22.5,19.8095,39.18363231229327,0.0255208601395094,nan,2.0,nan,nan
24.5,19.8095,44.91795538906578,0.0222628120834597,nan,2.0,nan,nan
26.5,19.8095,51.39459697494063,0.0194572982153666,nan,2.0,nan,nan
28.5,19.8095,58.46686749471497,0.0171037040780471,nan,nan,nan,nan
Name:	33.59818286283781_8_150_1
Lambda:	33.59818286283781	Maximal Depth:	30	Filter time:	8 to 150 [us]
Chi2:	0.8831923929005041	RelRMS:	10.511991892761916	AbsRMS:	1.1068839684756287e-06	Phi model:	0.1025270752588465
depth_vector,start_model,resistivity_model,conductivity_model,E/I[V/A],modelled_thickness,rhoa,sigma
0.0,19.8095,16.859471129873302,0.0593138415966144,0.0001526311104074,1.0,17.460136072406055,0.0572733222612392
1.0,19.8095,17.03644695689318,0.0586976851763909,8.729842296570882e-05,1.0,17.802900869154247,0.0561706211448172
2.0,19.8095,17.383489781507475,0.0575258485246039,5.445139593427616e-05,1.0,18.20246072978924,0.0549376271068367
3.0,19.8095,17.86847130461541,0.0559644965118924,3.680114335895821e-05,1.0,18.45153458626874,0.0541960342281871
4.0,19.8095,18.45310603807165,0.054191418937107,2.2764155690653848e-05,1.0,18.81324994119221,0.0531540272481294
5.0,19.8095,19.097006638105498,0.0523642274912674,1.2960697031333044e-05,1.0,19.38238529949416,0.0515932370834717
6.0,19.8095,19.766715871384527,0.0505900932915042,8.096211903229237e-06,1.5,19.91000432310676,0.0502260061711508
7.5,19.8095,20.43759026641396,0.048929447501614,5.423196444018267e-06,1.5,20.38615899624125,0.0490528892757276
9.0,19.8095,21.129078890335705,0.0473281398204913,3.2954437428176785e-06,1.5,21.088811046315787,0.047418510119123
10.5,19.8095,21.907694999015742,0.0456460618081878,1.8508528471835631e-06,1.5,22.019860819354875,0.0454135477151166
12.0,19.8095,22.87135619813381,0.04372281168362,1.140618061042592e-06,1.5,22.84776009899576,0.0437679665607113
13.5,19.8095,24.13337174865861,0.0414363981301362,7.540567124350899e-07,1.5,23.65050382681569,0.042282397335915
15.0,19.8095,25.80714746883736,0.0387489551569974,4.538008680380913e-07,1.5,24.68187280672582,0.0405155641077406
16.5,19.8095,27.994286970575686,0.0357215742287375,2.51649919376722e-07,2.0,25.995422874274777,0.0384683105497624
18.5,19.8095,30.910954140952,0.0323509910253841,1.5433322134763573e-07,2.0,27.14670693864602,0.0368368805196184
20.5,19.8095,34.59212766803365,0.028908311440007,nan,2.0,nan,nan
22.5,19.8095,39.00279270555853,0.0256391896741661,nan,2.0,nan,nan
24.5,19.8095,44.05016310284312,0.0227013915400339,nan,2.0,nan,nan
26.5,19.8095,49.60224536465105,0.0201603776733996,nan,2.0,nan,nan
28.5,19.8095,55.51558247004142,0.0180129606050633,nan,nan,nan,nan
Name:	42.81332398719393_8_150_1
Lambda:	42.81332398719393	Maximal Depth:	30	Filter time:	8 to 150 [us]
Chi2:	0.9140954357938406	RelRMS:	10.76977542694917	AbsRMS:	1.096140307127971e-06	Phi model:	0.089893430809646
depth_vector,start_model,resistivity_model,conductivity_model,E/I[V/A],modelled_thickness,rhoa,sigma
0.0,19.8095,17.0150162145888,0.0587716160471591,0.0001526757250763,1.0,17.456734457062808,0.0572844825279112
1.0,19.8095,17.160439410684123,0.0582735660823112,8.731638761845585e-05,1.0,17.80045891517846,0.0561783269052293
2.0,19.8095,17.446241075823774,0.0573189373948154,5.444796690902369e-05,1.0,18.20322495841477,0.0549353206524941
3.0,19.8095,17.855001151174168,0.0560067171955482,3.6785040792971216e-05,1.0,18.45691893769709,0.0541802238702779
4.0,19.8095,18.360551625936097,0.0544645945488588,2.2743596789572274e-05,1.0,18.824585629809384,0.0531220192393752
5.0,19.8095,18.938376151912728,0.0528028375811409,1.2944360472770198e-05,1.0,19.39868969228933,0.0515498735152964
6.0,19.8095,19.569575692211377,0.0510997282581858,8.085162726774624e-06,1.5,19.928139523980715,0.0501802990086776
7.5,19.8095,20.25566570733348,0.049368903221875,5.416410064037968e-06,1.5,20.40318372241389,0.0490119588004028
9.0,19.8095,21.01819300137585,0.0475778293564313,3.292786486187077e-06,1.5,21.100155207018062,0.0473930163161734
10.5,19.8095,21.915784472328003,0.0456292131026681,1.8511450597889333e-06,1.5,22.01754346082277,0.0454183275159358
12.0,19.8095,23.022279132755266,0.0434361860627967,1.142145588049059e-06,1.5,22.827384205864902,0.0438070341735903
13.5,19.8095,24.424226184640723,0.0409429552625439,7.560321422490941e-07,1.5,23.609288401261168,0.0423562109540998
15.0,19.8095,26.20512584915748,0.0381604730981343,4.558510826695695e-07,1.5,24.607811859446123,0.040637501851516
16.5,19.8095,28.439228821994064,0.0351626974929302,2.5344772018736466e-07,2.0,25.87234681945065,0.038651306237446
18.5,19.8095,31.2782932533137,0.0319710539159312,1.5581867347971764e-07,2.0,26.97390147138835,0.037072872126441
20.5,19.8095,34.72272728999343,0.0287995810826814,nan,2.0,nan,nan
22.5,19.8095,38.71725090545458,0.0258282800718972,nan,2.0,nan,nan
24.5,19.8095,43.16211810302693,0.0231684644764889,nan,2.0,nan,nan
26.5,19.8095,47.93296883041468,0.0208624674081417,nan,2.0,nan,nan
28.5,19.8095,52.894133236068896,0.0189056883782735,nan,nan,nan,nan
Name:	54.5559478116852_8_150_1
Lambda:	54.5559478116852	Maximal Depth:	30	Filter time:	8 to 150 [us]
Chi2:	0.9463425620893764	RelRMS:	11.053055221518788	AbsRMS:	1.0739815055060606e-06	Phi model:	0.0797475203318495
depth_vector,start_model,resistivity_model,conductivity_model,E/I[V/A],modelled_thickness,rhoa,sigma
0.0,19.8095,17.100297465002082,0.0584785148940611,0.0001527671426164,1.0,17.44976956090508,0.057307347040297
1.0,19.8095,17.225234759551356,0.0580543611717978,8.733816259374036e-05,1.0,17.797500142447,0.0561876663574229
2.0,19.8095,17.4744490879373,0.0572264106849757,5.4438574110039405e-05,1.0,18.20531874723145,0.054929002556029
3.0,19.8095,17.83521583595936,0.0560688476774023,3.6763597375967486e-05,1.0,18.46409525653172,0.0541591659979249
4.0,19.8095,18.291585165005856,0.054669947463773,2.272003327962448e-05,1.0,18.83759901076511,0.0530853215119682
5.0,19.8095,18.830717948842697,0.0531047197837434,1.2926869649580308e-05,1.0,19.416184135589617,0.05150342585426
6.0,19.8095,19.44203748107752,0.0514349383892134,8.073976274370806e-06,1.5,19.946542165705363,0.0501340027606051
7.5,19.8095,20.1507250935382,0.0496260057818303,5.40994923598348e-06,1.5,20.419424816000856,0.0489729759290962
9.0,19.8095,20.978615424741164,0.0476675881488655,3.290617292354996e-06,1.5,21.10942708424973,0.0473721999184963
10.5,19.8095,21.970738489298483,0.0455150836412294,1.8518858655501467e-06,1.5,22.01167131682896,0.0454304439497719
12.0,19.8095,23.184918504024697,0.0431314865232935,1.1440326369351117e-06,1.5,22.80227522473581,0.0438552727806392
13.5,19.8095,24.68578387022568,0.0405091450713919,7.582849898279348e-07,1.5,23.562503440856112,0.0424403121047848
15.0,19.8095,26.53374365696454,0.0376878593887192,4.580894469367585e-07,1.5,24.527585603622487,0.0407704213598712
16.5,19.8095,28.776792721766668,0.0347502242403686,2.553595173384427e-07,2.0,25.743053018737843,0.0388454313974383
18.5,19.8095,31.513160709551165,0.0317327737835232,1.5737668022046753e-07,2.0,26.79558124317421,0.0373195860513283
20.5,19.8095,34.72215389241149,0.0288000566755897,nan,2.0,nan,nan
22.5,19.8095,38.33216046137522,0.0260877547198946,nan,2.0,nan,nan
24.5,19.8095,42.24686912389476,0.0236703931140402,nan,2.0,nan,nan
26.5,19.8095,46.34837609514285,0.021575728952126,nan,2.0,nan,nan
28.5,19.8095,50.51938040344035,0.0197943837001591,nan,nan,nan,nan
Name:	69.51927961775606_8_150_1
Lambda:	69.51927961775606	Maximal Depth:	30	Filter time:	8 to 150 [us]
Chi2:	0.9811670104671814	RelRMS:	11.36501711077728	AbsRMS:	1.0423983585466077e-06	Phi model:	0.0712835975800644
depth_vector,start_model,resistivity_model,conductivity_model,E/I[V/A],modelled_thickness,rhoa,sigma
0.0,19.8095,17.130869325367957,0.0583741537575776,0.0001528981562871,1.0,17.439800027229204,0.0573401070217935
1.0,19.8095,17.244386353178182,0.0579898860718634,8.736364833853201e-05,1.0,17.79403871341827,0.056198596401047
2.0,19.8095,17.471414221572136,0.0572363511801631,5.442459062205513e-05,1.0,18.20843698175095,0.0549195958446203
3.0,19.8095,17.8048397841513,0.0561645042653028,3.673795153795247e-05,1.0,18.47268713677922,0.0541339758853488
4.0,19.8095,18.236726024600102,0.054834403864546,2.269412965050332e-05,1.0,18.851930746306145,0.0530449646488299
5.0,19.8095,18.759705261046733,0.0533057415393637,1.290855408329608e-05,1.0,19.43454582878104,0.0514547655916444
6.0,19.8095,19.37163436551241,0.0516218704695518,8.062803569566744e-06,1.5,19.96496465676458,0.050087742061751
7.5,19.8095,20.11074698888273,0.0497246571971096,5.40388099045308e-06,1.5,20.434708511122523,0.0489363476584803
9.0,19.8095,20.996094506310136,0.047627905261117,3.2889649504338705e-06,1.5,21.11649659738879,0.0473563403563665
10.5,19.8095,22.06394836735908,0.0453228036682399,1.8530931858858377e-06,1.5,22.00210963724342,0.0454501871178425
12.0,19.8095,23.35870227225337,0.0428105974529179,1.1462954820812998e-06,1.5,22.772256781431864,0.0439130829060115
13.5,19.8095,24.92538677530717,0.0401197385226001,7.608317870138327e-07,1.5,23.50989220911898,0.0425352864702681
15.0,19.8095,26.802850652407884,0.0373094643166309,4.605325868152874e-07,1.5,24.44076231403096,0.0409152540805128
16.5,19.8095,29.01921900636719,0.0344599211915588,2.574003227433296e-07,2.0,25.606802916505227,0.0390521223309543
18.5,19.8095,31.633863474695204,0.0316116936143423,1.5902014175370745e-07,2.0,26.61064151938773,0.0375789512354081
20.5,19.8095,34.60439256490573,0.028898065415376,nan,2.0,nan,nan
22.5,19.8095,37.85725936847704,0.0264150130432494,nan,2.0,nan,nan
24.5,19.8095,41.29698365701896,0.0242148435901573,nan,2.0,nan,nan
26.5,19.8095,44.82286274228422,0.0223100431079034,nan,2.0,nan,nan
28.5,19.8095,48.3350010665442,0.0206889413041135,nan,nan,nan,nan
Name:	88.58667904100822_8_150_1
Lambda:	88.58667904100822	Maximal Depth:	30	Filter time:	8 to 150 [us]
Chi2:	1.022317086760013	RelRMS:	11.744264669707531	AbsRMS:	9.950373438934214e-07	Phi model:	0.0635634415083901
depth_vector,start_model,resistivity_model,conductivity_model,E/I[V/A],modelled_thickness,rhoa,sigma
0.0,19.8095,17.1144990238905,0.058429989601453,0.0001531073473309,1.0,17.42391103906557,0.0573923958724268
1.0,19.8095,17.221528826491753,0.0580668539985664,8.741399931930486e-05,1.0,17.787205076228506,0.056220187247767
2.0,19.8095,17.437654095503614,0.0573471634729728,5.441818010446034e-05,1.0,18.209866935414844,0.0549152832113882
3.0,19.8095,17.76019987135881,0.0563056726412556,3.671550601802985e-05,1.0,18.480215052135144,0.0541119244109912
4.0,19.8095,18.18617186593295,0.0549868332583637,2.266991817790668e-05,1.0,18.865350932902977,0.0530072302156809
5.0,19.8095,18.71317773747283,0.053438278310023,1.2891564812015824e-05,1.0,19.451616747996447,0.0514096084122674
6.0,19.8095,19.34223735353553,0.0517003272021792,8.053049230286998e-06,1.5,19.98108325069184,0.0500473366460437
7.5,19.8095,20.12023870808257,0.049701199598506,5.399267257124059e-06,1.5,20.44634797614321,0.0489084897296475
9.0,19.8095,21.06317532982716,0.0474762225704839,3.288640570404989e-06,1.5,21.117885146249268,0.0473532265695463
10.5,19.8095,22.19725265426149,0.0450506202535842,1.8553911745723889e-06,1.5,21.98393879096827,0.0454877540148007
12.0,19.8095,23.552375532599523,0.0424585621359455,1.1494362891398163e-06,1.5,22.73075476997657,0.0439932597979908
13.5,19.8095,25.15679776465645,0.0397506872438641,7.640856186978623e-07,1.5,23.443100716332733,0.0426564733095781
15.0,19.8095,27.031698579904862,0.0369936057493402,4.634993494721517e-07,1.5,24.336357255134867,0.0410907840280411
16.5,19.8095,29.18739198441475,0.0342613687627168,2.5979979043803786e-07,2.0,25.448892432994324,0.0392944409126232
18.5,19.8095,31.64732901048921,0.0315982432409559,1.6092009846132728e-07,2.0,26.40076890376372,0.0378776846858213
20.5,19.8095,34.35990818015251,0.0291036866209565,nan,2.0,nan,nan
22.5,19.8095,37.25265270406434,0.0268437259473577,nan,2.0,nan,nan
24.5,19.8095,40.24058096558498,0.0248505358522341,nan,2.0,nan,nan
26.5,19.8095,43.23832283424908,0.0231276315650222,nan,2.0,nan,nan
28.5,19.8095,46.16555483771491,0.0216611714841354,nan,nan,nan,nan
Name:	112.88378916846884_8_150_1
Lambda:	112.88378916846884	Maximal Depth:	30	Filter time:	8 to 150 [us]
Chi2:	1.0652186672662842	RelRMS:	12.126651337024702	AbsRMS:	9.488510135236918e-07	Phi model:	0.0573545645420442
depth_vector,start_model,resistivity_model,conductivity_model,E/I[V/A],modelled_thickness,rhoa,sigma
0.0,19.8095,17.064582630242583,0.0586009058450546,0.0001533104545879,1.0,17.4085187222224,0.0574431412549463
1.0,19.8095,17.17174916105411,0.0582351856308279,8.745537146826108e-05,1.0,17.78159495441134,0.0562379248072971
2.0,19.8095,17.3888128315114,0.0575082387561176,5.440541650153376e-05,1.0,18.21271486783257,0.0549066960778157
3.0,19.8095,17.715314858939305,0.0564483334314202,3.6689880662364506e-05,1.0,18.488818822747167,0.0540867434305581
4.0,19.8095,18.150841832699644,0.0550938633710338,2.264503720001032e-05,1.0,18.879167130583472,0.0529684383364582
5.0,19.8095,18.69552029836909,0.0534887493924004,1.2875015452702702e-05,1.0,19.46828173100795,0.0513656014340114
6.0,19.8095,19.351625445288008,0.0516752457217227,8.043987423433592e-06,1.5,19.99608665043732,0.0500097852885694
7.5,19.8095,20.169646033694043,0.0495794521296738,5.395306344990807e-06,1.5,20.4563537449391,0.0488845672336596
9.0,19.8095,21.161238331237417,0.0472562136651444,3.288779437484509e-06,1.5,21.117290680586088,0.047354559594112
10.5,19.8095,22.34360811017993,0.0447555289668901,1.857931109702352e-06,1.5,21.963898396467226,0.0455292581466705
12.0,19.8095,23.7348317466171,0.0421321714295501,1.1526850549620814e-06,1.5,22.688024606360983,0.0440761158077919
13.5,19.8095,25.349711763146104,0.0394481802926776,7.673717354642121e-07,1.5,23.376125915549984,0.0427786881202069
15.0,19.8095,27.19598154069656,0.036770138209705,4.664441060162758e-07,1.5,24.23382226140151,0.0412646420037813
16.5,19.8095,29.27204022991697,0.0341622924861235,2.621522907370534e-07,2.0,25.296415089427143,0.0395312931284859
18.5,19.8095,31.57701546523094,0.031668604054778,1.627699175389905e-07,2.0,26.20036488660979,0.0381674073749663
20.5,19.8095,34.055812263001,0.0293635633259119,nan,2.0,nan,nan
22.5,19.8095,36.63951285962689,0.0272929392874625,nan,2.0,nan,nan
24.5,19.8095,39.2528946195694,0.0254758282081305,nan,2.0,nan,nan
26.5,19.8095,41.82348809093502,0.0239100095579245,nan,2.0,nan,nan
28.5,19.8095,44.286644880878434,0.0225801706742469,nan,nan,nan,nan
Name:	143.8449888287663_8_150_1
Lambda:	143.8449888287663	Maximal Depth:	30	Filter time:	8 to 150 [us]
Chi2:	1.1122092838921591	RelRMS:	12.526872848589448	AbsRMS:	9.053839399028872e-07	Phi model:	0.0520434108326362
depth_vector,start_model,resistivity_model,conductivity_model,E/I[V/A],modelled_thickness,rhoa,sigma
0.0,19.8095,16.995024579606312,0.058840750439395,0.0001534979707588,1.0,17.39433810578598,0.0574899713871471
1.0,19.8095,17.106023844807343,0.0584589387383297,8.748412465413478e-05,1.0,17.777698586411756,0.0562502505675477
2.0,19.8095,17.331023561498696,0.0576999965669382,5.438432311160301e-05,1.0,18.217423860485187,0.0548925033340782
3.0,19.8095,17.670699821684998,0.0565908543572692,3.665945497924603e-05,1.0,18.49904732830217,0.0540568377524
4.0,19.8095,18.12564888519601,0.0551704386603639,2.2618196185207463e-05,1.0,18.89410011725644,0.0529265746340931
5.0,19.8095,18.697035954557453,0.0534844133813759,1.2858080445183082e-05,1.0,19.48537205638329,0.0513205494412104
6.0,19.8095,19.386979037590663,0.0515810120834729,8.03511165439546e-06,1.5,20.010809365405684,0.0499729911838939
7.5,19.8095,20.24621519788143,0.0493919475924883,5.39170950528796e-06,1.5,20.46545043272572,0.0488628385330297
9.0,19.8095,21.281081156598766,0.0469900938134397,3.289293237768592e-06,1.5,21.11509155519014,0.0473594915459505
10.5,19.8095,22.49987716963445,0.0444446870736515,1.8607598372613253e-06,1.5,21.94163307032048,0.0455754590734022
12.0,19.8095,23.91034270850004,0.0418229053506833,1.1561405651408638e-06,1.5,22.64279492424816,0.0441641592102704
13.5,19.8095,25.516482061468697,0.0391903553785753,7.708051239891328e-07,1.5,23.30665827167952,0.042906193944377
15.0,19.8095,27.315993310892324,0.0366085900160638,4.694802066956586e-07,1.5,24.129230198003867,0.0414435102899688
16.5,19.8095,29.298922634348543,0.0341309478331347,2.6455443464781616e-07,2.0,25.14305544559937,0.0397724135860752
18.5,19.8095,31.446446276330803,0.031800095667811,1.646483933672e-07,2.0,26.00070380027609,0.0384604973650513
20.5,19.8095,33.70330900357438,0.0296706771401569,nan,2.0,nan,nan
22.5,19.8095,36.005992010931834,0.027773155081976,nan,2.0,nan,nan
24.5,19.8095,38.28976845242884,0.0261166374312866,nan,2.0,nan,nan
26.5,19.8095,40.49410972705834,0.0246949496294715,nan,2.0,nan,nan
28.5,19.8095,42.56812684940097,0.023491754841312,nan,nan,nan,nan
Name:	183.29807108324357_8_150_1
Lambda:	183.2980710832436	Maximal Depth:	30	Filter time:	8 to 150 [us]
Chi2:	1.164114933618679	RelRMS:	12.949505272328407	AbsRMS:	8.66754531567195e-07	Phi model:	0.047444940917905
depth_vector,start_model,resistivity_model,conductivity_model,E/I[V/A],modelled_thickness,rhoa,sigma
0.0,19.8095,16.915509619335488,0.0591173439348784,0.0001536584255503,1.0,17.382226866836962,0.0575300280948392
1.0,19.8095,17.032650979453347,0.0587107668211078,8.749759794658857e-05,1.0,17.775873543702563,0.0562560257610669
2.0,19.8095,17.270025360241526,0.0579037945307345,5.4354906817254217e-05,1.0,18.223995984442507,0.0548727074376926
3.0,19.8095,17.628607833816556,0.0567259768568748,3.662475842108013e-05,1.0,18.51072889742641,0.0540227240937569
4.0,19.8095,18.109119537799955,0.0552207962354357,2.258997373252351e-05,1.0,18.90983355376049,0.0528825384505373
5.0,19.8095,18.712375826522585,0.0534405683848342,1.2841226457432284e-05,1.0,19.502417906148427,0.0512756933428616
6.0,19.8095,19.439681764540104,0.0514411713171199,8.026752277865073e-06,1.5,20.02470031929244,0.0499383253709204
7.5,19.8095,20.339751993078625,0.0491648079258925,5.388710736294805e-06,1.5,20.473042287935144,0.0488447191157957
9.0,19.8095,21.412374778803773,0.0467019660514211,3.2903400924757537e-06,1.5,21.11061266554029,0.0473695394749172
10.5,19.8095,22.6576983856728,0.0441351095322344,1.8639805570314912e-06,1.5,21.91635089748877,0.0456280338217518
12.0,19.8095,24.07440519511725,0.0415378902155729,1.1598756404666676e-06,1.5,22.59415867545302,0.0442592271021992
13.5,19.8095,25.657660762176,0.0389747143852716,7.744408764973045e-07,1.5,23.23365620016952,0.0430410087583504
15.0,19.8095,27.397524101159345,0.0364996485196151,4.726474328877226e-07,1.5,24.02131559947296,0.0416296932555159
16.5,19.8095,29.278256730348875,0.0341550389837053,2.670335024320613e-07,2.0,24.98719938789094,0.0400204914715096
18.5,19.8095,31.268023354407006,0.0319815547233514,1.6657538905925186e-07,2.0,25.799792384368587,0.0387600018287695
20.5,19.8095,33.31376945365132,0.0300176178319081,nan,2.0,nan,nan
22.5,19.8095,35.35886711768731,0.0282814490823937,nan,2.0,nan,nan
24.5,19.8095,37.34849210577614,0.026774842667486,nan,2.0,nan,nan
26.5,19.8095,39.233942104953975,0.0254881346698457,nan,2.0,nan,nan
28.5,19.8095,40.97612136643371,0.0244044571973365,nan,nan,nan,nan
Name:	233.57214690901213_8_150_1
Lambda:	233.57214690901213	Maximal Depth:	30	Filter time:	8 to 150 [us]
Chi2:	1.2212694974337326	RelRMS:	13.395384562313048	AbsRMS:	8.354712039663092e-07	Phi model:	0.0434717642051649
depth_vector,start_model,resistivity_model,conductivity_model,E/I[V/A],modelled_thickness,rhoa,sigma
0.0,19.8095,16.834870634733843,0.0594005158517103,0.000153777798061,1.0,17.373230212206018,0.0575598197793651
1.0,19.8095,16.95929924292504,0.0589647004676312,8.749214426541298e-05,1.0,17.77661222289581,0.0562536881302966
2.0,19.8095,17.211199609686087,0.0581017025354363,5.43169041240568e-05,1.0,18.23249524394431,0.0548471279778415
3.0,19.8095,17.59140687085334,0.0568459366178875,3.658636152577661e-05,1.0,18.523677807467603,0.0539849597036751
4.0,19.8095,18.10015158082817,0.055248156101588,2.2561132346079008e-05,1.0,18.925945915329265,0.0528375175789781
5.0,19.8095,18.737233546112027,0.0533696715440417,1.2825097684365173e-05,1.0,19.518765237390177,0.0512327489899001
6.0,19.8095,19.50248192370144,0.0512755250286732,8.019364817918092e-06,1.5,20.036996302968955,0.0499076800174797
7.5,19.8095,20.440891197649005,0.0489215460485898,5.386620605195478e-06,1.5,20.478337949001293,0.0488320879599884
9.0,19.8095,21.54536291158765,0.0464136995094278,3.292106416479152e-06,1.5,21.10306096209256,0.0473864906041972
10.5,19.8095,22.80833536407361,0.0438436205026668,1.867689656255264e-06,1.5,21.887325072415507,0.0456885433323369
12.0,19.8095,24.22063314843733,0.041287112267935,1.1639414936972695e-06,1.5,22.541511069642407,0.0443625982708294
13.5,19.8095,25.77029901963286,0.0388043615341117,7.78307298199287e-07,1.5,23.15664664058685,0.0431841455941764
15.0,19.8095,27.44171217577037,0.0364408748840004,4.759582690566209e-07,1.5,23.909788831412584,0.0418238741902314
16.5,19.8095,29.21536315894352,0.0342285664757816,2.695930074791097e-07,2.0,24.82879644213645,0.0402758145095958
18.5,19.8095,31.050145640871648,0.0322059680996693,1.6855115958394592e-07,2.0,25.59777823155053,0.0390658904438608
20.5,19.8095,32.89705062076461,0.0303978618487093,nan,2.0,nan,nan
22.5,19.8095,34.70709585860216,0.0288125518791325,nan,2.0,nan,nan
24.5,19.8095,36.43519081275648,0.027445993219552,nan,2.0,nan,nan
26.5,19.8095,38.04336043864253,0.0262857956939116,nan,2.0,nan,nan
28.5,19.8095,39.50275277900359,0.0253146914999685,nan,nan,nan,nan
Name:	297.63514416313194_8_150_1
Lambda:	297.63514416313194	Maximal Depth:	30	Filter time:	8 to 150 [us]
Chi2:	1.2841893204063528	RelRMS:	13.860319695413828	AbsRMS:	8.170694937290299e-07	Phi model:	0.0400377483594447
depth_vector,start_model,resistivity_model,conductivity_model,E/I[V/A],modelled_thickness,rhoa,sigma
0.0,19.8095,16.76224632387574,0.059657875244061,0.0001538225567845,1.0,17.36985991620082,0.0575709881843838
1.0,19.8095,16.894200904154598,0.0591919088492715,8.74532225727239e-05,1.0,17.781886238768344,0.0562370035761326
2.0,19.8095,17.161010182680542,0.0582716279143772,5.426344704596784e-05,1.0,18.244467649143708,0.0548111361334752
3.0,19.8095,17.56309275925345,0.0569375800553766,3.654049621773686e-05,1.0,18.539175071084973,0.053939832606666
4.0,19.8095,18.09976896260769,0.0552493240143506,2.252984711501068e-05,1.0,18.94346240176621,0.0527886602138141
5.0,19.8095,18.76944888091454,0.0532780693958913,1.2808923103451835e-05,1.0,19.53519344339216,0.0511896645865184
6.0,19.8095,19.57009072091052,0.0510983834597918,8.012546419207069e-06,1.5,20.04836188335011,0.0498793869453487
7.5,19.8095,20.54197724711393,0.0486808055510087,5.385186045826194e-06,1.5,20.481974602983733,0.0488234176334895
9.0,19.8095,21.671300193817025,0.0461439780288451,3.2944422698803862e-06,1.5,21.09308466876304,0.0474089027614301
10.5,19.8095,22.943423272634213,0.0435854749361988,1.871796550119348e-06,1.5,21.855298150155143,0.0457554956756744
12.0,19.8095,24.34246812956457,0.0410804686968234,1.1682740244752743e-06,1.5,22.48574661079719,0.0444726171342614
13.5,19.8095,25.85084139988766,0.0386834604155029,7.823559633654915e-07,1.5,23.076687677811844,0.0433337753650623
15.0,19.8095,27.44883555780627,0.0364314179337056,4.793782920646575e-07,1.5,23.795933629461032,0.0420239867689801
16.5,19.8095,29.11467812958493,0.0343469364678927,2.722097308334525e-07,2.0,24.66942268692652,0.0405360114296451
18.5,19.8095,30.800800333388008,0.0324666888254849,1.705590777657742e-07,2.0,25.39648092730141,0.0393755340695644
20.5,19.8095,32.463236193815376,0.0308040761564773,nan,2.0,nan,nan
22.5,19.8095,34.06078114885656,0.0293592796838592,nan,2.0,nan,nan
24.5,19.8095,35.55759405679064,0.0281233876061146,nan,2.0,nan,nan
26.5,19.8095,36.92529908043581,0.02708170346357,nan,2.0,nan,nan
28.5,19.8095,38.14402575491045,0.0262164252516336,nan,nan,nan,nan
Name:	379.26901907322497_8_150_1
Lambda:	379.26901907322497	Maximal Depth:	30	Filter time:	8 to 150 [us]
Chi2:	1.3542791482264331	RelRMS:	14.35123343248104	AbsRMS:	8.139587527862448e-07	Phi model:	0.0370352612296357
depth_vector,start_model,resistivity_model,conductivity_model,E/I[V/A],modelled_thickness,rhoa,sigma
0.0,19.8095,16.703049660261975,0.0598693065242503,0.0001537853934434,1.0,17.372658170826725,0.0575617150908583
1.0,19.8095,16.842046560241872,0.0593752069514311,8.7380208365275e-05,1.0,17.791790461625023,0.0562056979120169
2.0,19.8095,17.122748569132913,0.0584018386979468,5.419589476604096e-05,1.0,18.25962500255826,0.0547656372932026
3.0,19.8095,17.5450244388184,0.0569962158495201,3.648882873738252e-05,1.0,18.55667168734113,0.0538889741031616
4.0,19.8095,18.10707683320542,0.0552270258314784,2.249762580784216e-05,1.0,18.961545421410783,0.0527383173562863
5.0,19.8095,18.80576464754633,0.0531751842449264,1.2793848257717856e-05,1.0,19.55053582875853,0.0511494932291838
6.0,19.8095,19.636994683414823,0.0509242893895871,8.00712682048358e-06,1.5,20.05740731046888,0.0498568924946772
7.5,19.8095,20.63585760298293,0.0484593380725523,5.385010966052933e-06,1.5,20.48241854637411,0.0488223594169754
9.0,19.8095,21.782237698161698,0.0459089655460143,3.2977471818523944e-06,1.5,21.07898970572713,0.0474406038410987
10.5,19.8095,23.05517106977543,0.0433742173056771,1.8765420880132308e-06,1.5,21.818436410621512,0.0458327985186503
12.0,19.8095,24.4331791329164,0.0409279527056222,1.173027102464829e-06,1.5,22.424964375271767,0.0445931589127833
13.5,19.8095,25.89423956217174,0.0386186278071233,7.866910464002025e-07,1.5,22.9918331369815,0.0434937046577437
15.0,19.8095,27.415823049714447,0.0364752864864443,4.829715381846405e-07,1.5,23.677761003741736,0.042233723021445
16.5,19.8095,28.975041780960936,0.0345124610193689,2.749196404572802e-07,2.0,24.50704258827374,0.0408045971437812
18.5,19.8095,30.52012771923853,0.0327652626227263,1.726212467710665e-07,2.0,25.19381500043215,0.039692281616851
20.5,19.8095,32.01277127602001,0.0312375330263605,nan,2.0,nan,nan
22.5,19.8095,33.41936279747456,0.0299227727967203,nan,2.0,nan,nan
24.5,19.8095,34.71264068087391,0.0288079495073096,nan,2.0,nan,nan
26.5,19.8095,35.87265157418202,0.027876389285918,nan,2.0,nan,nan
28.5,19.8095,36.88717799351337,0.0271096910741138,nan,nan,nan,nan
Name:	483.2930238571752_8_150_1
Lambda:	483.2930238571752	Maximal Depth:	30	Filter time:	8 to 150 [us]
Chi2:	1.434007775425943	RelRMS:	14.87271780812523	AbsRMS:	8.316291957572802e-07	Phi model:	0.0343565261440762
depth_vector,start_model,resistivity_model,conductivity_model,E/I[V/A],modelled_thickness,rhoa,sigma
0.0,19.8095,16.662754382909654,0.0600140875283897,0.0001536479749885,1.0,17.38301504069895,0.0575274195908301
1.0,19.8095,16.80773792278345,0.0594964060359643,8.726608083064457e-05,1.0,17.807299281145998,0.0561567469727865
2.0,19.8095,17.100197342594065,0.0584788572883394,5.411161122078239e-05,1.0,18.27858072086576,0.0547088428402134
3.0,19.8095,17.539361971745816,0.0570146167010465,3.643035224574286e-05,1.0,18.5765239789262,0.0538313842317557
4.0,19.8095,18.12230034995013,0.0551806327391959,2.2464354316484288e-05,1.0,18.980263171848435,0.0526863084534677
5.0,19.8095,18.844255979532186,0.0530665684591716,1.2780118751466076e-05,1.0,19.56453523790296,0.051112893193735
6.0,19.8095,19.69914359025309,0.0507636281454787,8.00338772114195e-06,1.5,20.06365389859602,0.0498413701240119
7.5,19.8095,20.71681635909782,0.0482699649727236,5.386340492514745e-06,1.5,20.47904791679617,0.0488303950487774
9.0,19.8095,21.871462499009446,0.0457216795651086,3.3022085513653195e-06,1.5,21.059999919822697,0.0474833809974876
10.5,19.8095,23.13671064860917,0.0432213556709762,1.88205149974234e-06,1.5,21.775835566571576,0.0459224628576418
12.0,19.8095,24.486479162584413,0.0408388643120244,1.1782849868444238e-06,1.5,22.35820308745554,0.0447263134737812
13.5,19.8095,25.89544694891053,0.0386168271964146,7.913715426256273e-07,1.5,22.90108811157248,0.0436660474440371
15.0,19.8095,27.339272853290268,0.0365774175987146,4.867753719265135e-07,1.5,23.55424889764773,0.0424551852341114
16.5,19.8095,28.79482237431051,0.0347284656595817,2.777441925967797e-07,2.0,24.34060819582468,0.0410836077699791
18.5,19.8095,30.207911703829627,0.0331039103200644,1.747509792982869e-07,2.0,24.988701534810712,0.040018085717937
20.5,19.8095,31.54593838069789,0.0316998019818574,nan,2.0,nan,nan
22.5,19.8095,32.782518864429,0.0305040623673692,nan,2.0,nan,nan
24.5,19.8095,33.89803234748875,0.0295002373515075,nan,2.0,nan,nan
26.5,19.8095,34.87986899555813,0.0286698324505561,nan,2.0,nan,nan
28.5,19.8095,35.722203381250154,0.0279937939249536,nan,nan,nan,nan
Name:	615.8482110660261_8_150_1
Lambda:	615.8482110660261	Maximal Depth:	30	Filter time:	8 to 150 [us]
Chi2:	1.5277860316794374	RelRMS:	15.432473045672978	AbsRMS:	8.771753744201087e-07	Phi model:	0.0318870155248406
depth_vector,start_model,resistivity_model,conductivity_model,E/I[V/A],modelled_thickness,rhoa,sigma
0.0,19.8095,16.645752874677164,0.0600753842453878,0.0001533928982202,1.0,17.40228049291046,0.0574637330094404
1.0,19.8095,16.795225437112524,0.0595407310097959,8.710367249258805e-05,1.0,17.82942736382729,0.0560870508959149
2.0,19.8095,17.09643565527027,0.0584917242496527,5.400757738734956e-05,1.0,18.30204632743505,0.0546386989798503
3.0,19.8095,17.54797908811822,0.0569866190846501,3.636371327883164e-05,1.0,18.59921221154985,0.0537657180651454
4.0,19.8095,18.145809455394176,0.055109142552069,2.2429677685445163e-05,1.0,18.999820656299782,0.0526320757490113
5.0,19.8095,18.883671974717146,0.0529558023110586,1.2767850037699853e-05,1.0,19.57706636137097,0.0510801762399486
6.0,19.8095,19.75364202595688,0.0506235760821204,8.00155051735696e-06,1.5,20.066724937587114,0.049833742332656
7.5,19.8095,20.780593742749627,0.0481218204051027,5.389399570964768e-06,1.5,20.471297771800792,0.0488488815485601
9.0,19.8095,21.933862951027947,0.045591604280227,3.3080212324773186e-06,1.5,21.035322338998576,0.0475390861087991
10.5,19.8095,23.18261829096222,0.0431357660920402,1.8884708453891545e-06,1.5,21.72646019321551,0.0460268258661053
12.0,19.8095,24.497206938327952,0.0408209802251135,1.184155295317649e-06,1.5,22.28424981938921,0.0448747437362649
13.5,19.8095,25.84993550329505,0.0386848160558285,7.964786670817748e-07,1.5,22.80308669445954,0.0438537121486701
15.0,19.8095,27.21545959396089,0.0367438218909189,4.908460401119224e-07,1.5,23.42384201979578,0.042691544758323
16.5,19.8095,28.57101923797958,0.0350005014406589,2.807192922716619e-07,2.0,24.168326357273955,0.0413764687391781
18.5,19.8095,29.861454450580684,0.0334879870521696,1.7697264736607525e-07,2.0,24.779127114662405,0.0403565466762659
20.5,19.8095,31.05970427218558,0.0321960567053922,nan,2.0,nan,nan
22.5,19.8095,32.145913438801706,0.0311081531997454,nan,2.0,nan,nan
24.5,19.8095,33.10717116210108,0.0302049364200809,nan,2.0,nan,nan
26.5,19.8095,33.93704223319001,0.0294663274757047,nan,2.0,nan,nan
28.5,19.8095,34.63488331680442,0.028872625059915,nan,nan,nan,nan
Name:	784.7599703514607_8_150_1
Lambda:	784.7599703514607	Maximal Depth:	30	Filter time:	8 to 150 [us]
Chi2:	1.6425769343250205	RelRMS:	16.04085379626235	AbsRMS:	9.587263626981277e-07	Phi model:	0.0295188688531912
depth_vector,start_model,resistivity_model,conductivity_model,E/I[V/A],modelled_thickness,rhoa,sigma
0.0,19.8095,16.655477150575173,0.0600403093204367,0.0001530042714178,1.0,17.43173558727101,0.0573666342627534
1.0,19.8095,16.807638166282285,0.0594967591583506,8.688598234286995e-05,1.0,17.85919566221381,0.0559935631432597
2.0,19.8095,17.113974903482774,0.0584317790367038,5.38805608201366e-05,1.0,18.330798202176165,0.0545529981275601
3.0,19.8095,17.572497493568147,0.0569071072774953,3.6287302111347325e-05,1.0,18.6253129709647,0.0536903729649491
4.0,19.8095,18.178170729173864,0.0550110357581313,2.239303188345321e-05,1.0,19.020543587831853,0.0525747329660829
5.0,19.8095,18.923411522043857,0.0528445940540426,1.27570259359792e-05,1.0,19.588138649636065,0.05105130292809
6.0,19.8095,19.798691919235143,0.0505083873257537,8.001763642915136e-06,1.5,20.06636862022766,0.0498346272275673
7.5,19.8095,20.82437590587472,0.0480206467900866,5.394377348095477e-06,1.5,20.45870228212547,0.0488789555764584
9.0,19.8095,21.9659096875805,0.0455250892962288,3.315372439803322e-06,1.5,21.004216287717924,0.0476094887951017
10.5,19.8095,23.189015509124225,0.0431238661083532,1.8959548188980209e-06,1.5,21.669248065577182,0.0461483479709919
12.0,19.8095,24.46142512085516,0.0408806925622426,1.190759604006394e-06,1.5,22.201776724610315,0.0450414402596669
13.5,19.8095,25.75391407463246,0.0388290493282726,8.021085820895796e-07,1.5,22.69625985200242,0.0440601229683124
15.0,19.8095,27.04080974239393,0.0369811410799664,4.952535557443674e-07,1.5,23.28466120369704,0.0429467275152461
16.5,19.8095,28.300152215227538,0.0353354989893632,2.8389200653769414e-07,2.0,23.98792270359586,0.0416876447517523
18.5,19.8095,29.47692190008382,0.033924844778218,1.793194597591212e-07,2.0,24.56245775655168,0.0407125382122342
20.5,19.8095,30.54919698561201,0.0327340846461848,nan,2.0,nan,nan
22.5,19.8095,31.50288996863716,0.0317431194723898,nan,2.0,nan,nan
24.5,19.8095,32.33077111697982,0.0309302860850977,nan,2.0,nan,nan
26.5,19.8095,33.03147885979565,0.0302741516431815,nan,2.0,nan,nan
28.5,19.8095,33.608499450471115,0.0297543780993168,nan,nan,nan,nan
Name:	1000.0_8_150_1
Lambda:	1000.0	Maximal Depth:	30	Filter time:	8.0 to 150.0 [us]
Chi2:	1.7884292884566901	RelRMS:	16.71008006601053	AbsRMS:	1.0839931810971386e-06	Phi model:	0.027161815759142914
depth_vector,start_model,resistivity_model,conductivity_model,E/I[V/A],modelled_thickness,rhoa,sigma
0.0,19.8095,16.694469404429878,0.059900076832310106,0.00015246847798734727,1.0,17.472549915358634,0.057232630889266195
1.0,19.8095,16.847319338885193,0.0593566240352497,8.660654945098496e-05,1.0,17.897589732721446,0.055873445247867096
2.0,19.8095,17.15478478769599,0.058292774428580114,5.3727304349881156e-05,1.0,18.365640567278863,0.05444950293656785
3.0,19.8095,17.614353250448456,0.05677188289468081,3.619935037052959e-05,1.0,18.65546942499171,0.05360358280024596
4.0,19.8095,18.220150786211406,0.054884287826903015,2.2353677562628848e-05,1.0,19.042861201452432,0.05251311708997429
5.0,19.8095,18.96349645430442,0.05273289144803334,1.2747496854237754e-05,1.0,19.5978991921208,0.051025877324751376
6.0,19.8095,19.83355524709752,0.050419603925843895,8.004088913457287e-06,1.5,20.062482107069528,0.04984428121421848
7.5,19.8095,20.8467690691375,0.04796906401579731,5.401410190499912e-06,1.5,20.440939751545987,0.04892142984396635
9.0,19.8095,21.96572503623993,0.04552547199558221,3.3244248964504144e-06,1.5,20.96606910736051,0.047696112937495386
10.5,19.8095,23.153713955146713,0.043189615365258296,1.9046525925686307e-06,1.5,21.603227992606268,0.04628937862166947
12.0,19.8095,24.376767500752145,0.04102266635513281,1.1982221264698399e-06,1.5,22.10949905829555,0.04522942819117365
13.5,19.8095,25.604878346692843,0.03905505765190098,8.083633346654658e-07,1.5,22.579032704345817,0.04428887690160122
15.0,19.8095,26.812562406511635,0.03729595048913126,5.000750274816721e-07,1.5,23.13475367684948,0.043225011770956584
16.5,19.8095,27.978955127016214,0.035741148854926665,2.8731603797447306e-07,2.0,23.7969613012872,0.04202217196301904
18.5,19.8095,29.05012743223805,0.034423256914538056,1.818302527155284e-07,2.0,24.335821268988276,0.04109168903513949
20.5,19.8095,30.008752819251328,0.03332361081525775,nan,2.0,nan,nan
22.5,19.8095,30.84567457014736,0.03241945633984631,nan,2.0,nan,nan
24.5,19.8095,31.558359072955625,0.031687325620708966,nan,2.0,nan,nan
26.5,19.8095,32.14949422334576,0.03110468839891849,nan,2.0,nan,nan
28.5,19.8095,32.625729572565014,0.030650655574638867,nan,nan,nan,nan
