Name:	5.000000000000001_8_110_0.015
Lambda:	5.000000000000001	Maximal Depth:	20	Filter time:	8.0 to 110.0 [us]
Chi2:	9.207031075076713	RelRMS:	4.5514634919905275	AbsRMS:	6.098631809198478e-07	Phi model:	0.04189805033973001
depth_vector,start_model,resistivity_model,conductivity_model,E/I[V/A],modelled_thickness,rhoa,sigma,rel_err
0.0,20.9711,19.56322563600481,0.05111631479420075,0.0001271607013666578,1.0,19.72003690651118,0.0507098442432336,0.015
1.0,20.9711,19.625569143070972,0.050953936301667016,7.290290829485514e-05,1.0,20.07544295528066,0.0498121013931082,0.015
2.0,20.9711,19.756790342645914,0.05061550903040436,4.5647332731967065e-05,1.0,20.473519705138973,0.04884358011724746,0.015
3.0,20.9711,19.95359027900891,0.05011629416145703,3.1035191932318587e-05,1.0,20.671424668380396,0.04837595937592191,0.015
4.0,20.9711,20.206786123579608,0.04948832505497174,1.9439090066827553e-05,1.0,20.901665928342812,0.04784307640492869,0.015
5.0,20.9711,20.515456842136842,0.048743735403741675,1.1320668892794704e-05,1.0,21.211826661698954,0.047143511775232724,0.015
6.0,20.9711,20.890932921722545,0.047867656449185794,7.257667312917251e-06,1.5,21.41548400997163,0.04669518557387602,0.015
7.5,20.9711,21.411097133306,0.04670475285661338,4.997287986721126e-06,1.5,21.528612748374158,0.04644981131334252,0.015
9.0,20.9711,22.16556369938326,0.04511502678489626,3.1621328812063596e-06,1.5,21.677438005788442,0.046130912690557524,0.015
10.5,20.9711,23.219541521634593,0.04306717249641898,1.8765646259660488e-06,1.5,21.818261714133435,0.04583316549696624,0.015
12.0,20.9711,24.53790947438014,0.04075326796050385,1.2175930465208662e-06,1.5,21.874376687805125,0.045715588346683995,0.015
13.5,20.9711,25.91107236016481,0.03859353970765722,8.443536305741878e-07,1.5,21.932770135810213,0.04559387591297798,0.015
15.0,20.9711,26.91022933732643,0.03716059002934352,5.404140722826586e-07,1.5,21.968676405007212,0.04551935590312008,0.015
16.5,20.9711,26.919701705204623,0.037147514149707725,3.2304280839155637e-07,1.5,22.008377779216538,0.04543724258242891,0.015
18.0,20.9711,25.27472625556414,0.03956521585589294,2.111563869215628e-07,1.5,22.026929097551918,0.04539897484443896,0.015
19.5,20.9711,21.53479522264288,0.04643647592936219,nan,nan,nan,nan,nan
Name:	5.8538995686138975_8_110_0.015
Lambda:	5.8538995686138975	Maximal Depth:	20	Filter time:	8.0 to 110.0 [us]
Chi2:	9.208664910678916	RelRMS:	4.55186731452352	AbsRMS:	6.048181637484225e-07	Phi model:	0.03766176872107099
depth_vector,start_model,resistivity_model,conductivity_model,E/I[V/A],modelled_thickness,rhoa,sigma,rel_err
0.0,20.9711,19.514996130837293,0.05124264403105956,0.0001271844417759718,1.0,19.717582852083716,0.05071615560090429,0.015
1.0,20.9711,19.57829557737536,0.051076969190086086,7.290077145674627e-05,1.0,20.075835248906976,0.049811128035355076,0.015
2.0,20.9711,19.712071926869182,0.05073033437123966,4.564098789917179e-05,1.0,20.47541709395111,0.04883905394510484,0.015
3.0,20.9711,19.91623489876464,0.05021029351597112,3.103081851364528e-05,1.0,20.673366881005023,0.048371414571992816,0.015
4.0,20.9711,20.185384689103802,0.049540794758288965,1.9437250996737938e-05,1.0,20.902984325424722,0.047840058837133596,0.015
5.0,20.9711,20.52144539812561,0.04872951103587168,1.1320271609606688e-05,1.0,21.212322942655213,0.047142408811301405,0.015
6.0,20.9711,20.935983016181737,0.04776465472039622,7.257875115715189e-06,1.5,21.41507523847293,0.04669607689276128,0.015
7.5,20.9711,21.504746470118683,0.04650136198487724,4.997687735558642e-06,1.5,21.527464730449722,0.04645228839165351,0.015
9.0,20.9711,22.295804790202833,0.044851487058202875,3.1624988772316638e-06,1.5,21.67576548678883,0.04613447218782148,0.015
10.5,20.9711,23.34733716321356,0.04283143696470945,1.8767943984790585e-06,1.5,21.81648089781999,0.04583690672586544,0.015
12.0,20.9711,24.604353953294815,0.04064321306295011,1.2177200395113931e-06,1.5,21.872855845188404,0.04571876699950821,0.015
13.5,20.9711,25.85881813215936,0.0386715276347587,8.444133741877271e-07,1.5,21.93173560427636,0.0455960266001481,0.015
15.0,20.9711,26.7179536643943,0.03742801610336838,5.404182964296843e-07,1.5,21.968561926968494,0.04551959310419883,0.015
16.5,20.9711,26.637947970879267,0.037540429206228826,3.2301578846222187e-07,1.5,22.00960508046805,0.04543470890749551,0.015
18.0,20.9711,25.04615458080536,0.03992628875517564,2.1112028317559615e-07,1.5,22.029440247360924,0.04539379978661953,0.015
19.5,20.9711,21.56447846836832,0.04637255667772545,nan,nan,nan,nan,nan
Name:	6.853628031883595_8_110_0.015
Lambda:	6.853628031883595	Maximal Depth:	20	Filter time:	8.0 to 110.0 [us]
Chi2:	9.210345889134352	RelRMS:	4.5522827516041104	AbsRMS:	5.998564429188939e-07	Phi model:	0.0339389134329507
depth_vector,start_model,resistivity_model,conductivity_model,E/I[V/A],modelled_thickness,rhoa,sigma,rel_err
0.0,20.9711,19.456025457616118,0.05139795906303911,0.00012720745613909812,1.0,19.71520457799084,0.050722273565264174,0.015
1.0,20.9711,19.52299690269265,0.051221644145324735,7.289820001941193e-05,1.0,20.076307354288357,0.04980995669935274,0.015
2.0,20.9711,19.664372964747464,0.05085338860245943,4.563442652307779e-05,1.0,20.477379701325237,0.04883437307827441,0.015
3.0,20.9711,19.88171628832964,0.0502974685634655,3.102636378860255e-05,1.0,20.675345670444376,0.048366785055957276,0.015
4.0,20.9711,20.17236557731809,0.0495727680606981,1.9435406460320797e-05,1.0,20.904306850067183,0.04783703220452804,0.015
5.0,20.9711,20.5395523181747,0.04868655287657543,1.1319883443507571e-05,1.0,21.21280786270078,0.04714133114637477,0.015
6.0,20.9711,20.993615435031515,0.047633529493510934,7.258091303133763e-06,1.5,21.414649994183556,0.046697004166381915,0.015
7.5,20.9711,21.60535974086889,0.04628481136133971,4.998092694800427e-06,1.5,21.526301905074252,0.04645479768934564,0.015
9.0,20.9711,22.423611236939518,0.044595849858146436,3.1628658711395146e-06,1.5,21.67408873158212,0.04613804125212714,0.015
10.5,20.9711,23.463797233786423,0.04261884766716538,1.8770224427740317e-06,1.5,21.814713835037534,0.045840619664414654,0.015
12.0,20.9711,24.655937783413325,0.04055818151328745,1.217844682507091e-06,1.5,21.871363402666454,0.04572188672417581,0.015
13.5,20.9711,25.79675163105636,0.03876457060570811,8.444707610144414e-07,1.5,21.930741998163107,0.04559809239850429,0.015
15.0,20.9711,26.52837422577554,0.03769548753682683,5.404204794666705e-07,1.5,21.968502765362143,0.04551971568935073,0.015
16.5,20.9711,26.372062134770108,0.03791891566498151,3.229872465705785e-07,1.5,22.010901698251434,0.04543203244051746,0.015
18.0,20.9711,24.835164729715167,0.04026548689663026,2.1108305962055866e-07,1.5,22.032030033529733,0.0453884639081436,0.015
19.5,20.9711,21.594297019185888,0.04630852299158106,nan,nan,nan,nan,nan
Name:	8.024090035856696_8_110_0.015
Lambda:	8.024090035856696	Maximal Depth:	20	Filter time:	8.0 to 110.0 [us]
Chi2:	9.212068769794469	RelRMS:	4.552708505059109	AbsRMS:	5.950311019851142e-07	Phi model:	0.03067855607991439
depth_vector,start_model,resistivity_model,conductivity_model,E/I[V/A],modelled_thickness,rhoa,sigma,rel_err
0.0,20.9711,19.389626856131294,0.051573968257351215,0.00012722961189673787,1.0,19.712915708460866,0.05072816293587639,0.015
1.0,20.9711,19.46231074694018,0.05138136026099664,7.28953546522493e-05,1.0,20.07682978441524,0.049808660567330014,0.015
2.0,20.9711,19.614955063129926,0.050981508587786266,4.5627825381149626e-05,1.0,20.479354677916852,0.04882966361622286,0.015
3.0,20.9711,19.84991650351152,0.050378045661960164,3.102195093563465e-05,1.0,20.677306327222677,0.04836219883648246,0.015
4.0,20.9711,20.166122444209204,0.0495881150561572,1.9433624581020944e-05,1.0,20.905584648496475,0.04783410829277715,0.015
5.0,20.9711,20.566911328494275,0.04862178788190512,1.1319539320448509e-05,1.0,21.213237784752096,0.04714037574776972,0.015
6.0,20.9711,21.06050847095428,0.047482234409447224,7.258334110487457e-06,1.5,21.414172413202706,0.04669804560756499,0.015
7.5,20.9711,21.7106399710666,0.046060364933170235,4.998512855114008e-06,1.5,21.52509559635343,0.04645740110763597,0.015
9.0,20.9711,22.54825429602447,0.04434933129951049,3.1632391366903765e-06,1.5,21.672383654510362,0.046141671167393,0.015
10.5,20.9711,23.570004094629745,0.04242680637581403,1.8772517241852493e-06,1.5,21.812937546814386,0.045844352593676335,0.015
12.0,20.9711,24.695036196935828,0.040493967776572055,1.2179689777412756e-06,1.5,21.86987537764246,0.04572499763863759,0.015
13.5,20.9711,25.727478144960493,0.03886894760401848,8.445273466095635e-07,1.5,21.92976237490534,0.04560012930848351,0.015
15.0,20.9711,26.3429455451287,0.037960827056597646,5.40421844218625e-07,1.5,21.968465779971282,0.04551979232485607,0.015
16.5,20.9711,26.121518580041865,0.03828261350640041,3.229581076956805e-07,1.5,22.01222563315495,0.045429299911127284,0.015
18.0,20.9711,24.640406765757355,0.040583745613716686,2.110454409654577e-07,1.5,22.034648081771127,0.04538307107465366,0.015
19.5,20.9711,21.624025399930417,0.04624485873953967,nan,nan,nan,nan,nan
Name:	9.394443439884116_8_110_0.015
Lambda:	9.394443439884116	Maximal Depth:	20	Filter time:	8.0 to 110.0 [us]
Chi2:	9.213832236609074	RelRMS:	4.553144246822234	AbsRMS:	5.901597786658724e-07	Phi model:	0.02782877197396865
depth_vector,start_model,resistivity_model,conductivity_model,E/I[V/A],modelled_thickness,rhoa,sigma,rel_err
0.0,20.9711,19.316968356769365,0.05176795765933756,0.0001272532117602917,1.0,19.71047838162556,0.05073443579797723,0.015
1.0,20.9711,19.396781161108393,0.05155494572496671,7.289360789849959e-05,1.0,20.077150517957907,0.04980786487133993,0.015
2.0,20.9711,19.5640567683036,0.05111414323946015,4.562205229842415e-05,1.0,20.48108230026065,0.0488255447314556,0.015
3.0,20.9711,19.82040977311838,0.050453043678050466,3.101816073384818e-05,1.0,20.678990707502823,0.048358259556506134,0.015
4.0,20.9711,20.165923109365433,0.049588605221626635,1.9432258044979955e-05,1.0,20.90656473360342,0.047831865863294395,0.015
5.0,20.9711,20.602644864533744,0.04853745752427359,1.1319437542217287e-05,1.0,21.21336494316591,0.047140093176125726,0.015
6.0,20.9711,21.135335705120397,0.047314128999509236,7.258726428631206e-06,1.5,21.413400813746254,0.04669972830088968,0.015
7.5,20.9711,21.81930027261727,0.04583098392275106,4.999030407454214e-06,1.5,21.52360990080478,0.04646060789099367,0.015
9.0,20.9711,22.668786386219537,0.04411352169289066,3.1636691382983135e-06,1.5,21.670419822741497,0.046145852649821496,0.015
10.5,20.9711,23.666191091155007,0.04225437021734096,1.8775113674138652e-06,1.5,21.8109264761408,0.04584857966001171,0.015
12.0,20.9711,24.722871461183686,0.040448375973238256,1.218111465566429e-06,1.5,21.868169867748602,0.04572856375488513,0.015
13.5,20.9711,25.652212604757942,0.03898299204858926,8.445958259293747e-07,1.5,21.92857699095483,0.0456025942956756,0.015
15.0,20.9711,26.16192299026998,0.03822348993122238,5.40430431910822e-07,1.5,21.968233053227724,0.04552027455176114,0.015
16.5,20.9711,25.885099932279168,0.03863226344948287,3.2293313996933333e-07,1.5,22.01336020886343,0.04542695847030938,0.015
18.0,20.9711,24.460329653019393,0.04088252342406839,2.1101053250179797e-07,1.5,22.037078211666056,0.04537806647482954,0.015
19.5,20.9711,21.653434096926702,0.04618205110208968,nan,nan,nan,nan,nan
Name:	10.998825680021056_8_110_0.015
Lambda:	10.998825680021056	Maximal Depth:	20	Filter time:	8.0 to 110.0 [us]
Chi2:	9.215603396003935	RelRMS:	4.553581847404179	AbsRMS:	5.85835394234012e-07	Phi model:	0.02538260715764193
depth_vector,start_model,resistivity_model,conductivity_model,E/I[V/A],modelled_thickness,rhoa,sigma,rel_err
0.0,20.9711,19.244183698697736,0.0519637525632054,0.00012727249043084814,1.0,19.708487894328925,0.05073955979584552,0.015
1.0,20.9711,19.332307375417063,0.05172688291060377,7.289029135524463e-05,1.0,20.07775952666534,0.04980635407411353,0.015
2.0,20.9711,19.515052922910645,0.051242494906380776,4.5615659502421976e-05,1.0,20.48299579991469,0.048820983501064084,0.015
3.0,20.9711,19.794319576905902,0.05051954405983741,3.101403753140152e-05,1.0,20.680823464166775,0.04835397399589426,0.015
4.0,20.9711,20.169709637694915,0.049579295783768386,1.9430701508968816e-05,1.0,20.90768122739568,0.047829311587632366,0.015
5.0,20.9711,20.641328844558014,0.04844649332078468,1.1319222952346385e-05,1.0,21.21363305101987,0.04713949739749665,0.015
6.0,20.9711,21.211617413773467,0.04714397683557426,7.2590346656349335e-06,1.5,21.41279463128784,0.04670105034019357,0.015
7.5,20.9711,21.925879401350027,0.04560820488406169,4.999480426254583e-06,1.5,21.52231827666271,0.04646339614279981,0.015
9.0,20.9711,22.78430676093299,0.04388985851062388,3.164050538117282e-06,1.5,21.66867832922347,0.046149561353326735,0.015
10.5,20.9711,23.754502634086112,0.0420972821617855,1.8777394508964376e-06,1.5,21.809160234368022,0.04585229276385192,0.015
12.0,20.9711,24.743759638550415,0.04041423027897566,1.2182326626565015e-06,1.5,21.866719459255517,0.04573159690749727,0.015
13.5,20.9711,25.575861324419023,0.03909936745884807,8.446495215128438e-07,1.5,21.92764762701386,0.04560452707968755,0.015
15.0,20.9711,25.98921795973698,0.038477494842254205,5.404299477719577e-07,1.5,21.96824617324307,0.04552024736585399,0.015
16.5,20.9711,25.665313629877353,0.03896309292849965,3.2290322825882333e-07,1.5,22.014719640079615,0.04542415330965276,0.015
18.0,20.9711,24.295679804685765,0.04115958096414886,2.1097274927313439e-07,1.5,22.039709221649538,0.045372649427593316,0.015
19.5,20.9711,21.68238779474436,0.04612038164184076,nan,nan,nan,nan,nan
Name:	12.87720418070694_8_110_0.015
Lambda:	12.87720418070694	Maximal Depth:	20	Filter time:	8.0 to 110.0 [us]
Chi2:	9.217379136797172	RelRMS:	4.554020537700026	AbsRMS:	5.818583568294711e-07	Phi model:	0.023286548477061478
depth_vector,start_model,resistivity_model,conductivity_model,E/I[V/A],modelled_thickness,rhoa,sigma,rel_err
0.0,20.9711,19.169946781521148,0.0521649857141987,0.00012728964739385046,1.0,19.70671689199371,0.05074411965629202,0.015
1.0,20.9711,19.267283407992696,0.05190145278006174,7.28866170578185e-05,1.0,20.078434282821537,0.04980468028104999,0.015
2.0,20.9711,19.467380003870677,0.0513679806836447,4.560939167806648e-05,1.0,20.484872326874036,0.04881651123048999,0.015
3.0,20.9711,19.77142619836574,0.05057804075270289,3.1010088396324795e-05,1.0,20.68257922895612,0.0483498691787906,0.015
4.0,20.9711,20.178052257566552,0.04955879721369097,1.9429274584953336e-05,1.0,20.90870488226449,0.04782696994533773,0.015
5.0,20.9711,20.684925747230523,0.04834438432218635,1.1319081407104144e-05,1.0,21.2138099018003,0.04713910441495638,0.015
6.0,20.9711,21.290832525382662,0.0469685719808191,7.259377676759055e-06,1.5,21.412120112072667,0.046702521504919825,0.015
7.5,20.9711,22.03096323994757,0.04539066172952226,4.999944364631664e-06,1.5,21.520986904003756,0.04646627055072276,0.015
9.0,20.9711,22.892789666729325,0.0436818760211354,3.164434177983755e-06,1.5,21.66692696044311,0.04615329168855743,0.015
10.5,20.9711,23.83319173164584,0.0419582912460774,1.8779654318235542e-06,1.5,21.807410627048792,0.04585597149070286,0.015
12.0,20.9711,24.756596748526544,0.04039327417083358,1.2183512220551598e-06,1.5,21.865300849628944,0.0457345639503044,0.015
13.5,20.9711,25.498387968928668,0.03921816552554462,8.447010538992567e-07,1.5,21.92675579631221,0.04560638196044427,0.015
15.0,20.9711,25.825076000416807,0.03872205448626213,5.40428196502743e-07,1.5,21.968293632267475,0.045520149026557974,0.015
16.5,20.9711,25.461164324127054,0.03927550159410416,3.228728401161267e-07,1.5,22.01610093918611,0.04542130337984215,0.015
18.0,20.9711,24.144926124975413,0.041416569047424176,2.1093490266035476e-07,1.5,22.042345432753837,0.04536722296866146,0.015
19.5,20.9711,21.71081126381551,0.04606000152866962,nan,nan,nan,nan,nan
Name:	15.076371999678692_8_110_0.015
Lambda:	15.076371999678692	Maximal Depth:	20	Filter time:	8.0 to 110.0 [us]
Chi2:	9.21914833515558	RelRMS:	4.554457569689288	AbsRMS:	5.78301457826735e-07	Phi model:	0.021502161734972096
depth_vector,start_model,resistivity_model,conductivity_model,E/I[V/A],modelled_thickness,rhoa,sigma,rel_err
0.0,20.9711,19.09668499399961,0.052365109458223306,0.00012730419691532493,1.0,19.705215350701756,0.0507479863682072,0.015
1.0,20.9711,19.20354572334887,0.05207371671910243,7.288251885083552e-05,1.0,20.079186953555613,0.04980281334662908,0.015
2.0,20.9711,19.42195629227027,0.051488119165317515,4.5603281919701814e-05,1.0,20.486701944104116,0.04881215154730119,0.015
3.0,20.9711,19.752080427950588,0.05062757837827196,3.100634557592867e-05,1.0,20.68424361131885,0.048345978648829065,0.015
4.0,20.9711,20.18993987030429,0.04952961754337947,1.942799533531727e-05,1.0,20.90962270417128,0.047824870594174285,0.015
5.0,20.9711,20.730677330848906,0.04823769064756606,1.1319022392958293e-05,1.0,21.213883636895098,0.047138940569128235,0.015
6.0,20.9711,21.369679802424486,0.04679527298703584,7.259759163097811e-06,1.5,21.411369995100113,0.04670415766150625,0.015
7.5,20.9711,22.13276104597757,0.04518189113064775,5.00042294847151e-06,1.5,21.519613718714385,0.046469235603906624,0.015
9.0,20.9711,22.99451866360746,0.04348862503404611,3.1648196432816825e-06,1.5,21.665167614688897,0.046157039621609205,0.015
10.5,20.9711,23.903287900427046,0.041835248948414935,1.8781887304727173e-06,1.5,21.80568213130832,0.045859606408011094,0.015
12.0,20.9711,24.76307236640779,0.0403827112081837,1.2184666357437284e-06,1.5,21.86392010063997,0.04573745217678185,0.015
13.5,20.9711,25.421011776106983,0.039337537341448084,8.447500593204904e-07,1.5,21.925907781934683,0.04560814584944691,0.015
15.0,20.9711,25.66988279166409,0.038956157615364535,5.404249943870014e-07,1.5,21.96838040958794,0.04551996921737377,0.015
16.5,20.9711,25.27222915034959,0.03956912522638182,3.228419176879064e-07,1.5,22.017506746788793,0.04541840325066997,0.015
18.0,20.9711,24.00733374977046,0.04165393835163229,2.1089699177260303e-07,1.5,22.044986911397075,0.04536178696858324,0.015
19.5,20.9711,21.73862931387249,0.0460010603962896,nan,nan,nan,nan,nan
Name:	17.651113509036346_8_110_0.015
Lambda:	17.651113509036346	Maximal Depth:	20	Filter time:	8.0 to 110.0 [us]
Chi2:	9.220886900893907	RelRMS:	4.554886993879353	AbsRMS:	5.752553023264271e-07	Phi model:	0.02000379452338183
depth_vector,start_model,resistivity_model,conductivity_model,E/I[V/A],modelled_thickness,rhoa,sigma,rel_err
0.0,20.9711,19.029188131334404,0.05255084941607942,0.00012731569446644154,1.0,19.704028981485827,0.05075104187776082,0.015
1.0,20.9711,19.144643789561936,0.05223393085773793,7.287806350007143e-05,1.0,20.080005296827952,0.0498007836759869,0.015
2.0,20.9711,19.38027536738275,0.051598854043271886,4.559747250335098e-05,1.0,20.488442000407332,0.04880800599577649,0.015
3.0,20.9711,19.734380177421603,0.050672987497429225,3.100290627505099e-05,1.0,20.685773317842397,0.04834240347869691,0.015
4.0,20.9711,20.201890594230264,0.049500317573524716,1.9426909066502356e-05,1.0,20.91040214741088,0.04782308790382683,0.015
5.0,20.9711,20.775012892637914,0.048134747504988175,1.131906370144242e-05,1.0,21.213832024033138,0.04713905525730102,0.015
6.0,20.9711,21.445039159631985,0.04663083114729835,7.260183821284322e-06,1.5,21.410535066543854,0.04670597894410411,0.015
7.5,20.9711,22.228106750676986,0.044988086984490645,5.0009154045027406e-06,1.5,21.518200959030256,0.04647228650313089,0.015
9.0,20.9711,23.088168451625478,0.04331222730357361,3.1652047138530522e-06,1.5,21.66341042710443,0.04616078356475388,0.015
10.5,20.9711,23.966176079332453,0.041725471626754974,1.878407678480298e-06,1.5,21.803987645258466,0.04586317036450265,0.015
12.0,20.9711,24.766098829297245,0.04037777636649993,1.2185778993686633e-06,1.5,21.862589207184634,0.04574023646162519,0.015
13.5,20.9711,25.346724331765405,0.039452829758627427,8.447960697086239e-07,1.5,21.925111669736015,0.045609801904924134,0.015
15.0,20.9711,25.525360663783307,0.039176723618986956,5.404203658428548e-07,1.5,21.968505844625597,0.045519709308980666,0.015
16.5,20.9711,25.098445950787163,0.039843104308561264,3.228107576393686e-07,1.5,22.018923584209873,0.04541548074207934,0.015
18.0,20.9711,23.88273907710305,0.04187124419739291,2.1085938722988752e-07,1.5,22.047607827084068,0.04535639457318196,0.015
19.5,20.9711,21.765543442698807,0.04594417789901071,nan,nan,nan,nan,nan
Name:	20.665569151220556_8_110_0.015
Lambda:	20.665569151220556	Maximal Depth:	20	Filter time:	8.0 to 110.0 [us]
Chi2:	9.222589011394914	RelRMS:	4.55530737444122	AbsRMS:	5.73046447171004e-07	Phi model:	0.01874896624443945
depth_vector,start_model,resistivity_model,conductivity_model,E/I[V/A],modelled_thickness,rhoa,sigma,rel_err
0.0,20.9711,18.966048584044554,0.05272579554822313,0.00012732042889801383,1.0,19.703540513369703,0.05075230004076967,0.015
1.0,20.9711,19.090391679124547,0.052382372075346455,7.287132326400614e-05,1.0,20.08124347835557,0.0497977130289687,0.015
2.0,20.9711,19.342842815513333,0.051698708899085954,4.5590863588927164e-05,1.0,20.490421974433715,0.04880328971495652,0.015
3.0,20.9711,19.720551413457656,0.05070852122915702,3.099907439771516e-05,1.0,20.68747796471863,0.04833842006770693,0.015
4.0,20.9711,20.215806524450855,0.04946624309994796,1.942561407469568e-05,1.0,20.911331453034403,0.04782096263195579,0.015
5.0,20.9711,20.81868963392774,0.04803376281523132,1.1318991261612848e-05,1.0,21.213922534144373,0.047138854136498015,0.015
6.0,20.9711,21.516985466552274,0.04647491171820886,7.260522369393228e-06,1.5,21.4098694989606,0.046707430890624894,0.015
7.5,20.9711,22.31697407305739,0.04480894214091819,5.001335974552269e-06,1.5,21.51699460966938,0.04647489196983935,0.015
9.0,20.9711,23.17319577967446,0.04315330563413762,3.1655370936235876e-06,1.5,21.66189396924647,0.04616401508657121,0.015
10.5,20.9711,24.020696976568942,0.04163076537601939,1.8785920603595624e-06,1.5,21.802560929272857,0.045866171558652365,0.015
12.0,20.9711,24.764682708285775,0.040380085292407955,1.2186655792845049e-06,1.5,21.86154055582847,0.04574243052296658,0.015
13.5,20.9711,25.274695073826578,0.039565264668041764,8.44825634363049e-07,1.5,21.924600154219984,0.04561086601196341,0.015
15.0,20.9711,25.391036524329362,0.03938397705984996,5.404056712840186e-07,1.5,21.968904083770564,0.0455188841549336,0.015
16.5,20.9711,24.940713115585826,0.04009508450562647,3.227741401598868e-07,1.5,22.020588860612502,0.04541204625951974,0.015
18.0,20.9711,23.77123573164452,0.042067648955615274,2.1081863454452757e-07,1.5,22.050449037907985,0.04535055038021457,0.015
19.5,20.9711,21.79186049654383,0.045888693173242324,nan,nan,nan,nan,nan
Name:	24.19483326789813_8_110_0.015
Lambda:	24.19483326789813	Maximal Depth:	20	Filter time:	8.0 to 110.0 [us]
Chi2:	9.224271053566756	RelRMS:	4.5557227604986235	AbsRMS:	5.708261293208076e-07	Phi model:	0.017690665315524053
depth_vector,start_model,resistivity_model,conductivity_model,E/I[V/A],modelled_thickness,rhoa,sigma,rel_err
0.0,20.9711,18.90674513438926,0.052891176820335485,0.00012732815841680906,1.0,19.702743096524067,0.05075435410698822,0.015
1.0,20.9711,19.039322456100397,0.05252287744512618,7.28675198308345e-05,1.0,20.081942253368307,0.049795980258446955,0.015
2.0,20.9711,19.307673320287005,0.05179287961896877,4.5586544754828574e-05,1.0,20.491716118518443,0.04880020756759831,0.015
3.0,20.9711,19.707703646063564,0.05074157892564723,3.09968758954005e-05,1.0,20.688456147825846,0.04833613455033425,0.015
4.0,20.9711,20.22992720699144,0.04943171518948428,1.942533068208692e-05,1.0,20.911534833608666,0.04782049753673828,0.015
5.0,20.9711,20.861248567723027,0.04793576936460177,1.131948277010052e-05,1.0,21.21330843668347,0.04714021874450914,0.015
6.0,20.9711,21.585675342792538,0.0463270193829678,7.2611937634842356e-06,1.5,21.40854972686191,0.04671031026194511,0.015
7.5,20.9711,22.399921399722235,0.044643013792557334,5.001964900799184e-06,1.5,21.515190933642348,0.04647878808439224,0.015
9.0,20.9711,23.250148649498893,0.043010477699528725,3.1659871975148638e-06,1.5,21.659840826850818,0.046168390986527516,0.015
10.5,20.9711,24.067190216399034,0.041550342645258795,1.8788381625565003e-06,1.5,21.800656995449874,0.04587017722487515,0.015
12.0,20.9711,24.75834910566006,0.04039041519821642,1.2187895945167712e-06,1.5,21.86005754895996,0.04574553373248448,0.015
13.5,20.9711,25.204562073663293,0.039675357067398456,8.448787530071403e-07,1.5,21.92368119219377,0.04561277785575827,0.015
15.0,20.9711,25.265558777063255,0.03957957189167043,5.404052890947417e-07,1.5,21.968914441772533,0.04551886269348666,0.015
16.5,20.9711,24.795695747541636,0.0403295801893014,3.2274580515257274e-07,1.5,22.02187768586748,0.045409388530104726,0.015
18.0,20.9711,23.670051143253403,0.04224747948147238,2.107832789469209e-07,1.5,22.052914714231317,0.04534547985870884,0.015
19.5,20.9711,21.817419833755785,0.045834934085688984,nan,nan,nan,nan,nan
Name:	28.326824805926805_8_110_0.015
Lambda:	28.326824805926805	Maximal Depth:	20	Filter time:	8.0 to 110.0 [us]
Chi2:	9.22591150728834	RelRMS:	4.556127839668105	AbsRMS:	5.695726950033122e-07	Phi model:	0.016808302263375804
depth_vector,start_model,resistivity_model,conductivity_model,E/I[V/A],modelled_thickness,rhoa,sigma,rel_err
0.0,20.9711,18.85435218383521,0.05303815215976238,0.00012732825841061722,1.0,19.702732781178014,0.050754380679379575,0.015
1.0,20.9711,18.994858390298344,0.05264582548879394,7.286127582859855e-05,1.0,20.083089546861075,0.04979313554653233,0.015
2.0,20.9711,19.277992570119043,0.051872620884292876,4.558146196412409e-05,1.0,20.493239444948248,0.04879658009590613,0.015
3.0,20.9711,19.698387780760516,0.05076557590041473,3.0994339679783225e-05,1.0,20.68958473389572,0.048333497886098274,0.015
4.0,20.9711,20.244667515952234,0.04939572355100561,1.9424881655158445e-05,1.0,20.91185709403894,0.04781976060294791,0.015
5.0,20.9711,20.900860942445004,0.04784491905638309,1.1319889905271493e-05,1.0,21.212799790056337,0.04714134908626053,0.015
6.0,20.9711,21.64770724108859,0.04619426846746812,7.261796345122775e-06,1.5,21.40736539387886,0.04671289444547605,0.015
7.5,20.9711,22.473644982280646,0.04449656478904292,5.002531612169486e-06,1.5,21.51356600523873,0.046482298646188726,0.015
9.0,20.9711,23.31755146113505,0.04288614958850924,3.1663892341829773e-06,1.5,21.658007353688127,0.046172299402683074,0.015
10.5,20.9711,24.10611129012284,0.04148325658853723,1.8790513939969424e-06,1.5,21.79900769750025,0.0458736477309778,0.015
12.0,20.9711,24.749093774190573,0.040405519859593536,1.2188904532047985e-06,1.5,21.858851639587716,0.04574805742260215,0.015
13.5,20.9711,25.138103779773992,0.039780247896207495,8.449153543073477e-07,1.5,21.923048039198815,0.045614095184756315,0.015
15.0,20.9711,25.151049639364683,0.03975977203094018,5.403945505441636e-07,1.5,21.969205480381657,0.04551825967912189,0.015
16.5,20.9711,24.665668302792618,0.04054218145335155,3.2271167452420444e-07,1.5,22.023430376880157,0.04540618708744774,0.015
18.0,20.9711,23.580757925536044,0.04240745794337176,2.1074447164765691e-07,1.5,22.05562190362497,0.04533991398517963,0.015
19.5,20.9711,21.8424510033407,0.04578240783724568,nan,nan,nan,nan,nan
Name:	33.164477502323265_8_110_0.015
Lambda:	33.164477502323265	Maximal Depth:	20	Filter time:	8.0 to 110.0 [us]
Chi2:	9.227539925869461	RelRMS:	4.556529911369648	AbsRMS:	5.689930069240775e-07	Phi model:	0.01605979493120274
depth_vector,start_model,resistivity_model,conductivity_model,E/I[V/A],modelled_thickness,rhoa,sigma,rel_err
0.0,20.9711,18.808831457269395,0.053166513947016714,0.00012732403776035764,1.0,19.70316819455982,0.050753259076177754,0.015
1.0,20.9711,18.956222433148874,0.05275312650115844,7.285430553611951e-05,1.0,20.08437048489144,0.049789959847248114,0.015
2.0,20.9711,19.252437706010625,0.05194147438730833,4.557661844239156e-05,1.0,20.494691325261915,0.048793123259553185,0.015
3.0,20.9711,19.691142146022045,0.05078425581331845,3.099213233120177e-05,1.0,20.690567103290377,0.04833120305537551,0.015
4.0,20.9711,20.258885189876228,0.04936105766075026,1.9424679644182027e-05,1.0,20.91200207857839,0.047819429064822505,0.015
5.0,20.9711,20.937226566504144,0.04776181777579954,1.1320448633357828e-05,1.0,21.21210180331783,0.04714290027797188,0.015
6.0,20.9711,21.70402399638758,0.046074405380607766,7.262479493582362e-06,1.5,21.406022910411565,0.046715824054996,0.015
7.5,20.9711,22.539434578317977,0.044366685265563824,5.0031375863403795e-06,1.5,21.511828838207517,0.046486052279473486,0.015
9.0,20.9711,23.376160409752416,0.04277862499535232,3.1668053845493673e-06,1.5,21.656109924152215,0.04617634485151643,0.015
10.5,20.9711,24.137681003997134,0.04142900056697256,1.8792666359950316e-06,1.5,21.79734316466051,0.04587715082732079,0.015
12.0,20.9711,24.736835484449593,0.0404255427347865,1.218989456227906e-06,1.5,21.85766807906956,0.04575053461249962,0.015
13.5,20.9711,25.07470500526983,0.0398808281010618,8.449492880562556e-07,1.5,21.922461072069524,0.04561531648807704,0.015
15.0,20.9711,25.045500735078786,0.03992733108343878,5.403815101023936e-07,1.5,21.969558918322825,0.04551752739860382,0.015
16.5,20.9711,24.547802830142892,0.04073684341199261,3.2267596345949763e-07,1.5,22.025055259074044,0.045402837279512054,0.015
18.0,20.9711,23.501351615974325,0.04255074415891385,2.107046327415623e-07,1.5,22.058401922117135,0.045334199799729705,0.015
19.5,20.9711,21.867181562541184,0.04573063049483319,nan,nan,nan,nan,nan
Name:	38.82830410883109_8_110_0.015
Lambda:	38.82830410883109	Maximal Depth:	20	Filter time:	8.0 to 110.0 [us]
Chi2:	9.229174909485188	RelRMS:	4.556933568348531	AbsRMS:	5.691670475519268e-07	Phi model:	0.01541780964509226
depth_vector,start_model,resistivity_model,conductivity_model,E/I[V/A],modelled_thickness,rhoa,sigma,rel_err
0.0,20.9711,18.77001802459193,0.05327645390056787,0.0001273149350764704,1.0,19.704107333262947,0.0507508400703785,0.015
1.0,20.9711,18.92345567031479,0.05284447076802675,7.284642323093046e-05,1.0,20.08581927057703,0.04978636850849608,0.015
2.0,20.9711,19.231476741691317,0.051998086960848476,4.55719631776389e-05,1.0,20.49608701657749,0.04878980066737556,0.015
3.0,20.9711,19.686351490587914,0.05079661411501781,3.099024522302367e-05,1.0,20.691407043769527,0.04832924111369768,0.015
4.0,20.9711,20.27295190610334,0.04932680769093827,1.9424734041064618e-05,1.0,20.911963037348777,0.04781951834048288,0.015
5.0,20.9711,20.970464860865874,0.04768611504965512,1.1321171891396211e-05,1.0,21.211198364071713,0.04714490821479638,0.015
6.0,20.9711,21.753930536832087,0.04596870429032936,7.263253248463205e-06,1.5,21.404502626664488,0.046719142109579226,0.015
7.5,20.9711,22.596507407855803,0.04425462669741362,5.003789678585184e-06,1.5,21.509959854582902,0.046490091416276656,0.015
9.0,20.9711,23.425421552965844,0.04268866614583472,3.1672395165686227e-06,1.5,21.654130950459496,0.046180564913355725,0.015
10.5,20.9711,24.161900717924,0.0413874724374714,1.8794854787190221e-06,1.5,21.79565111202722,0.04588071238891242,0.015
12.0,20.9711,24.721520516530376,0.0404505863355507,1.2190870596802855e-06,1.5,21.856501406945544,0.045752976717592174,0.015
13.5,20.9711,25.014120500205795,0.03997741995333287,8.449804787826103e-07,1.5,21.921921586871722,0.045616439053356765,0.015
15.0,20.9711,24.94855563631228,0.04008248070860318,5.403657879832755e-07,1.5,21.969985057251957,0.04551664452179112,0.015
16.5,20.9711,24.44170865509953,0.040913669911999365,3.2263819673509797e-07,1.5,22.02677400156018,0.045399294509907304,0.015
18.0,20.9711,23.431473660530376,0.04267764010440668,2.1066331341522546e-07,1.5,22.061286172189025,0.04532827289374558,0.015
19.5,20.9711,21.891794080424148,0.04567921643727727,nan,nan,nan,nan,nan
Name:	45.4593985345391_8_110_0.015
Lambda:	45.4593985345391	Maximal Depth:	20	Filter time:	8.0 to 110.0 [us]
Chi2:	9.230848807179923	RelRMS:	4.557346795686589	AbsRMS:	5.701538006359615e-07	Phi model:	0.014856405321858598
depth_vector,start_model,resistivity_model,conductivity_model,E/I[V/A],modelled_thickness,rhoa,sigma,rel_err
0.0,20.9711,18.738189259385674,0.05336694950389164,0.00012730063159629542,1.0,19.70558327268534,0.050747038855030395,0.015
1.0,20.9711,18.896963366094337,0.05291855525286347,7.28375344770731e-05,1.0,20.087453357303293,0.04978231845583478,0.015
2.0,20.9711,19.215115157563055,0.05204236309801145,4.5567484127066716e-05,1.0,20.49743010157391,0.048786603737373604,0.015
3.0,20.9711,19.68382407557838,0.050803136431233145,3.098869249085289e-05,1.0,20.692098219431664,0.048327626777883444,0.015
4.0,20.9711,20.286421202051848,0.049294056849162535,1.942506786166784e-05,1.0,20.91172345468992,0.047820066201943186,0.015
5.0,20.9711,21.000042596509385,0.04761895102851932,1.1322080279565008e-05,1.0,21.210063810537164,0.04714743005644329,0.015
6.0,20.9711,21.797266024738658,0.04587731318528924,7.2641327381901915e-06,1.5,21.40277492144604,0.04672291343857373,0.015
7.5,20.9711,22.64491027970985,0.044160033652065896,5.004498382890362e-06,1.5,21.50792907349933,0.046494481015940066,0.015
9.0,20.9711,23.465551985919735,0.04261566063308631,3.1676977355603696e-06,1.5,21.652042667609315,0.04618501890798342,0.015
10.5,20.9711,24.178775832948354,0.04135858684116268,1.8797106850932891e-06,1.5,21.793910199584303,0.045884377371577585,0.015
12.0,20.9711,24.70288197877999,0.04048110665221206,1.2191843547572982e-06,1.5,21.8553385758203,0.0457554110420578,0.015
13.5,20.9711,24.955887219343136,0.04007070520918635,8.450091897430503e-07,1.5,21.92142502186759,0.04561747235877484,0.015
15.0,20.9711,24.85952508866722,0.040226029919448174,5.403471211081443e-07,1.5,21.970491038919942,0.045515596270858744,0.015
16.5,20.9711,24.34660638508227,0.04107348614354414,3.225978907327268e-07,1.5,22.02860867509482,0.045395513386670826,0.015
18.0,20.9711,23.37052508445386,0.042788940187963635,2.1062001376916233e-07,1.5,22.064309668195417,0.04532206151191982,0.015
19.5,20.9711,21.91653761634778,0.04562764509180908,nan,nan,nan,nan,nan
Name:	53.22295069415713_8_110_0.015
Lambda:	53.22295069415713	Maximal Depth:	20	Filter time:	8.0 to 110.0 [us]
Chi2:	9.232610176500664	RelRMS:	4.557781576285386	AbsRMS:	5.720306966080112e-07	Phi model:	0.014351788639128333
depth_vector,start_model,resistivity_model,conductivity_model,E/I[V/A],modelled_thickness,rhoa,sigma,rel_err
0.0,20.9711,18.713470232930504,0.05343744305854496,0.00012728067301837428,1.0,19.70764320910774,0.05074173453362792,0.015
1.0,20.9711,18.87667399430387,0.05297543414172194,7.282745795843014e-05,1.0,20.089306201789352,0.04977772701333658,0.015
2.0,20.9711,19.203271120711026,0.052074461362027244,4.556311645234099e-05,1.0,20.49874000139496,0.04878348620119817,0.015
3.0,20.9711,19.683487710357646,0.05080400459080177,3.098745754292058e-05,1.0,20.692647979371287,0.04832634281494134,0.015
4.0,20.9711,20.299299744183138,0.04926278308130086,1.942568988129271e-05,1.0,20.911277050233522,0.047821087043023645,0.015
5.0,20.9711,21.026033547814308,0.047560087722962455,1.1323189061099727e-05,1.0,21.20867917641445,0.04715050813310764,0.015
6.0,20.9711,21.834063241181955,0.04579999558276751,7.2651311146988455e-06,1.5,21.400814092678765,0.046727194380054016,0.015
7.5,20.9711,22.68469674336559,0.044082581808922,5.0052734937072815e-06,1.5,21.505708554307454,0.04649928168954501,0.015
9.0,20.9711,23.496613538704192,0.04255932448958126,3.1681859917494964e-06,1.5,21.649818047500734,0.04618976463478595,0.015
10.5,20.9711,24.18831402639692,0.041342277882976515,1.879944951787998e-06,1.5,21.79209961701171,0.04588818964554307,0.015
12.0,20.9711,24.68082410007786,0.04051728564431709,1.2192823283908978e-06,1.5,21.854167791137595,0.045757862278586726,0.015
13.5,20.9711,24.899495281146294,0.040161456636319544,8.450355419531119e-07,1.5,21.92096927693471,0.04561842076263489,0.015
15.0,20.9711,24.777488991914677,0.040359214782672986,5.403250761554327e-07,1.5,21.9710886237986,0.04551435830616158,0.015
16.5,20.9711,24.261304903712603,0.04121789837639666,3.22554393132877e-07,1.5,22.030589054406892,0.045391432681640656,0.015
18.0,20.9711,23.31775213497253,0.04288578050798369,2.1057408277873265e-07,1.5,22.067518036304115,0.04531547219559816,0.015
19.5,20.9711,21.941732524977432,0.04557525249483591,nan,nan,nan,nan,nan
Name:	62.312361621777015_8_110_0.015
Lambda:	62.312361621777015	Maximal Depth:	20	Filter time:	8.0 to 110.0 [us]
Chi2:	9.23452098139681	RelRMS:	4.558253197019975	AbsRMS:	5.748893110969517e-07	Phi model:	0.013884173760805227
depth_vector,start_model,resistivity_model,conductivity_model,E/I[V/A],modelled_thickness,rhoa,sigma,rel_err
0.0,20.9711,18.695636710825912,0.053488416333044124,0.0001272546003189815,1.0,19.710334998697462,0.050734804865877926,0.015
1.0,20.9711,18.862514427841653,0.05301520133095136,7.281602370824009e-05,1.0,20.091409220055674,0.049772516653624206,0.015
2.0,20.9711,19.19598350738628,0.05209423104657375,4.555880899992017e-05,1.0,20.500032045061353,0.04878041155262044,0.015
3.0,20.9711,19.685529459579662,0.05079873528691733,3.0986535537211525e-05,1.0,20.693058451094526,0.04832538420375972,0.015
4.0,20.9711,20.311812993959943,0.049232434362081155,1.9426617397460972e-05,1.0,20.910611444499274,0.047822609236185636,0.015
5.0,20.9711,21.04858936476824,0.047509121997212314,1.1324518867844717e-05,1.0,21.20701882645731,0.04715419966301094,0.015
6.0,20.9711,21.8644447984507,0.04573635458014737,7.266264972689823e-06,1.5,21.398587720506498,0.04673205601515885,0.015
7.5,20.9711,22.715812149167643,0.044022198873336,5.006127094915116e-06,1.5,21.503263840702626,0.04650456820918236,0.015
9.0,20.9711,23.518485100293326,0.042519745457054454,3.168711607845332e-06,1.5,21.647423844668293,0.0461948732179648,0.015
10.5,20.9711,24.190407552610033,0.04133869997126628,1.8801917302478074e-06,1.5,21.790192741118418,0.045892205354979954,0.015
12.0,20.9711,24.655054127831747,0.040559635148849846,1.2193824240089247e-06,1.5,21.852971810660247,0.045760366537981954,0.015
13.5,20.9711,24.844403101709286,0.04025051420660617,8.450599562293806e-07,1.5,21.920547068488187,0.04561929941235576,0.015
15.0,20.9711,24.701601665799117,0.040483204835440344,5.402994017217621e-07,1.5,21.97178464627344,0.04551291650173745,0.015
16.5,20.9711,24.184906966782886,0.041348101994912144,3.2250715447366654e-07,1.5,22.03274026267229,0.04538700080326335,0.015
18.0,20.9711,23.272529338292344,0.042969115452122855,2.1052493429514335e-07,1.5,22.070952444538438,0.04530842076312184,0.015
19.5,20.9711,21.96769509761791,0.045521389274400303,nan,nan,nan,nan,nan
Name:	72.95406136340671_8_110_0.015
Lambda:	72.95406136340671	Maximal Depth:	20	Filter time:	8.0 to 110.0 [us]
Chi2:	9.236665127258584	RelRMS:	4.558782352375666	AbsRMS:	5.788268057557695e-07	Phi model:	0.01343593326450359
depth_vector,start_model,resistivity_model,conductivity_model,E/I[V/A],modelled_thickness,rhoa,sigma,rel_err
0.0,20.9711,18.684894792406883,0.05351916674459293,0.0001272219973443002,1.0,19.713702278583305,0.05072613889915474,0.015
1.0,20.9711,18.854551557003887,0.053037591319881096,7.280306761923465e-05,1.0,20.093792804287407,0.04976661249272115,0.015
2.0,20.9711,19.193221051296,0.05210172890352222,4.555450862807546e-05,1.0,20.501322167983123,0.04877734186147751,0.015
3.0,20.9711,19.689721142259273,0.05078792090426001,3.0985920507695806e-05,1.0,20.69333227007226,0.048324744751054444,0.015
4.0,20.9711,20.32369101881945,0.049203660844578584,1.9427868217902946e-05,1.0,20.90971391247214,0.04782466198179422,0.015
5.0,20.9711,21.06757590129866,0.04746630579070834,1.1326091312971732e-05,1.0,21.205055945992438,0.04715856456813503,0.015
6.0,20.9711,21.888410001245035,0.045686278717509354,7.267551869430463e-06,1.5,21.396061552496885,0.04673757352709156,0.015
7.5,20.9711,22.7387025696146,0.04397788294818041,5.007072022221611e-06,1.5,21.500558379275102,0.04651041997885617,0.015
9.0,20.9711,23.5318006576761,0.04249568550011488,3.169282277907248e-06,1.5,21.644825168503846,0.04620041937114537,0.015
10.5,20.9711,24.185174190859172,0.04134764513616576,1.880454493309316e-06,1.5,21.788162809479083,0.04589648098117494,0.015
12.0,20.9711,24.62523423860004,0.04060875077616523,1.2194859359692486e-06,1.5,21.851735182511444,0.04576295619765372,0.015
13.5,20.9711,24.789823197962555,0.04033913400730461,8.450826272535295e-07,1.5,21.920155025187373,0.04562011531628992,0.015
15.0,20.9711,24.630664159254113,0.04059979842745267,5.402695877972884e-07,1.5,21.97259295767716,0.045511242206423476,0.015
16.5,20.9711,24.116140787455485,0.041466004399848704,3.224553837524611e-07,1.5,22.035098460407472,0.04538214348335197,0.015
18.0,20.9711,23.234132254248493,0.043040126872702304,2.1047177456154357e-07,1.5,22.07466865643097,0.045300793210713584,0.015
19.5,20.9711,21.99482314416941,0.04546524395514811,nan,nan,nan,nan,nan
Name:	85.41314966877566_8_110_0.015
Lambda:	85.41314966877566	Maximal Depth:	20	Filter time:	8.0 to 110.0 [us]
Chi2:	9.239141902140336	RelRMS:	4.5593935210525265	AbsRMS:	5.83980603831639e-07	Phi model:	0.012993603964946534
depth_vector,start_model,resistivity_model,conductivity_model,E/I[V/A],modelled_thickness,rhoa,sigma,rel_err
0.0,20.9711,18.681253750331965,0.053529597818467084,0.00012718227737263058,1.0,19.717806555585188,0.05071558021329426,0.015
1.0,20.9711,18.852828847042787,0.0530424377218519,7.278838248439773e-05,1.0,20.096495343029762,0.049759919972655255,0.015
2.0,20.9711,19.195117347309377,0.0520965817455746,4.5550156070275155e-05,1.0,20.502628153536342,0.04877423482059873,0.015
3.0,20.9711,19.696250575685436,0.05077108438265285,3.098560664619495e-05,1.0,20.693472008702816,0.048324418424295426,0.015
4.0,20.9711,20.33513572134724,0.04917596881097916,1.9429460981566558e-05,1.0,20.908571156886925,0.04782727583327075,0.015
5.0,20.9711,21.08311527508632,0.047431320606669956,1.1327928749758972e-05,1.0,21.202762852280863,0.04716366480005346,0.015
6.0,20.9711,21.90603603385061,0.04564951862832399,7.269009570523855e-06,1.5,21.393200997283373,0.04674382296164962,0.015
7.5,20.9711,22.75319837450652,0.0439498651372211,5.008121042930786e-06,1.5,21.49755588016455,0.04651691594962588,0.015
9.0,20.9711,23.536081467610227,0.042487956263075284,3.1699056674328354e-06,1.5,21.641987313373896,0.046206477506898797,0.015
10.5,20.9711,24.172463429588824,0.0413693872332403,1.8807368248947984e-06,1.5,21.785982231318698,0.04590107480040253,0.015
12.0,20.9711,24.5911961607356,0.04066495966538973,1.219594345522256e-06,1.5,21.85044023174939,0.04576566830662606,0.015
13.5,20.9711,24.73531653382633,0.040428025193551424,8.451039770945036e-07,1.5,21.91978584474166,0.045620883665699226,0.015
15.0,20.9711,24.56402403574894,0.04070994225313665,5.402353692538134e-07,1.5,21.973520778195333,0.04550932051782596,0.015
16.5,20.9711,24.054271603385704,0.041572657717028824,3.223985150219711e-07,1.5,22.037689603936,0.04537680754979855,0.015
18.0,20.9711,23.202053289557455,0.04309963379189677,2.1041400326225438e-07,1.5,22.07870902104568,0.04529250324585502,0.015
19.5,20.9711,22.02343880613362,0.04540616970867855,nan,nan,nan,nan,nan
Name:	100.0_8_110_0.015
Lambda:	100.0	Maximal Depth:	20	Filter time:	8.0 to 110.0 [us]
Chi2:	9.242080485802626	RelRMS:	4.56011853936451	AbsRMS:	5.904818714397291e-07	Phi model:	0.012545226751276322
depth_vector,start_model,resistivity_model,conductivity_model,E/I[V/A],modelled_thickness,rhoa,sigma,rel_err
0.0,20.9711,18.684498992751124,0.05352030045804076,0.00012713498357442738,1.0,19.72269622550525,0.05070300675760585,0.015
1.0,20.9711,18.857230805485212,0.05303005570198138,7.277177491843161e-05,1.0,20.099552766315885,0.04975235079239494,0.015
2.0,20.9711,19.201562882581282,0.05207909408807296,4.554567992859969e-05,1.0,20.503971437397546,0.04877103945707234,0.015
3.0,20.9711,19.705175101631006,0.05074809002419012,3.0985577772985355e-05,1.0,20.693484863863286,0.04832438840430809,0.015
4.0,20.9711,20.346312379626273,0.049148955414709324,1.9431409232628854e-05,1.0,20.907173563049213,0.047830472970644564,0.015
5.0,20.9711,21.09549327289825,0.04740348979109759,1.1330051494970954e-05,1.0,21.20011446956292,0.04716955662837121,0.015
6.0,20.9711,21.917659169799286,0.04562531026935198,7.270655445596507e-06,1.5,21.389972323235007,0.04675087863081258,0.015
7.5,20.9711,22.75963087711056,0.04393744368700212,5.009287206893983e-06,1.5,21.49421932458496,0.046524136787615536,0.015
9.0,20.9711,23.531788650575592,0.042495707183548066,3.1705898067075493e-06,1.5,21.638873977595726,0.04621312555521011,0.015
10.5,20.9711,24.15229117674789,0.04140393938951551,1.8810424931998063e-06,1.5,21.78362202781323,0.04590604807240984,0.015
12.0,20.9711,24.55246510746701,0.040729107876661855,1.219709177274763e-06,1.5,21.849068777108524,0.045768540993733765,0.015
13.5,20.9711,24.680010985992848,0.04051862053738754,8.451243763183896e-07,1.5,21.919433116843166,0.045621617797751694,0.015
15.0,20.9711,24.500503681228476,0.040815487428781674,5.401963557633616e-07,1.5,21.97457873106195,0.04550712949898147,0.015
16.5,20.9711,23.99814718171586,0.04166988361342737,3.223358311089972e-07,1.5,22.04054659078967,0.04537092562023309,0.015
18.0,20.9711,23.175660551771628,0.04314871620449051,2.1035087496550535e-07,1.5,22.083126153735492,0.045283443704407046,0.015
19.5,20.9711,22.053945703050353,0.04534336002567045,nan,nan,nan,nan,nan
