Name:	26.7_5_110_1
Lambda:	26.7	Maximal Depth:	30	Filter time:	5.0 to 110.0 [us]
Chi2:	97.50677606384325	RelRMS:	57.06426659988553	AbsRMS:	0.0029972321248972725	Phi model:	1.0948203980978486
depth_vector,start_model,resistivity_model,conductivity_model,E/I[V/A],modelled_thickness,rhoa,sigma
0.0,18.4121,5.406459235363751,0.18496393969993916,0.0016233576809643476,1.0,8.575370878947185,0.11661303214943539
1.0,18.4121,7.292371283201048,0.13712960588054995,0.0009226610997846088,1.0,9.2583380072964,0.10801074655212527
2.0,18.4121,11.442156085320034,0.08739611595431494,0.000560533633786107,1.0,9.986633465056949,0.10013384425281874
3.0,18.4121,17.808370674841736,0.05615336845008068,0.0003148658027954296,1.0,10.774389459358,0.09281268361164158
4.0,18.4121,25.47289637054762,0.03925741248475475,0.00016450526020571135,1.0,11.669220496193201,0.08569552699138949
5.0,18.4121,32.880603854826695,0.03041306675556098,9.549037338770886e-05,1.0,12.516888600506569,0.07989205879482934
6.0,18.4121,38.52185221125235,0.025959291742152963,6.065043616786996e-05,1.5,13.224646759194338,0.07561638644939665
7.5,18.4121,39.842561485163806,0.025098787897268365,3.5666543785734256e-05,1.5,13.946251912358445,0.07170385321333912
9.0,18.4121,37.360805838119155,0.026766017958309185,1.9345619880114946e-05,1.5,14.8401296440025,0.06738485606182966
10.5,18.4121,32.7281031876899,0.03055478022252547,1.1677998715149674e-05,1.5,15.596015204178464,0.06411894236497546
12.0,18.4121,27.68532080391507,0.036120224399154764,7.652225341387833e-06,1.5,16.204928932724176,0.06170961959485077
13.5,18.4121,23.433308554550713,0.04267429832505668,4.564974795803669e-06,1.5,16.970804908880854,0.05892472427614191
15.0,18.4121,20.593392310868527,0.04855926526841488,2.5173077439478966e-06,1.5,17.937900993155715,0.05574788267487676
16.5,18.4121,19.39483811655421,0.05156011068462917,1.5226830733291902e-06,2.0,18.845056597785593,0.053064313965366705
18.5,18.4121,20.53133866056115,0.04870603015871097,9.983929604121986e-07,2.0,19.614416680187837,0.05098290794495468
20.5,18.4121,24.17275865994836,0.041368881974438915,5.908360064911629e-07,2.0,20.70031823389249,0.04830843606851932
22.5,18.4121,30.50731695426593,0.032779021554046134,nan,2.0,nan,nan
24.5,18.4121,39.71362391565489,0.025180275719079,nan,2.0,nan,nan
26.5,18.4121,51.85832330337919,0.019283307602327323,nan,2.0,nan,nan
28.5,18.4121,66.86562831264587,0.014955366833977336,nan,nan,nan,nan
