Name:	10.0_12_80_0.08
Lambda:	10.0	Maximal Depth:	20	Filter time:	12.0 to 80.0 [us]
Chi2:	1.8397549836890497	RelRMS:	15.042669922299618	AbsRMS:	1.2688050270141935e-06	Phi model:	0.6248395123658781
depth_vector,start_model,resistivity_model,conductivity_model,E/I[V/A],modelled_thickness,rhoa,sigma
0.0,17.3166,12.690037902779656,0.07880197109426738,8.028550142820135e-05,1.0,14.051133670962786,0.07116863474628662
1.0,17.3166,12.621448364939472,0.0792302096467671,5.2875971072082064e-05,1.0,14.491092497884035,0.06900790952414515
2.0,17.3166,12.563696965670394,0.07959440622711966,3.066672180379313e-05,1.0,15.423630810102637,0.06483557680497576
3.0,17.3166,12.640879386181442,0.07910842034401216,1.615196320060439e-05,1.0,16.736934534020715,0.05974809771570337
4.0,17.3166,13.002123624553045,0.0769105131496837,9.704802667849935e-06,1.0,17.64417917096086,0.05667591506018142
5.0,17.3166,13.815514446652418,0.07238239327687909,6.227860278345175e-06,1.0,18.590014308761646,0.05379232008060859
6.0,17.3166,15.270713444944636,0.06548482515930187,3.5301142795383916e-06,1.5,20.14352724971389,0.04964373853711264
7.5,17.3166,17.97793832684742,0.05562373069812162,1.811638381265883e-06,1.5,22.336484525893624,0.044769802465591556
9.0,17.3166,22.372501029900274,0.04469772953249731,1.0521853416048983e-06,1.5,24.11065236644362,0.04147544350113752
10.5,17.3166,28.950003533563905,0.03454231011891329,6.641775572464999e-07,1.5,25.73871964518204,0.03885197141836801
12.0,17.3166,38.28665853970805,0.026118758808969317,3.707435420309255e-07,1.5,28.24268148948418,0.03540740281238302
13.5,17.3166,51.05728855506733,0.019585842262686157,nan,1.5,nan,nan
15.0,17.3166,68.05928991949607,0.014693071308602397,nan,1.5,nan,nan
16.5,17.3166,90.24095023376486,0.011081443595280722,nan,1.5,nan,nan
18.0,17.3166,118.74245285132524,0.008421587865058486,nan,1.5,nan,nan
19.5,17.3166,154.94852041150853,0.006453756365948021,nan,nan,nan,nan
Name:	12.742749857031335_12_80_0.08
Lambda:	12.742749857031335	Maximal Depth:	20	Filter time:	12.0 to 80.0 [us]
Chi2:	1.9255859862554943	RelRMS:	15.403546610608792	AbsRMS:	1.2903067720661947e-06	Phi model:	0.539199667566194
depth_vector,start_model,resistivity_model,conductivity_model,E/I[V/A],modelled_thickness,rhoa,sigma
0.0,17.3166,12.080419633051827,0.08277858140490556,8.04650371464506e-05,1.0,14.030225050202903,0.07127469419925934
1.0,17.3166,12.112451944947438,0.08255966707196208,5.289345017874776e-05,1.0,14.4878998492283,0.06902311655980042
2.0,17.3166,12.24047696200291,0.081696162911316,3.059940682576294e-05,1.0,15.446242600787901,0.0647406638523851
3.0,17.3166,12.563959052486917,0.07959274587114,1.6082224698038367e-05,1.0,16.785284677130107,0.05957599285536674
4.0,17.3166,13.20856133698311,0.07570847229213869,9.662828601935023e-06,1.0,17.69523825698784,0.056512378385473315
5.0,17.3166,14.321692046108213,0.06982415183768323,6.203848028760792e-06,1.0,18.637952362151484,0.05365396265475616
6.0,17.3166,16.074588316265565,0.06220999134317607,3.5184780189140353e-06,1.5,20.187915064198098,0.049534585261527694
7.5,17.3166,19.000488480686897,0.05263022585005922,1.8083142195451173e-06,1.5,22.363849739320322,0.044715020520004256
9.0,17.3166,23.456206607808777,0.042632639485154056,1.053000333955707e-06,1.5,24.0982101210192,0.04149685785699782
10.5,17.3166,29.829037728476614,0.033524380139334474,6.666168903498325e-07,1.5,25.675891289428847,0.03894704135983451
12.0,17.3166,38.54572107068766,0.025943216840233308,3.735524505477177e-07,1.5,28.100923862643953,0.03558601862657452
13.5,17.3166,50.082456985077265,0.019967071509649843,nan,1.5,nan,nan
15.0,17.3166,64.97747617939427,0.015389948314384071,nan,1.5,nan,nan
16.5,17.3166,83.84788235238476,0.011926359640155641,nan,1.5,nan,nan
18.0,17.3166,107.411942383203,0.009309951741049413,nan,1.5,nan,nan
19.5,17.3166,136.51731503168182,0.007325078139486762,nan,nan,nan,nan
Name:	16.237767391887218_12_80_0.08
Lambda:	16.237767391887218	Maximal Depth:	20	Filter time:	12.0 to 80.0 [us]
Chi2:	2.0099890232864808	RelRMS:	15.769779928082295	AbsRMS:	1.2941802556503308e-06	Phi model:	0.4744617145316713
depth_vector,start_model,resistivity_model,conductivity_model,E/I[V/A],modelled_thickness,rhoa,sigma
0.0,17.3166,11.595281041155626,0.0862419803755215,8.05645335601121e-05,1.0,14.018671210453029,0.07133343702749441
1.0,17.3166,11.710651124880233,0.08539234832770473,5.2874128764394535e-05,1.0,14.491429107321082,0.06900630659641423
2.0,17.3166,11.994203111661324,0.08337360895846038,3.052372266047076e-05,1.0,15.471764900603558,0.06463386733345397
3.0,17.3166,12.528443974764432,0.07981837185960698,1.60150334218483e-05,1.0,16.832200492711166,0.059409938732195425
4.0,17.3166,13.420560172802698,0.07451253801063684,9.623868712543531e-06,1.0,17.742962668935665,0.05636037332991731
5.0,17.3166,14.800052767295869,0.06756732666587045,6.182354912883861e-06,1.0,18.681124252096474,0.05352996888759389
6.0,17.3166,16.819946232125776,0.059453222156561895,3.5088377056244167e-06,1.5,20.22487484672819,0.049444063687829026
7.5,17.3166,19.939471494259838,0.05015178061704792,1.8062757848432304e-06,1.5,22.38067207901489,0.04468141065958624
9.0,17.3166,24.44424151829926,0.04090943051971515,1.0545265220588282e-06,1.5,24.074953377868102,0.041536944404606466
10.5,17.3166,30.630761466180267,0.03264691937561233,6.694459230195312e-07,1.5,25.603503872114008,0.039057154247124255
12.0,17.3166,38.809555166011876,0.025766850347096144,3.7655107300551037e-07,1.5,27.951539439987386,0.03577620481859411
13.5,17.3166,49.31036658070829,0.02027971133338178,nan,1.5,nan,nan
15.0,17.3166,62.48974323792685,0.016002626162065436,nan,1.5,nan,nan
16.5,17.3166,78.74145695423809,0.012699790411309848,nan,1.5,nan,nan
18.0,17.3166,98.50981888915679,0.010151272342965117,nan,1.5,nan,nan
19.5,17.3166,122.30564852312641,0.008176237255394734,nan,nan,nan,nan
Name:	20.6913808111479_12_80_0.08
Lambda:	20.6913808111479	Maximal Depth:	20	Filter time:	12.0 to 80.0 [us]
Chi2:	2.0933163662158036	RelRMS:	16.143372948722266	AbsRMS:	1.2733144478384211e-06	Phi model:	0.42499295546483623
depth_vector,start_model,resistivity_model,conductivity_model,E/I[V/A],modelled_thickness,rhoa,sigma
0.0,17.3166,11.216963049644802,0.0891506903940159,8.056393990162965e-05,1.0,14.018740077433021,0.07133308660239533
1.0,17.3166,11.400731934102442,0.08771366661194355,5.2806300635925574e-05,1.0,14.503835659822844,0.06894727873745189
2.0,17.3166,11.813698336668134,0.0846474974645437,3.0434134885577402e-05,1.0,15.502112444220991,0.06450733753855517
3.0,17.3166,12.526082546509953,0.07983341929026505,1.594819958777623e-05,1.0,16.879193309389528,0.059244537441473684
4.0,17.3166,13.630473284032213,0.07336502402829087,9.58681833449974e-06,1.0,17.788647673998792,0.056215627985126394
5.0,17.3166,15.240630403688453,0.06561408376900116,6.162784056088469e-06,1.0,18.720653180448338,0.05341693958864587
6.0,17.3166,17.492025098863614,0.0571689095086518,3.5009633784371117e-06,1.5,20.255189862779748,0.04937006301962966
7.5,17.3166,20.774502683268278,0.04813592966561828,1.8054740231349775e-06,1.5,22.387297352244776,0.0446681876899147
9.0,17.3166,25.30991378645769,0.03951020965290919,1.0567571095592719e-06,1.5,24.041063408059657,0.04159549779585684
10.5,17.3166,31.318597036852168,0.03192991048811393,6.726696297858992e-07,1.5,25.521636784187912,0.03918243992170425
12.0,17.3166,39.01966887929241,0.025628100614936183,3.797511767039476e-07,1.5,27.794289236517553,0.03597861386166152
13.5,17.3166,48.63396343324327,0.02056176238592267,nan,1.5,nan,nan
15.0,17.3166,60.389242795238594,0.0165592405818151,nan,1.5,nan,nan
16.5,17.3166,74.52737660008533,0.013417888105279894,nan,1.5,nan,nan
18.0,17.3166,91.31304929059517,0.0109513372707289,nan,1.5,nan,nan
19.5,17.3166,111.04353520005823,0.009005476979802383,nan,nan,nan,nan
Name:	26.366508987303583_12_80_0.08
Lambda:	26.366508987303583	Maximal Depth:	20	Filter time:	12.0 to 80.0 [us]
Chi2:	2.1768440747728093	RelRMS:	16.530620304473537	AbsRMS:	1.2224438351926833e-06	Phi model:	0.3864484445890743
depth_vector,start_model,resistivity_model,conductivity_model,E/I[V/A],modelled_thickness,rhoa,sigma
0.0,17.3166,10.932986943275738,0.09146631247145534,8.044547075950095e-05,1.0,14.032499963321277,0.07126313932754968
1.0,17.3166,11.172126602933051,0.08950847368105075,5.267981896353917e-05,1.0,14.527041713931283,0.06883713970759858
2.0,17.3166,11.690942446240657,0.08553630339028487,3.0326092742954444e-05,1.0,15.538909986157222,0.06435457833856083
3.0,17.3166,12.550527293246887,0.07967792720056265,1.5880131045053712e-05,1.0,16.927392863235163,0.05907584281167797
4.0,17.3166,13.831631763744026,0.07229804965031214,9.550985262372172e-06,1.0,17.833112474533106,0.05607546082760751
5.0,17.3166,15.634015338974386,0.06396309446537882,6.144838158480868e-06,1.0,18.757084366134503,0.05331318985830642
6.0,17.3166,18.076468356143845,0.05532054051145002,3.494823392705913e-06,1.5,20.27890688173056,0.04931232269234929
7.5,17.3166,21.48548554900903,0.04654304868833289,1.805982744857094e-06,1.5,22.38309301557685,0.04467657795569538
9.0,17.3166,26.02679025428828,0.03842194870092504,1.059768481356043e-06,1.5,23.995499424841796,0.04167448163069826
10.5,17.3166,31.85716998154341,0.03139010780239909,6.763526868431568e-07,1.5,25.42890098364566,0.03932533303909358
12.0,17.3166,39.1237628058912,0.025559913676028664,3.8320386329458967e-07,1.5,27.627085532346435,0.03619636240055712
13.5,17.3166,47.96614835501351,0.020848036256708908,nan,1.5,nan,nan
15.0,17.3166,58.52050354875223,0.017088027945058957,nan,1.5,nan,nan
16.5,17.3166,70.92514500096158,0.014099371950334996,nan,1.5,nan,nan
18.0,17.3166,85.3268379044045,0.011719642079322629,nan,1.5,nan,nan
19.5,17.3166,101.88732219994758,0.009814763784227853,nan,nan,nan,nan
Name:	33.59818286283781_12_80_0.08
Lambda:	33.59818286283781	Maximal Depth:	20	Filter time:	12.0 to 80.0 [us]
Chi2:	2.26323287471279	RelRMS:	16.941855623397657	AbsRMS:	1.1386053474051784e-06	Phi model:	0.35538228976711245
depth_vector,start_model,resistivity_model,conductivity_model,E/I[V/A],modelled_thickness,rhoa,sigma
0.0,17.3166,10.734310921222548,0.09315921695755282,8.019247524236061e-05,1.0,14.061998121606633,0.07111364909539232
1.0,17.3166,11.017177609153874,0.0907673485420737,5.2485007159773666e-05,1.0,14.562966784047209,0.06866732684547736
2.0,17.3166,11.620081307883778,0.08605791762588946,3.019511703842558e-05,1.0,15.583812415609401,0.06416915022657473
3.0,17.3166,12.597073169323354,0.07938351921581437,1.5809203228473e-05,1.0,16.97798478831654,0.05889980539316736
4.0,17.3166,14.018970659406317,0.07133191332624905,9.51568029029644e-06,1.0,17.877194721824697,0.05593718788436017
5.0,17.3166,15.972917235987191,0.06260597142186318,6.1282454798727204e-06,1.0,18.790926569505107,0.053217173527932995
6.0,17.3166,18.562042395738757,0.05387338196305206,3.490418632598689e-06,1.5,20.295964041698408,0.04927087956726189
7.5,17.3166,22.056493641996024,0.045338122016637276,1.807909588330683e-06,1.5,22.367186474823026,0.04470834993599311
9.0,17.3166,26.573571151367055,0.037631374206494476,1.0636703310036756e-06,1.5,23.936781879581297,0.041776710212370956
10.5,17.3166,32.21759278984317,0.031038942186743926,6.805900192395084e-07,1.5,25.323244791061207,0.03948941015461761
12.0,17.3166,39.07923999950733,0.025589033973347663,3.8698445660700875e-07,1.5,27.44685851666028,0.03643404214704567
13.5,17.3166,47.23755792251714,0.021169595634903074,nan,1.5,nan,nan
15.0,17.3166,56.76370049059496,0.0176168923336083,nan,1.5,nan,nan
16.5,17.3166,67.72560967685973,0.014765463238667259,nan,1.5,nan,nan
18.0,17.3166,80.1929719529352,0.012469920688148263,nan,1.5,nan,nan
19.5,17.3166,94.24198379228415,0.010610982067228861,nan,nan,nan,nan
Name:	42.81332398719393_12_80_0.08
Lambda:	42.81332398719393	Maximal Depth:	20	Filter time:	12.0 to 80.0 [us]
Chi2:	2.375594012142105	RelRMS:	17.497237078145968	AbsRMS:	1.0124573995284554e-06	Phi model:	0.32459200340339217
depth_vector,start_model,resistivity_model,conductivity_model,E/I[V/A],modelled_thickness,rhoa,sigma
0.0,17.3166,10.623913105188953,0.09412727590096516,7.974908247484702e-05,1.0,14.114071656109637,0.07085127696422913
1.0,17.3166,10.936576182567428,0.09143629444048218,5.218778047923977e-05,1.0,14.618208373722029,0.06840783592862304
2.0,17.3166,11.597231426046031,0.0862274764780598,3.0024623090956675e-05,1.0,15.64275153918034,0.0639273722078436
3.0,17.3166,12.655890250936332,0.07901459163854681,1.572990899195592e-05,1.0,17.034994136660544,0.05870269117662491
4.0,17.3166,14.177764586691012,0.07053298098479661,9.479844476027486e-06,1.0,17.92221943221936,0.055796660886891454
5.0,17.3166,16.242577003737388,0.06156658514039378,6.11390960102303e-06,1.0,18.82028904497342,0.05313414675037007
6.0,17.3166,18.943016079217376,0.05278990398456731,3.489681344677445e-06,1.5,20.298822648886624,0.049263940933778706
7.5,17.3166,22.50542180676486,0.04443373728278276,1.8133499830897357e-06,1.5,22.322426866546262,0.044797996471372045
9.0,17.3166,26.99776523223926,0.03704010281583805,1.0703021774548039e-06,1.5,23.837800828294682,0.04195017850862455
10.5,17.3166,32.46407167619763,0.030803283395076757,6.869240471337313e-07,1.5,25.167336573278206,0.03973404166501134
12.0,17.3166,38.9273856762605,0.02568885586914306,3.92273921623432e-07,1.5,27.19956968867045,0.03676528751910859
13.5,17.3166,46.39669360568888,0.021553259990866807,nan,1.5,nan,nan
15.0,17.3166,54.874688679744594,0.018223338009917878,nan,1.5,nan,nan
16.5,17.3166,64.36444787154112,0.01553652727660781,nan,1.5,nan,nan
18.0,17.3166,74.87435938937995,0.013355706922306414,nan,1.5,nan,nan
19.5,17.3166,86.42154934421968,0.011571188061174064,nan,nan,nan,nan
Name:	54.5559478116852_12_80_0.08
Lambda:	54.5559478116852	Maximal Depth:	20	Filter time:	12.0 to 80.0 [us]
Chi2:	2.483192266572689	RelRMS:	17.983433447609357	AbsRMS:	8.717416431062461e-07	Phi model:	0.30194587941667284
depth_vector,start_model,resistivity_model,conductivity_model,E/I[V/A],modelled_thickness,rhoa,sigma
0.0,17.3166,10.579976836072891,0.09451816535084051,7.914668913024525e-05,1.0,14.185596854323144,0.07049403773907786
1.0,17.3166,10.916290254052743,0.09160621206721244,5.1805601657071355e-05,1.0,14.690014289328435,0.0680734531842117
2.0,17.3166,11.622268649824447,0.08604172129639293,2.9820409187561888e-05,1.0,15.71408595907713,0.06363717257269788
3.0,17.3166,12.743219208114917,0.07847310665135519,1.564030514986124e-05,1.0,17.099994878510053,0.05847954967850443
4.0,17.3166,14.33663023592377,0.0697513978908563,9.438490558342774e-06,1.0,17.974531032746192,0.055634274862481216
5.0,17.3166,16.471071644387315,0.060712503812146316,6.095886139187121e-06,1.0,18.857367583920905,0.053029671058258905
6.0,17.3166,19.22448355029578,0.052017002037207626,3.4867721321429062e-06,1.5,20.310112055082477,0.04923655749844848
7.5,17.3166,22.77923589339281,0.043899628797033234,1.8173622381981818e-06,1.5,22.289560089610465,0.04486405276639428
9.0,17.3166,27.16891833950057,0.036806765271406174,1.0756759462684126e-06,1.5,23.758343363348576,0.042090476794046
10.5,17.3166,32.405988261921195,0.03085849417451819,6.921471068850712e-07,1.5,25.040565464493827,0.03993520040184181
12.0,17.3166,38.485710193660495,0.02598367017181155,3.967030110270884e-07,1.5,26.996740182340737,0.03704150920614207
13.5,17.3166,45.39230318577735,0.022030166566065046,nan,1.5,nan,nan
15.0,17.3166,53.105063714246164,0.018830595993273167,nan,1.5,nan,nan
16.5,17.3166,61.603354713088,0.016232882197039573,nan,1.5,nan,nan
18.0,17.3166,70.87023004535115,0.014110297079042664,nan,1.5,nan,nan
19.5,17.3166,80.89487618122706,0.01236172236372204,nan,nan,nan,nan
Name:	69.51927961775606_12_80_0.08
Lambda:	69.51927961775606	Maximal Depth:	20	Filter time:	12.0 to 80.0 [us]
Chi2:	2.610483428423436	RelRMS:	18.568024349022775	AbsRMS:	7.639343304028465e-07	Phi model:	0.2808048448923413
depth_vector,start_model,resistivity_model,conductivity_model,E/I[V/A],modelled_thickness,rhoa,sigma
0.0,17.3166,10.611116331544357,0.09424079133193883,7.845407503314607e-05,1.0,14.268964049492912,0.0700821725061069
1.0,17.3166,10.960606123292207,0.09123583027720668,5.138832313159858e-05,1.0,14.769430015452867,0.06770741991760862
2.0,17.3166,11.69064618730137,0.08553847101165557,2.961610717486796e-05,1.0,15.786270543110541,0.06334618409516748
3.0,17.3166,12.841814026563647,0.07787061842909984,1.5562210040920943e-05,1.0,17.15715520580964,0.05828472074795865
4.0,17.3166,14.464318139724641,0.06913564748369376,9.407223771769047e-06,1.0,18.014336964520293,0.05551134088196119
5.0,17.3166,16.616816455091623,0.060179999141387046,6.085900947674267e-06,1.0,18.877988247593002,0.05297174608250447
6.0,17.3166,19.364769347183724,0.05164017097603246,3.4898837836139163e-06,1.5,20.298037653921657,0.04926584613989995
7.5,17.3166,22.85816243946894,0.0437480485427521,1.8253357968246924e-06,1.5,22.2246015361881,0.04499518240503479
9.0,17.3166,27.1064672716715,0.03689156502681124,1.0835704508287943e-06,1.5,23.642806288644337,0.04229616348378665
10.5,17.3166,32.100068411376256,0.031152581582835515,6.990377573327097e-07,1.5,24.875738405625953,0.04019981170785418
12.0,17.3166,37.814317481473985,0.02644500989578671,4.0215500662058243e-07,1.5,26.75218987762327,0.03738011746232576
13.5,17.3166,44.21511918116298,0.022616698055312065,nan,1.5,nan,nan
15.0,17.3166,51.26436421828052,0.01950672782641098,nan,1.5,nan,nan
16.5,17.3166,58.924328443227864,0.016970918912779385,nan,1.5,nan,nan
18.0,17.3166,67.1608075647469,0.014889636326006685,nan,1.5,nan,nan
19.5,17.3166,75.94510077578894,0.013167406320945943,nan,nan,nan,nan
Name:	88.58667904100822_12_80_0.08
Lambda:	88.58667904100822	Maximal Depth:	20	Filter time:	12.0 to 80.0 [us]
Chi2:	2.7752826535410278	RelRMS:	19.248866538261456	AbsRMS:	7.399382131943529e-07	Phi model:	0.25915349478789296
depth_vector,start_model,resistivity_model,conductivity_model,E/I[V/A],modelled_thickness,rhoa,sigma
0.0,17.3166,10.698766800815568,0.09346871640605998,7.754747786010497e-05,1.0,14.379959506781399,0.06954122503115626
1.0,17.3166,11.055857319936974,0.09044979245496455,5.0846839625380386e-05,1.0,14.874100893894616,0.0672309544713705
2.0,17.3166,11.798878124728336,0.08475382061148501,2.935414854361588e-05,1.0,15.880049982642005,0.06297209398541373
3.0,17.3166,12.963701151477093,0.07713846441809247,1.546261385371864e-05,1.0,17.230750268888894,0.05803577815213057
4.0,17.3166,14.593570318070517,0.06852332761652905,9.366109078119848e-06,1.0,18.067017191025982,0.05534947963057827
5.0,17.3166,16.73762646565785,0.05974562773591544,6.0713191031091175e-06,1.0,18.908203078127894,0.05288709857134718
6.0,17.3166,19.44929450818097,0.0514157467037876,3.4919586077640623e-06,1.5,20.28999650660077,0.04928537073304466
7.5,17.3166,22.850535323466254,0.04376265088954194,1.8338202428911742e-06,1.5,22.155998252423192,0.04513450437245049
9.0,17.3166,26.92981583839693,0.037133562516762,1.0921763589115365e-06,1.5,23.518445441896237,0.04251981715673178
10.5,17.3166,31.658758138008167,0.031586835959918534,7.065940375406983e-07,1.5,24.698074228663717,0.040488986742109434
12.0,17.3166,36.99676945773195,0.0270293870156009,4.081781575311144e-07,1.5,26.488364913416262,0.037752424631295516
13.5,17.3166,42.89568434055548,0.02331236849051865,nan,1.5,nan,nan
15.0,17.3166,49.305673819546996,0.020281641493428995,nan,1.5,nan,nan
16.5,17.3166,56.178256892256435,0.017800481099260294,nan,1.5,nan,nan
18.0,17.3166,63.46868951006806,0.015755800343748544,nan,1.5,nan,nan
19.5,17.3166,71.13869921194515,0.014057046461036308,nan,nan,nan,nan
Name:	112.88378916846884_12_80_0.08
Lambda:	112.88378916846884	Maximal Depth:	20	Filter time:	12.0 to 80.0 [us]
Chi2:	2.9855875403976437	RelRMS:	20.048254134414798	AbsRMS:	8.848852658918993e-07	Phi model:	0.2373373042035302
depth_vector,start_model,resistivity_model,conductivity_model,E/I[V/A],modelled_thickness,rhoa,sigma
0.0,17.3166,10.851985399299085,0.09214903662371206,7.647716297797089e-05,1.0,14.513815639244175,0.06889986925947175
1.0,17.3166,11.209274880064095,0.08921183668878695,5.0216300340010764e-05,1.0,14.998352533166072,0.06667398954576416
2.0,17.3166,11.950118027293387,0.08368118186917126,2.9056511186412953e-05,1.0,15.988309444538814,0.06254569962314394
3.0,17.3166,13.106040405226302,0.07630069563964029,1.5353831532556377e-05,1.0,17.31204136042336,0.05776326310576382
4.0,17.3166,14.713783547854034,0.0679634844938199,9.322590298339328e-06,1.0,18.12319929377483,0.05517789567890983
5.0,17.3166,16.814101139448592,0.05947388990386401,6.056890516826081e-06,1.0,18.938219628289822,0.052803273994468033
6.0,17.3166,19.450278811992614,0.05141314475057406,3.495678198554691e-06,1.5,20.275600849962856,0.04932036329773339
7.5,17.3166,22.72325816814364,0.04400777355960016,1.8441617945822625e-06,1.5,22.07309081824278,0.045304031421531984
9.0,17.3166,26.606249687003842,0.03758515430637572,1.102234056450662e-06,1.5,23.375159110835064,0.042780457461633746
10.5,17.3166,31.057006955743876,0.03219885294886904,7.152531258472574e-07,1.5,24.498334535720726,0.04081910133694648
12.0,17.3166,36.02275554904242,0.027760230575325395,4.149944654718575e-07,1.5,26.197516439642776,0.03817155730406465
13.5,17.3166,41.44560236759873,0.024128012210573594,nan,1.5,nan,nan
15.0,17.3166,47.267218733460325,0.021156311430951678,nan,1.5,nan,nan
16.5,17.3166,53.43226489083832,0.018715283771762098,nan,1.5,nan,nan
18.0,17.3166,59.89053003576685,0.016697130571440864,nan,1.5,nan,nan
19.5,17.3166,66.5980161326203,0.01501546229258008,nan,nan,nan,nan
Name:	143.8449888287663_12_80_0.08
Lambda:	143.8449888287663	Maximal Depth:	20	Filter time:	12.0 to 80.0 [us]
Chi2:	3.255580175422378	RelRMS:	20.971421580917525	AbsRMS:	1.2013448791734053e-06	Phi model:	0.2151335098123494
depth_vector,start_model,resistivity_model,conductivity_model,E/I[V/A],modelled_thickness,rhoa,sigma
0.0,17.3166,11.069420173443683,0.09033896846729789,7.5217462169094e-05,1.0,14.675412946543199,0.06814118305512831
1.0,17.3166,11.420617970815957,0.08756093606802907,4.947701880728461e-05,1.0,15.147385686049072,0.066017992855428
2.0,17.3166,12.146641565057493,0.08232728319544076,2.8709559547063136e-05,1.0,16.1168626055436,0.06204681546742462
3.0,17.3166,13.27485485080131,0.07533039051945921,1.5227569959241889e-05,1.0,17.407606442051275,0.0574461516767932
4.0,17.3166,14.836273969342066,0.0674023681462352,9.271526771445676e-06,1.0,18.18968148082936,0.05497622380325513
5.0,17.3166,16.864389594448696,0.05929654283657994,6.039288917186827e-06,1.0,18.974998930350566,0.05270092523697048
6.0,17.3166,19.39371731062759,0.051563090457754,3.4991245868017973e-06,1.5,20.26228531603356,0.04935277459589908
7.5,17.3166,22.510014838760256,0.04442467084819902,1.8553856429911436e-06,1.5,21.983982485705823,0.04548766360463618
9.0,17.3166,26.175170856451295,0.03820414412895929,1.1132184223394232e-06,1.5,23.221139970844643,0.04306420792672334
10.5,17.3166,30.336595953460225,0.032963487450408516,7.24716910480383e-07,1.5,24.284591754295633,0.04117837393017376
12.0,17.3166,34.93265465394827,0.02862651034987903,4.2246276679285763e-07,1.5,25.8878528957635,0.03862815522115579
13.5,17.3166,39.89834329362847,0.025063697322983684,nan,1.5,nan,nan
15.0,17.3166,45.16998511951165,0.02213859485129738,nan,1.5,nan,nan
16.5,17.3166,50.688447835788956,0.01972836105062074,nan,1.5,nan,nan
18.0,17.3166,56.40093988953766,0.017730200985276477,nan,1.5,nan,nan
19.5,17.3166,62.261708030840445,0.01606123621768719,nan,nan,nan,nan
Name:	183.29807108324357_12_80_0.08
Lambda:	183.29807108324357	Maximal Depth:	20	Filter time:	12.0 to 80.0 [us]
Chi2:	3.5968071571252627	RelRMS:	22.01346403586054	AbsRMS:	1.6475175775635014e-06	Phi model:	0.1927905017907924
depth_vector,start_model,resistivity_model,conductivity_model,E/I[V/A],modelled_thickness,rhoa,sigma
0.0,17.3166,11.350125625220354,0.08810475170230424,7.376985881116788e-05,1.0,14.866776525131966,0.06726407693756084
1.0,17.3166,11.689728793307717,0.08554518395435252,4.862659620713005e-05,1.0,15.323481642211622,0.06525932052186484
2.0,17.3166,12.389850285550398,0.08071122547511693,2.830908247926737e-05,1.0,16.268505592462702,0.06146846090542613
3.0,17.3166,13.474156992824364,0.07421614580656496,1.5079995934772699e-05,1.0,17.520990147793572,0.057074399994793135
4.0,17.3166,14.968914451557998,0.06680511156878967,9.210168158843949e-06,1.0,18.27037910471022,0.054733401768450096
5.0,17.3166,16.901647012595006,0.059165831546168605,6.016532766613039e-06,1.0,19.022814531133864,0.05256845659528146
6.0,17.3166,19.299647320242954,0.05181441833660468,3.5009790080520554e-06,1.5,20.255129578489175,0.049370209957185066
7.5,17.3166,22.23847506400951,0.044967112048900706,1.8667050729889678e-06,1.5,21.895020628387588,0.045672484944063875
9.0,17.3166,25.67195299340735,0.0389530161673638,1.1246510544594257e-06,1.5,23.063502582809125,0.04335854870306522
10.5,17.3166,29.539769475597307,0.03385266770027086,7.346799887703374e-07,1.5,24.064541786843485,0.041554915479284874
12.0,17.3166,33.7737623941571,0.029608782946048115,4.3040717128903237e-07,1.5,25.568308177543095,0.0391109178228034
13.5,17.3166,38.30398122670978,0.02610694679702613,nan,1.5,nan,nan
15.0,17.3166,43.063289013306104,0.02322163547914351,nan,1.5,nan,nan
16.5,17.3166,47.99052219451123,0.02083744777660227,nan,1.5,nan,nan
18.0,17.3166,53.032413736959505,0.0188563923369582,nan,1.5,nan,nan
19.5,17.3166,58.14387754928033,0.017198715361775477,nan,nan,nan,nan
Name:	233.57214690901213_12_80_0.08
Lambda:	233.57214690901213	Maximal Depth:	20	Filter time:	12.0 to 80.0 [us]
Chi2:	4.035439980960934	RelRMS:	23.196519628515908	AbsRMS:	2.2172968185242143e-06	Phi model:	0.1698836436788333
depth_vector,start_model,resistivity_model,conductivity_model,E/I[V/A],modelled_thickness,rhoa,sigma
0.0,17.3166,11.700080350771959,0.08546949850083901,7.206840001165842e-05,1.0,15.099857928936384,0.06622578866014793
1.0,17.3166,12.024104354711076,0.08316627754550361,4.7620696887087474e-05,1.0,15.538515847391968,0.064356210710294
2.0,17.3166,12.690522324915792,0.07879896306842007,2.7828865730568815e-05,1.0,16.455125029703197,0.060771340126246194
3.0,17.3166,13.71953149651981,0.07288878634475723,1.4897394396275448e-05,1.0,17.663872368977607,0.05661272789517333
4.0,17.3166,15.132890572643456,0.06608122851345757,9.130657991099158e-06,1.0,18.376291931041713,0.054417942626976544
5.0,17.3166,16.952652400647374,0.058987819508516136,5.9838866831219106e-06,1.0,19.091939845969844,0.05237812438483521
6.0,17.3166,19.199593655012215,0.05208443563798766,3.498819295429663e-06,1.5,20.263463963344524,0.049349903935918565
7.5,17.3166,21.94110519700561,0.04557655555730502,1.8770958023517266e-06,1.5,21.814145464608977,0.04584181404778788
9.0,17.3166,25.12527626260902,0.03980055739678301,1.1360793015927454e-06,1.5,22.908572497170194,0.043651781450962344
10.5,17.3166,28.686656551077572,0.03485941271055642,7.449483376827433e-07,1.5,23.842893938212477,0.04194121747936488
12.0,17.3166,32.55291287457696,0.03071921716661417,4.387953608205365e-07,1.5,25.241411667902096,0.039617435552213455
13.5,17.3166,36.651412704598,0.027284077916989752,nan,1.5,nan,nan
15.0,17.3166,40.91423741109562,0.02444136963747509,nan,1.5,nan,nan
16.5,17.3166,45.281130396554445,0.022084254329394846,nan,1.5,nan,nan
18.0,17.3166,49.70063234882903,0.020120468346989964,nan,1.5,nan,nan
19.5,17.3166,54.12997104095651,0.01847405385167059,nan,nan,nan,nan
Name:	297.63514416313194_12_80_0.08
Lambda:	297.63514416313194	Maximal Depth:	20	Filter time:	12.0 to 80.0 [us]
Chi2:	4.6082311424484885	RelRMS:	24.570429126020144	AbsRMS:	2.9087359712162174e-06	Phi model:	0.14617568814721493
depth_vector,start_model,resistivity_model,conductivity_model,E/I[V/A],modelled_thickness,rhoa,sigma
0.0,17.3166,12.129435513636569,0.08244406748160257,7.008210088880976e-05,1.0,15.383838302846694,0.06500328333631507
1.0,17.3166,12.435087780939586,0.08041760682484227,4.643963396482091e-05,1.0,15.80086420914596,0.06328767760823951
2.0,17.3166,13.062053553305567,0.07655764049037554,2.725837641128834e-05,1.0,16.683923909843315,0.05993793818551354
3.0,17.3166,14.026812432975799,0.07129203479252978,1.4675155170909382e-05,1.0,17.84175865378276,0.05604828646126668
4.0,17.3166,15.346349432953946,0.0651620767772075,9.030895969059397e-06,1.0,18.511376147098726,0.054020835190944416
5.0,17.3166,17.03695465517686,0.058695935995588235,5.940468196851549e-06,1.0,19.184854701076766,0.05212445001962273
6.0,17.3166,19.112766650120616,0.05232104897768368,3.492553376160495e-06,1.5,20.287692902345274,0.049290966933179435
7.5,17.3166,21.63334628922898,0.04622493379574336,1.8868270021544914e-06,1.5,21.73907739328758,0.04600011223607733
9.0,17.3166,24.543392443800307,0.040744163721042614,1.1478408160111352e-06,1.5,22.7518133880651,0.043952540526926494
10.5,17.3166,27.77544849437958,0.03600301900444027,7.558476448385237e-07,1.5,23.613130159070963,0.04234931977520358
12.0,17.3166,31.256695032278504,0.03199314575540725,4.479048351664151e-07,1.5,24.898001626404923,0.04016386596020928
13.5,17.3166,34.915449120984825,0.028640616837976793,nan,1.5,nan,nan
15.0,17.3166,38.685932230009165,0.025849189675834862,nan,1.5,nan,nan
16.5,17.3166,42.510888800907786,0.02352338490694285,nan,1.5,nan,nan
18.0,17.3166,46.34238166406987,0.02157851979315338,nan,1.5,nan,nan
19.5,17.3166,50.1413855942721,0.01994360523045129,nan,nan,nan,nan
Name:	379.26901907322497_12_80_0.08
Lambda:	379.26901907322497	Maximal Depth:	20	Filter time:	12.0 to 80.0 [us]
Chi2:	5.345175226299561	RelRMS:	26.163692326742545	AbsRMS:	3.699088181681071e-06	Phi model:	0.12220980936733318
depth_vector,start_model,resistivity_model,conductivity_model,E/I[V/A],modelled_thickness,rhoa,sigma
0.0,17.3166,12.64391314097202,0.0790894392306086,6.785526388411511e-05,1.0,15.718596014028048,0.06361891348995488
1.0,17.3166,12.928418983735613,0.07734897834437712,4.511062026751448e-05,1.0,16.109701760066738,0.062074395596747364
2.0,17.3166,13.510328886556362,0.07401744312790666,2.6611833861795707e-05,1.0,16.953068668243702,0.058986371114817034
3.0,17.3166,14.402243936342941,0.06943362467820573,1.4419992624120746e-05,1.0,18.051616681842134,0.05539670034129884
4.0,17.3166,15.616195640160901,0.0640360829899091,8.914821118239573e-06,1.0,18.671713569477895,0.053556948390354
5.0,17.3166,17.16264869669931,0.058266064735818905,5.8888065347749534e-06,1.0,19.29689528009941,0.05182180788591855
6.0,17.3166,19.04931828962297,0.052495316882008605,3.4836213277102748e-06,1.5,20.32235669791719,0.0492068914479042
7.5,17.3166,21.32816342622138,0.04688636241274178,1.8966759385145799e-06,1.5,21.663755259316844,0.04616004880178537
9.0,17.3166,23.94296446462814,0.041765922573094,1.160439186122353e-06,1.5,22.586843128650894,0.04427356201591195
10.5,17.3166,26.827353011119154,0.03727538827947465,7.677365488489302e-07,1.5,23.368720077218207,0.04279224521906461
12.0,17.3166,29.91127914134816,0.0334322044628857,4.5797040700737015e-07,1.5,24.53183571169299,0.04076335793832805
13.5,17.3166,33.12698647937993,0.030186868963238033,nan,1.5,nan,nan
15.0,17.3166,36.41325495251724,0.027462527074385318,nan,1.5,nan,nan
16.5,17.3166,39.71760008410516,0.02517775489663074,nan,1.5,nan,nan
18.0,17.3166,42.99678208094381,0.023257554440177523,nan,1.5,nan,nan
19.5,17.3166,46.21623119096007,0.0216374198897378,nan,nan,nan,nan
Name:	483.2930238571752_12_80_0.08
Lambda:	483.2930238571752	Maximal Depth:	20	Filter time:	12.0 to 80.0 [us]
Chi2:	6.267527774739239	RelRMS:	27.97996610045817	AbsRMS:	4.559495610761816e-06	Phi model:	0.09880989762885929
depth_vector,start_model,resistivity_model,conductivity_model,E/I[V/A],modelled_thickness,rhoa,sigma
0.0,17.3166,13.244717324725018,0.07550180011265448,6.545609899355931e-05,1.0,16.10037662976522,0.0621103482853483
1.0,17.3166,13.505511538867259,0.07404384477567685,4.3675096270294766e-05,1.0,16.460794211397555,0.06075041016596841
2.0,17.3166,14.037252547888095,0.07123901180722506,2.591033051794355e-05,1.0,17.25769892639266,0.05794515272662877
3.0,17.3166,14.848644011783247,0.06734621688057461,1.4141284078041846e-05,1.0,18.28802881130605,0.05468057877193296
4.0,17.3166,15.946806682841116,0.06270847950242023,8.787548793495388e-06,1.0,18.851565975613894,0.053045991048891385
5.0,17.3166,17.33661619260194,0.05768138308482196,5.8319272533394845e-06,1.0,19.42216171160183,0.05148757459900305
6.0,17.3166,19.01993003442676,0.05257642894532019,3.4735175495680435e-06,1.5,20.36174677125752,0.04911170005372978
7.5,17.3166,21.041340778414646,0.047525488538537164,1.9072889569465156e-06,1.5,21.58331592162519,0.04633208370906807
9.0,17.3166,23.346233184273007,0.042833462345165024,1.1742276027057376e-06,1.5,22.409677296678225,0.04462357876738499
10.5,17.3166,25.872263509321208,0.03865143069680478,7.80837042712718e-07,1.5,23.106604550252047,0.04327766971669111
12.0,17.3166,28.55504649643538,0.035020079554933775,4.6911489610475804e-07,1.5,24.14175523153727,0.04142200889741699
13.5,17.3166,31.33321265425126,0.03191501653643298,nan,1.5,nan,nan
15.0,17.3166,34.15190575424361,0.029280942832179815,nan,1.5,nan,nan
16.5,17.3166,36.96452934399816,0.027052961791933856,nan,1.5,nan,nan
18.0,17.3166,39.73306959680944,0.025167952291315035,nan,1.5,nan,nan
19.5,17.3166,42.4275127132347,0.023569611698874428,nan,nan,nan,nan
Name:	615.8482110660261_12_80_0.08
Lambda:	615.8482110660261	Maximal Depth:	20	Filter time:	12.0 to 80.0 [us]
Chi2:	7.359821139287331	RelRMS:	29.945018177208826	AbsRMS:	5.449409546520779e-06	Phi model:	0.07728587764016741
depth_vector,start_model,resistivity_model,conductivity_model,E/I[V/A],modelled_thickness,rhoa,sigma
0.0,17.3166,13.91912368301955,0.07184360328803865,6.299105918841238e-05,1.0,16.517722820374406,0.06054103285753847
1.0,17.3166,14.154023634490054,0.07065128798875489,4.219546005450151e-05,1.0,16.8433917047987,0.05937046513708393
2.0,17.3166,14.631454895624278,0.06834590320194765,2.5183205412788283e-05,1.0,17.588312965499657,0.056855936209547174
3.0,17.3166,15.35666383619454,0.0651183102441217,1.384994189142051e-05,1.0,18.54360470598755,0.05392694763802367
4.0,17.3166,16.33255292217833,0.06122741525864448,8.65379615310048e-06,1.0,19.04531491339314,0.05250635153828699
5.0,17.3166,17.559382198496923,0.056949611819805346,5.771773953175012e-06,1.0,19.556873284478296,0.05113291810269436
6.0,17.3166,19.034417448659312,0.05253641214380506,3.462392909202939e-06,1.5,20.405338200510336,0.049006783919660304
7.5,17.3166,20.795809660706045,0.04808661053911804,1.9180981411147575e-06,1.5,21.502152988291797,0.046506970745883586
9.0,17.3166,22.792614992894322,0.0438738600336887,1.1885946729428327e-06,1.5,22.228727732550524,0.044986830197018206
10.5,17.3166,24.968415758963303,0.0400505987105335,7.946115302729154e-07,1.5,22.838793723861453,0.04378514960513097
12.0,17.3166,27.266027142616807,0.03667567683291123,4.809071159062332e-07,1.5,23.745474691583194,0.04211328739426967
13.5,17.3166,29.63152980292459,0.03374783572265315,nan,1.5,nan,nan
15.0,17.3166,32.017012702320706,0.031233394860961418,nan,1.5,nan,nan
16.5,17.3166,34.38193225562842,0.029085043637601175,nan,1.5,nan,nan
18.0,17.3166,36.69335373040294,0.027252891827421924,nan,1.5,nan,nan
19.5,17.3166,38.9254723392493,0.025690118575431665,nan,nan,nan,nan
Name:	784.7599703514607_12_80_0.08
Lambda:	784.7599703514607	Maximal Depth:	20	Filter time:	12.0 to 80.0 [us]
Chi2:	8.546488770263709	RelRMS:	31.956568540227142	AbsRMS:	6.27202598444052e-06	Phi model:	0.05906789564777657
depth_vector,start_model,resistivity_model,conductivity_model,E/I[V/A],modelled_thickness,rhoa,sigma
0.0,17.3166,14.632570574109282,0.06834069208382221,6.071506369999453e-05,1.0,16.927980292159305,0.05907379278218912
1.0,17.3166,14.838371983655243,0.06739283804864304,4.0833400182536536e-05,1.0,17.215897547592377,0.058085847527586436
2.0,17.3166,15.25553158816525,0.06554999373314319,2.4518384563334422e-05,1.0,17.90483356707557,0.05585084029146504
3.0,17.3166,15.886918352756123,0.06294486934443874,1.358790684540884e-05,1.0,18.7812468644106,0.053244601235445305
4.0,17.3166,16.73288594049276,0.05976255402423136,8.53657688502796e-06,1.0,19.21926439048141,0.05203112771034374
5.0,17.3166,17.7912423447294,0.05620742951074728,5.721712089377728e-06,1.0,19.670782237781786,0.050836819192644725
6.0,17.3166,19.05717967936137,0.052473661728812085,3.4565746203624267e-06,1.5,20.428230009568235,0.048951867074710685
7.5,17.3166,20.56587654841978,0.048624234306066424,1.931433154710433e-06,1.5,21.403068547452953,0.04672227245279761
9.0,17.3166,22.2728513745031,0.04489770901738932,1.2044220519733312e-06,1.5,22.033559387661413,0.045385313485028236
10.5,17.3166,24.129270836228155,0.041443440491313176,8.093367429758911e-07,1.5,22.56092485136349,0.044324424046807816
12.0,17.3166,26.085490520338965,0.03833548766201256,4.932601505174063e-07,1.5,23.34735233885139,0.04283140912453444
13.5,17.3166,28.09413296355353,0.03559462046033947,nan,1.5,nan,nan
15.0,17.3166,30.11233315525223,0.033208984333569606,nan,1.5,nan,nan
16.5,17.3166,32.10306793545701,0.031149670866675198,nan,1.5,nan,nan
18.0,17.3166,34.03569400602574,0.02938091991962785,nan,1.5,nan,nan
19.5,17.3166,35.88590866431149,0.027866091098718623,nan,nan,nan,nan
Name:	1000.0_12_80_0.08
Lambda:	1000.0	Maximal Depth:	20	Filter time:	12.0 to 80.0 [us]
Chi2:	9.808594457262386	RelRMS:	33.84785563570119	AbsRMS:	7.121754663451431e-06	Phi model:	0.043878901434834014
depth_vector,start_model,resistivity_model,conductivity_model,E/I[V/A],modelled_thickness,rhoa,sigma
0.0,17.3166,15.38073526799479,0.06501639762832817,5.838695908710145e-05,1.0,17.375029214201984,0.057553860063879546
1.0,17.3166,15.55937162493418,0.06426994766276303,3.941890841931332e-05,1.0,17.625318363608,0.05673656380952285
2.0,17.3166,15.92058580994489,0.06281175906073405,2.3807432029779245e-05,1.0,18.259539534388544,0.05476589363694964
3.0,17.3166,16.465492937231648,0.06073307393906244,1.329168892633564e-05,1.0,19.059259181596175,0.052467936474971215
4.0,17.3166,17.192633018313156,0.0581644474662389,8.395274552544462e-06,1.0,19.43431911432893,0.051455365846220964
5.0,17.3166,18.098117873151402,0.05525436440457172,5.6542477455450995e-06,1.0,19.826942272387267,0.05043642061704529
6.0,17.3166,19.175753022737734,0.052149190637480865,3.4392199082179838e-06,1.5,20.496894525397916,0.04878787851305424
7.5,17.3166,20.456863209022227,0.04888334979719487,1.9378070498053847e-06,1.5,21.356109689213277,0.046825007670057456
9.0,17.3166,21.90261907240313,0.04565664027184677,1.2158449016497226e-06,1.5,21.895339022568482,0.0456718207911399
10.5,17.3166,23.470862524184895,0.04260601837574473,8.211230419437388e-07,1.5,22.344513892498227,0.04475371470648695
12.0,17.3166,25.11884174889692,0.039810752820396846,5.03838889035421e-07,1.5,23.01939300857301,0.043441632002528235
13.5,17.3166,26.805599986157706,0.037305637647222806,nan,1.5,nan,nan
15.0,17.3166,28.493808221453374,0.03509534395079863,nan,1.5,nan,nan
16.5,17.3166,30.15097470161407,0.03316642363626364,nan,1.5,nan,nan
18.0,17.3166,31.750076348558387,0.031495987254386716,nan,1.5,nan,nan
19.5,17.3166,33.26971780442396,0.030057363452209003,nan,nan,nan,nan
