Name:	26.7_5_110_1
Lambda:	26.7	Maximal Depth:	30	Filter time:	5.0 to 110.0 [us]
Chi2:	114.20182843689429	RelRMS:	54.360261178346626	AbsRMS:	0.0031846545797136316	Phi model:	1.7329641693118147
depth_vector,start_model,resistivity_model,conductivity_model,E/I[V/A],modelled_thickness,rhoa,sigma
0.0,18.4121,5.5900675055540265,0.17888871628230738,0.0013531407222268626,1.0,9.682044687040019,0.10328396865783508
1.0,18.4121,7.928042969630152,0.12613453330546853,0.0007580427846001198,1.0,10.554363004293963,0.09474754654479456
2.0,18.4121,13.298269463751051,0.07519775431877354,0.0004546538490721163,1.0,11.482408152346716,0.08708974517646154
3.0,18.4121,21.975164293596045,0.045505916890524356,0.00025282458411774464,1.0,12.471828554591642,0.08018070450718623
4.0,18.4121,32.959504030718904,0.0303402623737293,0.00013143276569067543,1.0,13.552703631163633,0.07378601548554192
5.0,18.4121,44.024202982194495,0.022714778059796974,7.625921729702894e-05,1.0,14.541455739491647,0.06876890580385309
6.0,18.4121,52.62819063906065,0.01900122325804984,4.865294959631707e-05,1.5,15.31794772434877,0.0652828967688956
7.5,18.4121,54.256619184355905,0.01843093091742685,2.895415561577058e-05,1.5,16.025967363230425,0.06239872934562283
9.0,18.4121,49.384878283330686,0.020249113387762238,1.5981469562147725e-05,1.5,16.85575927946071,0.05932690325131378
10.5,18.4121,40.80992990394396,0.02450384017698001,9.805520602375245e-06,1.5,17.523149289624417,0.05706736748468537
12.0,18.4121,31.65133845707361,0.03159424052023034,6.5169771965398856e-06,1.5,18.03605275332889,0.05544450405399438
13.5,18.4121,24.015791744269332,0.0416392684716972,3.951920394816481e-06,1.5,18.68339970924338,0.05352344945578949
15.0,18.4121,18.767316763426724,0.05328412221126756,2.213754929821786e-06,1.5,19.542320712602702,0.05117099523165164
16.5,18.4121,15.967064757382806,0.06262891866444162,1.3540279762878562e-06,2.0,20.379117235321544,0.049069838916613005
18.5,18.4121,16.171233691357504,0.061838201035610316,8.942369241435936e-07,2.0,21.10934080399245,0.04737239354299819
20.5,18.4121,19.54147670324202,0.05117320534092981,5.329330000372708e-07,2.0,22.173789273723227,0.045098290944121024
22.5,18.4121,26.649656644565297,0.03752393561152809,nan,2.0,nan,nan
24.5,18.4121,38.419918328183066,0.026028165688901178,nan,2.0,nan,nan
26.5,18.4121,55.92613537876719,0.017880727735384662,nan,2.0,nan,nan
28.5,18.4121,80.22625639930894,0.01246474713992281,nan,nan,nan,nan
