Name:	10.0_12_80_0.08
Lambda:	10	Maximal Depth:	20	Filter time:	12 to 80 [us]
Chi2:	0.7214868362009627	RelRMS:	8.281405676327887	AbsRMS:	8.781442588023049e-07	Phi model:	0.2636715255384615
depth_vector,start_model,resistivity_model,conductivity_model,E/I[V/A],modelled_thickness,rhoa,sigma
0.0,17.534,18.45221822563004,0.054194026310127,6.448232241343759e-05,1.0,16.262064062133177,0.0614928090419061
1.0,17.534,18.21581811846488,0.0548973421614441,4.4065318361780303e-05,1.0,16.363470757892323,0.0611117295832662
2.0,17.534,17.770553277376735,0.0562728680638816,2.699214569588999e-05,1.0,16.79344967441398,0.0595470269294087
3.0,17.534,17.179784269639736,0.0582079486159327,1.5190536917769727e-05,1.0,17.435886985534633,0.0573529755514951
4.0,17.534,16.522225750429158,0.0605245331413066,9.538759023122577e-06,1.0,17.848347534554854,0.0560275957235802
5.0,17.534,15.891307071411203,0.0629274857949866,6.365501036987158e-06,1.0,18.32105881842144,0.0545819982300652
6.0,17.534,15.384485025050806,0.0650005507738272,3.819246156999094e-06,1.5,19.113619235663407,0.0523187151355477
7.5,17.534,15.240240853532017,0.0656157609063142,2.1032720649859825e-06,1.5,20.220824569535544,0.0494539674463418
9.0,17.534,15.679665512146752,0.0637768707008015,1.2850471155088452e-06,1.5,21.102039195312635,0.0473887850716403
10.5,17.534,16.923131419162875,0.0590907188056019,8.454880362130826e-07,1.5,21.91314736633798,0.0456347042842488
12.0,17.534,19.20630758263172,0.0520662285396439,5.012660095954019e-07,1.5,23.098094498388164,0.0432936145477187
13.5,17.534,22.790824042258603,0.0438773077334021,nan,1.5,nan,nan
15.0,17.534,27.967954367529696,0.0357552070794631,nan,1.5,nan,nan
16.5,17.534,35.052624813802815,0.0285285340345247,nan,1.5,nan,nan
18.0,17.534,44.38719204475255,0.0225290214121174,nan,1.5,nan,nan
19.5,17.534,56.35803256085283,0.0177436996034282,nan,nan,nan,nan
Name:	12.742749857031335_12_80_0.08
Lambda:	12.742749857031336	Maximal Depth:	20	Filter time:	12 to 80 [us]
Chi2:	0.7725471336356158	RelRMS:	8.557540620265293	AbsRMS:	9.502818088338356e-07	Phi model:	0.2117884935895431
depth_vector,start_model,resistivity_model,conductivity_model,E/I[V/A],modelled_thickness,rhoa,sigma
0.0,17.534,17.6395571514528,0.0566907656135596,6.477119168359977e-05,1.0,16.213677228823197,0.0616763233834636
1.0,17.534,17.473072413742123,0.0572309194583046,4.415099778580949e-05,1.0,16.34229393790064,0.0611909199406103
2.0,17.534,17.163327998531845,0.0582637586420034,2.6958356836854205e-05,1.0,16.80747904174182,0.0594973224429715
3.0,17.534,16.757702938789173,0.0596740498177284,1.5131006299009211e-05,1.0,17.48158959495895,0.0572030360607689
4.0,17.534,16.321562060291313,0.0612686455074601,9.497581646247892e-06,1.0,17.899898768820645,0.0558662377321302
5.0,17.534,15.931645958873736,0.0627681535593635,6.339095412401619e-06,1.0,18.37190137821696,0.0544309475330447
6.0,17.534,15.670475667769988,0.0638142722148974,3.804769135348557e-06,1.5,19.16207300304447,0.052186420531908
7.5,17.534,15.759356555947562,0.0634543673436084,2.098014464028971e-06,1.5,20.25459258356421,0.0493715188727844
9.0,17.534,16.38986241125273,0.0610133248777874,1.2847827491878954e-06,1.5,21.104933836278025,0.0473822854768236
10.5,17.534,17.7514012557685,0.0563335809715325,8.474500069044049e-07,1.5,21.87931287557809,0.045705274461165
12.0,17.534,20.0367895652069,0.0499081949603573,5.04117116334294e-07,1.5,23.010922473182426,0.0434576232728361
13.5,17.534,23.445316809654503,0.042652441343348,nan,1.5,nan,nan
15.0,17.534,28.17983116445689,0.0354863730078445,nan,1.5,nan,nan
16.5,17.534,34.44239170230725,0.0290339883665225,nan,1.5,nan,nan
18.0,17.534,42.43622452962715,0.0235647730467125,nan,1.5,nan,nan
19.5,17.534,52.37753374552642,0.0190921551377055,nan,nan,nan,nan
Name:	16.237767391887218_12_80_0.08
Lambda:	16.237767391887218	Maximal Depth:	20	Filter time:	12 to 80 [us]
Chi2:	0.8234541786106749	RelRMS:	8.827519890232907	AbsRMS:	1.005755622807e-06	Phi model:	0.1715320206120394
depth_vector,start_model,resistivity_model,conductivity_model,E/I[V/A],modelled_thickness,rhoa,sigma
0.0,17.534,16.950692170330715,0.058994641041876,6.499586780601812e-05,1.0,16.176290974152646,0.0618188682187934
1.0,17.534,16.8452480078985,0.0593639226641907,4.420379988665884e-05,1.0,16.32927726906606,0.0612396974784906
2.0,17.534,16.652795614336256,0.0600499773827229,2.691341811340288e-05,1.0,16.826183382440952,0.0594311839631769
3.0,17.534,16.41131528795015,0.060933568239606,1.507021037579535e-05,1.0,17.5285739451695,0.0570497065607312
4.0,17.534,16.17379574713745,0.0618284053807831,9.456941721787055e-06,1.0,17.951143701050313,0.0557067569985243
5.0,17.534,16.00338293163931,0.0624867882166939,6.313601206230353e-06,1.0,18.421325087894022,0.05428491138551
6.0,17.534,15.969317970458649,0.0626200819502675,3.79123148759729e-06,1.5,19.20766157720536,0.052062558265122
7.5,17.534,16.274397294055934,0.0614462079259451,2.093397197998304e-06,1.5,20.28436444506965,0.0492990550780141
9.0,17.534,17.08029126726693,0.0585470109585556,1.2848442531668228e-06,1.5,21.10426031871153,0.0473837976265567
10.5,17.534,18.54425363618535,0.0539250605399778,8.495519014477814e-07,1.5,21.84320992729105,0.045780817166006
12.0,17.534,20.81863339145816,0.0480338925805907,5.069923891379005e-07,1.5,22.92383980489447,0.0436227093066009
13.5,17.534,24.04899632183472,0.0415817769114993,nan,1.5,nan,nan
15.0,17.534,28.36999562574746,0.0352485073734886,nan,1.5,nan,nan
16.5,17.534,33.902469782505,0.0294963761170001,nan,1.5,nan,nan
18.0,17.534,40.75618049549422,0.0245361559361666,nan,1.5,nan,nan
19.5,17.534,49.03898210768045,0.020391940391507,nan,nan,nan,nan
Name:	20.6913808111479_12_80_0.08
Lambda:	20.6913808111479	Maximal Depth:	20	Filter time:	12 to 80 [us]
Chi2:	0.8731150612692683	RelRMS:	9.087813073908	AbsRMS:	1.042681270791156e-06	Phi model:	0.1408890012439823
depth_vector,start_model,resistivity_model,conductivity_model,E/I[V/A],modelled_thickness,rhoa,sigma
0.0,17.534,16.37292798145606,0.061076430625762,6.515413259232992e-05,1.0,16.150084656740603,0.0619191800695996
1.0,17.534,16.320710208994072,0.0612718433937339,4.422383047426348e-05,1.0,16.324346146158188,0.0612581962577008
2.0,17.534,16.231042248123384,0.0616103380616619,2.685862156322917e-05,1.0,16.849061289499968,0.0593504874139891
3.0,17.534,16.134387440347567,0.0619794215118003,1.50094177125155e-05,1.0,17.57587272191119,0.0568961789734251
4.0,17.534,16.073551589622703,0.0622140038201397,9.417655468266564e-06,1.0,18.001031826744878,0.0555523710876539
5.0,17.534,16.100181570102087,0.062111100775223,6.289534830057333e-06,1.0,18.468286938068072,0.0541468736842469
6.0,17.534,16.271818103805828,0.0614559475542631,3.778927850215161e-06,1.5,19.24933054754483,0.0519498585953445
7.5,17.534,16.77185960481528,0.0596236805913218,2.08955585252519e-06,1.5,20.309216743083983,0.0492387280440313
9.0,17.534,17.73289427256291,0.0563923736661105,1.285282521148113e-06,1.5,21.09946249040129,0.0473945722766599
10.5,17.534,19.2808892069572,0.0518648278752188,8.518045786583584e-07,1.5,21.804681986214245,0.0458617099131387
12.0,17.534,21.5313740494582,0.0464438543356764,5.098817275108295e-07,1.5,22.83715637786377,0.0437882888505903
13.5,17.534,24.58552283505105,0.0406743434625812,nan,1.5,nan,nan
15.0,17.534,28.52642590738523,0.0350552152325927,nan,1.5,nan,nan
16.5,17.534,33.418028040507785,0.029923967948912,nan,1.5,nan,nan
18.0,17.534,39.30871789156798,0.0254396493612046,nan,1.5,nan,nan
19.5,17.534,46.238990133602975,0.0216267698993987,nan,nan,nan,nan
Name:	26.366508987303583_12_80_0.08
Lambda:	26.366508987303583	Maximal Depth:	20	Filter time:	12 to 80 [us]
Chi2:	0.920868484659084	RelRMS:	9.337488590226474	AbsRMS:	1.0601497652704608e-06	Phi model:	0.1178584707514138
depth_vector,start_model,resistivity_model,conductivity_model,E/I[V/A],modelled_thickness,rhoa,sigma
0.0,17.534,15.89651622386096,0.0629068649959279,6.524524423423976e-05,1.0,16.13504597788125,0.0619768918769026
1.0,17.534,15.890178177796,0.0629319563828013,4.4211558345136185e-05,1.0,16.3273668527247,0.0612468629522537
2.0,17.534,15.889536558575688,0.0629344975741468,2.679499158253631e-05,1.0,16.8757250179948,0.0592567133520893
3.0,17.534,15.919019269531296,0.0628179401675818,1.4949530188475998e-05,1.0,17.622780505146924,0.0567447344480026
4.0,17.534,16.01304553032165,0.0624490824126141,9.380304438316589e-06,1.0,18.048785192405155,0.0554053909634203
5.0,17.534,16.213520898110115,0.0616769180663628,6.2672750835592455e-06,1.0,18.5119908242796,0.0540190414684324
6.0,17.534,16.567677813501934,0.0603584890566283,3.768089282269163e-06,1.5,19.28622551279105,0.0518504773957339
7.5,17.534,17.23919865707581,0.0580073366455204,2.0866152230423084e-06,1.5,20.32829320789392,0.0491925214661739
9.0,17.534,18.333134873306392,0.0545460450114306,1.2861637877923863e-06,1.5,21.0898232947503,0.047416234172475
10.5,17.534,19.94611706636492,0.0501350712358094,8.542443159381836e-07,1.5,21.763145820674858,0.0459492395189488
12.0,17.534,22.16122518949359,0.045123858967603,5.128022501084382e-07,1.5,22.75036541633181,0.0439553379341384
13.5,17.534,25.04379154014949,0.0399300560538858,nan,1.5,nan,nan
15.0,17.534,28.63884137941004,0.0349176136964448,nan,1.5,nan,nan
16.5,17.534,32.971602912363444,0.0303291290586611,nan,1.5,nan,nan
18.0,17.534,38.05162091986086,0.0262800894108049,nan,1.5,nan,nan
19.5,17.534,43.87931363371933,0.0227897821818148,nan,nan,nan,nan
Name:	33.59818286283781_12_80_0.08
Lambda:	33.59818286283781	Maximal Depth:	20	Filter time:	12 to 80 [us]
Chi2:	0.966522975093762	RelRMS:	9.578448168706483	AbsRMS:	1.0578211493046951e-06	Phi model:	0.1006391906565704
depth_vector,start_model,resistivity_model,conductivity_model,E/I[V/A],modelled_thickness,rhoa,sigma
0.0,17.534,15.512214773708063,0.0644653271365813,6.526916992697255e-05,1.0,16.131102658835008,0.0619920424009142
1.0,17.534,15.544882786966198,0.0643298514182726,4.416759617410465e-05,1.0,16.33819934130927,0.06120625529838
2.0,17.534,15.620161171655225,0.0640198259807093,2.672340522921553e-05,1.0,16.9058492451298,0.0591511248858484
3.0,17.534,15.757791121320434,0.0634606711245836,1.4891299478269522e-05,1.0,17.66869185036502,0.0565972856660206
4.0,17.534,15.985082439090894,0.0625583261025003,9.345417087724433e-06,1.0,18.093675871041224,0.0552679293653365
5.0,17.534,16.335794824914295,0.0612152644372629,6.247205080674253e-06,1.0,18.551617831137804,0.0539036546085785
6.0,17.534,16.84801168862725,0.059354184842774,3.7589830416739504e-06,1.5,19.31736056085712,0.051766906604534
7.5,17.534,17.66584464317135,0.0566064074602028,2.0847502043071068e-06,1.5,20.340415202837978,0.0491632048818981
9.0,17.534,18.86913012910432,0.0529966136837209,1.2876064664557392e-06,1.5,21.07406717495329,0.047451685130268
10.5,17.534,20.5277118567294,0.0487146354634834,8.569558097866415e-07,1.5,21.717214398118355,0.0460464211324746
12.0,17.534,22.69712766497729,0.0440584383522257,5.158108876722682e-07,1.5,22.66181317201896,0.0441270957627839
13.5,17.534,25.414367077679383,0.0393478223141849,nan,1.5,nan,nan
15.0,17.534,28.69693282584293,0.0348469296725486,nan,1.5,nan,nan
16.5,17.534,32.54473288108853,0.0307269383237461,nan,1.5,nan,nan
18.0,17.534,36.94348136893537,0.027068374796991,nan,1.5,nan,nan
19.5,17.534,41.87159217045247,0.0238825406000603,nan,nan,nan,nan
Name:	42.81332398719393_12_80_0.08
Lambda:	42.81332398719393	Maximal Depth:	20	Filter time:	12 to 80 [us]
Chi2:	1.013025843528594	RelRMS:	9.830638495156917	AbsRMS:	1.0289181725243736e-06	Phi model:	0.0870153050076984
depth_vector,start_model,resistivity_model,conductivity_model,E/I[V/A],modelled_thickness,rhoa,sigma
0.0,17.534,15.206893106344808,0.0657596520871687,6.520658784412509e-05,1.0,16.14142223567795,0.0619524094840704
1.0,17.534,15.272494556698708,0.0654771881756138,4.407844745190099e-05,1.0,16.360221276399606,0.0611238676485719
2.0,17.534,15.412385631338724,0.0648828821131138,2.6635670045414035e-05,1.0,16.94295299123974,0.0590215885340084
3.0,17.534,15.642493912383122,0.0639284250709131,1.4830634359197733e-05,1.0,17.716841908765,0.0564434680373409
4.0,17.534,15.9847440132442,0.0625596505750387,9.311023980832514e-06,1.0,18.13820482578208,0.0551322476289702
5.0,17.534,16.46571408465814,0.0607322582463487,6.228466352300811e-06,1.0,18.588808329033167,0.0537958099464685
6.0,17.534,17.115354059643156,0.0584270706007731,3.751503415255005e-06,1.5,19.34302825631483,0.0516982132657297
7.5,17.534,18.058589130641835,0.0553753115908262,2.084236249757211e-06,1.5,20.343758911864025,0.0491551243962502
9.0,17.534,19.35076489390613,0.0516775437809652,1.2899837650998718e-06,1.5,21.048167752428387,0.047510073644516
10.5,17.534,21.036706582106635,0.0475359579740765,8.603141198409474e-07,1.5,21.660660890183667,0.0461666430710425
12.0,17.534,23.146780447503414,0.0432025526084712,5.192359711741452e-07,1.5,22.562045832248234,0.0443222218160148
13.5,17.534,25.69490258124415,0.0389182249996131,nan,1.5,nan,nan
15.0,17.534,28.678758422854173,0.0348690129905727,nan,1.5,nan,nan
16.5,17.534,32.08208988608591,0.0311700392197237,nan,1.5,nan,nan
18.0,17.534,35.8784703824833,0.0278718682635986,nan,1.5,nan,nan
19.5,17.534,40.035597542354445,0.0249777713181895,nan,nan,nan,nan
Name:	54.5559478116852_12_80_0.08
Lambda:	54.5559478116852	Maximal Depth:	20	Filter time:	12 to 80 [us]
Chi2:	1.0551934463007042	RelRMS:	10.062896749338089	AbsRMS:	9.874438586958775e-07	Phi model:	0.077418683678472
depth_vector,start_model,resistivity_model,conductivity_model,E/I[V/A],modelled_thickness,rhoa,sigma
0.0,17.534,14.986655569785995,0.0667260280549891,6.509665800564463e-05,1.0,16.15958932188846,0.0618827607608493
1.0,17.534,15.078572875191044,0.0663192735995136,4.39728797314719e-05,1.0,16.38639530235162,0.0610262343577473
2.0,17.534,15.269894684528069,0.0654883364070107,2.655038685051829e-05,1.0,16.97921553140816,0.0588955360246296
3.0,17.534,15.573266578202556,0.0642126040146047,1.4777554149423686e-05,1.0,17.759241870500524,0.0563087099827767
4.0,17.534,16.005697489830577,0.0624777521026723,9.282355974142656e-06,1.0,18.17553147630919,0.0550190238620227
5.0,17.534,16.587634170891217,0.0602858725781913,6.213715800205124e-06,1.0,18.618214975535995,0.0537108418456861
6.0,17.534,17.341992653726454,0.0576635003812621,3.746518773891709e-06,1.5,19.36018136954176,0.0516524086687143
7.5,17.534,18.37624476237009,0.054418082308511,2.084954191717334e-06,1.5,20.33908847303978,0.0491664118244796
9.0,17.534,19.72645057937357,0.0506933569207642,1.292843924347472e-06,1.5,21.01711304710288,0.0475802741203719
10.5,17.534,21.418585959921664,0.0466884229365652,8.63781454907982e-07,1.5,21.6026561674363,0.0462906039076524
12.0,17.534,23.465479258072826,0.0426157927141407,5.22564533218376e-07,1.5,22.46613535321808,0.0445114384061947
13.5,17.534,25.86565887825965,0.0386613000931714,nan,1.5,nan,nan
15.0,17.534,28.604203756316537,0.0349598964026109,nan,1.5,nan,nan
16.5,17.534,31.655284703008853,0.0315903018842521,nan,1.5,nan,nan
18.0,17.534,34.98568671755983,0.0285831176638898,nan,1.5,nan,nan
19.5,17.534,38.55844697243173,0.0259346544925674,nan,nan,nan,nan
Name:	69.51927961775606_12_80_0.08
Lambda:	69.51927961775606	Maximal Depth:	20	Filter time:	12 to 80 [us]
Chi2:	1.0990916502120631	RelRMS:	10.309198276535083	AbsRMS:	9.210648619701476e-07	Phi model:	0.0695917374007577
depth_vector,start_model,resistivity_model,conductivity_model,E/I[V/A],modelled_thickness,rhoa,sigma
0.0,17.534,14.838116871330197,0.0673939967363495,6.490145300881408e-05,1.0,16.19197538079815,0.0617589871823722
1.0,17.534,14.950615932577485,0.0668868764009243,4.382358095808845e-05,1.0,16.423591132450362,0.0608880233278677
2.0,17.534,15.182218145236645,0.0658665282262293,2.6450251010391182e-05,1.0,17.02204201901606,0.0587473582125374
3.0,17.534,15.542973344075996,0.0643377542933982,1.4722854735327348e-05,1.0,17.80320162416758,0.0561696722370719
4.0,17.534,16.045871956035274,0.0623213249326643,9.254594127732936e-06,1.0,18.21186185568559,0.0549092678126046
5.0,17.534,16.706196491656506,0.0598580293545227,6.200492583487542e-06,1.0,18.644675805396872,0.0536346145375475
6.0,17.534,17.540781700445383,0.0570100020100363,3.743225176534612e-06,1.5,19.371536157982863,0.0516221321760229
7.5,17.534,18.64126648426385,0.0536444238294729,2.0870177291464663e-06,1.5,20.325679422357023,0.0491988473900685
9.0,17.534,20.027028192637967,0.0499325207105667,1.2966070435509706e-06,1.5,20.976428293049285,0.047672558265382
10.5,17.534,21.70801746502903,0.046065929401935,8.678573092547809e-07,1.5,21.534965819959883,0.0464361080653836
12.0,17.534,23.682786598060527,0.042224760834601,5.262742737268071e-07,1.5,22.36043412451497,0.044721850856359
13.5,17.534,25.938225005329222,0.0385531392296327,nan,1.5,nan,nan
15.0,17.534,28.450927999101744,0.0351482383995197,nan,1.5,nan,nan
16.5,17.534,31.18976235691908,0.0320618024772529,nan,1.5,nan,nan
18.0,17.534,34.11895892449528,0.0293092178519568,nan,1.5,nan,nan
19.5,17.534,37.20106325083148,0.0268809521184222,nan,nan,nan,nan
Name:	88.58667904100822_12_80_0.08
Lambda:	88.58667904100822	Maximal Depth:	20	Filter time:	12 to 80 [us]
Chi2:	1.1472823712050833	RelRMS:	10.58002217550215	AbsRMS:	8.309083338603395e-07	Phi model:	0.0628923537796517
depth_vector,start_model,resistivity_model,conductivity_model,E/I[V/A],modelled_thickness,rhoa,sigma
0.0,17.534,14.75719420171147,0.0677635590025659,6.461773357589498e-05,1.0,16.23933722754458,0.0615788677818597
1.0,17.534,14.88494612304807,0.0671819697386465,4.362842901808317e-05,1.0,16.472530338044308,0.0607071275316117
2.0,17.534,15.146344014201606,0.0660225331645956,2.6334102732419016e-05,1.0,17.072056516416822,0.0585752512615208
3.0,17.534,15.549402657581428,0.0643111521401389,1.4666061514142028e-05,1.0,17.849133052014672,0.0560251300209299
4.0,17.534,16.10384459815832,0.0620969728007908,9.227585707772543e-06,1.0,18.24738100406768,0.0548023850533444
5.0,17.534,16.820527104816748,0.0594511690251156,6.188800845563613e-06,1.0,18.668150475173544,0.0535671705308934
6.0,17.534,17.71096598655276,0.0564621941434058,3.741721386733188e-06,1.5,19.376726062946894,0.0516083055905015
7.5,17.534,18.852661296949297,0.0530429091282628,2.090558559317151e-06,1.5,20.30272220514556,0.0492544787785432
9.0,17.534,20.251058141385894,0.0493801357449248,1.301399789242473e-06,1.5,20.92489583498409,0.047789963108352
10.5,17.534,21.90300748015124,0.0456558306390668,8.726541380666364e-07,1.5,21.455977357396907,0.0466070588788746
12.0,17.534,23.79603718626417,0.0420238038868602,5.304560298281859e-07,1.5,22.24276283141316,0.0449584436780359
13.5,17.534,25.908897689342982,0.0385967790675759,nan,1.5,nan,nan
15.0,17.534,28.212949406799208,0.0354447167356066,nan,1.5,nan,nan
16.5,17.534,30.674701797834263,0.0326001539180603,nan,1.5,nan,nan
18.0,17.534,33.25855344826979,0.0300674532208803,nan,1.5,nan,nan
19.5,17.534,35.92881427175215,0.0278328138645593,nan,nan,nan,nan
Name:	112.88378916846884_12_80_0.08
Lambda:	112.88378916846884	Maximal Depth:	20	Filter time:	12 to 80 [us]
Chi2:	1.20305784719649	RelRMS:	10.88560223069623	AbsRMS:	7.205286452513336e-07	Phi model:	0.0568590074975114
depth_vector,start_model,resistivity_model,conductivity_model,E/I[V/A],modelled_thickness,rhoa,sigma
0.0,17.534,14.740766330279774,0.0678390782130402,6.424119938470557e-05,1.0,16.302730688469435,0.0613394172491163
1.0,17.534,14.878988553674452,0.0672088695002755,4.338419439110743e-05,1.0,16.534294720050255,0.0604803541325142
2.0,17.534,15.16065853545695,0.0659601954401421,2.61997731649546e-05,1.0,17.130360501145564,0.0583758876488983
3.0,17.534,15.591875845213524,0.0641359647759756,1.4605920021384295e-05,1.0,17.898096675831077,0.0558718626964599
4.0,17.534,16.179488769833437,0.0618066500262044,9.200604704021116e-06,1.0,18.28303752553934,0.0546955066193521
5.0,17.534,16.930729625012848,0.0590641999576105,6.178214625524251e-06,1.0,18.68946933678917,0.0535060670787241
6.0,17.534,17.852754572829372,0.0560137650422825,3.7418083386529297e-06,1.5,19.376425878312,0.0516091051198094
7.5,17.534,19.010869901319488,0.0526014856337843,2.095518636662488e-06,1.5,20.27067195601348,0.0493323557388703
9.0,17.534,20.39943709719361,0.0490209604919722,1.307222100753821e-06,1.5,20.862717224908288,0.0479323948659039
10.5,17.534,22.00537133456972,0.0454434503647313,8.781953861329183e-07,1.5,21.365626714229045,0.0468041501134166
12.0,17.534,23.808202226524173,0.0420023314018192,5.351432286374056e-07,1.5,22.11269293087044,0.0452228954259998
13.5,17.534,25.781042734370235,0.0387881906214305,nan,1.5,nan,nan
15.0,17.534,27.892333442147383,0.0358521456110561,nan,1.5,nan,nan
16.5,17.534,30.108048199429504,0.0332137106123985,nan,1.5,nan,nan
18.0,17.534,32.39395474374976,0.0308699573087149,nan,1.5,nan,nan
19.5,17.534,34.71740828999764,0.0288039934215973,nan,nan,nan,nan
Name:	143.8449888287663_12_80_0.08
Lambda:	143.8449888287663	Maximal Depth:	20	Filter time:	12 to 80 [us]
Chi2:	1.271156065516312	RelRMS:	11.240272526600563	AbsRMS:	6.003744288276738e-07	Phi model:	0.0511237794443444
depth_vector,start_model,resistivity_model,conductivity_model,E/I[V/A],modelled_thickness,rhoa,sigma
0.0,17.534,14.786255151040963,0.0676303763045505,6.376683060049555e-05,1.0,16.383482699307297,0.061037083406099
1.0,17.534,14.930263258187326,0.0669780554238806,4.308683224166186e-05,1.0,16.610281358606123,0.0602036761696321
2.0,17.534,15.222979716653066,0.0656901617563122,2.6044375089895965e-05,1.0,17.198433672364132,0.0581448298752277
3.0,17.534,15.66902032321046,0.0638201993087406,1.454071746950082e-05,1.0,17.951561765506447,0.0557054596732346
4.0,17.534,16.272853338397706,0.0614520378943244,9.172686053428864e-06,1.0,18.32011711516144,0.0545848038914781
5.0,17.534,17.038598444254784,0.0586902733386024,6.168193259204178e-06,1.0,18.709706850073097,0.0534481917869329
6.0,17.534,17.96973496939256,0.0556491234680576,3.7432563932888017e-06,1.5,19.371428459006445,0.0516224191786468
7.5,17.534,19.12127831502531,0.0522977587337458,2.1018569902147866e-06,1.5,20.22989932868704,0.0494317833100607
9.0,17.534,20.47923328756564,0.0488299530533288,1.3141082087534491e-06,1.5,20.78977108290681,0.048100577731815
10.5,17.534,22.02317288839596,0.0454067179632822,8.845426764277212e-07,1.5,21.263293951409544,0.0470294020430315
12.0,17.534,23.72697617579784,0.0421461206261937,5.404044267472604e-07,1.5,21.96893781295168,0.0455188142692295
13.5,17.534,25.56027733371976,0.0391232061743232,nan,1.5,nan,nan
15.0,17.534,27.490335231238173,0.0363764207161674,nan,1.5,nan,nan
16.5,17.534,29.48396594900885,0.0339167397537174,nan,1.5,nan,nan
18.0,17.534,31.50923468420824,0.0317367276616584,nan,1.5,nan,nan
19.5,17.534,33.536726723122364,0.029818056134576,nan,nan,nan,nan
Name:	183.29807108324357_12_80_0.08
Lambda:	183.2980710832436	Maximal Depth:	20	Filter time:	12 to 80 [us]
Chi2:	1.3572866885098556	RelRMS:	11.65881999063089	AbsRMS:	5.001617370378546e-07	Phi model:	0.0454687136303261
depth_vector,start_model,resistivity_model,conductivity_model,E/I[V/A],modelled_thickness,rhoa,sigma
0.0,17.534,14.89036955636511,0.0671575004377601,6.319175385799865e-05,1.0,16.48273116474135,0.0606695571264989
1.0,17.534,15.036124248254684,0.0665065001784668,4.273348783584209e-05,1.0,16.701717710415995,0.0598740810579232
2.0,17.534,15.33177135836458,0.0652240355420137,2.586551532959723e-05,1.0,17.277627232546603,0.0578783178118496
3.0,17.534,15.780633544451645,0.0633688119797695,1.4468874460095127e-05,1.0,18.01093654161168,0.0555218212939479
4.0,17.534,16.38522990239577,0.0610305748504502,9.142895765611664e-06,1.0,18.359890481524754,0.0544665558330145
5.0,17.534,17.147165293603432,0.0583186773368913,6.158187158087891e-06,1.0,18.729968284394687,0.0533903733746935
6.0,17.534,18.06694859613461,0.0553496897762773,3.745804865267388e-06,1.5,19.36264118115293,0.0516458467956
7.5,17.534,19.19098291727604,0.052107805228662,2.10949895763092e-06,1.5,20.1810126099473,0.0495515274346093
9.0,17.534,20.49920457587578,0.0487823806186527,1.3220651295163956e-06,1.5,20.706270940074983,0.0482945482020423
10.5,17.534,21.96612175057937,0.0455246497927484,8.917363613477259e-07,1.5,21.14878489353956,0.0472840404322933
12.0,17.534,23.56208654423353,0.0424410630239678,5.46292763710572e-07,1.5,21.81078815690836,0.0458488704216431
13.5,17.534,25.2549926167205,0.0395961311561791,nan,1.5,nan,nan
15.0,17.534,27.01211010003892,0.0370204325503085,nan,1.5,nan,nan
16.5,17.534,28.801769051967383,0.0347200895262956,nan,1.5,nan,nan
18.0,17.534,30.59468922113298,0.0326854112742305,nan,1.5,nan,nan
19.5,17.534,32.36487160769204,0.0308976971118999,nan,nan,nan,nan
Name:	233.57214690901213_12_80_0.08
Lambda:	233.57214690901213	Maximal Depth:	20	Filter time:	12 to 80 [us]
Chi2:	1.4680948305038737	RelRMS:	12.156644703307125	AbsRMS:	4.831696947143182e-07	Phi model:	0.0397912590655891
depth_vector,start_model,resistivity_model,conductivity_model,E/I[V/A],modelled_thickness,rhoa,sigma
0.0,17.534,15.049726018107544,0.0664463923660018,6.251780301154582e-05,1.0,16.600976810912858,0.0602374192428627
1.0,17.534,15.193679647663147,0.0658168411595939,4.232436670109457e-05,1.0,16.809174555197853,0.0594913210470988
2.0,17.534,15.485159612853412,0.0645779588329172,2.566254402738064e-05,1.0,17.36860953211745,0.0575751327790997
3.0,17.534,15.926357903377571,0.0627889945753338,1.4389714020877062e-05,1.0,18.076930422584383,0.055319126456926
4.0,17.534,16.518155938018076,0.0605394454291599,9.110839229386726e-06,1.0,18.402931514257112,0.0543391686930574
5.0,17.534,17.260094804558154,0.0579371093451881,6.147991022870093e-06,1.0,18.75067104087859,0.0533314246631433
6.0,17.534,18.150296428592696,0.0550955189042902,3.74938527989288e-06,1.5,19.35031252514653,0.0516787518909815
7.5,17.534,19.22791815062073,0.0520077104638453,2.118466120428061e-06,1.5,20.12402347301441,0.0496918521955097
9.0,17.534,20.46886056618157,0.0488546979333177,1.3311547445140785e-06,1.5,20.61190330868364,0.0485156554940129
10.5,17.534,21.84456082919078,0.045777986008476,8.998508354610161e-07,1.5,21.021452510903966,0.047570452112255
12.0,17.534,23.323619960040634,0.0428749911768952,5.528798215289252e-07,1.5,21.637205256505208,0.0462166896392199
13.5,17.534,24.873613424802944,0.0402032460230664,nan,1.5,nan,nan
15.0,17.534,26.462821638208432,0.0377888652114159,nan,1.5,nan,nan
16.5,17.534,28.06166317860304,0.0356358065320411,nan,1.5,nan,nan
18.0,17.534,29.643713285942823,0.0337339654568243,nan,1.5,nan,nan
19.5,17.534,31.186292675857903,0.0320653695645627,nan,nan,nan,nan
Name:	297.63514416313194_12_80_0.08
Lambda:	297.63514416313194	Maximal Depth:	20	Filter time:	12 to 80 [us]
Chi2:	1.6096564705020022	RelRMS:	12.741672332018569	AbsRMS:	6.004563871968533e-07	Phi model:	0.0341284744490137
depth_vector,start_model,resistivity_model,conductivity_model,E/I[V/A],modelled_thickness,rhoa,sigma
0.0,17.534,15.26046144655248,0.0655288179523504,6.175303016570505e-05,1.0,16.73775729662241,0.0597451607332001
1.0,17.534,15.399529911640926,0.0649370471525934,4.186332119760952e-05,1.0,16.93236335808413,0.0590585010994678
2.0,17.534,15.680670675170369,0.0637727824731026,2.543647951929016e-05,1.0,17.471365708458016,0.0572365101095613
3.0,17.534,16.105084762360097,0.0620921910536692,1.4303071658521715e-05,1.0,18.14985885690432,0.0550968471922631
4.0,17.534,16.672291139987784,0.059979758726834,9.076222416231424e-06,1.0,18.4496944768126,0.0542014395553699
5.0,17.534,17.380174915894635,0.0575368202471583,6.137325766085452e-06,1.0,18.77238764881517,0.0532697288542896
6.0,17.534,18.225007860254028,0.0548696608345968,3.753763723153707e-06,1.5,19.33526261242634,0.0517189768789239
7.5,17.534,19.2398612298474,0.0519754268522825,2.1286016600727025e-06,1.5,20.060091032051897,0.0498502224342953
9.0,17.534,20.398400202624096,0.0490234523328627,1.3412847503307174e-06,1.5,20.507991786236904,0.0487614784725586
10.5,17.534,21.670734324696383,0.0461451829465871,9.088324482638344e-07,1.5,20.88272587398765,0.0478864687509804
12.0,17.534,23.025225614785988,0.0434306276398801,5.601393513340866e-07,1.5,21.449850454953268,0.0466203716478161
13.5,17.534,24.430288190043203,0.0409327958893075,nan,1.5,nan,nan
15.0,17.534,25.85596009269737,0.0386758022682141,nan,1.5,nan,nan
16.5,17.534,27.275098586836503,0.0366634788437618,nan,1.5,nan,nan
18.0,17.534,28.66414608427001,0.0348867884310975,nan,1.5,nan,nan
19.5,17.534,30.003496185360383,0.0333294491355954,nan,nan,nan,nan
Name:	379.26901907322497_12_80_0.08
Lambda:	379.26901907322497	Maximal Depth:	20	Filter time:	12 to 80 [us]
Chi2:	1.7826528004143378	RelRMS:	13.41108200703667	AbsRMS:	8.069113656408741e-07	Phi model:	0.0287086975225198
depth_vector,start_model,resistivity_model,conductivity_model,E/I[V/A],modelled_thickness,rhoa,sigma
0.0,17.534,15.518671531071394,0.064438505447957,6.096102986191362e-05,1.0,16.88241549612429,0.0592332299977791
1.0,17.534,15.649049039942506,0.0639016465120409,4.139219471523465e-05,1.0,17.060603766113072,0.0586145727143764
2.0,17.534,15.912280312076602,0.0628445439866372,2.521145697517977e-05,1.0,17.575171052270836,0.0568984504916549
3.0,17.534,16.30889185188599,0.0613162444807283,1.4221430054585896e-05,1.0,18.21925503956197,0.0548869862038026
4.0,17.534,16.83760973179987,0.0593908527355506,9.046333042185014e-06,1.0,18.49031105178493,0.0540823784521173
5.0,17.534,17.49545721952369,0.0571576945633676,6.130709218809021e-06,1.0,18.78589191123495,0.0532314358415927
6.0,17.534,18.277834493583264,0.0547110764325536,3.7613557923861287e-06,1.5,19.309235812955293,0.0517886885678335
7.5,17.534,19.213769886234505,0.0520460068961499,2.1410261273377844e-06,1.5,19.98240939472993,0.0500440152258983
9.0,17.534,20.27699507170037,0.049316972089008,1.3530332966688844e-06,1.5,20.38910378912282,0.0490458045798697
10.5,17.534,21.43823979492371,0.046645620609057,9.18999455008642e-07,1.5,20.72842166221304,0.0482429398772292
12.0,17.534,22.666971107786782,0.0441170545126988,5.682087318682908e-07,1.5,21.24628759254873,0.0470670462142623
13.5,17.534,23.933052985030773,0.0417832192418352,nan,1.5,nan,nan
15.0,17.534,25.2081633723895,0.0396696889506555,nan,1.5,nan,nan
16.5,17.534,26.466866349676245,0.0377830902528524,nan,1.5,nan,nan
18.0,17.534,27.687308437745063,0.0361176313778748,nan,1.5,nan,nan
19.5,17.534,28.85156603230059,0.0346601636417398,nan,nan,nan,nan
Name:	483.2930238571752_12_80_0.08
Lambda:	483.2930238571752	Maximal Depth:	20	Filter time:	12 to 80 [us]
Chi2:	1.9901712410422887	RelRMS:	14.13703781253424	AbsRMS:	1.081195235980324e-06	Phi model:	0.0235973589893816
depth_vector,start_model,resistivity_model,conductivity_model,E/I[V/A],modelled_thickness,rhoa,sigma
0.0,17.534,15.811227253727724,0.0632461973983857,6.0086353720938486e-05,1.0,17.04585859266557,0.0586652760589176
1.0,17.534,15.931632537355208,0.0627682064380584,4.086775540928244e-05,1.0,17.206247903168148,0.0581184233557318
2.0,17.534,16.174440075409056,0.0618259423719006,2.4956575985475528e-05,1.0,17.6946315217757,0.0565143161511648
3.0,17.534,16.539631720392823,0.0604608383611729,1.412484841392504e-05,1.0,18.302212686821857,0.054638202337143
4.0,17.534,17.0253419837965,0.0587359714096626,9.007869137800455e-06,1.0,18.54290982999534,0.0539289684935199
5.0,17.534,17.62799344857076,0.056727953917017,6.118870621441122e-06,1.0,18.81011500412473,0.0531628860206711
6.0,17.534,18.34242215422207,0.0545184268245521,3.7662656251274327e-06,1.5,19.292450711014563,0.0518337465249593
7.5,17.534,19.194063941583515,0.0520994409023261,2.1523023668110383e-06,1.5,19.91255438741137,0.0502195740709286
9.0,17.534,20.157457490152115,0.0496094311739736,1.364249040705975e-06,1.5,20.27720171055497,0.049316469514601
10.5,17.534,21.20461341526145,0.0471595487461363,9.289184296912736e-07,1.5,20.58059932194332,0.0485894499162512
12.0,17.534,22.30665628011893,0.044829668213934,5.762212395899019e-07,1.5,21.04887148527025,0.0475084852268582
13.5,17.534,23.43535105727933,0.0426705790562239,nan,1.5,nan,nan
15.0,17.534,24.56439294319426,0.0407093308722313,nan,1.5,nan,nan
16.5,17.534,25.67038491444285,0.0389553956176704,nan,1.5,nan,nan
18.0,17.534,26.73347905637645,0.0374062798893913,nan,1.5,nan,nan
19.5,17.534,27.73769976257721,0.0360520161570559,nan,nan,nan,nan
Name:	615.8482110660261_12_80_0.08
Lambda:	615.8482110660261	Maximal Depth:	20	Filter time:	12 to 80 [us]
Chi2:	2.224527772882432	RelRMS:	14.890615133780646	AbsRMS:	1.3823225017333542e-06	Phi model:	0.0190329483851081
depth_vector,start_model,resistivity_model,conductivity_model,E/I[V/A],modelled_thickness,rhoa,sigma
0.0,17.534,16.12831581054799,0.062002754146592,5.9191722272512405e-05,1.0,17.21718437820496,0.0580815061297646
1.0,17.534,16.23722012919301,0.0615868967744111,4.032999643161097e-05,1.0,17.358861726241706,0.0576074638861995
2.0,17.534,16.456641892788916,0.0607657386309285,2.4693705029194912e-05,1.0,17.819985761854834,0.056116767620577
3.0,17.534,16.786292009782382,0.0595724177452197,1.4023734458372686e-05,1.0,18.3900824024926,0.0543771353555468
4.0,17.534,17.224138180630053,0.0580580572167367,8.966436501117922e-06,1.0,18.59998870564371,0.0537634735066572
5.0,17.534,17.766539354837523,0.0562855815658729,6.1049671831031e-06,1.0,18.838662917150817,0.05308232353845
6.0,17.534,18.40837063685452,0.0543231130949714,3.769883021859024e-06,1.5,19.280107337062184,0.0518669311595427
7.5,17.534,19.17256962886967,0.0521578494358012,2.1628345305488074e-06,1.5,19.847857539912425,0.0503832717455313
9.0,17.534,20.035436769119784,0.0499115647701416,1.3749946579789191e-06,1.5,20.17141907257017,0.0495750941667676
10.5,17.534,20.97092896513928,0.0476850597158731,9.385221726929688e-07,1.5,20.439960188965543,0.0489237743496118
12.0,17.534,21.952150829841138,0.0455536228659939,5.840464756563703e-07,1.5,20.86043624482093,0.0479376360237083
13.5,17.534,22.95276429689083,0.0435677370736325,nan,1.5,nan,nan
15.0,17.534,23.948216113929668,0.0417567636454701,nan,1.5,nan,nan
16.5,17.534,24.91670821136444,0.0401337123474401,nan,1.5,nan,nan
18.0,17.534,25.839870526239743,0.0386998843119018,nan,1.5,nan,nan
19.5,17.534,26.703130754629736,0.0374487923977461,nan,nan,nan,nan
Name:	784.7599703514607_12_80_0.08
Lambda:	784.7599703514607	Maximal Depth:	20	Filter time:	12 to 80 [us]
Chi2:	2.485352127722638	RelRMS:	15.657634622987477	AbsRMS:	1.7081200025553564e-06	Phi model:	0.0149918234911365
depth_vector,start_model,resistivity_model,conductivity_model,E/I[V/A],modelled_thickness,rhoa,sigma
0.0,17.534,16.45997398168799,0.0607534374667005,5.826017812173021e-05,1.0,17.4002268121315,0.057470515229307
1.0,17.534,16.557396744575097,0.0603959677615167,3.9764934535715416e-05,1.0,17.522921615868157,0.0570681089558966
2.0,17.534,16.75352806591903,0.0596889202122301,2.441232659295979e-05,1.0,17.956653780896357,0.0556896631299911
3.0,17.534,17.04788350974,0.0586583079024835,1.3911085875538966e-05,1.0,18.48922782970407,0.0540855469579664
4.0,17.534,17.438352604028786,0.0573448663819866,8.917345084348706e-06,1.0,18.668190174326067,0.0535670566167296
5.0,17.534,17.921324647163424,0.0557994467310919,6.085731704116328e-06,1.0,18.878338242547823,0.0529707640128096
6.0,17.534,18.49180688205091,0.0540780036466123,3.7701298380482336e-06,1.5,19.2792658639126,0.0518691949713616
7.5,17.534,19.170221105014907,0.0521642392397029,2.171416593129582e-06,1.5,19.79552673856612,0.0505164633003564
9.0,17.534,19.934729779865343,0.0501637098191332,1.3845241162187012e-06,1.5,20.07875480040002,0.0498038852479077
10.5,17.534,20.76135298526508,0.0481664177045556,9.473201764972596e-07,1.5,20.31320940782535,0.0492290499213169
12.0,17.534,21.62534221537364,0.0462420427866843,5.91392686943821e-07,1.5,20.68732599666086,0.048338775159313
13.5,17.534,22.502497110411863,0.0444395124280363,nan,1.5,nan,nan
15.0,17.534,23.370332375213422,0.0427892930209499,nan,1.5,nan,nan
16.5,17.534,24.20901653871208,0.0413069237406204,nan,1.5,nan,nan
18.0,17.534,25.002031481935205,0.039996749893005,nan,1.5,nan,nan
19.5,17.534,25.73653468727701,0.0388552698391969,nan,nan,nan,nan
Name:	1000.0_12_80_0.08
Lambda:	1000	Maximal Depth:	20	Filter time:	12 to 80 [us]
Chi2:	2.777284059093416	RelRMS:	16.453665921130206	AbsRMS:	2.049654110218664e-06	Phi model:	0.0114045480297619
depth_vector,start_model,resistivity_model,conductivity_model,E/I[V/A],modelled_thickness,rhoa,sigma
0.0,17.534,16.802737722589775,0.0595141111234266,5.73030494687993e-05,1.0,17.5934478732591,0.056839341964342
1.0,17.534,16.889099134625297,0.0592097892272917,3.91808278542627e-05,1.0,17.69664589298629,0.0565078832478831
2.0,17.534,17.062796383750896,0.0586070405758526,2.411806643107432e-05,1.0,18.10241563148519,0.0552412462710622
3.0,17.534,17.323108829359818,0.0577263590415806,1.379060433477456e-05,1.0,18.59675899359745,0.0537728106464294
4.0,17.534,17.667759506339216,0.0566002723571825,8.863273298849329e-06,1.0,18.74403866033853,0.0533502954257105
5.0,17.534,18.09304686459388,0.0552698507600116,6.063192575576872e-06,1.0,18.925094479442,0.0528398947274098
6.0,17.534,18.59397631194061,0.0537808580167881,3.76843273756184e-06,1.5,19.28505366279194,0.0518536280730902
7.5,17.534,19.18791869829471,0.0521161265963083,2.178994048409351e-06,1.5,19.74960744820149,0.0506339177942023
9.0,17.534,19.85476578878439,0.0503657414364909,1.3935058390510936e-06,1.5,19.992384586005763,0.0500190457870632
10.5,17.534,20.572667036490696,0.0486081847446543,9.558081719505987e-07,1.5,20.192770573277983,0.0495226742843969
12.0,17.534,21.31932680297644,0.0469057962871692,5.986002277096004e-07,1.5,20.52093160854856,0.0487307310932912
13.5,17.534,22.073217501604944,0.0453037714110908,nan,1.5,nan,nan
15.0,17.534,22.81462426487723,0.0438315349133093,nan,1.5,nan,nan
16.5,17.534,23.52645413123106,0.0425053428970629,nan,1.5,nan,nan
18.0,17.534,24.194770670745964,0.0413312452351162,nan,1.5,nan,nan
19.5,17.534,24.809047229182504,0.0403078760245059,nan,nan,nan,nan
Name:	58.06735210785115_12_80_0.08
Lambda:	58.06735210785115	Maximal Depth:	20	Filter time:	12 to 80 [us]
Chi2:	1.06626231058889	RelRMS:	10.124703291163245	AbsRMS:	9.726768760580902e-07	Phi model:	0.0752593387612643
depth_vector,start_model,resistivity_model,conductivity_model,E/I[V/A],modelled_thickness,rhoa,sigma
0.0,17.534,14.941726258499497,0.0669266711690128,6.505456157041604e-05,1.0,16.166559755571292,0.0618560791608976
1.0,17.534,15.039472695584625,0.066491692909791,4.393862018640264e-05,1.0,16.39491199400465,0.0609945329603283
2.0,17.534,15.242202302764891,0.0656073171144436,2.652601795210145e-05,1.0,16.989612906851388,0.0588594928844276
3.0,17.534,15.561838375839043,0.0642597600520371,1.4763617155561469e-05,1.0,17.770416707336974,0.0562733005347659
4.0,17.534,16.01428115638073,0.0624442639813127,9.275114229539991e-06,1.0,18.18499086996528,0.0549904042927852
5.0,17.534,16.618564020493352,0.0601736707676331,6.210158971011862e-06,1.0,18.62532327352701,0.0536903432662209
6.0,17.534,17.395951224761397,0.0574846403671562,3.7455040050496327e-06,1.5,19.3636780456974,0.0516430813216396
7.5,17.534,18.449674219190594,0.0542014990681971,2.0853529623146e-06,1.5,20.33649550225141,0.0491726807054486
9.0,17.534,19.81123147438236,0.0504764179497416,1.2937235143454969e-06,1.5,21.00758574721033,0.0476018525895006
10.5,17.534,21.50218082460817,0.0465069105388393,8.647703538943366e-07,1.5,21.58618403445631,0.0463259276583475
12.0,17.534,23.53135065307113,0.0424964981714506,5.234815254927479e-07,1.5,22.439891457502164,0.0445634954114574
13.5,17.534,25.893922619313525,0.038619100500985,nan,1.5,nan,nan
15.0,17.534,28.572433785405053,0.0349987686562005,nan,1.5,nan,nan
16.5,17.534,31.53934333603253,0.0317064305792802,nan,1.5,nan,nan
18.0,17.534,34.76045402784238,0.0287683238889521,nan,1.5,nan,nan
19.5,17.534,38.198373001378805,0.0261791254817032,nan,nan,nan,nan
Name:	172.21381097981777_12_80_0.08
Lambda:	172.21381097981777	Maximal Depth:	20	Filter time:	12 to 80 [us]
Chi2:	1.3330798188495478	RelRMS:	11.5444086928187	AbsRMS:	5.210921515751285e-07	Phi model:	0.0469215484553614
depth_vector,start_model,resistivity_model,conductivity_model,E/I[V/A],modelled_thickness,rhoa,sigma
0.0,17.534,14.85812220087682,0.0673032558542954,6.334941866004742e-05,1.0,16.455371527134137,0.060770429786471
1.0,17.534,15.003796110588032,0.0666497993327375,4.282987580933535e-05,1.0,16.67665033053913,0.0599640803266558
2.0,17.534,15.299425076561691,0.0653619332096323,2.5913910034125992e-05,1.0,17.256109673497434,0.057950489358319
3.0,17.534,15.748643551049168,0.0634975321371967,1.4488096938867208e-05,1.0,17.995002015022354,0.0555709857195455
4.0,17.534,16.354433960150608,0.0611454974495975,9.15080866187597e-06,1.0,18.349304833852266,0.0544979773923162
5.0,17.534,17.11899496040149,0.0584146442190755,6.160807068942126e-06,1.0,18.7246579059276,0.0534055150713025
6.0,17.534,18.04353332988393,0.0554215175995372,3.745072382070912e-06,1.5,19.365165804724345,0.0516391137614757
7.5,17.534,19.176510165337948,0.0521471316406426,2.1074228700739672e-06,1.5,20.194264395236225,0.0495190109641179
9.0,17.534,20.49921558989189,0.0487823544083851,1.3199230817750538e-06,1.5,20.728667110223988,0.0482423686328953
10.5,17.534,21.9872641051716,0.0454808745288501,8.898084287535901e-07,1.5,21.179322344611474,0.0472158638377976
12.0,17.534,23.61174544069047,0.0423518033646375,5.447191623185563e-07,1.5,21.852773073579595,0.0457607826994285
13.5,17.534,25.34086871002014,0.0394619462909172,nan,1.5,nan,nan
15.0,17.534,27.14180969762908,0.0368435270580853,nan,1.5,nan,nan
16.5,17.534,28.98245580274724,0.0345036323631764,nan,1.5,nan,nan
18.0,17.534,30.832822496723903,0.0324329697712965,nan,1.5,nan,nan
19.5,17.534,32.666035124630305,0.0306128367334668,nan,nan,nan,nan
Name:	29.657596692192385_12_80_0.08
Lambda:	29.657596692192385	Maximal Depth:	20	Filter time:	12 to 80 [us]
Chi2:	0.9432790956820956	RelRMS:	9.455317939746465	AbsRMS:	1.061531587686444e-06	Phi model:	0.1088779034861666
depth_vector,start_model,resistivity_model,conductivity_model,E/I[V/A],modelled_thickness,rhoa,sigma
0.0,17.534,15.699025064044765,0.0636982230374473,6.526533049008706e-05,1.0,16.13173529429251,0.0619896112697686
1.0,17.534,15.712444710213296,0.0636438198156386,4.419421090359005e-05,1.0,16.33163919986001,0.0612308408092049
2.0,17.534,15.750260351775813,0.063491013968366,2.676123934207948e-05,1.0,16.88991155239488,0.0592069411907729
3.0,17.534,15.834419821131732,0.0631535611216683,1.492104733181282e-05,1.0,17.64520018121219,0.0566726356023296
4.0,17.534,15.995816155358508,0.0625163474178218,9.363050642519914e-06,1.0,18.07095136467942,0.0553374296582165
5.0,17.534,16.272165677872586,0.0614546348529275,6.25724822638396e-06,1.0,18.53176176759184,0.0539614102825771
6.0,17.534,16.706142095269907,0.0598582242565226,3.763442187161061e-06,1.5,19.30209865677235,0.0518078379860077
7.5,17.534,17.451903011798002,0.0573003413624273,2.08556674248941e-06,1.5,20.33510575568129,0.0491760412763339
9.0,17.534,18.60187778004141,0.0537580136706915,1.286786833380066e-06,1.5,21.0830151316578,0.047431545903433
10.5,17.534,20.23942538627593,0.0494085173326158,8.555207829247129e-07,1.5,21.74149284983007,0.0459950016729332
12.0,17.534,22.433572175924333,0.0445760484401676,5.142472962513345e-07,1.5,22.70772608174673,0.0440378748801199
13.5,17.534,25.235059131047144,0.0396274086304669,nan,1.5,nan,nan
15.0,17.534,28.674422457204702,0.0348742856632057,nan,1.5,nan,nan
16.5,17.534,32.76311039469866,0.0305221326044125,nan,1.5,nan,nan
18.0,17.534,37.497711447856425,0.0266682941808483,nan,1.5,nan,nan
19.5,17.534,42.86603459594375,0.0233284932797265,nan,nan,nan,nan
Name:	19.579250709528285_12_80_0.08
Lambda:	19.579250709528285	Maximal Depth:	20	Filter time:	12 to 80 [us]
Chi2:	0.861947628020804	RelRMS:	9.02945301457893	AbsRMS:	1.0359782630674068e-06	Phi model:	0.1471340363805612
depth_vector,start_model,resistivity_model,conductivity_model,E/I[V/A],modelled_thickness,rhoa,sigma
0.0,17.534,16.495329446401662,0.0606232208486228,6.512402187591588e-05,1.0,16.155062370947345,0.0619001014690207
1.0,17.534,16.43164604051526,0.0608581755920444,4.422217381386892e-05,1.0,16.32475384100964,0.0612566663938225
2.0,17.534,16.319790235274354,0.0612752973894574,2.687195244570001e-05,1.0,16.843488404992094,0.0593701242851581
3.0,17.534,16.191798374285618,0.0617596623231247,1.502324148193432e-05,1.0,17.565089337228198,0.0569311081088871
4.0,17.534,16.092624846314664,0.0621402667091321,9.426470678749342e-06,1.0,17.989807574506425,0.0555870314820438
5.0,17.534,16.076368895856017,0.0622031011155615,6.294882477403335e-06,1.0,18.457825967093456,0.0541775614193565
6.0,17.534,16.20310647452788,0.0617165604368552,3.7816168277004256e-06,1.5,19.24020444179116,0.0519744997006334
7.5,17.534,16.660701351038007,0.0600214828253732,2.090360102991725e-06,1.5,20.30400719583121,0.0492513615837034
9.0,17.534,17.588259605806112,0.0568561087004814,1.2851485455812588e-06,1.5,21.1009288647718,0.0473912786687561
10.5,17.534,19.11874801859334,0.0523046801509953,8.51277885734229e-07,1.5,21.81367488812987,0.0458428029723758
12.0,17.534,21.37572772053417,0.0467820330177283,5.092223703644955e-07,1.5,22.8568656384189,0.0437505306203993
13.5,17.534,24.469711484017573,0.0408668488246439,nan,1.5,nan,nan
15.0,17.534,28.494241474072343,0.0350948103289545,nan,1.5,nan,nan
16.5,17.534,33.52442245723571,0.029829000075262,nan,1.5,nan,nan
18.0,17.534,39.62034009372895,0.0252395612363327,nan,1.5,nan,nan
19.5,17.534,46.835018362986496,0.0213515449540272,nan,nan,nan,nan
Name:	38.33470583465637_12_80_0.08
Lambda:	38.33470583465637	Maximal Depth:	20	Filter time:	12 to 80 [us]
Chi2:	0.9905808129251364	RelRMS:	9.707113117887856	AbsRMS:	1.0477229908688086e-06	Phi model:	0.0931508735060129
depth_vector,start_model,resistivity_model,conductivity_model,E/I[V/A],modelled_thickness,rhoa,sigma
0.0,17.534,15.339227675865745,0.0651923304830639,6.52525484172398e-05,1.0,16.133841881589753,0.0619815173186428
1.0,17.534,15.390148277104885,0.0649766319332769,4.412955363372592e-05,1.0,16.34758771846892,0.0611711047049612
2.0,17.534,15.501619841470603,0.0645093874205814,2.668075053142307e-05,1.0,16.923862778504926,0.0590881652190009
3.0,17.534,15.690680183916283,0.0637321000924516,1.48601928859932e-05,1.0,17.693340306663934,0.056518440422658
4.0,17.534,15.981413656176244,0.0625726873425578,9.327429371949747e-06,1.0,18.116930536915994,0.0551969881411394
5.0,17.534,16.403934377776643,0.060960985149682,6.237201004903567e-06,1.0,18.571449612810905,0.0538460928386647
6.0,17.534,16.991534225964493,0.0588528373424876,3.754777427719564e-06,1.5,19.33178240151954,0.0517282876058752
7.5,17.534,17.87797631726323,0.0559347424033885,2.0842177801785143e-06,1.5,20.34387909767341,0.0491548340018577
9.0,17.534,19.130588312599148,0.0522723077649114,1.2886559924941644e-06,1.5,21.062623321460656,0.0474774668253741
10.5,17.534,20.80598610644281,0.0480630908279968,8.585704626500824e-07,1.5,21.68997783526013,0.046104242595138
12.0,17.534,22.946340626282865,0.0435799335626785,5.175052789828876e-07,1.5,22.612320648424305,0.0442236785665642
13.5,17.534,25.57648059601003,0.0390984207638013,nan,1.5,nan,nan
15.0,17.534,28.70246091136756,0.0348402181641488,nan,1.5,nan,nan
16.5,17.534,32.31408171328482,0.0309462607934448,nan,1.5,nan,nan
18.0,17.534,36.38934457236636,0.0274805719023416,nan,1.5,nan,nan
19.5,17.534,40.899240969731146,0.0244503315046869,nan,nan,nan,nan
Name:	44.923733528203684_12_80_0.08
Lambda:	44.92373352820368	Maximal Depth:	20	Filter time:	12 to 80 [us]
Chi2:	1.0213521496188518	RelRMS:	9.87607883287524	AbsRMS:	1.0227002368659376e-06	Phi model:	0.0849332806791275
depth_vector,start_model,resistivity_model,conductivity_model,E/I[V/A],modelled_thickness,rhoa,sigma
0.0,17.534,15.157193716217034,0.0659752734393093,6.519147309542634e-05,1.0,16.14391708254989,0.0619428354894679
1.0,17.534,15.228504060363653,0.0656663317707465,4.406092973190869e-05,1.0,16.364557314242326,0.0611076719520964
2.0,17.534,15.379543202596274,0.0650214370366466,2.6619909961614577e-05,1.0,16.94963961585586,0.0589983045459285
3.0,17.534,15.625514847574232,0.0639978912538196,1.482023103646064e-05,1.0,17.725132038960826,0.0564170691536708
4.0,17.534,15.987282067748517,0.0625497189429916,9.305271607089492e-06,1.0,18.145679225996624,0.055109538063879
5.0,17.534,16.490119351310337,0.0606423749092233,6.225429053864867e-06,1.0,18.59485398125353,0.0537783195828347
6.0,17.534,17.1624891559309,0.0582666063712807,3.75039152211993e-06,1.5,19.346851202552752,0.0516879976762344
7.5,17.534,18.12572748941688,0.0551701994076581,2.084282090559433e-06,1.5,20.34346062285876,0.049155845140544
9.0,17.534,19.431154941502296,0.0514637448474118,1.2904881489520207e-06,1.5,21.042682981608483,0.047522457135053
10.5,17.534,21.119644488525942,0.0473492818756152,8.609608775471666e-07,1.5,21.64981180728409,0.0461897779482567
12.0,17.534,23.2178287001745,0.04307034964008,5.198715585664833e-07,1.5,22.54365273079977,0.0443583837961525
13.5,17.534,25.736264464034537,0.0388556778081552,nan,1.5,nan,nan
15.0,17.534,28.669765080884552,0.0348799509580476,nan,1.5,nan,nan
16.5,17.534,31.999765043814225,0.0312502294510848,nan,1.5,nan,nan
18.0,17.534,35.69806684460635,0.0280127213709638,nan,1.5,nan,nan
19.5,17.534,39.73099007476511,0.0251692695832199,nan,nan,nan,nan
Name:	34.75518963504071_12_80_0.08
Lambda:	34.75518963504071	Maximal Depth:	20	Filter time:	12 to 80 [us]
Chi2:	0.9727447434310612	RelRMS:	9.611604835983632	AbsRMS:	1.0558614475152943e-06	Phi model:	0.0986058328407455
depth_vector,start_model,resistivity_model,conductivity_model,E/I[V/A],modelled_thickness,rhoa,sigma
0.0,17.534,15.465435854238592,0.0646603179777782,6.526701232058456e-05,1.0,16.131458166435195,0.0619906762105799
1.0,17.534,15.503006863149162,0.0645036159002814,4.415885625483361e-05,1.0,16.340355040761754,0.0611981806702152
2.0,17.534,15.587927120941767,0.0641522116597876,2.6712748232770933e-05,1.0,16.910345315605312,0.0591353979671351
3.0,17.534,15.739196351505788,0.063535645509901,1.4883297641767286e-05,1.0,17.67502419780964,0.0565770088237799
4.0,17.534,15.9834401471599,0.062564753944894,9.340745289518568e-06,1.0,18.09970843447529,0.0552495087763545
5.0,17.534,16.353217461859973,0.0611500459975087,6.244582884748831e-06,1.0,18.55681087324465,0.0538885699073329
6.0,17.534,16.885478702737636,0.0592224844557039,3.757856680263935e-06,1.5,19.321220428244185,0.0517565649496021
7.5,17.534,17.721736187865247,0.0564278798306871,2.084582377563352e-06,1.5,20.34150690666752,0.0491605663527425
9.0,17.534,18.93829738011736,0.0528030572088209,1.2878584763686145e-06,1.5,21.07131788370651,0.0474578764137602
10.5,17.534,20.601776453630308,0.0485395034865445,8.573609301803086e-07,1.5,21.710372643643566,0.0460609320905776
12.0,17.534,22.76401756901756,0.0439289768147529,5.16241775100274e-07,1.5,22.64920144661396,0.0441516669961668
13.5,17.534,25.458696184807497,0.0392793092285987,nan,1.5,nan,nan
15.0,17.534,28.70023814486778,0.0348429164577793,nan,1.5,nan,nan
16.5,17.534,32.485579546752554,0.0307828893297354,nan,1.5,nan,nan
18.0,17.534,36.79841563500079,0.0271750830231084,nan,1.5,nan,nan
19.5,17.534,41.61466811988061,0.0240299885876602,nan,nan,nan,nan
Name:	40.72896462597182_12_80_0.08
Lambda:	40.72896462597182	Maximal Depth:	20	Filter time:	12 to 80 [us]
Chi2:	1.004469358941577	RelRMS:	9.78422745147473	AbsRMS:	1.034135679193441e-06	Phi model:	0.0892595431410404
depth_vector,start_model,resistivity_model,conductivity_model,E/I[V/A],modelled_thickness,rhoa,sigma
0.0,17.534,15.2615052721033,0.0655243360448797,6.521828939051925e-05,1.0,16.13949143526861,0.0619598209776773
1.0,17.534,15.320963173436848,0.0652700478866614,4.40944696360245e-05,1.0,16.35625793199055,0.0611386787954804
2.0,17.534,15.448775202076856,0.0647300505651454,2.665117540996668e-05,1.0,16.936380869783203,0.0590444917180703
3.0,17.534,15.661772843490848,0.0638497320828917,1.4841229556823953e-05,1.0,17.70840883464671,0.0564703474681185
4.0,17.534,15.983033289769915,0.0625663465670223,9.316956794502736e-06,1.0,18.13050402706354,0.0551556646471213
5.0,17.534,16.44044777332743,0.0608255939124951,6.231640268023401e-06,1.0,18.582495992002872,0.0538140839869067
6.0,17.534,17.0656436060973,0.0585972626102841,3.752709713069466e-06,1.5,19.33888286009857,0.0517092950629156
7.5,17.534,17.98733528136767,0.0555946717152628,2.084240811487e-06,1.5,20.34372922790927,0.0491551961195056
9.0,17.534,19.26499523258254,0.0519076173093839,1.2894995777722238e-06,1.5,21.05343626568281,0.0474981844949465
10.5,17.534,20.947679326022094,0.0477379849307583,8.596719533028669e-07,1.5,21.671446415519803,0.046143666685942
12.0,17.534,23.06968349742696,0.043346931920914,5.185965117896423e-07,1.5,22.58058889124759,0.0442858246441751
13.5,17.534,25.64843327537169,0.0389887362422338,nan,1.5,nan,nan
15.0,17.534,28.68487325166861,0.0348615798726539,nan,1.5,nan,nan
16.5,17.534,32.16535630600028,0.0310893493759761,nan,1.5,nan,nan
18.0,17.534,36.06550924395668,0.0277273223354683,nan,1.5,nan,nan
19.5,17.534,40.35484740290925,0.0247801705211728,nan,nan,nan,nan
Name:	36.925883697137806_12_80_0.08
Lambda:	36.925883697137806	Maximal Depth:	20	Filter time:	12 to 80 [us]
Chi2:	0.983798780116268	RelRMS:	9.67077020744652	AbsRMS:	1.0513832160768196e-06	Phi model:	0.095161652423246
depth_vector,start_model,resistivity_model,conductivity_model,E/I[V/A],modelled_thickness,rhoa,sigma
0.0,17.534,15.38570830816782,0.0649953827260022,6.525987182879687e-05,1.0,16.1326348409713,0.0619861547637802
1.0,17.534,15.431772154767836,0.0648013714802702,4.414168175112183e-05,1.0,16.344593201189088,0.0611823119542215
2.0,17.534,15.533280286084205,0.0643779022577652,2.669330820260905e-05,1.0,16.918554557451728,0.0591067042166171
3.0,17.534,15.708213937412133,0.0636609613279016,1.4869078411458276e-05,1.0,17.686290764707238,0.0565409679906137
4.0,17.534,15.981702698061769,0.0625715556654222,9.332522031350085e-06,1.0,18.11033912468245,0.0552170775552792
5.0,17.534,16.384472879234952,0.0610333946884163,6.240011926173961e-06,1.0,18.565871973598764,0.0538622695137632
6.0,17.534,16.951410954900982,0.0589921395133707,3.7559379332432015e-06,1.5,19.32780012135034,0.0517389456493476
7.5,17.534,17.819285829367026,0.0561189718586786,2.0843443223342847e-06,1.5,20.34305569425283,0.0491568235878404
9.0,17.534,19.05853920834752,0.0524699185529395,1.288344571859538e-06,1.5,21.066017377904803,0.0474698174819154
10.5,17.534,20.72975770668684,0.0482398305927824,8.581053549543168e-07,1.5,21.69781468532076,0.0460875905939288
12.0,17.534,22.878751416803457,0.0437086789301597,5.17021779545991e-07,1.5,22.62641591663377,0.0441961291476504
13.5,17.534,25.53340901370934,0.0391643747790623,nan,1.5,nan,nan
15.0,17.534,28.70291860672685,0.034839662603706,nan,1.5,nan,nan
16.5,17.534,32.37972073726782,0.0308835276287308,nan,1.5,nan,nan
18.0,17.534,36.54373021743254,0.0273644752205117,nan,1.5,nan,nan
19.5,17.534,41.16757509585888,0.0242909619444792,nan,nan,nan,nan
Name:	39.23215212268123_12_80_0.08
Lambda:	39.23215212268123	Maximal Depth:	20	Filter time:	12 to 80 [us]
Chi2:	0.9947594286542616	RelRMS:	9.729919679596472	AbsRMS:	1.0458821686869222e-06	Phi model:	0.0919504074501715
depth_vector,start_model,resistivity_model,conductivity_model,E/I[V/A],modelled_thickness,rhoa,sigma
0.0,17.534,15.310961765281832,0.0653126835093754,6.524918286071038e-05,1.0,16.134396666469556,0.0619793860701464
1.0,17.534,15.365010359734844,0.0650829369188435,4.412298441171735e-05,1.0,16.349210278227442,0.0611650338445838
2.0,17.534,15.482431930223804,0.0645893361267014,2.667366378502004e-05,1.0,16.926860237333525,0.0590777017107059
3.0,17.534,15.679993019549446,0.0637755385957904,1.4855137409429529e-05,1.0,17.697354325162433,0.0565056212147021
4.0,17.534,15.98130960549693,0.062573094739122,9.324568366978716e-06,1.0,18.120636158170992,0.0551857005058334
5.0,17.534,16.415650279695754,0.0609174771003061,6.235659651668776e-06,1.0,18.57450985945522,0.0538372214161525
6.0,17.534,17.015693192647646,0.0587692777883473,3.7541815342585e-06,1.5,19.333828009932617,0.0517228145138281
7.5,17.534,17.91344912740786,0.0558239785586564,2.0842075521811128e-06,1.5,20.343945654375705,0.0491546731882324
9.0,17.534,19.17395701484332,0.0521540754068583,1.2888891446017255e-06,1.5,21.060083178989352,0.047483193276162
10.5,17.534,20.8518241036083,0.0479574350441098,8.588838182780899e-07,1.5,21.684701925734867,0.0461154598031723
12.0,17.534,22.986969583902223,0.0435029069991157,5.178188302152961e-07,1.5,22.60319153952313,0.0442415398839334
13.5,17.534,25.60211020797125,0.0390592803435651,nan,1.5,nan,nan
15.0,17.534,28.701574003281745,0.0348412947626377,nan,1.5,nan,nan
16.5,17.534,32.27359150011786,0.030985085747161,nan,1.5,nan,nan
18.0,17.534,36.29498221767795,0.0275520179071182,nan,1.5,nan,nan
19.5,17.534,40.73573390257166,0.024548471432765,nan,nan,nan,nan
Name:	39.79727833957147_12_80_0.08
Lambda:	39.79727833957147	Maximal Depth:	20	Filter time:	12 to 80 [us]
Chi2:	0.9973360229597856	RelRMS:	9.743980628161353	AbsRMS:	1.0445968554518845e-06	Phi model:	0.0912240055573017
depth_vector,start_model,resistivity_model,conductivity_model,E/I[V/A],modelled_thickness,rhoa,sigma
0.0,17.534,15.29387214716558,0.065385664949823,6.524662789650912e-05,1.0,16.134817863581574,0.06197776810714
1.0,17.534,15.349887019497276,0.0651470593060268,4.411866901784813e-05,1.0,16.350276374632834,0.0611610456659608
2.0,17.534,15.47086929408736,0.0646376089792303,2.666918345570036e-05,1.0,16.928755953040476,0.0590710860723581
3.0,17.534,15.67358863339498,0.063801597923104,1.4851986792823892e-05,1.0,17.699857047885736,0.0564976314381844
4.0,17.534,15.98140316791535,0.0625727284077047,9.322791257489114e-06,1.0,18.12293885419149,0.0551786886247049
5.0,17.534,16.422896371473698,0.0608905991599011,6.23470426444868e-06,1.0,18.576407345462293,0.0538317222164205
6.0,17.534,17.030490905194625,0.0587182134423958,3.7538141655285024e-06,1.5,19.335089398604385,0.0517194402045113
7.5,17.534,17.935179881306887,0.0557563407012304,2.0842028099789272e-06,1.5,20.343976513518104,0.0491545986270443
9.0,17.534,19.200436944781323,0.0520821480717291,1.289034046750834e-06,1.5,21.05850488683227,0.0474867520450273
10.5,17.534,20.8796906738631,0.0478934298223002,8.590777391779711e-07,1.5,21.68143852287097,0.0461224009165782
12.0,17.534,23.011642162521024,0.0434562641352339,5.180125829282373e-07,1.5,22.597554993386805,0.044252575125612
13.5,17.534,25.61753698594844,0.0390357590016758,nan,1.5,nan,nan
15.0,17.534,28.700673429385954,0.0348423880178408,nan,1.5,nan,nan
16.5,17.534,32.24854481474762,0.0310091511336253,nan,1.5,nan,nan
18.0,17.534,36.237118725674776,0.0275960130155568,nan,1.5,nan,nan
19.5,17.534,40.635755894119946,0.0246088691596038,nan,nan,nan,nan
Name:	40.15060834993357_12_80_0.08
Lambda:	40.15060834993357	Maximal Depth:	20	Filter time:	12 to 80 [us]
Chi2:	0.9989243076669994	RelRMS:	9.752274645752705	AbsRMS:	1.0430180237723817e-06	Phi model:	0.0907805982995464
depth_vector,start_model,resistivity_model,conductivity_model,E/I[V/A],modelled_thickness,rhoa,sigma
0.0,17.534,15.283914339234595,0.065428265155409,6.524269048232314e-05,1.0,16.135467017494843,0.0619752746490543
1.0,17.534,15.341056374186367,0.0651845593685875,4.411446402051264e-05,1.0,16.35131536532681,0.0611571593879544
2.0,17.534,15.464235758657637,0.0646653359148479,2.6665533162082107e-05,1.0,16.930300856709703,0.0590656957878977
3.0,17.534,15.670095472857898,0.0638158205055033,1.4849578330757556e-05,1.0,17.701770829815615,0.0564915233404598
4.0,17.534,15.981818227350155,0.0625711033484707,9.321413480341111e-06,1.0,18.12472461740504,0.055173252069149
5.0,17.534,16.42772787750344,0.0608726908222911,6.233932193763107e-06,1.0,18.57794110222843,0.0538272779796922
6.0,17.534,17.039940740903177,0.0586856500973369,3.7534821297548538e-06,1.5,19.336229645890626,0.0517163903363405
7.5,17.534,17.948791458652863,0.0557140575343814,2.084144129472008e-06,1.5,20.34435837746431,0.0491536759944079
9.0,17.534,19.21690467789711,0.0520375167989556,1.2890899087186502e-06,1.5,21.05789651032795,0.0474881239685808
10.5,17.534,20.89685222337628,0.0478540973209998,8.591754542330855e-07,1.5,21.67979458770006,0.0461258982853714
12.0,17.534,23.026605451799,0.0434280251204752,5.181192622469633e-07,1.5,22.594453037678157,0.0442586504896761
13.5,17.534,25.62668188834144,0.039021829059147,nan,1.5,nan,nan
15.0,17.534,28.6997264140286,0.0348435377248472,nan,1.5,nan,nan
16.5,17.534,32.23283237267604,0.0310242670714754,nan,1.5,nan,nan
18.0,17.534,36.20156661345892,0.0276231139574004,nan,1.5,nan,nan
19.5,17.534,40.57486476128807,0.024645799952341,nan,nan,nan,nan
Name:	39.580464803707876_12_80_0.08
Lambda:	39.580464803707876	Maximal Depth:	20	Filter time:	12.0 to 80.0 [us]
Chi2:	0.9963525299782461	RelRMS:	9.738604230746386	AbsRMS:	1.045086116740824e-06	Phi model:	0.09150002390601455
depth_vector,start_model,resistivity_model,conductivity_model,E/I[V/A],modelled_thickness,rhoa,sigma
0.0,17.534,15.300360978018393,0.06535793511255535,6.524760214583014e-05,1.0,16.13465725104359,0.061978385065187554
1.0,17.534,15.355644814642911,0.06512263158408138,4.4120310133794444e-05,1.0,16.349870924692993,0.06116256235941981
2.0,17.534,15.47526437823681,0.06461925144272954,2.667088545884922e-05,1.0,16.92803573942178,0.05907359928779058
3.0,17.534,15.67601686789343,0.06379171497627903,1.4853182324338146e-05,1.0,17.698907261713426,0.056500663301582287
4.0,17.534,15.981370472628512,0.06257285642133835,9.323464458971582e-06,1.0,18.122066464878596,0.055181344905562854
5.0,17.534,16.42013269082074,0.060900847686756195,6.235065197508595e-06,1.0,18.57569044258878,0.053833799776684704
6.0,17.534,17.024853680147537,0.058737656063739756,3.753951882835327e-06,1.5,19.33461651157694,0.05172070516119275
7.5,17.534,17.926914991088132,0.05578204618570023,2.084203106226095e-06,1.5,20.343974585732358,0.0491546032849117
9.0,17.534,19.190358222386738,0.05210950147003709,1.2889777959989929e-06,1.5,21.059117541873462,0.047485370553235345
10.5,17.534,20.86908547474726,0.04791776818443027,8.590031034519669e-07,1.5,21.68269438676401,0.046119729502364815
12.0,17.534,23.002270942704772,0.04347396839602711,5.179382620908694e-07,1.5,22.599716678371983,0.04424834232355682
13.5,17.534,25.611690651514362,0.039044669623981745,nan,1.5,nan,nan
15.0,17.534,28.701044444638175,0.034841937614114124,nan,1.5,nan,nan
16.5,17.534,32.25811943968161,0.030999947218555843,nan,1.5,nan,nan
18.0,17.534,36.2591884175457,0.027579216293658226,nan,1.5,nan,nan
19.5,17.534,40.673853254104806,0.02458581914412252,nan,nan,nan,nan
