Name:	89_12_80_0.025
Lambda:	89	Maximal Depth:	20	Filter time:	12 to 80 [us]
Chi2:	2.283019110417046	RelRMS:	9.6820522582847	AbsRMS:	8.188201591666746e-07	Phi model:	0.0590318565685767
depth_vector,start_model,resistivity_model,conductivity_model,E/I[V/A],modelled_thickness,rhoa,sigma
0.0,16.406,13.101732109592747,0.0763257859064166,7.604903546014504e-05,1.0,14.568236212961702,0.0686424894120179
1.0,16.406,13.253364876846454,0.0754525367174485,5.13895580873047e-05,1.0,14.76919339585404,0.0677085046689629
2.0,16.406,13.560009943303042,0.0737462586075665,3.106004394689566e-05,1.0,15.293145232492927,0.0653887728650694
3.0,16.406,14.022700760452162,0.0713129387186434,1.732984411849237e-05,1.0,15.969685284047737,0.0626186416459258
4.0,16.406,14.641369679800857,0.0682996209964969,1.0919785087122022e-05,1.0,16.309846408661617,0.0613126558609977
5.0,16.406,15.415103146036262,0.0648714439680628,7.33332938305557e-06,1.0,16.671378168965965,0.0599830433851903
6.0,16.406,16.34247087692656,0.0611902574299134,4.441148768531522e-06,1.5,17.28480493718244,0.0578542832062186
7.5,16.406,17.46432913250838,0.0572595713475523,2.4860877474892788e-06,1.5,18.087763117437824,0.0552859960354043
9.0,16.406,18.765831192749108,0.0532883403739871,1.5496956746637549e-06,1.5,18.62542446268237,0.0536900515745874
10.5,16.406,20.233274654541503,0.049423537073152,1.040197885016782e-06,1.5,19.0853044779061,0.0523963346331539
12.0,16.406,21.853955185427058,0.0457583074329187,6.330821250213373e-07,1.5,19.76885990880384,0.0505846065283037
13.5,16.406,23.61557303739752,0.042344939011914,nan,1.5,nan,nan
15.0,16.406,25.50525678749514,0.0392076036846759,nan,1.5,nan,nan
16.5,16.406,27.50898686374374,0.0363517567896322,nan,1.5,nan,nan
18.0,16.406,29.61128462178662,0.0337709090562131,nan,1.5,nan,nan
19.5,16.406,31.795012821831488,0.0314514733994184,nan,nan,nan,nan
Name:	10.0_12_80_0.08
Lambda:	10.0	Maximal Depth:	20	Filter time:	12.0 to 80.0 [us]
Chi2:	0.6962620884766421	RelRMS:	7.024730907323269	AbsRMS:	7.964817701174096e-07	Phi model:	0.17634100044962375
depth_vector,start_model,resistivity_model,conductivity_model,E/I[V/A],modelled_thickness,rhoa,sigma
0.0,16.406,14.386082556618637,0.0695116266755975,7.671126314841829e-05,1.0,14.484272674742098,0.06904040143788619
1.0,16.406,14.366101224974908,0.06960830808163448,5.197191759432064e-05,1.0,14.658657760118952,0.0682190700106696
2.0,16.406,14.34022526906281,0.06973391151374528,3.147095824196974e-05,1.0,15.159732764782971,0.06596422348044709
3.0,16.406,14.341097340814695,0.06972967104504652,1.7512974429775985e-05,1.0,15.858162093937171,0.06305900986989633
4.0,16.406,14.407226377774476,0.06940961249437053,1.0947472486416583e-05,1.0,16.28233516999447,0.06141625200314185
5.0,16.406,14.58624111935698,0.06855775876849649,7.2838581194519235e-06,1.0,16.746779906996686,0.05971297201930785
6.0,16.406,14.930263679849158,0.0669780535322805,4.351822198812926e-06,1.5,17.520531156373035,0.05707589519260969
7.5,16.406,15.618487575232399,0.06402668601445043,2.3879292522079685e-06,1.5,18.580106259208556,0.053821005437166766
9.0,16.406,16.773398563439727,0.05961821012109365,1.4589299167998022e-06,1.5,19.390135297097174,0.05157261590380477
10.5,16.406,18.520578908657612,0.0539939925707474,9.609572711990037e-07,1.5,20.1205733596192,0.04970037295293686
12.0,16.406,20.990219180023647,0.04764123668378357,5.702981627377886e-07,1.5,21.19436177132196,0.0471823596666684
13.5,16.406,24.31499559866866,0.04112688385823742,nan,1.5,nan,nan
15.0,16.406,28.628303979419105,0.034930466042239185,nan,1.5,nan,nan
16.5,16.406,34.059808517277794,0.0293601180844197,nan,1.5,nan,nan
18.0,16.406,40.7360646003057,0.024548272146850816,nan,1.5,nan,nan
19.5,16.406,48.784164224525675,0.020498455101076868,nan,nan,nan,nan
Name:	12.742749857031335_12_80_0.08
Lambda:	12.742749857031335	Maximal Depth:	20	Filter time:	12.0 to 80.0 [us]
Chi2:	0.7186156608058579	RelRMS:	7.143514531835813	AbsRMS:	7.617099391982661e-07	Phi model:	0.1532410341005284
depth_vector,start_model,resistivity_model,conductivity_model,E/I[V/A],modelled_thickness,rhoa,sigma
0.0,16.406,14.023130277733042,0.07131075446028434,7.69114247478063e-05,1.0,14.459131596986692,0.06916044669020108
1.0,16.406,14.039736242106082,0.07122640929684526,5.2022394222176446e-05,1.0,14.64917416071927,0.0682632337515264
2.0,16.406,14.085750335726644,0.07099373311080434,3.1435380697178154e-05,1.0,15.17116880436459,0.06591449959427716
3.0,16.406,14.185649579027173,0.07049377572941416,1.746195967677888e-05,1.0,15.889033268951627,0.06293649104216276
4.0,16.406,14.373055833160961,0.06957462710837305,1.091279909195634e-05,1.0,16.316806331217897,0.06128650298966681
5.0,16.406,14.688302901363043,0.068081384671554,7.261759963487867e-06,1.0,16.780737286989716,0.05959213727607253
6.0,16.406,15.176689115638192,0.06589052410446962,4.339799721822684e-06,1.5,17.552874130736846,0.05697072699045335
7.5,16.406,16.003432035356507,0.06248659648697181,2.383544099055327e-06,1.5,18.602887922601386,0.05375509459394529
9.0,16.406,17.271230176381877,0.057899755245430264,1.4586081590446655e-06,1.5,19.39298673553285,0.0515650329491407
10.5,16.406,19.082178515707547,0.05240491798024252,9.624457508515648e-07,1.5,20.09982289896792,0.04975168214299778
12.0,16.406,21.53580277738171,0.04643430339407939,5.725269244994455e-07,1.5,21.139321700034735,0.04730520752699255
13.5,16.406,24.72621263008498,0.04044291032195023,nan,1.5,nan,nan
15.0,16.406,28.73878445740121,0.0347961828894425,nan,1.5,nan,nan
16.5,16.406,33.64809928451917,0.02971936071468026,nan,1.5,nan,nan
18.0,16.406,39.51872676077224,0.02530445897342617,nan,1.5,nan,nan
19.5,16.406,46.409121046052434,0.021547488456152526,nan,nan,nan,nan
Name:	16.237767391887218_12_80_0.08
Lambda:	16.237767391887218	Maximal Depth:	20	Filter time:	12.0 to 80.0 [us]
Chi2:	0.7417096512170005	RelRMS:	7.265664058540855	AbsRMS:	7.336266913235838e-07	Phi model:	0.1346559466571959
depth_vector,start_model,resistivity_model,conductivity_model,E/I[V/A],modelled_thickness,rhoa,sigma
0.0,16.406,13.701718347589471,0.07298354663493203,7.70712513201415e-05,1.0,14.43913492409722,0.06925622658536956
1.0,16.406,13.7515037613907,0.07271931981778182,5.205386729345465e-05,1.0,14.643268727241214,0.06829076339626798
2.0,16.406,13.862073265676884,0.07213928110422306,3.139521297310418e-05,1.0,15.184106264012776,0.06585833783118726
3.0,16.406,14.053760029612395,0.07115533479246267,1.7412368094915546e-05,1.0,15.919187648654223,0.06281727573482923
4.0,16.406,14.35451155277627,0.06966450905162234,1.0880163763246193e-05,1.0,16.349418492450898,0.0611642548914957
5.0,16.406,14.798215304527925,0.06757571635641915,7.24153875511952e-06,1.0,16.811961687421196,0.05948145841589715
6.0,16.406,15.42342031456184,0.0648364616670572,4.329294518017179e-06,1.5,17.581257820107485,0.056878751806728606
7.5,16.406,16.379879974363007,0.06105050840208545,2.3801634551850832e-06,1.5,18.62049871897977,0.05370425438609255
9.0,16.406,17.749775112375325,0.05633874196540044,1.4588946182846269e-06,1.5,19.390448063679226,0.0515717840410881
10.5,16.406,19.61155229320107,0.0509903543100298,9.643051760396108e-07,1.5,20.073976213818405,0.049815741004596084
12.0,16.406,22.03657197658031,0.045379108922329874,5.749532165408301e-07,1.5,21.07980809292367,0.04743876204146718
13.5,16.406,25.08588723611559,0.03986305090937037,nan,1.5,nan,nan
15.0,16.406,28.807776978482472,0.03471284857373531,nan,1.5,nan,nan
16.5,16.406,33.23712487725458,0.030086838247683025,nan,1.5,nan,nan
18.0,16.406,38.39723731643381,0.026043540366171226,nan,1.5,nan,nan
19.5,16.406,44.30368720291339,0.022571484748435126,nan,nan,nan,nan
Name:	20.6913808111479_12_80_0.08
Lambda:	20.6913808111479	Maximal Depth:	20	Filter time:	12.0 to 80.0 [us]
Chi2:	0.7651140294362849	RelRMS:	7.389145134298844	AbsRMS:	7.107421448146198e-07	Phi model:	0.11996260330032929
depth_vector,start_model,resistivity_model,conductivity_model,E/I[V/A],modelled_thickness,rhoa,sigma
0.0,16.406,13.424693938962987,0.0744895939189841,7.71800162114511e-05,1.0,14.425566299214227,0.06932136869070235
1.0,16.406,13.504232666926246,0.07405085684350951,5.2061022721622396e-05,1.0,14.641926952372977,0.06829702150903934
2.0,16.406,13.67294874038916,0.07313711321436125,3.134878520152642e-05,1.0,15.199094411456686,0.06579339353575077
3.0,16.406,13.94773249747698,0.07169624167805706,1.7364053265833444e-05,1.0,15.948703667693387,0.06270102077485191
4.0,16.406,14.351595627984887,0.0696786633292573,1.084960954622083e-05,1.0,16.38009913621285,0.06104969156073157
5.0,16.406,14.912570204374084,0.06705752169446182,7.223261273263468e-06,1.0,16.840309998069703,0.059381329685416935
6.0,16.406,15.662757060378347,0.06384571989114694,4.3203828449158774e-06,1.5,17.605426142498892,0.05680066996992674
7.5,16.406,16.735755761011784,0.059752306037450416,2.3778346563636874e-06,1.5,18.632654405875147,0.05366921847080926
9.0,16.406,18.193536135418466,0.054964576020669176,1.4597997883019e-06,1.5,19.38243168284452,0.05159311361768424
10.5,16.406,20.09207098294433,0.04977087732015658,9.665267833840253e-07,1.5,20.043203764290798,0.04989222340699901
12.0,16.406,22.47770164003545,0.04448853428229876,5.775609088279899e-07,1.5,21.01630991163254,0.04758209239417903
13.5,16.406,25.384382102861036,0.03939430142312944,nan,1.5,nan,nan
15.0,16.406,28.832385570484472,0.034683220975779874,nan,1.5,nan,nan
16.5,16.406,32.828926646446305,0.030460941070951795,nan,1.5,nan,nan
18.0,16.406,37.37065807366159,0.0267589614833352,nan,1.5,nan,nan
19.5,16.406,42.44732009861803,0.023558613304130768,nan,nan,nan,nan
Name:	26.366508987303583_12_80_0.08
Lambda:	26.366508987303583	Maximal Depth:	20	Filter time:	12.0 to 80.0 [us]
Chi2:	0.7887261500819244	RelRMS:	7.513513931054787	AbsRMS:	6.915088219646337e-07	Phi model:	0.10839906026359339
depth_vector,start_model,resistivity_model,conductivity_model,E/I[V/A],modelled_thickness,rhoa,sigma
0.0,16.406,13.19474983084805,0.07578771957177215,7.722429874384523e-05,1.0,14.420051094942414,0.06934788187752905
1.0,16.406,13.300281906756338,0.07518637627462735,5.20362435878417e-05,1.0,14.646574808727063,0.06827534854115903
2.0,16.406,13.519997529092894,0.07396451055912978,3.129267926282883e-05,1.0,15.217256376866754,0.06571486838588053
3.0,16.406,13.867944400444626,0.07210874020867422,1.7315756581898178e-05,1.0,15.978345721170685,0.06258470166126391
4.0,16.406,14.362895934932583,0.06962384219242718,1.0820503094365737e-05,1.0,16.40946025264639,0.060940456578316024
5.0,16.406,15.027610353721931,0.06654417944449346,7.206574705922533e-06,1.0,16.86629540224392,0.05928984262109854
6.0,16.406,15.888107851451208,0.06294015683614967,4.312918541058421e-06,1.5,17.62573325358187,0.0567352282945041
7.5,16.406,17.061731309586722,0.0586106991052025,2.3765122443376443e-06,1.5,18.63956586803293,0.053649318180473915
9.0,16.406,18.591220189787848,0.05378883095308073,1.4613005083122191e-06,1.5,19.36915922045305,0.05162846712231269
10.5,16.406,20.511937354759656,0.048752098970697995,9.690951692705274e-07,1.5,20.00777453156818,0.04998057122356134
12.0,16.406,22.8487046882983,0.043766157147286266,5.803422692727607e-07,1.5,20.949107357587383,0.047734730789749776
13.5,16.406,25.613953394002557,0.039041220408956766,nan,1.5,nan,nan
15.0,16.406,28.8075283211305,0.0347131482039191,nan,1.5,nan,nan
16.5,16.406,32.41818500706063,0.030846884234333342,nan,1.5,nan,nan
18.0,16.406,36.42635734750512,0.02745264892835877,nan,1.5,nan,nan
19.5,16.406,40.80744835292703,0.0245053302855745,nan,nan,nan,nan
Name:	33.59818286283781_12_80_0.08
Lambda:	33.59818286283781	Maximal Depth:	20	Filter time:	12.0 to 80.0 [us]
Chi2:	0.8127939597087422	RelRMS:	7.640342284358395	AbsRMS:	6.758488013055092e-07	Phi model:	0.09920964289035554
depth_vector,start_model,resistivity_model,conductivity_model,E/I[V/A],modelled_thickness,rhoa,sigma
0.0,16.406,13.012797305136488,0.0768474276937576,7.71977549284274e-05,1.0,14.423356383144897,0.06933198996376445
1.0,16.406,13.14005899728935,0.07610315906544173,5.1976283127377e-05,1.0,14.657836953050818,0.068222890130584
2.0,16.406,13.403225357068846,0.07460890743529885,3.122579750699666e-05,1.0,15.238977601710717,0.06562120019703557
3.0,16.406,13.813572647598003,0.07239256820167278,1.7267363085561812e-05,1.0,16.008185725360978,0.06246804086085467
4.0,16.406,14.38592143130384,0.06951240522028675,1.0792919713604938e-05,1.0,16.437406710412123,0.06083684717532476
5.0,16.406,15.139108008547037,0.06605408980736734,7.191608089474495e-06,1.0,16.8896878429117,0.05920772540622662
6.0,16.406,16.093047765771747,0.06213863368546615,4.307053938902589e-06,1.5,17.641729411016115,0.056683785172193205
7.5,16.406,17.349199169179425,0.05763954809951597,2.376329176564015e-06,1.5,18.640523159653736,0.05364656299799774
9.0,16.406,18.933406219989244,0.05281669808279052,1.463496419104892e-06,1.5,19.349779335047867,0.05168017591749587
10.5,16.406,20.862136061772468,0.047933730133818284,9.720855290806353e-07,1.5,19.966721105401255,0.0500833359028332
12.0,16.406,23.142052581097232,0.04321137878741208,5.833510366196776e-07,1.5,20.877012062653485,0.04789957475710244
13.5,16.406,25.769329533093078,0.03880582142099568,nan,1.5,nan,nan
15.0,16.406,28.729084873912385,0.03480793086131525,nan,1.5,nan,nan
16.5,16.406,31.99799096273623,0.031251962073636626,nan,1.5,nan,nan
18.0,16.406,35.54753107310132,0.028131348923883387,nan,1.5,nan,nan
19.5,16.406,39.346581225989574,0.025415168709485503,nan,nan,nan,nan
Name:	42.81332398719393_12_80_0.08
Lambda:	42.81332398719393	Maximal Depth:	20	Filter time:	12.0 to 80.0 [us]
Chi2:	0.8380986177986597	RelRMS:	7.773387421434133	AbsRMS:	6.663224908172816e-07	Phi model:	0.09168976096759665
depth_vector,start_model,resistivity_model,conductivity_model,E/I[V/A],modelled_thickness,rhoa,sigma
0.0,16.406,12.878530444512624,0.077648610942725,7.70896961011393e-05,1.0,14.436831656462545,0.06926727579817397
1.0,16.406,13.024066022496612,0.07678093755611258,5.187471100365147e-05,1.0,14.67696434879735,0.06813398031330241
2.0,16.406,13.322523113900187,0.07506085682498385,3.114495659080958e-05,1.0,15.265336081938605,0.06550789282544286
3.0,16.406,13.783826926558966,0.07254879253258607,1.7217567616298878e-05,1.0,16.039036051975668,0.06234788654127511
4.0,16.406,14.419937992919778,0.06934842580398073,1.0766237697084856e-05,1.0,16.464553439032336,0.0607365394818004
5.0,16.406,15.244675825300142,0.06559667200927913,7.1780672669400604e-06,1.0,16.91092182447222,0.05913338198707033
6.0,16.406,16.273468721343338,0.06144971407899399,4.30272238392346e-06,1.5,17.653567389923776,0.05664577464217094
7.5,16.406,17.593442364291217,0.05683935976222961,2.377327217084084e-06,1.5,18.635305731934114,0.05366158271749547
9.0,16.406,19.213856337079925,0.052045772720291796,1.4664511433923693e-06,1.5,19.323778932656175,0.05174971228376311
10.5,16.406,21.136046276394303,0.04731253834908781,9.755619609891559e-07,1.5,19.919258384582502,0.050202672242757776
12.0,16.406,23.352143093796048,0.042822622145787956,5.866443140361365e-07,1.5,20.79880649066637,0.04807968190139939
13.5,16.406,25.845037868774817,0.038692146828237746,nan,1.5,nan,nan
15.0,16.406,28.590218070862083,0.03497699799006279,nan,1.5,nan,nan
16.5,16.406,31.55759623072267,0.031688091598892354,nan,1.5,nan,nan
18.0,16.406,34.71394742742214,0.028806865081844713,nan,1.5,nan,nan
19.5,16.406,38.02563162518107,0.026298051005621874,nan,nan,nan,nan
Name:	54.5559478116852_12_80_0.08
Lambda:	54.5559478116852	Maximal Depth:	20	Filter time:	12.0 to 80.0 [us]
Chi2:	0.8660604744294631	RelRMS:	7.918943572052848	AbsRMS:	6.69860639642396e-07	Phi model:	0.08523323436197577
depth_vector,start_model,resistivity_model,conductivity_model,E/I[V/A],modelled_thickness,rhoa,sigma
0.0,16.406,12.792273693028386,0.07817218611770214,7.688895983163884e-05,1.0,14.461947843207142,0.06914697873631909
1.0,16.406,12.951864397826604,0.07720896152740803,5.172458315916672e-05,1.0,14.705350032793348,0.06800246153746572
2.0,16.406,13.277984853650546,0.07531263298022725,3.10465267398242e-05,1.0,15.297583852739464,0.06536980020024023
3.0,16.406,13.77882327979082,0.07257513792681294,1.7164775419521253e-05,1.0,16.07190578977046,0.062220374676193395
4.0,16.406,14.463747345063103,0.06913837584015384,1.0739675815944822e-05,1.0,16.49168954295924,0.06063660108293318
5.0,16.406,15.343039379850987,0.06517613461340879,7.165573500818835e-06,1.0,16.93057317101276,0.059064745764905585
6.0,16.406,16.427464764549022,0.06087366579887792,4.29982519995607e-06,1.5,17.66149637744796,0.056620343974755405
7.5,16.406,17.790770574717985,0.05620892000153578,2.3795474721215277e-06,1.5,18.62371205181614,0.053694988261079914
9.0,16.406,19.428917563401868,0.05146967126381213,1.4702401122696967e-06,1.5,19.290565001341502,0.05183881342669114
10.5,16.406,21.330141462979288,0.046882014436500835,9.796043591890643e-07,1.5,19.864421922739474,0.05034125855206822
12.0,16.406,23.47490240271734,0.042598686156166715,5.902949588512501e-07,1.5,20.712965185999415,0.048278939834067475
13.5,16.406,25.83692511435965,0.03870429610233378,nan,1.5,nan,nan
15.0,16.406,28.3850686262286,0.035229789759112014,nan,1.5,nan,nan
16.5,16.406,31.085526864991227,0.0321693116009627,nan,1.5,nan,nan
18.0,16.406,33.903928054337634,0.029495107422281737,nan,1.5,nan,nan
19.5,16.406,36.80701172444089,0.0271687364213806,nan,nan,nan,nan
Name:	69.51927961775606_12_80_0.08
Lambda:	69.51927961775606	Maximal Depth:	20	Filter time:	12.0 to 80.0 [us]
Chi2:	0.8989408789357416	RelRMS:	8.086508952429588	AbsRMS:	6.985052442910866e-07	Phi model:	0.07933713995360055
depth_vector,start_model,resistivity_model,conductivity_model,E/I[V/A],modelled_thickness,rhoa,sigma
0.0,16.406,12.753587836391763,0.07840930825336437,7.658576018481214e-05,1.0,14.500092177994333,0.06896507882326587
1.0,16.406,12.92343870683002,0.0773787861485737,5.151965509018968e-05,1.0,14.744319557398805,0.06782272970326345
2.0,16.406,13.269420306099635,0.07536124238527013,3.0927134910380506e-05,1.0,15.336928663743029,0.06520210284110083
3.0,16.406,13.798327995837917,0.07247254886980775,1.710747814913031e-05,1.0,16.107771705487377,0.06208183343319508
4.0,16.406,14.517490368818365,0.06888242902835788,1.0712526440853824e-05,1.0,16.51954168152076,0.060534367071371546
5.0,16.406,15.434006516361713,0.06479199026771772,7.153818467669585e-06,1.0,16.949114782535467,0.05900013144228687
6.0,16.406,16.554292169316312,0.06040729436040271,4.298324214660062e-06,1.5,17.665607763251888,0.05660716650124014
7.5,16.406,17.94030625556148,0.05574040853901258,2.383081686700884e-06,1.5,18.605294310117994,0.05374814197140523
9.0,16.406,19.577246843382632,0.051079705333439834,1.4749827486931683e-06,1.5,19.249191756022697,0.05195023316691307
10.5,16.406,21.443011185476717,0.046635241261138584,9.843302674842109e-07,1.5,19.800789677892205,0.050503036306502
12.0,16.406,23.508825343157053,0.04253721678574127,5.94405085097869e-07,1.5,20.617372334160116,0.048502786087009704
13.5,16.406,25.741727619715657,0.03884743148451689,nan,1.5,nan,nan
15.0,16.406,28.107264186248884,0.03557799127562323,nan,1.5,nan,nan
16.5,16.406,30.570281884258392,0.032711507332058055,nan,1.5,nan,nan
18.0,16.406,33.0961870462532,0.030214960974279646,nan,1.5,nan,nan
19.5,16.406,35.6536803501817,0.028047595372434075,nan,nan,nan,nan
Name:	88.58667904100822_12_80_0.08
Lambda:	88.58667904100822	Maximal Depth:	20	Filter time:	12.0 to 80.0 [us]
Chi2:	0.9399944672332924	RelRMS:	8.288705073702884	AbsRMS:	7.675648044473066e-07	Phi model:	0.07361638104285217
depth_vector,start_model,resistivity_model,conductivity_model,E/I[V/A],modelled_thickness,rhoa,sigma
0.0,16.406,12.762316132573714,0.07835568321706625,7.61700951290608e-05,1.0,14.552796265960454,0.06871531640548272
1.0,16.406,12.938492440463103,0.07728875714087502,5.125334157459243e-05,1.0,14.795349972517876,0.06758880336440057
2.0,16.406,13.296950121436135,0.07520521554697651,3.0783055157847284e-05,1.0,15.384747627200676,0.06499944127987978
3.0,16.406,13.843211808903146,0.07223757129518588,1.7043908419991722e-05,1.0,16.1477989569283,0.06192794464851476
4.0,16.406,14.582262118759534,0.06857646583608845,1.0683921001164721e-05,1.0,16.549015138844144,0.06042655660231902
5.0,16.406,15.51836394113443,0.06443978268542254,7.142393021199126e-06,1.0,16.96718525370779,0.058937294845736
6.0,16.406,16.65475340388064,0.060042918423937455,4.2981257252613465e-06,1.5,17.666151629594168,0.0566054238051942
7.5,16.406,18.043371116968437,0.05542201584822334,2.3879970184289394e-06,1.5,18.579754748568217,0.05382202367752252
9.0,16.406,19.660269750513752,0.05086400200454363,1.4807891464699183e-06,1.5,19.198839489204378,0.052086481610636205
10.5,16.406,21.475230187133118,0.04656527503016707,9.898550680554956e-07,1.5,19.727043237889824,0.05069183394292437
12.0,16.406,23.453561711831888,0.0426374472366608,5.990786223432537e-07,1.5,20.51000548496187,0.048756691007869765
13.5,16.406,25.558301707285228,0.039126230351798234,nan,1.5,nan,nan
15.0,16.406,27.75239484236365,0.03603292637194372,nan,1.5,nan,nan
16.5,16.406,30.000513025412143,0.033332763314845415,nan,1.5,nan,nan
18.0,16.406,32.27034066157542,0.03098820711213343,nan,1.5,nan,nan
19.5,16.406,34.53330876574225,0.028957549558414182,nan,nan,nan,nan
Name:	112.88378916846884_12_80_0.08
Lambda:	112.88378916846884	Maximal Depth:	20	Filter time:	12.0 to 80.0 [us]
Chi2:	0.9936913382911983	RelRMS:	8.541429018084543	AbsRMS:	8.906270803574211e-07	Phi model:	0.06779394420523603
depth_vector,start_model,resistivity_model,conductivity_model,E/I[V/A],modelled_thickness,rhoa,sigma
0.0,16.406,12.818631101506769,0.07801145005900473,7.563273358113507e-05,1.0,14.621645486105614,0.068391755288436
1.0,16.406,12.997565219708024,0.076937486605854,5.0919366636936345e-05,1.0,14.859973586179763,0.06729487062682474
2.0,16.406,13.361282575879041,0.07484311437326291,3.061058049626347e-05,1.0,15.44248351434878,0.06475642334802069
3.0,16.406,13.91412484154386,0.07186941409453702,1.6972225576066316e-05,1.0,16.193234242470293,0.06175418604007355
4.0,16.406,14.659104903856232,0.06821698913805709,1.0652932722888534e-05,1.0,16.581092514123647,0.06030965686659113
5.0,16.406,15.59811425857305,0.06411031381247763,7.130847843394631e-06,1.0,16.985494095698215,0.05887376571831739
6.0,16.406,16.73146201863357,0.0597676400834736,4.2991117257972335e-06,1.5,17.66345037377092,0.056614080422528044
7.5,16.406,18.10245956960285,0.055241112190034795,2.3943504357673824e-06,1.5,18.546872565769636,0.053917445998179436
9.0,16.406,19.680589003253576,0.050811487391697524,1.4877678169250651e-06,1.5,19.13875514158212,0.05225000229128456
10.5,16.406,21.43021655074994,0.046663084231176634,9.962966939505663e-07,1.5,19.64192029351279,0.05091151909063971
12.0,16.406,23.312328141488774,0.04289575858450223,6.044239715598185e-07,1.5,20.38890354406986,0.04904628627226261
13.5,16.406,25.287115038764558,0.03954583187789605,nan,1.5,nan,nan
15.0,16.406,27.317117382920117,0.036607083609240726,nan,1.5,nan,nan
16.5,16.406,29.368346247806755,0.0340502659415043,nan,1.5,nan,nan
18.0,16.406,31.41037401710715,0.031836615490645426,nan,1.5,nan,nan
19.5,16.406,33.41745870514434,0.029924477765451932,nan,nan,nan,nan
Name:	143.8449888287663_12_80_0.08
Lambda:	143.8449888287663	Maximal Depth:	20	Filter time:	12.0 to 80.0 [us]
Chi2:	1.0691110666508457	RelRMS:	8.87998947005254	AbsRMS:	1.0750813160706238e-06	Phi model:	0.06144478008544105
depth_vector,start_model,resistivity_model,conductivity_model,E/I[V/A],modelled_thickness,rhoa,sigma
0.0,16.406,12.922131472504395,0.07738661397524021,7.496538436117937e-05,1.0,14.708292795639927,0.06798885593958508
1.0,16.406,13.101358195149434,0.07632796425413617,5.051456260404337e-05,1.0,14.939255958887895,0.06693773791358494
2.0,16.406,13.464792733078298,0.07426776036019841,3.041020281121196e-05,1.0,15.510244562820672,0.064473515936498
3.0,16.406,14.015323988290211,0.07135047329876205,1.6894651652021994e-05,1.0,16.24276523776043,0.06156587165806264
4.0,16.406,14.753932349854903,0.06777854041128462,1.0622041393044243e-05,1.0,16.613224695864634,0.06019300998492605
5.0,16.406,15.67970711311194,0.06377670148977233,7.1215384553434335e-06,1.0,17.000293344136036,0.05882251439766674
6.0,16.406,16.789808957106732,0.05955993916039905,4.3032934357771e-06,1.5,17.652005589950917,0.056650786501523
7.5,16.406,18.119634195624016,0.05518875211297064,2.4036846079150934e-06,1.5,18.49882634543533,0.05405748350336585
9.0,16.406,19.634391357587326,0.050931041445986536,1.4970923051450628e-06,1.5,19.059203215784912,0.052468090542830026
10.5,16.406,21.29532243926059,0.04695866910924884,1.0045646558368333e-06,1.5,19.53399809811491,0.05119279703915314
12.0,16.406,23.06228074362283,0.04336084583813418,6.110931633398956e-07,1.5,20.2402889451784,0.04940640930119814
13.5,16.406,24.896083922853148,0.04016695971538153,nan,1.5,nan,nan
15.0,16.406,26.760359401446664,0.03736870589062193,nan,1.5,nan,nan
16.5,16.406,28.62276728701639,0.034937222874799084,nan,1.5,nan,nan
18.0,16.406,30.455633932004368,0.03283464735072048,nan,1.5,nan,nan
19.5,16.406,32.236114755176224,0.031021108083114382,nan,nan,nan,nan
Name:	183.29807108324357_12_80_0.08
Lambda:	183.29807108324357	Maximal Depth:	20	Filter time:	12.0 to 80.0 [us]
Chi2:	1.1656027929203006	RelRMS:	9.28332816889963	AbsRMS:	1.320402247551936e-06	Phi model:	0.05514103768055731
depth_vector,start_model,resistivity_model,conductivity_model,E/I[V/A],modelled_thickness,rhoa,sigma
0.0,16.406,13.073998314303873,0.07648769534457793,7.417100243570746e-05,1.0,14.813124819032568,0.06750770092176332
1.0,16.406,13.249390812035895,0.07547516819351338,5.00340263325715e-05,1.0,15.03475646098152,0.0665125506086659
2.0,16.406,13.604605187205566,0.07350452190560067,3.017267575513918e-05,1.0,15.591538554203012,0.06413735222624517
3.0,16.406,14.14159218065099,0.07071339543847362,1.6801621882096645e-05,1.0,16.30266698213047,0.0613396569466892
4.0,16.406,14.86002903812252,0.06729461950811533,1.0583231464521939e-05,1.0,16.65381498494675,0.060046301757518745
5.0,16.406,15.757379357833665,0.06346232944521053,7.107904341892532e-06,1.0,17.02202594681293,0.058747413681814534
6.0,16.406,16.828919444483855,0.05942152158365567,4.3057211965093314e-06,1.5,17.645369632454578,0.05667209136615258
7.5,16.406,18.1047676255203,0.05523406986955248,2.4125826785319397e-06,1.5,18.453313511786387,0.054190809653848135
9.0,16.406,19.547541824355907,0.05115732755481392,1.5063464746403668e-06,1.5,18.981063518651812,0.052684086906792466
10.5,16.406,21.116575040595496,0.04735616443848271,1.0128850963233574e-06,1.5,19.42687518276196,0.05147508235844998
12.0,16.406,22.770738995935712,0.04391600993619431,6.178838940861172e-07,1.5,20.091718041276824,0.04977175162151789
13.5,16.406,24.47087837996193,0.04086490008543599,nan,1.5,nan,nan
15.0,16.406,26.181591033190557,0.03819477581527777,nan,1.5,nan,nan
16.5,16.406,27.872287226213135,0.03587793107483217,nan,1.5,nan,nan
18.0,16.406,29.517614662798948,0.03387807624104193,nan,1.5,nan,nan
19.5,16.406,31.097411157687716,0.03215701766713741,nan,nan,nan,nan
Name:	233.57214690901213_12_80_0.08
Lambda:	233.57214690901213	Maximal Depth:	20	Filter time:	12.0 to 80.0 [us]
Chi2:	1.2940429081445721	RelRMS:	9.785589234121844	AbsRMS:	1.6237838431619133e-06	Phi model:	0.04856788530810328
depth_vector,start_model,resistivity_model,conductivity_model,E/I[V/A],modelled_thickness,rhoa,sigma
0.0,16.406,13.270992485423536,0.0753523145385223,7.324868212371773e-05,1.0,14.937212904715361,0.06694689339832073
1.0,16.406,13.439833402398598,0.07440568421194348,4.947860761878606e-05,1.0,15.147061418376579,0.06601940616592399
2.0,16.406,13.781364977758544,0.07256175288978116,2.990014059115486e-05,1.0,15.686138183649852,0.06375055404282559
3.0,16.406,14.296692207869592,0.06994624948626589,1.669587773229522e-05,1.0,16.371430343737327,0.061082017820302224
4.0,16.406,14.984395213251334,0.06673609350050096,1.0539237296895079e-05,1.0,16.700128389288025,0.059879779166334475
5.0,16.406,15.840628403211852,0.06312880869026885,7.092450768496639e-06,1.0,17.046742903128592,0.058662232760985075
6.0,16.406,16.859205552416416,0.05931477594783052,4.3084786133446684e-06,1.5,17.63784016400395,0.05669628427866368
7.5,16.406,18.06598444176672,0.055352643705819965,2.4226266758531085e-06,1.5,18.402274326209014,0.05434110927124769
9.0,16.406,19.422445852626996,0.051486821360593175,1.5167395182881085e-06,1.5,18.894255819599,0.05292613848081281
10.5,16.406,20.887399685695026,0.047875753566628085,1.0222008245265535e-06,1.5,19.30866521344815,0.05179021899988805
12.0,16.406,22.41993334208661,0.04460316561792822,6.254754338174369e-07,1.5,19.92881551252428,0.05017859688507574
13.5,16.406,23.981850978393677,0.04169819922994871,nan,1.5,nan,nan
15.0,16.406,25.53936010958892,0.03915524882804497,nan,1.5,nan,nan
16.5,16.406,27.06397701562266,0.03694948452781906,nan,1.5,nan,nan
18.0,16.406,28.532777033597778,0.035047412273347414,nan,1.5,nan,nan
19.5,16.406,29.928181594194506,0.03341332305314469,nan,nan,nan,nan
Name:	297.63514416313194_12_80_0.08
Lambda:	297.63514416313194	Maximal Depth:	20	Filter time:	12.0 to 80.0 [us]
Chi2:	1.461973888290339	RelRMS:	10.396865506339358	AbsRMS:	1.9792789990638383e-06	Phi model:	0.041837180976701895
depth_vector,start_model,resistivity_model,conductivity_model,E/I[V/A],modelled_thickness,rhoa,sigma
0.0,16.406,13.511577598493178,0.07401060258955408,7.220692131264344e-05,1.0,15.08054010116713,0.06631062238431414
1.0,16.406,13.671496915188243,0.07314487990624186,4.8852515668364637e-05,1.0,15.276202651304782,0.0654612944608055
2.0,16.406,13.994585940874611,0.07145620486557272,2.9593891407307763e-05,1.0,15.794169926773412,0.06331450178365212
3.0,16.406,14.481181437513817,0.06905513920359276,1.657746405506191e-05,1.0,16.44929913546093,0.06079286368160383
4.0,16.406,15.128940637730288,0.06609848131111608,1.0489932764475169e-05,1.0,16.7524165128437,0.05969288067983044
5.0,16.406,15.932983202546328,0.06276288547396354,7.0750364324974e-06,1.0,17.074703754369498,0.0585661698373007
6.0,16.406,16.886035801302732,0.059220530606884744,4.311437954667196e-06,1.5,17.629768245722747,0.056722243086922905
7.5,16.406,18.010452460683634,0.055523313597088966,2.4337370553569985e-06,1.5,18.346225507560483,0.054507124617426066
9.0,16.406,19.26786893051868,0.05189987557036389,1.5282375320641765e-06,1.5,18.79936666764818,0.053193281331168435
10.5,16.406,20.617820445456776,0.04850173191901835,1.032503791943445e-06,1.5,19.18000135884467,0.05213763968472608
12.0,16.406,22.02068996186252,0.04541183776402524,6.338747594069799e-07,1.5,19.75237637333608,0.050626819836721494
13.5,16.406,23.440069683957983,0.042661989212616734,nan,1.5,nan,nan
15.0,16.406,24.84432092348837,0.04025064734430225,nan,1.5,nan,nan
16.5,16.406,26.20733473899763,0.038157256735915135,nan,1.5,nan,nan
18.0,16.406,27.508644052467503,0.036352209803314564,nan,1.5,nan,nan
19.5,16.406,28.73309375743751,0.034803074407577565,nan,nan,nan,nan
Name:	379.26901907322497_12_80_0.08
Lambda:	379.26901907322497	Maximal Depth:	20	Filter time:	12.0 to 80.0 [us]
Chi2:	1.6757766002908803	RelRMS:	11.118390221796059	AbsRMS:	2.3777216481841974e-06	Phi model:	0.03513129644147009
depth_vector,start_model,resistivity_model,conductivity_model,E/I[V/A],modelled_thickness,rhoa,sigma
0.0,16.406,13.792755383794532,0.07250182956009835,7.10645976933539e-05,1.0,15.24171769969989,0.06560940306745676
1.0,16.406,13.941759336203363,0.07172695897878849,4.816653200471964e-05,1.0,15.420902122585415,0.06484704928743451
2.0,16.406,14.24240537130538,0.07021285898902521,2.9258761813303396e-05,1.0,15.914545044454716,0.06283560084228994
3.0,16.406,14.694319627006335,0.06805350811630123,1.6448054434199843e-05,1.0,16.535466000419575,0.06047607004088217
4.0,16.406,15.294374653804574,0.06538351666122182,1.0436027937854974e-05,1.0,16.810054053942615,0.059488208472801486
5.0,16.406,16.03688946158805,0.06235623201090364,7.0559590110607885e-06,1.0,17.10546684967915,0.058460842301930924
6.0,16.406,16.91384469365134,0.0591231631904101,4.314631795831658e-06,1.5,17.621067058508412,0.05675025222250349
7.5,16.406,17.944637254070045,0.05572695540408256,2.445848033627592e-06,1.5,18.28561271709269,0.054687803765265046
9.0,16.406,19.092266397975532,0.05237722851520844,1.5407764114192174e-06,1.5,18.697234664261057,0.05348384496192135
10.5,16.406,20.318182035729862,0.04921700171016695,1.0437432912477744e-06,1.5,19.04206043272207,0.052515325404680985
12.0,16.406,21.585082148230576,0.04632829252780835,6.430447018760899e-07,1.5,19.564145401894404,0.05111391167145842
13.5,16.406,22.85909343527538,0.04374626679012711,nan,1.5,nan,nan
15.0,16.406,24.111165556651798,0.0414745607237606,nan,1.5,nan,nan
16.5,16.406,25.317704942122266,0.03949805096022952,nan,1.5,nan,nan
18.0,16.406,26.460602513302142,0.03779203438384614,nan,1.5,nan,nan
19.5,16.406,27.526854526937285,0.03632816088817623,nan,nan,nan,nan
Name:	483.2930238571752_12_80_0.08
Lambda:	483.2930238571752	Maximal Depth:	20	Filter time:	12.0 to 80.0 [us]
Chi2:	1.9312749139691716	RelRMS:	11.92125815208171	AbsRMS:	2.7781483017910224e-06	Phi model:	0.028847537380236363
depth_vector,start_model,resistivity_model,conductivity_model,E/I[V/A],modelled_thickness,rhoa,sigma
0.0,16.406,14.107835979499715,0.07088259329447219,6.992736766397668e-05,1.0,15.406523878619822,0.06490756824047346
1.0,16.406,14.242973911553715,0.07021005628528273,4.748985951541896e-05,1.0,15.567042445430138,0.06423827798411123
2.0,16.406,14.515358008780801,0.06889254811318249,2.8934345438077947e-05,1.0,16.033281417170254,0.06237026432587198
3.0,16.406,14.924254519407972,0.06700502183875036,1.6327849453736004e-05,1.0,16.616522377587952,0.06018106420082104
4.0,16.406,15.466346848112615,0.06465650937616414,1.038914592393821e-05,1.0,16.860587412392405,0.05930991462758928
5.0,16.406,16.135956647521983,0.061973394069174764,7.042302923375032e-06,1.0,17.1275730959975,0.058385387958652904
6.0,16.406,16.925274889993894,0.05908323536837757,4.321733756643266e-06,1.5,17.60175714957308,0.05681250976833608
7.5,16.406,17.852557222999515,0.05601438424248244,2.4605686975824487e-06,1.5,18.212609140485696,0.05490701482068548
9.0,16.406,18.88392868754397,0.052955082416701243,1.5551261780476183e-06,1.5,18.58203917763074,0.05381540693358406
10.5,16.406,19.984015947511054,0.05003999209300805,1.0563006063607946e-06,1.5,18.89084499032168,0.0529356945394623
12.0,16.406,21.11841198362343,0.047352045256786546,6.531076042272396e-07,1.5,19.362666467012264,0.05164577935088007
13.5,16.406,22.255649653608877,0.04493241112095977,nan,1.5,nan,nan
15.0,16.406,23.368543076669855,0.04279256934072013,nan,1.5,nan,nan
16.5,16.406,24.43489434614542,0.040925079758233084,nan,1.5,nan,nan
18.0,16.406,25.43766149308194,0.03931178973633096,nan,1.5,nan,nan
19.5,16.406,26.36472876842897,0.03792946283587306,nan,nan,nan,nan
Name:	615.8482110660261_12_80_0.08
Lambda:	615.8482110660261	Maximal Depth:	20	Filter time:	12.0 to 80.0 [us]
Chi2:	2.228761117414337	RelRMS:	12.780139760308593	AbsRMS:	3.2158550468143677e-06	Phi model:	0.023090602882646208
depth_vector,start_model,resistivity_model,conductivity_model,E/I[V/A],modelled_thickness,rhoa,sigma
0.0,16.406,14.446837531449487,0.06921930130543023,6.870042076232704e-05,1.0,15.58941613852624,0.06414608418391582
1.0,16.406,14.567949811717103,0.06864383890145564,4.67511509918208e-05,1.0,15.730595409586297,0.06357038458891362
2.0,16.406,14.811818592505137,0.06751365429941233,2.8571467399953944e-05,1.0,16.168751742804645,0.061847693372187255
3.0,16.406,15.177440999121151,0.06588725991805239,1.618594888351798e-05,1.0,16.71349793488223,0.05983187983126683
4.0,16.406,15.66141795819564,0.06385117890789056,1.0328836190564917e-05,1.0,16.92615598214967,0.05908015978669938
5.0,16.406,16.258184227205266,0.061507483617184784,7.019874715320802e-06,1.0,17.164034953798843,0.05826135886414483
6.0,16.406,16.960245972612135,0.05896140902760651,4.32376665802518e-06,1.5,17.596239515862866,0.05683032440530877
7.5,16.406,17.78449779642708,0.056228745475225106,2.472682409837003e-06,1.5,18.153077883330333,0.055087077047043534
9.0,16.406,18.700270150028413,0.05347516329856233,1.5680138058249314e-06,1.5,18.48008103750829,0.05411231682211456
10.5,16.406,19.675492679140667,0.05082464852634507,1.0679864359075158e-06,1.5,18.75279096098936,0.053325395781367045
12.0,16.406,20.67886397951233,0.04835855591442326,6.627339223887962e-07,1.5,19.17471235099606,0.05215202093751636
13.5,16.406,21.68163089424139,0.04612199169323552,nan,1.5,nan,nan
15.0,16.406,22.65885763200871,0.044132851542672845,nan,1.5,nan,nan
16.5,16.406,23.590160375024702,0.04239055538845411,nan,1.5,nan,nan
18.0,16.406,24.45995939259901,0.04088314227956469,nan,1.5,nan,nan
19.5,16.406,25.257346024144578,0.03959244170167591,nan,nan,nan,nan
Name:	784.7599703514607_12_80_0.08
Lambda:	784.7599703514607	Maximal Depth:	20	Filter time:	12.0 to 80.0 [us]
Chi2:	2.5524957214897235	RelRMS:	13.645172618036014	AbsRMS:	3.656898341754742e-06	Phi model:	0.018133342533964713
depth_vector,start_model,resistivity_model,conductivity_model,E/I[V/A],modelled_thickness,rhoa,sigma
0.0,16.406,14.798170725552959,0.06757591992591593,6.747437124143074e-05,1.0,15.777694786817428,0.0633806150715705
1.0,16.406,14.904750990859853,0.06709270088532422,4.600857335810147e-05,1.0,15.899404371394436,0.0628954378818844
2.0,16.406,15.119216966232026,0.06614099144376638,2.8202251121404513e-05,1.0,16.30956357082853,0.061313719135232495
3.0,16.406,15.440565062505899,0.06476446917271736,1.603781183685979e-05,1.0,16.816258930399876,0.059466258466812326
4.0,16.406,15.865694550928533,0.0630290717365081,1.0263460162182526e-05,1.0,16.997957199714204,0.058830598774352344
5.0,16.406,16.389601368142554,0.061014296659085296,6.9933941826311735e-06,1.0,17.20733547640903,0.05811475003616821
6.0,16.406,17.005572145465973,0.058804254949259095,4.3228157390390075e-06,1.5,17.59881993039622,0.056821991699160815
7.5,16.406,17.729797348950065,0.0564022239125716,2.4827947332413345e-06,1.5,18.103753190190442,0.055237164884784896
9.0,16.406,18.535176546726852,0.05395146884514521,1.57952528665835e-06,1.5,18.390183843467124,0.054376835409137965
10.5,16.406,19.393047767586502,0.05156487066831227,1.078688139744238e-06,1.5,18.628553555613646,0.05368103309871065
12.0,16.406,20.27507921011293,0.04932163221839418,6.717155932641333e-07,1.5,19.00340269028096,0.05262215490026093
13.5,16.406,21.154912831124683,0.04727034367774494,nan,1.5,nan,nan
15.0,16.406,22.00943622955151,0.04543505747127341,nan,1.5,nan,nan
16.5,16.406,22.81961718673474,0.04382194459341367,nan,1.5,nan,nan
18.0,16.406,23.57089709548542,0.04242519900490049,nan,1.5,nan,nan
19.5,16.406,24.253192012745334,0.041231686100307474,nan,nan,nan,nan
Name:	1000.0_12_80_0.08
Lambda:	1000.0	Maximal Depth:	20	Filter time:	12.0 to 80.0 [us]
Chi2:	2.9055301306936787	RelRMS:	14.519971235920167	AbsRMS:	4.11450473565968e-06	Phi model:	0.013838334113358913
depth_vector,start_model,resistivity_model,conductivity_model,E/I[V/A],modelled_thickness,rhoa,sigma
0.0,16.406,15.153969459431345,0.06598931076620536,6.62137143021842e-05,1.0,15.977327879286706,0.06258868864401398
1.0,16.406,15.247273422632666,0.06558549665119964,4.523640898118603e-05,1.0,16.07982377737242,0.062189736271065554
2.0,16.406,15.434878834883559,0.0647883284797774,2.780991217758501e-05,1.0,16.46260072556465,0.06074374375411459
3.0,16.406,15.715715916988655,0.06363057243348375,1.587365415568039e-05,1.0,16.93199711274276,0.05905977855662493
4.0,16.406,16.086831936310613,0.06216264358073116,1.018700443396266e-05,1.0,17.082900127618984,0.058538069796663976
5.0,16.406,16.543564991320448,0.0604464636566936,6.95898988884424e-06,1.0,17.26400265594595,0.05792399479593376
6.0,16.406,17.079719344349233,0.058548971434407474,4.316683461025929e-06,1.5,17.61548323554057,0.05676824113359686
7.5,16.406,17.709878089419224,0.05646566255006863,2.4898150094812117e-06,1.5,18.06970697974071,0.05534124051492225
9.0,16.406,18.409976700739257,0.054318374012925545,1.5890837809060006e-06,1.5,18.316363878295505,0.054595988955263026
10.5,16.406,19.154510783847513,0.05220702378069991,1.0880864474840288e-06,1.5,18.52112956148709,0.05399238727207027
12.0,16.406,19.91822174570028,0.050205285028311765,6.79912370833811e-07,1.5,18.850362055225133,0.05304937894934543
13.5,16.406,20.67758967079091,0.04836153613264686,nan,1.5,nan,nan
15.0,16.406,21.4120156248379,0.046702749405805676,nan,1.5,nan,nan
16.5,16.406,22.104618540348152,0.04523941447687384,nan,1.5,nan,nan
18.0,16.406,22.742626196575817,0.043970295750213856,nan,1.5,nan,nan
19.5,16.406,23.317392501574023,0.04288644195239651,nan,nan,nan,nan
