Name:	89_12_80_0.025
Lambda:	89	Maximal Depth:	20	Filter time:	12 to 80 [us]
Chi2:	0.8692041704682075	RelRMS:	7.1507249488306615	AbsRMS:	6.828420914335038e-07	Phi model:	0.0407129088477843
depth_vector,start_model,resistivity_model,conductivity_model,E/I[V/A],modelled_thickness,rhoa,sigma
0.0,15.8929,13.491084067081758,0.0741230278477027,7.833115054879735e-05,1.0,14.283888266295936,0.0700089486389771
1.0,15.8929,13.57588219194106,0.0736600381368676,5.328274191521817e-05,1.0,14.417246454537104,0.0693613723781006
2.0,15.8929,13.74861988419372,0.0727345732461236,3.251848771032179e-05,1.0,14.832395477219317,0.0674199930507431
3.0,15.8929,14.014067771277617,0.071356869134709,1.8356853251837425e-05,1.0,15.368352183336883,0.0650687847383045
4.0,15.8929,14.378490569238382,0.0695483295123772,1.165850925641068e-05,1.0,15.61339154069883,0.0640475836011246
5.0,15.8929,14.849425726070807,0.0673426715919607,7.88358911728534e-06,1.0,15.886307950041148,0.0629472878874546
6.0,15.8929,15.43536930937986,0.0647862697650074,4.820475128056086e-06,1.5,16.36570804744742,0.0611033752466317
7.5,15.8929,16.193880814385306,0.0617517203851273,2.729245570140565e-06,1.5,16.996810058084225,0.0588345693446381
9.0,15.8929,17.131945511098507,0.0583704868400483,1.7148894336515437e-06,1.5,17.409235887396907,0.0574407749121218
10.5,15.8929,18.24981492170961,0.0547950762399469,1.1584049076882546e-06,1.5,17.76381103337208,0.0562942263977783
12.0,15.8929,19.53810816688441,0.051182028037644,7.110818674347499e-07,1.5,18.295400540691475,0.0546585464349831
13.5,15.8929,20.97554749879524,0.0476745601065925,nan,1.5,nan,nan
15.0,15.8929,22.527956616864827,0.0443892900278129,nan,1.5,nan,nan
16.5,15.8929,24.14911358420634,0.0414093874093169,nan,1.5,nan,nan
18.0,15.8929,25.78376306663007,0.0387840982488014,nan,1.5,nan,nan
19.5,15.8929,27.372574960937964,0.0365329166666654,nan,nan,nan,nan
Name:	89_12_80_0.025_2
Lambda:	89	Maximal Depth:	10	Filter time:	12 to 80 [us]
Chi2:	0.9212638638400412	RelRMS:	8.385560545446195	AbsRMS:	5.050777213332137e-07	Phi model:	0.0541171337663649
depth_vector,start_model,resistivity_model,conductivity_model,E/I[V/A],modelled_thickness,rhoa,sigma
0.0,15.8929,12.193429323389449,0.0820113828094118,7.807270098681358e-05,1.0,14.315394207244656,0.0698548699059873
1.0,15.8929,12.377387108013808,0.0807924961280838,5.267526785134026e-05,1.0,14.52787845379617,0.0688331750007653
2.0,15.8929,12.759951659009523,0.078370202859971,3.182730411087025e-05,1.0,15.046365970038616,0.0664612307045615
3.0,15.8929,13.36650764737893,0.0748138576194278,1.7840008655793474e-05,1.0,15.663762439203609,0.0638416219526656
4.0,15.8929,14.232785031146063,0.0702603178374202,1.1347078331523485e-05,1.0,15.897782951824908,0.0629018526061339
5.0,15.8929,15.404464930608382,0.0649162437322323,7.700659394137392e-06,1.0,16.136909178041872,0.0619697358996566
6.0,15.8929,16.936849123579623,0.0590428593124674,4.734777230144095e-06,1.5,16.56259300746452,0.0603770194406947
7.5,15.8929,19.027748516612107,0.0525548253450456,2.7078712398091527e-06,1.5,17.086134630747303,0.0585269882048367
9.0,15.8929,21.764938814925145,0.0459454542235725,1.7226742006124138e-06,nan,17.356748065774067,0.0576144791760796
nan,nan,nan,nan,1.1778902623231975e-06,nan,17.567360605840154,0.0569237475359591
nan,nan,nan,nan,7.343691443240508e-07,nan,17.906555128482903,0.0558454707130886
Name:	89_12_80_0.025_3
Lambda:	89	Maximal Depth:	30	Filter time:	12 to 80 [us]
Chi2:	0.7046471505630594	RelRMS:	6.336396529007597	AbsRMS:	6.457727069910954e-07	Phi model:	0.0408603960836954
depth_vector,start_model,resistivity_model,conductivity_model,E/I[V/A],modelled_thickness,rhoa,sigma
0.0,15.8929,13.413196740976026,0.0745534430986981,7.822815442886653e-05,1.0,14.296423075010184,0.069947566237598
1.0,15.8929,13.509962867437054,0.0740194484479518,5.3222556995318025e-05,1.0,14.428113242595424,0.0693091316366819
2.0,15.8929,13.706428405777055,0.0729584666694435,3.2489468338679016e-05,1.0,14.84122629262755,0.0673798768567227
3.0,15.8929,14.006186604088551,0.0713970210641124,1.8343122506029528e-05,1.0,15.376020547674427,0.0650363334842998
4.0,15.8929,14.413430596183426,0.0693797353327384,1.1647217378963248e-05,1.0,15.623481277027045,0.0640062212939962
5.0,15.8929,14.932778390533407,0.0669667742899035,7.871041263040226e-06,1.0,15.903187220416608,0.0628804771106633
6.0,15.8929,15.568980506232444,0.064230281462533,4.805180607846664e-06,1.5,16.400416844256963,0.060974059958127
7.5,15.8929,16.36973386002321,0.0610883480788967,2.712286166072167e-06,1.5,17.067588282919345,0.058590586052557
9.0,15.8929,17.329946992888008,0.0577035809982793,1.6982421527365035e-06,1.5,17.52282196461334,0.0570684334988657
10.5,15.8929,18.43747079858148,0.0542373740370581,1.1429075030768048e-06,1.5,17.924030789304854,0.0557910222178759
12.0,15.8929,19.671505506258374,0.0508349500592039,6.976851273040171e-07,1.5,18.52885920917793,0.0539698633742474
13.5,15.8929,21.00192109273365,0.04761469179817,nan,1.5,nan,nan
15.0,15.8929,22.38992660824431,0.0446629422908329,nan,1.5,nan,nan
16.5,15.8929,23.7902993837635,0.0420339392905027,nan,1.5,nan,nan
18.0,15.8929,25.15502122826212,0.039753494577714,nan,1.5,nan,nan
19.5,15.8929,26.43776795038378,0.0378246757395222,nan,1.5,nan,nan
21.0,15.8929,27.59841424358545,0.0362339658783991,nan,1.5,nan,nan
22.5,15.8929,28.60667423209112,0.0349568772618172,nan,1.5,nan,nan
24.0,15.8929,29.444224546438388,0.0339625177909791,nan,1.5,nan,nan
25.5,15.8929,30.10506090664818,0.0332170063731433,nan,1.5,nan,nan
27.0,15.8929,30.59426457500003,0.0326858649453252,nan,1.5,nan,nan
28.5,15.8929,30.925659953902265,0.032335607437015,nan,1.5,nan,nan
30.0,15.8929,31.1189611696387,0.0321347487966806,nan,nan,nan,nan
Name:	89_12_80_0.05
Lambda:	89	Maximal Depth:	20	Filter time:	12 to 80 [us]
Chi2:	0.4653108619656805	RelRMS:	7.081981148700868	AbsRMS:	7.418773399524013e-07	Phi model:	0.0386560664338849
depth_vector,start_model,resistivity_model,conductivity_model,E/I[V/A],modelled_thickness,rhoa,sigma
0.0,15.8929,13.258206478487104,0.075424983131965,7.854771732413017e-05,1.0,14.2576211005865,0.0701379278454008
1.0,15.8929,13.364428580871277,0.0748254962005121,5.3356671991700426e-05,1.0,14.403925853303408,0.0694255170558698
2.0,15.8929,13.579884616093311,0.0736383281795277,3.250435986968073e-05,1.0,14.836693045165294,0.0674004643053434
3.0,15.8929,13.90790768166285,0.071901541402843,1.8317488531870865e-05,1.0,15.3903622750545,0.064975728454479
4.0,15.8929,14.352141504654393,0.0696760131354404,1.1626957693837745e-05,1.0,15.641625029235414,0.0639319762576409
5.0,15.8929,14.916401397414065,0.0670402983506036,7.860206498708408e-06,1.0,15.917798178729829,0.0628227590758281
6.0,15.8929,15.60441194901398,0.0640844399178521,4.8048281566379964e-06,1.5,16.40121885366432,0.0609710783644949
7.5,15.8929,16.462178752647983,0.0607453007907077,2.720513274954918e-06,1.5,17.033161501215005,0.058709007128751
9.0,15.8929,17.48056807179088,0.057206378871276,1.7103999136867067e-06,1.5,17.43968683975845,0.0573404791719213
10.5,15.8929,18.64389397622693,0.0536368636978472,1.1562027589495602e-06,1.5,17.786359642874093,0.0562228595439786
12.0,15.8929,19.92892740527262,0.050178315152848,7.103833102658032e-07,1.5,18.307392460483868,0.0546227433621953
13.5,15.8929,21.30470859665909,0.0469379806563895,nan,1.5,nan,nan
15.0,15.8929,22.73345110535844,0.0439880419108163,nan,1.5,nan,nan
16.5,15.8929,24.172619483557,0.0413691201601147,nan,1.5,nan,nan
18.0,15.8929,25.57799000860603,0.0390961134812992,nan,1.5,nan,nan
19.5,15.8929,26.90724288315715,0.03716471450986,nan,nan,nan,nan
Name:	89_12_80_0.08
Lambda:	89	Maximal Depth:	20	Filter time:	12 to 80 [us]
Chi2:	0.3160433706426286	RelRMS:	6.805482788565034	AbsRMS:	5.251336509639089e-07	Phi model:	0.0368832026279122
depth_vector,start_model,resistivity_model,conductivity_model,E/I[V/A],modelled_thickness,rhoa,sigma
0.0,15.8929,13.250220786012369,0.0754704405420664,7.799013945095225e-05,1.0,14.325495420115024,0.0698056137448383
1.0,15.8929,13.364159857598072,0.0748270007733751,5.295906146757879e-05,1.0,14.475931281544684,0.0690801842417487
2.0,15.8929,13.594724845823,0.0735579433450064,3.224870748780209e-05,1.0,14.915001959931274,0.0670465885748102
3.0,15.8929,13.945164717204095,0.0717094434005719,1.816910036696505e-05,1.0,15.474044652080028,0.0646243449908605
4.0,15.8929,14.417779901451617,0.0693588060599619,1.1534738378555042e-05,1.0,15.724883365462537,0.0635934764512376
5.0,15.8929,15.01486207332542,0.0666006783889507,7.800041928879295e-06,1.0,15.999546501367874,0.0625017715292433
6.0,15.8929,15.738449007143585,0.0635386625166245,4.770124281336052e-06,1.5,16.480671418616893,0.0606771395776012
7.5,15.8929,16.628685545854836,0.0601370443407824,2.7028263225316828e-06,1.5,17.107389256448887,0.0584542728881342
9.0,15.8929,17.669624270962558,0.0565942990447937,1.700676881634339e-06,1.5,17.506093916470746,0.0571229655668156
10.5,15.8929,18.83837379649069,0.0530831382157989,1.1505475032631688e-06,1.5,17.844595215707532,0.0560393770725468
12.0,15.8929,20.10491211021069,0.0497390883639888,7.076483988959981e-07,1.5,18.354531595365906,0.0544824581768393
13.5,15.8929,21.43448010711149,0.0466538024250106,nan,1.5,nan,nan
15.0,15.8929,22.78729259935172,0.0438841075849638,nan,1.5,nan,nan
16.5,15.8929,24.12258357792364,0.0414549294344729,nan,1.5,nan,nan
18.0,15.8929,25.401742795404616,0.0393673775872145,nan,1.5,nan,nan
19.5,15.8929,26.589306764585626,0.0376091038722341,nan,nan,nan,nan
Name:	89_12_80_0.1
Lambda:	89	Maximal Depth:	20	Filter time:	12 to 80 [us]
Chi2:	0.2729219095952825	RelRMS:	6.656611399616572	AbsRMS:	2.844912088701951e-07	Phi model:	0.0351176908589219
depth_vector,start_model,resistivity_model,conductivity_model,E/I[V/A],modelled_thickness,rhoa,sigma
0.0,15.8929,13.326662405236036,0.0750375427539232,7.729974964061568e-05,1.0,14.410666132588066,0.0693930447627688
1.0,15.8929,13.441431201788175,0.0743968395171315,5.249997747715149e-05,1.0,14.560198241944828,0.068680383562307
2.0,15.8929,13.67385494066323,0.0731322662365099,3.197963808603288e-05,1.0,14.998546035377752,0.0666731293580894
3.0,15.8929,14.026449862804082,0.071293877622722,1.8027132737845403e-05,1.0,15.555179391662945,0.0642872688781697
4.0,15.8929,14.501364044963893,0.0689590301229135,1.1450761721596548e-05,1.0,15.8016709393257,0.0632844465525031
5.0,15.8929,15.10021981283908,0.0662242015278308,7.747417780786065e-06,1.0,16.071915749731627,0.0622203361174723
6.0,15.8929,15.823823481845716,0.0631958515681924,4.741585852941245e-06,1.5,16.546733973919164,0.060434887124927
7.5,15.8929,16.710283594385203,0.0598433889138786,2.689388520904861e-06,1.5,17.16432777217554,0.0582603649425212
9.0,15.8929,17.74102229492911,0.0563665375859331,1.693706794751984e-06,1.5,17.5540894168931,0.056966782853325
10.5,15.8929,18.89093334750856,0.052935446947193,1.1467173749684618e-06,1.5,17.884308051344597,0.0559149393495722
12.0,15.8929,20.128756500789784,0.0496801677719517,7.060131809426493e-07,1.5,18.382861647731183,0.0543984945958302
13.5,15.8929,21.41831412915995,0.0466890154831817,nan,1.5,nan,nan
15.0,15.8929,22.720580474476865,0.0440129600176082,nan,1.5,nan,nan
16.5,15.8929,23.99633827662665,0.0416730247953721,nan,1.5,nan,nan
18.0,15.8929,25.209020524333017,0.0396683401100312,nan,1.5,nan,nan
19.5,15.8929,26.327284606178893,0.037983408276192,nan,nan,nan,nan
Name:	89_12_80_0.12
Lambda:	89	Maximal Depth:	20	Filter time:	12 to 80 [us]
Chi2:	0.2519602594671277	RelRMS:	6.541837013457356	AbsRMS:	1.902903219865929e-07	Phi model:	0.033323079336554
depth_vector,start_model,resistivity_model,conductivity_model,E/I[V/A],modelled_thickness,rhoa,sigma
0.0,15.8929,13.434874437107451,0.0744331481980937,7.647340959362937e-05,1.0,14.514290536187955,0.0688976149062702
1.0,15.8929,13.549168333511346,0.0738052679976442,5.195452255841501e-05,1.0,14.66192951445027,0.0682038471822167
2.0,15.8929,13.780530012224649,0.0725661494233461,3.1662987503530454e-05,1.0,15.098376945817533,0.0662322846746129
3.0,15.8929,14.131223630915278,0.0707652802134043,1.7861336652274594e-05,1.0,15.651290689072,0.0638924942272152
4.0,15.8929,14.60300739784154,0.0684790449498648,1.1352603869439353e-05,1.0,15.892624022007675,0.0629222712759848
5.0,15.8929,15.196979957505356,0.065802547795434,7.68567581184708e-06,1.0,16.157875472348202,0.0618893246028137
6.0,15.8929,15.913299173942526,0.0628405203138181,4.707854356697875e-06,1.5,16.6256774659856,0.0601479249219104
7.5,15.8929,16.788128429701707,0.0595659012371379,2.673215701376364e-06,1.5,17.233487029495738,0.0580265617914972
9.0,15.8929,17.801618507697253,0.0561746674645122,1.6850634038110566e-06,1.5,17.6140663650345,0.0567728075548238
10.5,15.8929,18.92759924297218,0.0528329022166559,1.141767398429181e-06,1.5,17.93596075649145,0.0557539132459395
12.0,15.8929,20.13418815025044,0.0496667654308952,7.0370121545488e-07,1.5,18.42310344594816,0.0542796713340896
13.5,15.8929,21.385225339827976,0.0467612561527511,nan,1.5,nan,nan
15.0,15.8929,22.642452061259085,0.0441648279653856,nan,1.5,nan,nan
16.5,15.8929,23.86814985037456,0.0418968376798718,nan,1.5,nan,nan
18.0,15.8929,25.027831430570323,0.0399555192296263,nan,1.5,nan,nan
19.5,15.8929,26.09256016225872,0.0383251008632889,nan,nan,nan,nan
Name:	10.0_12_80_0.08
Lambda:	10.0	Maximal Depth:	20	Filter time:	12.0 to 80.0 [us]
Chi2:	0.2160737546620547	RelRMS:	5.648669900328664	AbsRMS:	5.444135968987853e-07	Phi model:	0.0666788438655227
depth_vector,start_model,resistivity_model,conductivity_model,E/I[V/A],modelled_thickness,rhoa,sigma
0.0,15.8929,14.018068699150096,0.07133650301347355,7.787599850873671e-05,1.0,14.339489688002349,0.0697374886943631
1.0,15.8929,14.057803481173943,0.07113486835544323,5.308353774866227e-05,1.0,14.453292561231398,0.06918838705876175
2.0,15.8929,14.13526705283142,0.07074503766093977,3.2471460526308495e-05,1.0,14.846712819725726,0.06735497696644163
3.0,15.8929,14.264263938409675,0.07010526475938794,1.834713618677332e-05,1.0,15.373777992857455,0.06504582025736241
4.0,15.8929,14.456292879893477,0.06917402741548279,1.1632667004652812e-05,1.0,15.636506672715383,0.06395290335180366
5.0,15.8929,14.72851811088355,0.06789549311556714,7.847314290526257e-06,1.0,15.935227446927207,0.06275404623690076
6.0,15.8929,15.101048782654777,0.06622056616018687,4.780710481242233e-06,1.5,16.456333036931017,0.0607668790948638
7.5,15.8929,15.659018796054845,0.06386096172589954,2.690910745993357e-06,1.5,17.157854019892937,0.05828234689726308
9.0,15.8929,16.449851027891956,0.06079082408128955,1.680080086846646e-06,1.5,17.648879443667354,0.05666082105619532
10.5,15.8929,17.520040787465845,0.05707749269142216,1.1279559883992653e-06,1.5,18.082076444507628,0.055303383052765866
12.0,15.8929,18.912981536528946,0.052873736384111525,6.86797705700908e-07,1.5,18.724163912603224,0.05340692405106006
13.5,15.8929,20.66377266896367,0.048393873472193594,nan,1.5,nan,nan
15.0,15.8929,22.796601976832786,0.043866186768372645,nan,1.5,nan,nan
16.5,15.8929,25.317486300804966,0.039498392064626305,nan,1.5,nan,nan
18.0,15.8929,28.2089092650052,0.03544979320560113,nan,1.5,nan,nan
19.5,15.8929,31.42481815709994,0.03182198207164696,nan,nan,nan,nan
Name:	12.742749857031335_12_80_0.08
Lambda:	12.742749857031335	Maximal Depth:	20	Filter time:	12.0 to 80.0 [us]
Chi2:	0.22812246441474626	RelRMS:	5.771785090904398	AbsRMS:	6.298594972241885e-07	Phi model:	0.0614137661036914
depth_vector,start_model,resistivity_model,conductivity_model,E/I[V/A],modelled_thickness,rhoa,sigma
0.0,15.8929,13.841792108533442,0.07224498043020756,7.814614068579603e-05,1.0,14.306423979857183,0.06989866939550765
1.0,15.8929,13.893264833333482,0.07197732224903287,5.321907835342047e-05,1.0,14.428741960641906,0.06930611156036724
2.0,15.8929,13.999760045793707,0.07142979570570959,3.251581177718208e-05,1.0,14.83320923422044,0.06741629435746006
3.0,15.8929,14.168941255544159,0.07057690352189938,1.8352730952699023e-05,1.0,15.370653405743274,0.06505904294389646
4.0,15.8929,14.41215948206221,0.0693858544408025,1.1633098099572321e-05,1.0,15.636120369189495,0.06395448336215612
5.0,15.8929,14.743997474456867,0.06782421129225251,7.847181678261934e-06,1.0,15.93540697640492,0.06275333924515829
6.0,15.8929,15.181846068323278,0.06586814248410058,4.7806194820788805e-06,1.5,16.456541867298853,0.06076610797479399
7.5,15.8929,15.805363236561005,0.06326966264760038,2.6916667802543663e-06,1.5,17.154641008804145,0.05829326300018623
9.0,15.8929,16.653138682158637,0.06004874030571494,1.6816449882806236e-06,1.5,17.637928641612852,0.056695999871590234
10.5,15.8929,17.762037698039464,0.05629984672931856,1.1298307171193854e-06,1.5,18.062068509274724,0.05536464439200351
12.0,15.8929,19.163922180440963,0.052181384926547954,6.886012620392213e-07,1.5,18.69145524641172,0.05350038222368878
13.5,15.8929,20.881852782516503,0.04788847093286942,nan,1.5,nan,nan
15.0,15.8929,22.925628673812636,0.04361930546062951,nan,1.5,nan,nan
16.5,15.8929,25.28702592429996,0.039545971242076136,nan,1.5,nan,nan
18.0,15.8929,27.93564604740491,0.03579655893058881,nan,1.5,nan,nan
19.5,15.8929,30.816644394570588,0.03244999641090658,nan,nan,nan,nan
Name:	16.237767391887218_12_80_0.08
Lambda:	16.237767391887218	Maximal Depth:	20	Filter time:	12.0 to 80.0 [us]
Chi2:	0.2413039090263944	RelRMS:	5.904189606847974	AbsRMS:	7.082622584846014e-07	Phi model:	0.056895629168818754
depth_vector,start_model,resistivity_model,conductivity_model,E/I[V/A],modelled_thickness,rhoa,sigma
0.0,15.8929,13.677487025878106,0.07311284581063597,7.839052466474419e-05,1.0,14.276674806612673,0.07004432149262234
1.0,15.8929,13.742243218508534,0.07276832348980442,5.334054960050809e-05,1.0,14.406828135989523,0.0694115311545858
2.0,15.8929,13.875140220869271,0.07207134371845292,3.255456107213511e-05,1.0,14.821436373193077,0.06746984400301842
3.0,15.8929,14.082806935712041,0.07100857127169294,1.8357045567216633e-05,1.0,15.36824484668776,0.06506923919913501
4.0,15.8929,14.374852802578356,0.06956592973394721,1.1633407026585293e-05,1.0,15.635843554820436,0.06395561560167351
5.0,15.8929,14.76357538306854,0.0677342699212848,7.847330962350456e-06,1.0,15.935204877095849,0.06275413511860962
6.0,15.8929,15.263663638087074,0.06551507054339972,4.780987105888506e-06,1.5,16.455698262688276,0.06076922316128052
7.5,15.8929,15.949174608905295,0.06269916936276096,2.69284469759457e-06,1.5,17.149638065864373,0.05831026848260183
9.0,15.8929,16.849787895510428,0.059347928068960845,1.6835242238642605e-06,1.5,17.624800628275928,0.05673823046801868
10.5,15.8929,17.992568536755698,0.05557850164400782,1.1319362706360504e-06,1.5,18.039662976992663,0.05543340811163574
12.0,15.8929,19.398574048732396,0.05155018082709771,6.905610615020874e-07,1.5,18.656074496396617,0.053601844278288444
13.5,15.8929,21.079113110645725,0.04744032610627073,nan,1.5,nan,nan
15.0,15.8929,23.03181902949243,0.043418194573320155,nan,1.5,nan,nan
16.5,15.8929,25.237081441455484,0.03962423318717664,nan,1.5,nan,nan
18.0,15.8929,27.655708645011938,0.0361588998798034,nan,1.5,nan,nan
19.5,15.8929,30.228779931874904,0.03308105726574642,nan,nan,nan,nan
Name:	20.6913808111479_12_80_0.08
Lambda:	20.6913808111479	Maximal Depth:	20	Filter time:	12.0 to 80.0 [us]
Chi2:	0.2548708934709271	RelRMS:	6.040608580414853	AbsRMS:	7.726290656913471e-07	Phi model:	0.05306913847826265
depth_vector,start_model,resistivity_model,conductivity_model,E/I[V/A],modelled_thickness,rhoa,sigma
0.0,15.8929,13.532647805105913,0.07389536877052964,7.859152902212672e-05,1.0,14.252321898086887,0.07016400605814493
1.0,15.8929,13.609436452261303,0.0734784282587868,5.3437634735241645e-05,1.0,14.389373362509474,0.06949572957815046
2.0,15.8929,13.766294978681033,0.07264118643023668,3.258279390009319e-05,1.0,14.812873335929863,0.06750884702257032
3.0,15.8929,14.008987342820333,0.07138274705576805,1.83580913083623e-05,1.0,15.367661221796862,0.06507171036420564
4.0,15.8929,14.345613257632795,0.06970772054432287,1.1632551106499753e-05,1.0,15.63661053295021,0.06395247856898095
5.0,15.8929,14.786422814918717,0.06762960944083467,7.847159256018037e-06,1.0,15.935437331968421,0.06275321970573589
6.0,15.8929,15.34359484736972,0.06517377511251382,4.781528474083995e-06,1.5,16.454456155018182,0.06077381048507191
7.5,15.8929,16.085598791380285,0.06216740905758916,2.6943244279695948e-06,1.5,17.143358405427332,0.05833162769807198
9.0,15.8929,17.03340115077233,0.05870818112885563,1.6856463907678478e-06,1.5,17.6100048714696,0.05678590138382781
10.5,15.8929,18.20447137932548,0.054931559349516934,1.1342224321123267e-06,1.5,18.01541408873168,0.05550802191249559
12.0,15.8929,19.609541028491567,0.05099558416727122,6.926455137788692e-07,1.5,18.61862655018865,0.053709654538930944
13.5,15.8929,21.249229989564384,0.04706052880462518,nan,1.5,nan,nan
15.0,15.8929,23.110903203586034,0.04326962002267543,nan,1.5,nan,nan
16.5,15.8929,25.166362999257807,0.039735578797361046,nan,1.5,nan,nan
18.0,15.8929,27.371106220890812,0.0365348770316326,nan,1.5,nan,nan
19.5,15.8929,29.6657575340996,0.033708898174959465,nan,nan,nan,nan
Name:	26.366508987303583_12_80_0.08
Lambda:	26.366508987303583	Maximal Depth:	20	Filter time:	12.0 to 80.0 [us]
Chi2:	0.2679569759321753	RelRMS:	6.175680153779536	AbsRMS:	8.160332008520795e-07	Phi model:	0.04982243177040789
depth_vector,start_model,resistivity_model,conductivity_model,E/I[V/A],modelled_thickness,rhoa,sigma
0.0,15.8929,13.41191566068924,0.07456056429962742,7.87312190845592e-05,1.0,14.235458643106252,0.07024712199801626
1.0,15.8929,13.499188150295788,0.07407852893568925,5.349958725791802e-05,1.0,14.378262621097058,0.06954943210820977
2.0,15.8929,13.676958977040357,0.07311566859845889,3.25951702491426e-05,1.0,14.809123477836557,0.06752594111978386
3.0,15.8929,13.950288236413083,0.07168310668949457,1.835357054193009e-05,1.0,15.370184645602492,0.06506102711564407
4.0,15.8929,14.325999597551691,0.06980315706353221,1.1629294626626644e-05,1.0,15.639529479336971,0.06394054254133447
5.0,15.8929,14.812553372527825,0.06751030526949223,7.845942715076922e-06,1.0,15.937084519709197,0.06274673380587975
6.0,15.8929,15.419855582850712,0.06485145043201028,4.781893580310182e-06,1.5,16.453618592695324,0.06077690414216576
7.5,15.8929,16.210977982658633,0.06168659294150728,2.6959590649640186e-06,1.5,17.136428033014205,0.05835521837301501
9.0,15.8929,17.19865641358265,0.058144076836737627,1.6879317344139574e-06,1.5,17.5941061243564,0.056837215424979735
10.5,15.8929,18.39128597419287,0.05437357677996123,1.136639128564825e-06,1.5,17.98986905337381,0.055586841518029874
12.0,15.8929,19.790043105311877,0.05053046093323508,6.948276504105179e-07,1.5,18.579624376905723,0.05382240134213851
13.5,15.8929,21.386107953977895,0.04675932629499312,nan,1.5,nan,nan
15.0,15.8929,23.15844630804197,0.043180789708364045,nan,1.5,nan,nan
16.5,15.8929,25.07271792068923,0.03988398877071205,nan,1.5,nan,nan
18.0,15.8929,27.081837452545937,0.03692511639035744,nan,1.5,nan,nan
19.5,15.8929,29.12846953067295,0.0343306742891856,nan,nan,nan,nan
Name:	33.59818286283781_12_80_0.08
Lambda:	33.59818286283781	Maximal Depth:	20	Filter time:	12.0 to 80.0 [us]
Chi2:	0.27979758795736304	RelRMS:	6.305439945103506	AbsRMS:	8.321216374408208e-07	Phi model:	0.04700494725352823
depth_vector,start_model,resistivity_model,conductivity_model,E/I[V/A],modelled_thickness,rhoa,sigma
0.0,15.8929,13.31849652775589,0.07508355000250885,7.87929304664452e-05,1.0,14.228024773654631,0.07028382476896254
1.0,15.8929,13.41454473289939,0.07454595142148086,5.351620293965537e-05,1.0,14.375286363605833,0.06956383161393694
2.0,15.8929,13.609839412082584,0.07347625271112435,3.25864318977515e-05,1.0,14.811770827960913,0.06751387201537377
3.0,15.8929,13.908869431910277,0.07189656965977123,1.8341116185820712e-05,1.0,15.377141841058542,0.06503159106784706
4.0,15.8929,14.31738802941854,0.06984514200112883,1.162235011287303e-05,1.0,15.645758748145107,0.0639150849822835
5.0,15.8929,14.842307606802619,0.06737496799632921,7.842928682067086e-06,1.0,15.941167333214604,0.06273066326306141
6.0,15.8929,15.491507426468914,0.06455149731209449,4.781721965154321e-06,1.5,16.454012268648583,0.06077545000409392
7.5,15.8929,16.322956988628373,0.061263409607503386,2.6976065048911025e-06,1.5,17.129450462349798,0.058378988993136746
9.0,15.8929,17.341858435922898,0.05766394666955324,1.6903138091744123e-06,1.5,17.577572576641657,0.056890676778025194
10.5,15.8929,18.548308614651713,0.05391327159663918,1.1391525178413918e-06,1.5,17.963397802976832,0.0556687554864639
12.0,15.8929,19.934929769114543,0.0501632065716787,6.970962029389727e-07,1.5,18.539293503810004,0.053939488028197535
13.5,15.8929,21.48482726004765,0.04654447475403078,nan,1.5,nan,nan
15.0,15.8929,23.170341359422896,0.04315862181259236,nan,1.5,nan,nan
16.5,15.8929,24.953049754785695,0.040075261734618714,nan,1.5,nan,nan
18.0,15.8929,26.785322594448143,0.03733387927189917,nan,1.5,nan,nan
19.5,15.8929,28.613434097247616,0.0349486187712153,nan,nan,nan,nan
Name:	42.81332398719393_12_80_0.08
Lambda:	42.81332398719393	Maximal Depth:	20	Filter time:	12.0 to 80.0 [us]
Chi2:	0.28996537698866987	RelRMS:	6.42855280520415	AbsRMS:	8.15344639529673e-07	Phi model:	0.044452947621508726
depth_vector,start_model,resistivity_model,conductivity_model,E/I[V/A],modelled_thickness,rhoa,sigma
0.0,15.8929,13.254450943416558,0.07544635415446588,7.87619152636006e-05,1.0,14.231759710065383,0.07026537971216251
1.0,15.8929,13.357512344430651,0.07486423925462027,5.3478275880004875e-05,1.0,14.382082243617392,0.06953096102922016
2.0,15.8929,13.566812304816246,0.07370928244101954,3.255169369870444e-05,1.0,14.822306742015284,0.06746588216025795
3.0,15.8929,13.886364077858369,0.07201309100014792,1.8318462435978195e-05,1.0,15.389816782771272,0.06497803152013407
4.0,15.8929,14.321012631783251,0.06982746441970564,1.161048750603167e-05,1.0,15.656413936341938,0.06387158669066502
5.0,15.8929,14.876327441055128,0.06722089198172915,7.837409457122785e-06,1.0,15.94865046613955,0.06270122993309633
6.0,15.8929,15.558388371837719,0.06427400937041157,4.78068769015174e-06,1.5,16.456385338678064,0.060766685965335424
7.5,15.8929,16.42040215196302,0.060899848295155934,2.699154545317911e-06,1.5,17.122900357685502,0.058401320985971665
9.0,15.8929,17.460869532905534,0.05727091644064289,1.6927548309289128e-06,1.5,17.56067012657877,0.05694543504273566
10.5,15.8929,18.672542831833482,0.05355456988403162,1.1417550586370804e-06,1.5,17.936089987728636,0.05575351153368274
12.0,15.8929,20.040645246200658,0.04989859297018302,6.994615533532479e-07,1.5,18.497474023230282,0.05406143556380388
13.5,15.8929,21.541620327225484,0.046421763303299196,nan,1.5,nan,nan
15.0,15.8929,23.14281887937213,0.04320994798482951,nan,1.5,nan,nan
16.5,15.8929,24.803427938161562,0.04031700789476119,nan,1.5,nan,nan
18.0,15.8929,26.47672730881851,0.037769018366062695,nan,1.5,nan,nan
19.5,15.8929,28.113464223406783,0.03557014503987799,nan,nan,nan,nan
Name:	54.5559478116852_12_80_0.08
Lambda:	54.5559478116852	Maximal Depth:	20	Filter time:	12.0 to 80.0 [us]
Chi2:	0.29859841489351047	RelRMS:	6.547282769619528	AbsRMS:	7.610897362398864e-07	Phi model:	0.04200970952979611
depth_vector,start_model,resistivity_model,conductivity_model,E/I[V/A],modelled_thickness,rhoa,sigma
0.0,15.8929,13.221060343653663,0.07563689855481351,7.862558243692521e-05,1.0,14.248206398989272,0.07018427246189649
1.0,15.8929,13.32938729333721,0.07502220304603628,5.3377812065735003e-05,1.0,14.40012252316773,0.06944385357771392
2.0,15.8929,13.54918455433687,0.07380517963938402,3.2486612788779606e-05,1.0,14.842095968631979,0.06737592871744325
3.0,15.8929,13.884047975805746,0.07202510404333042,1.828355854581127e-05,1.0,15.409396986757034,0.06489546611456687
4.0,15.8929,14.338029110677631,0.06974459266896682,1.1592607908571032e-05,1.0,15.672508012438378,0.06380599704950585
5.0,15.8929,14.915513444554826,0.06704428940493952,7.82877145317854e-06,1.0,15.960379780651488,0.06265515067581813
6.0,15.8929,15.620977146104037,0.0640164818530194,4.7785285405155e-06,1.5,16.461342111856055,0.06074838814508106
7.5,15.8929,16.503193575906952,0.060594332569661076,2.700535984587984e-06,1.5,17.11706046410934,0.05842124599003299
9.0,15.8929,17.55486094364699,0.05696427919367226,1.6952537171932216e-06,1.5,17.543409030801552,0.05700146409653144
10.5,15.8929,18.76244084491931,0.053297969505433,1.1444699234111626e-06,1.5,17.907713921862076,0.05584185699879766
12.0,15.8929,20.104992975149763,0.04973888830680136,7.019576538051488e-07,1.5,18.4535977200318,0.05418997504830601
13.5,15.8929,21.55370393464164,0.0463957379683951,nan,1.5,nan,nan
15.0,15.8929,23.072416279312854,0.04334179775078946,nan,1.5,nan,nan
16.5,15.8929,24.619295183633888,0.040618547059981136,nan,1.5,nan,nan
18.0,15.8929,26.149528830626043,0.038241606817359206,nan,1.5,nan,nan
19.5,15.8929,27.618707386562175,0.03620734258137468,nan,nan,nan,nan
Name:	69.51927961775606_12_80_0.08
Lambda:	69.51927961775606	Maximal Depth:	20	Filter time:	12.0 to 80.0 [us]
Chi2:	0.30660835626798266	RelRMS:	6.668231891871122	AbsRMS:	6.659122829186631e-07	Phi model:	0.039539293546493
depth_vector,start_model,resistivity_model,conductivity_model,E/I[V/A],modelled_thickness,rhoa,sigma
0.0,15.8929,13.219154671908635,0.07564780236099741,7.837368751961276e-05,1.0,14.27871945405603,0.07003429146553747
1.0,15.8929,13.331051775288154,0.0750128359604533,5.320821443867973e-05,1.0,14.430705909133577,0.06929667933756958
2.0,15.8929,13.557927624647382,0.07375758505909624,3.238754363535695e-05,1.0,14.87234721364797,0.06723888204293171
3.0,15.8929,13.902986117403755,0.07192699406843256,1.8234673849672356e-05,1.0,15.436925036548216,0.06477974063049578
4.0,15.8929,14.369556623304055,0.06959156960892128,1.1567809121362214e-05,1.0,15.694898910775187,0.06371496915558082
5.0,15.8929,14.960954222021245,0.06684065636188402,7.81653666414313e-06,1.0,15.97703003399436,0.06258985542821775
6.0,15.8929,15.680209170568297,0.06377465945269384,4.775068643670219e-06,1.5,16.469292806617986,0.0607190613308036
7.5,15.8929,16.571948369017704,0.06034293480358427,2.7017384454033477e-06,1.5,17.111981235313888,0.05843858675676352
9.0,15.8929,17.62397625047056,0.056740884451277,1.6978498481867624e-06,1.5,17.525521071795808,0.057059644383944806
10.5,15.8929,18.817552838743897,0.05314187283380849,1.1473519181248426e-06,1.5,17.877713497169104,0.0559355646994985
12.0,15.8929,20.126828506997903,0.04968492674602507,7.046413200815913e-07,1.5,18.406713548679576,0.05432800360343175
13.5,15.8929,21.519089046706966,0.04647036860294179,nan,1.5,nan,nan
15.0,15.8929,22.955996084775133,0.04356160352646251,nan,1.5,nan,nan
16.5,15.8929,24.39579890142853,0.040990664172979537,nan,1.5,nan,nan
18.0,15.8929,25.79626247713602,0.038765305667296926,nan,1.5,nan,nan
19.5,15.8929,27.11787146760331,0.0368760505851155,nan,nan,nan,nan
Name:	88.58667904100822_12_80_0.08
Lambda:	88.58667904100822	Maximal Depth:	20	Filter time:	12.0 to 80.0 [us]
Chi2:	0.3158394062383272	RelRMS:	6.802684431542265	AbsRMS:	5.282168907814689e-07	Phi model:	0.03693534226199827
depth_vector,start_model,resistivity_model,conductivity_model,E/I[V/A],modelled_thickness,rhoa,sigma
0.0,15.8929,13.249347222483646,0.07547541650225888,7.799865922570279e-05,1.0,14.324452220848057,0.06981069744116167
1.0,15.8929,13.363148215698548,0.07483266546615384,5.296454204050793e-05,1.0,14.47493265413156,0.0690849500922943
2.0,15.8929,13.59385465433502,0.07356265205330148,3.2251720779595324e-05,1.0,14.914072935540448,0.06705076502723718
3.0,15.8929,13.944106444400347,0.07171488571084299,1.817050583906616e-05,1.0,15.473246706272642,0.06462767762854926
4.0,15.8929,14.416668936353968,0.06936415092936885,1.153544713596507e-05,1.0,15.72423924988799,0.06359608144521989
5.0,15.8929,15.013861444046864,0.06660511712638119,7.80039772770473e-06,1.0,15.999059973772018,0.06250367219320042
6.0,15.8929,15.737259259321503,0.06354346608401201,4.770234046746092e-06,1.5,16.480418598793513,0.06067807040248403
7.5,15.8929,16.627764747372428,0.060140374559847144,2.7028080557962964e-06,1.5,17.10746633574179,0.0584540095169294
9.0,15.8929,17.669031006982394,0.05659619928250865,1.7006219440194992e-06,1.5,17.506470930644998,0.057121735383543495
10.5,15.8929,18.838179714052913,0.05308368511072328,1.1504845333348297e-06,1.5,17.845246339994304,0.0560373323487738
12.0,15.8929,20.105858566916936,0.0497367469621737,7.075886880567191e-07,1.5,18.355564162346447,0.054479393341194206
13.5,15.8929,21.43648012672005,0.046649449633922146,nan,1.5,nan,nan
15.0,15.8929,22.790888379313635,0.04387718387088673,nan,1.5,nan,nan
16.5,15.8929,24.128333572052178,0.04144505036014169,nan,1.5,nan,nan
18.0,15.8929,25.409374236580728,0.03935555400496031,nan,1.5,nan,nan
19.5,15.8929,26.599576248060753,0.037594583863827725,nan,nan,nan,nan
Name:	112.88378916846884_12_80_0.08
Lambda:	112.88378916846884	Maximal Depth:	20	Filter time:	12.0 to 80.0 [us]
Chi2:	0.3291480562548828	RelRMS:	6.966334512691333	AbsRMS:	3.512730818626924e-07	Phi model:	0.034126552789589204
depth_vector,start_model,resistivity_model,conductivity_model,E/I[V/A],modelled_thickness,rhoa,sigma
0.0,15.8929,13.312054781661764,0.07511988317367549,7.749618730773642e-05,1.0,14.3863036875519,0.06951055821692922
1.0,15.8929,13.426268984223178,0.07448085549120692,5.26439106396915e-05,1.0,14.533646877165046,0.06880585502398429
2.0,15.8929,13.657533254715009,0.07321966429441193,3.2077496614899904e-05,1.0,14.968026552110576,0.06680907443065662
3.0,15.8929,14.008250261066024,0.07138650305094565,1.8090299538939928e-05,1.0,15.518948422498958,0.06443735572638586
4.0,15.8929,14.480388081111531,0.06905892261992738,1.1495197472704566e-05,1.0,15.760922776194427,0.06344806165222873
5.0,15.8929,15.07531826740876,0.06633359125570795,7.780248909703682e-06,1.0,16.026670330222696,0.06239599239239512
6.0,15.8929,15.793521406223896,0.0633171016316805,4.764062562063876e-06,1.5,16.494648289375153,0.060625724323212095
7.5,15.8929,16.671945709060804,0.0599810014650254,2.703847946572197e-06,1.5,17.103079738736238,0.05846900179826273
9.0,15.8929,17.691211685672883,0.056525240767416954,1.703683014957312e-06,1.5,17.485494959108888,0.05719025983185339
10.5,15.8929,18.825366801448833,0.05311981490437882,1.1539740448175974e-06,1.5,17.809253261249765,0.05615058561584097
12.0,15.8929,20.042368598981835,0.04989430241547402,7.108896141045378e-07,1.5,18.298698936665325,0.05464869406623702
13.5,15.8929,21.3054535564856,0.04693633943763613,nan,1.5,nan,nan
15.0,15.8929,22.575339557166444,0.04429612221192723,nan,1.5,nan,nan
16.5,15.8929,23.812987531557393,0.04199389088306464,nan,1.5,nan,nan
18.0,15.8929,24.982492652138603,0.040028031386787816,nan,1.5,nan,nan
19.5,15.8929,26.05363611472423,0.03838235843920647,nan,nan,nan,nan
Name:	143.8449888287663_12_80_0.08
Lambda:	143.8449888287663	Maximal Depth:	20	Filter time:	12.0 to 80.0 [us]
Chi2:	0.35036051799921386	RelRMS:	7.1780440153341045	AbsRMS:	1.718984864544035e-07	Phi model:	0.031081964285608447
depth_vector,start_model,resistivity_model,conductivity_model,E/I[V/A],modelled_thickness,rhoa,sigma
0.0,15.8929,13.407502266888716,0.07458510765794227,7.686652188566925e-05,1.0,14.464762077642202,0.06913352564199264
1.0,15.8929,13.52058914933792,0.0739612740949952,5.224633811053796e-05,1.0,14.607283619070504,0.06845899799566105
2.0,15.8929,13.74940667913316,0.07273041108876747,3.1864814970463434e-05,1.0,15.034555390160207,0.06651344014166714
3.0,15.8929,14.095922906646459,0.07094249923348286,1.799407490359877e-05,1.0,15.574225039486635,0.06420865227416558
4.0,15.8929,14.561429736007286,0.06867457510214227,1.1447173451904328e-05,1.0,15.804972930296401,0.06327122510175956
5.0,15.8929,15.146383614453361,0.06602236054854407,7.756248322044798e-06,1.0,16.05971477721141,0.062267606484455805
6.0,15.8929,15.850121114709266,0.06309100055216472,4.756726314753469e-06,1.5,16.511603610794175,0.06056346939834888
7.5,15.8929,16.70594149038107,0.059858943033876844,2.7050193861878907e-06,1.5,17.09814159260744,0.05848588833960531
9.0,15.8929,17.69208182059884,0.056522460733575336,1.7071747235333966e-06,1.5,17.46164460435743,0.05726837435177538
10.5,15.8929,18.780480691519745,0.05324677341467336,1.1579419189103783e-06,1.5,17.768545811544758,0.05627922569500707
12.0,15.8929,19.93767976296988,0.05015628758654723,7.146399461018804e-07,1.5,18.234623443913026,0.054840726658044264
13.5,15.8929,21.126572890913042,0.047333753806805066,nan,1.5,nan,nan
15.0,15.8929,22.308855720394455,0.04482524843646792,nan,1.5,nan,nan
16.5,15.8929,23.447825656351934,0.04264787766063518,nan,1.5,nan,nan
18.0,15.8929,24.511076371287693,0.04079788193926079,nan,1.5,nan,nan
19.5,15.8929,25.472653789326788,0.03925778634101354,nan,nan,nan,nan
Name:	183.29807108324357_12_80_0.08
Lambda:	183.29807108324357	Maximal Depth:	20	Filter time:	12.0 to 80.0 [us]
Chi2:	0.3840132218003701	RelRMS:	7.457142995219916	AbsRMS:	2.500573076107909e-07	Phi model:	0.02781331037915815
depth_vector,start_model,resistivity_model,conductivity_model,E/I[V/A],modelled_thickness,rhoa,sigma
0.0,15.8929,13.53537099211492,0.07388050173006368,7.611559916104681e-05,1.0,14.559741615087262,0.06868253753650193
1.0,15.8929,13.645886364855146,0.07328215795314628,5.177543714179563e-05,1.0,14.695719364542267,0.06804702615734438
2.0,15.8929,13.869324716872592,0.07210156373247645,3.1615563147929976e-05,1.0,15.11347187236037,0.06616613366177017
3.0,15.8929,14.207194893412128,0.07038687140581845,1.788276990282187e-05,1.0,15.63878237026902,0.06394359716272449
4.0,15.8929,14.660111588276028,0.06821230479580519,1.139198704233666e-05,1.0,15.855974685579097,0.06306770916514474
5.0,15.8929,15.227649518473438,0.06567001681952615,7.72883988316875e-06,1.0,16.097660270237366,0.06212082894113994
6.0,15.8929,15.908084704563763,0.06286111864322151,4.7485287656657836e-06,1.5,16.530601181489978,0.060493867647097
7.5,15.8929,16.73114421689279,0.059768775347136066,2.7065283834056157e-06,1.5,17.091785739265962,0.05850763725071988
9.0,15.8929,17.67342589973274,0.05658212537135327,1.7112530284108304e-06,1.5,17.433890194511893,0.05735954447589645
10.5,15.8929,18.705674845395865,0.05345971253456999,1.162511697696729e-06,1.5,17.721950372360073,0.05642719785287536
12.0,15.8929,19.794022583230984,0.050520302065694106,7.189307048023873e-07,1.5,18.161998546792603,0.055060019822355914
13.5,15.8929,20.90199251558335,0.04784232887149186,nan,1.5,nan,nan
15.0,15.8929,21.99305288741584,0.04546890352690362,nan,1.5,nan,nan
16.5,15.8929,23.0333264467719,0.04341535306725743,nan,1.5,nan,nan
18.0,15.8929,23.994009001276787,0.041677070303123884,nan,1.5,nan,nan
19.5,15.8929,24.85312050011384,0.040236396069275066,nan,nan,nan,nan
Name:	233.57214690901213_12_80_0.08
Lambda:	233.57214690901213	Maximal Depth:	20	Filter time:	12.0 to 80.0 [us]
Chi2:	0.4348423436267751	RelRMS:	7.819507228916321	AbsRMS:	5.403426034428407e-07	Phi model:	0.024375774723501394
depth_vector,start_model,resistivity_model,conductivity_model,E/I[V/A],modelled_thickness,rhoa,sigma
0.0,15.8929,13.694489266345096,0.0730220733720644,7.525632847465276e-05,1.0,14.67035974413293,0.06816465427168047
1.0,15.8929,13.801058990206181,0.07245820778750693,5.123920748336572e-05,1.0,14.79807066530529,0.0675763768546222
2.0,15.8929,14.016332940719067,0.07134533720263482,3.13339747148055e-05,1.0,15.203883425265092,0.06577266952325138
3.0,15.8929,14.341345732086268,0.06972846333121123,1.775840416657634e-05,1.0,15.711711806199599,0.06364678860806341
4.0,15.8929,14.776046158105174,0.06767710315059251,1.1330818074581501e-05,1.0,15.912988694029155,0.06284174640149266
5.0,15.8929,15.319175236117449,0.06527766570894347,7.698777628818778e-06,1.0,16.139538568542967,0.0619596400326504
6.0,15.8929,15.968047389339045,0.06262506464426221,4.739900009014267e-06,1.5,16.550657201217117,0.06042056142196342
7.5,15.8929,16.748888694813793,0.05970545378987711,2.7086087788987067e-06,1.5,17.083032850418338,0.0585376149982356
9.0,15.8929,17.63736224664547,0.05669782057065787,1.7160701625400351e-06,1.5,17.401249444070604,0.05746713781755168
10.5,15.8929,18.603865594959622,0.0537522696503963,1.1677924827353024e-06,1.5,17.66848397499429,0.05659795155120676
12.0,15.8929,19.615023219440626,0.050981331442365614,7.238343737198219e-07,1.5,18.079879125837166,0.055310104289964176
13.5,15.8929,20.635830236803525,0.04845940233684047,nan,1.5,nan,nan
15.0,15.8929,21.632182224786327,0.046227421237890275,nan,1.5,nan,nan
16.5,15.8929,22.5733917819216,0.044299944361966555,nan,1.5,nan,nan
18.0,15.8929,23.434279348038142,0.04267253049041243,nan,1.5,nan,nan
19.5,15.8929,24.196530786718498,0.0413282386972971,nan,nan,nan,nan
Name:	297.63514416313194_12_80_0.08
Lambda:	297.63514416313194	Maximal Depth:	20	Filter time:	12.0 to 80.0 [us]
Chi2:	0.5070192819566812	RelRMS:	8.273296033091555	AbsRMS:	8.835033830449114e-07	Phi model:	0.02086323941846644
depth_vector,start_model,resistivity_model,conductivity_model,E/I[V/A],modelled_thickness,rhoa,sigma
0.0,15.8929,13.882434804512595,0.07203347352835701,7.430909299364707e-05,1.0,14.794767381978925,0.06759146488629965
1.0,15.8929,13.983780767699848,0.07151141859359163,5.065031242052201e-05,1.0,14.912551178263268,0.06705760724949687
2.0,15.8929,14.188308370428455,0.07048056568069941,3.102673579366443e-05,1.0,15.304088382325796,0.06534201678780607
3.0,15.8929,14.496580134056154,0.06898178679057868,1.7624089272866557e-05,1.0,15.791437739622785,0.06332545626867585
4.0,15.8929,14.90791293373586,0.06707847063803614,1.1265393350171027e-05,1.0,15.974539897453036,0.06259961203386138
5.0,15.8929,15.420288567686173,0.06484962947422007,7.667093649993813e-06,1.0,16.18397202817023,0.06178952844575947
6.0,15.8929,16.030185992820677,0.06238230800614932,4.731361413348011e-06,1.5,16.570563648927077,0.06034797736435168
7.5,15.8929,16.760423908148823,0.059664362040020104,2.7114905931517013e-06,1.5,17.070926630510446,0.05857912822451739
9.0,15.8929,17.586396852368264,0.05686213090689669,1.7217485859500812e-06,1.5,17.36296818466473,0.057593839334637326
10.5,15.8929,18.478922829776455,0.05411570843234575,1.173857670928679e-06,1.5,17.6075707549913,0.056793751614857224
12.0,15.8929,19.40590383330458,0.05153070985973821,7.293887961502613e-07,1.5,17.987974619133244,0.05559269574109424
13.5,15.8929,20.334500702802778,0.04917750450898292,nan,1.5,nan,nan
15.0,15.8929,21.233535491201312,0.047095312997422256,nan,1.5,nan,nan
16.5,15.8929,22.075740546855837,0.04529859362486602,nan,1.5,nan,nan
18.0,15.8929,22.83949637568467,0.04378380256513088,nan,1.5,nan,nan
19.5,15.8929,23.509824026645564,0.04253540982980647,nan,nan,nan,nan
Name:	379.26901907322497_12_80_0.08
Lambda:	379.26901907322497	Maximal Depth:	20	Filter time:	12.0 to 80.0 [us]
Chi2:	0.6032597311867898	RelRMS:	8.81595158787316	AbsRMS:	1.253246856316695e-06	Phi model:	0.017396866105256745
depth_vector,start_model,resistivity_model,conductivity_model,E/I[V/A],modelled_thickness,rhoa,sigma
0.0,15.8929,14.095234581614394,0.07094596363116827,7.330112396909468e-05,1.0,14.930087698439266,0.06697884300468886
1.0,15.8929,14.190216520679286,0.07047108819958513,5.002564314755521e-05,1.0,15.036436074571585,0.06650512096354533
2.0,15.8929,14.381705960155026,0.06953278023973872,3.070270622689828e-05,1.0,15.411577172791194,0.06488628573105927
3.0,15.8929,14.669817864772924,0.06816717216382967,1.7483856721588645e-05,1.0,15.875764055587478,0.06298909435152822
4.0,15.8929,15.05330039446672,0.06643061480175996,1.1197866224887805e-05,1.0,16.038696970387303,0.06234920466708287
5.0,15.8929,15.529483833931938,0.0643936405545559,7.635008481973098e-06,1.0,16.229281076112407,0.06161702390328814
6.0,15.8929,16.094170673762807,0.0621342982046431,4.723463184520135e-06,1.5,16.589030559235134,0.060280797990531085
7.5,15.8929,16.766911685104517,0.059641275553946264,2.7153584467332228e-06,1.5,17.054711820976983,0.05863482247586373
9.0,15.8929,17.52345396496172,0.05706637527050932,1.7283511250695055e-06,1.5,17.31872069772125,0.05774098546040859
10.5,15.8929,18.33571193827224,0.05453837862235903,1.1807223976093523e-06,1.5,17.539257441640732,0.05701495649558433
12.0,15.8929,19.173512901956347,0.052155283443023434,7.355812845371492e-07,1.5,17.88687797282809,0.05590690569472758
13.5,15.8929,20.006711275704607,0.04998322743900254,nan,1.5,nan,nan
15.0,15.8929,20.807385109354612,0.04805985926364282,nan,1.5,nan,nan
16.5,15.8929,21.55177300268196,0.04639989479638438,nan,1.5,nan,nan
18.0,15.8929,22.221658823715213,0.045001140910902133,nan,1.5,nan,nan
19.5,15.8929,22.805040818186423,0.04384995440142015,nan,nan,nan,nan
Name:	483.2930238571752_12_80_0.08
Lambda:	483.2930238571752	Maximal Depth:	20	Filter time:	12.0 to 80.0 [us]
Chi2:	0.7240380830005555	RelRMS:	9.43375246608901	AbsRMS:	1.6347266228445393e-06	Phi model:	0.014107250076040925
depth_vector,start_model,resistivity_model,conductivity_model,E/I[V/A],modelled_thickness,rhoa,sigma
0.0,15.8929,14.32727823239031,0.06979692749591865,7.226450668669962e-05,1.0,15.072527556148735,0.06634587306440563
1.0,15.8929,14.414946635638493,0.06937243857203541,4.938503168296725e-05,1.0,15.166189389676003,0.06593614086612452
2.0,15.8929,14.591503628096161,0.06853303302303163,3.0372194131469655e-05,1.0,15.523181857288067,0.06441978256735453
3.0,15.8929,14.856665124553817,0.06730985666139072,1.7342286415534835e-05,1.0,15.962046024708336,0.06264861023781394
4.0,15.8929,15.208703979016619,0.06575182220521193,1.113059459004862e-05,1.0,16.10325569225284,0.06209924372504951
5.0,15.8929,15.64443950112812,0.06392047474298392,7.603788147921957e-06,1.0,16.273674516734467,0.06144893699156173
6.0,15.8929,16.159187004100172,0.06188430146555416,4.716702311111631e-06,1.5,16.60487914033839,0.06022326278609825
7.5,15.8929,16.769428170058667,0.059632325554515406,2.720307785246717e-06,1.5,17.034019270653406,0.058706050762947215
9.0,15.8929,17.45182264861394,0.05730060522242483,1.735853929276396e-06,1.5,17.268780721593522,0.05790796791747799
10.5,15.8929,18.179946549124704,0.05500566227177088,1.188325202527284e-06,1.5,17.464367644715402,0.057259445079455434
12.0,15.8929,18.926046094193858,0.05283723790077741,7.423371966423661e-07,1.5,17.778188627800866,0.0562487000748905
13.5,15.8929,19.663018589757886,0.05085689134835493,nan,1.5,nan,nan
15.0,15.8929,20.366352433031967,0.04910059389810572,nan,1.5,nan,nan
16.5,15.8929,21.015736003751016,0.04758339178896775,nan,1.5,nan,nan
18.0,15.8929,21.59611095095013,0.0463046333791874,nan,1.5,nan,nan
19.5,15.8929,22.098069622627204,0.04525282149423836,nan,nan,nan,nan
Name:	615.8482110660261_12_80_0.08
Lambda:	615.8482110660261	Maximal Depth:	20	Filter time:	12.0 to 80.0 [us]
Chi2:	0.8671733241531112	RelRMS:	10.10408920900135	AbsRMS:	2.014541284255888e-06	Phi model:	0.01111334399981523
depth_vector,start_model,resistivity_model,conductivity_model,E/I[V/A],modelled_thickness,rhoa,sigma
0.0,15.8929,14.57153998132206,0.06862692627421739,7.123303729827699e-05,1.0,15.217680896383667,0.06571303517329241
1.0,15.8929,14.651190268104719,0.06825384024784495,4.874926464502062e-05,1.0,15.297765059271049,0.0653690258757086
2.0,15.8929,14.811425836056369,0.06751544456750667,3.0045880723483365e-05,1.0,15.63537244473883,0.0639575426510861
3.0,15.8929,15.051633176310565,0.06643797309476543,1.7203994500713058e-05,1.0,16.047470956419765,0.06231511511787168
4.0,15.8929,15.369728033286364,0.06506295998434654,1.1065857693589074e-05,1.0,16.165998892739044,0.06185822519443261
5.0,15.8929,15.762183845170124,0.06344298542783598,7.574577450686278e-06,1.0,16.315486342377557,0.0612914613156592
6.0,15.8929,16.224037128561694,0.06163693981195005,4.7114411066686835e-06,1.5,16.617238474524253,0.06017847078099598
7.5,15.8929,16.768959316632756,0.05963399285059523,2.7263120952338446e-06,1.5,17.009000097701858,0.0587924036836894
9.0,15.8929,17.374999060190593,0.057553959947611685,1.7441315801041846e-06,1.5,17.214098973454853,0.058091916489039504
10.5,15.8929,18.01782971313521,0.05550058003217714,1.1965208966689355e-06,1.5,17.38452699130701,0.05752241637060599
12.0,15.8929,18.67244459452105,0.05355485163915947,7.495178367426297e-07,1.5,17.66445908366685,0.05661084753648831
13.5,15.8929,19.31495347022668,0.05177335796026973,nan,1.5,nan,nan
15.0,15.8929,19.924242549958038,0.050190113751757456,nan,1.5,nan,nan
16.5,15.8929,20.48326477914593,0.04882034240059733,nan,1.5,nan,nan
18.0,15.8929,20.979800202042522,0.047664896251139864,nan,1.5,nan,nan
19.5,15.8929,21.406638153628975,0.04671448140634237,nan,nan,nan,nan
Name:	784.7599703514607_12_80_0.08
Lambda:	784.7599703514607	Maximal Depth:	20	Filter time:	12.0 to 80.0 [us]
Chi2:	1.0553266863209474	RelRMS:	10.932826277704214	AbsRMS:	2.410609265982087e-06	Phi model:	0.008109210469518322
depth_vector,start_model,resistivity_model,conductivity_model,E/I[V/A],modelled_thickness,rhoa,sigma
0.0,15.8929,14.8268576884001,0.06744517422476896,7.015494017500848e-05,1.0,15.373188144861915,0.06504831597564385
1.0,15.8929,14.899649508655019,0.06711567271559728,4.808801554062023e-05,1.0,15.437683371752108,0.06477655849774722
2.0,15.8929,15.04569697105633,0.06646418586814007,2.9710482914166336e-05,1.0,15.752822622319261,0.06348068685691655
3.0,15.8929,15.263521044922921,0.06551568259098567,1.7066223039486876e-05,1.0,16.133720053491857,0.06198198535021486
4.0,15.8929,15.549879732965088,0.06430917905300851,1.1004895545412977e-05,1.0,16.225645460339962,0.061630830184492884
5.0,15.8929,15.899958062450667,0.06289324764708654,7.550221362520141e-06,1.0,16.35055534321661,0.0611600021533747
6.0,15.8929,16.307573740027347,0.06132120056250152,4.711161034156328e-06,1.5,16.617897050415664,0.06017608587694235
7.5,15.8929,16.781133044885102,0.059590731884746034,2.7366440212247696e-06,1.5,16.966162594647717,0.05894084737319847
9.0,15.8929,17.299592636213323,0.05780482934070338,1.7559498044700944e-06,1.5,17.136773690063613,0.05835404131991475
10.5,15.8929,17.84126623370333,0.05604983339752725,1.2076025885909056e-06,1.5,17.278009705029753,0.05787703659576559
12.0,15.8929,18.385401843231428,0.05439097869749033,7.588787457352282e-07,1.5,17.518895891268034,0.05708122282400407
13.5,15.8929,18.913499056755533,0.052872289627593765,nan,1.5,nan,nan
15.0,15.8929,19.410260483823265,0.051519143745309935,nan,1.5,nan,nan
16.5,15.8929,19.864125874946964,0.05034200882009211,nan,1.5,nan,nan
18.0,15.8929,20.267398286850195,0.04934032409324169,nan,1.5,nan,nan
19.5,15.8929,20.61602417031993,0.04850595787715753,nan,nan,nan,nan
Name:	1000.0_12_80_0.08
Lambda:	1000.0	Maximal Depth:	20	Filter time:	12.0 to 80.0 [us]
Chi2:	1.229463357519605	RelRMS:	11.643359490146684	AbsRMS:	2.7312337714147188e-06	Phi model:	0.005986680192310821
depth_vector,start_model,resistivity_model,conductivity_model,E/I[V/A],modelled_thickness,rhoa,sigma
0.0,15.8929,15.071317118390528,0.06635120156683362,6.927804177187972e-05,1.0,15.502641802622332,0.06450513484939362
1.0,15.8929,15.134746078730336,0.06607312701501833,4.755544093519581e-05,1.0,15.55272731461529,0.06429740454976503
2.0,15.8929,15.261891432779084,0.06552267812967315,2.944521862121815e-05,1.0,15.847289850194008,0.06310227234139708
3.0,15.8929,15.451245810889704,0.06471970042022253,1.6960833153612734e-05,1.0,16.200484653564466,0.06172654839557395
4.0,15.8929,15.699681468239614,0.06369555981266216,1.0960198695965812e-05,1.0,16.269728796950012,0.061463839531699135
5.0,15.8929,16.002644700531267,0.0624896708458947,7.5340341813703105e-06,1.0,16.373966856867096,0.06107255552313574
6.0,15.8929,16.354370847198062,0.061145733415439,4.7134419820520575e-06,1.5,16.612535417980165,0.06019550747910971
7.5,15.8929,16.761693100184846,0.05965984426650623,2.746641998061932e-06,1.5,16.92496553125517,0.059084315306480804
9.0,15.8929,17.205995384644627,0.058119276312978856,1.7666123709237423e-06,1.5,17.067750327521154,0.05859002978192942
10.5,15.8929,17.66833150251577,0.05659843997479962,1.217346686453205e-06,1.5,17.18568650027692,0.058187957750997416
12.0,15.8929,18.13081816532897,0.055154709008789826,7.669662215696814e-07,1.5,17.395523378676547,0.057486054212418876
13.5,15.8929,18.577750230589675,0.053827831012251644,nan,1.5,nan,nan
15.0,15.8929,18.996360780925254,0.05264166181788495,nan,1.5,nan,nan
16.5,15.8929,19.377201916926403,0.05160703822394907,nan,1.5,nan,nan
18.0,15.8929,19.71417410038362,0.05072492486411292,nan,1.5,nan,nan
19.5,15.8929,20.00427187750909,0.04998932258685733,nan,nan,nan,nan
