Name:	5.000000000000001_8_210_0.015
Lambda:	5.000000000000001	Maximal Depth:	20	Filter time:	8.0 to 210.0 [us]
Chi2:	4.052159858491197	RelRMS:	3.019496594070805	AbsRMS:	1.9280258425425982e-06	Phi model:	3.6653507525805806
depth_vector,start_model,resistivity_model,conductivity_model,E/I[V/A],modelled_thickness,rhoa,sigma,rel_err
0.0,20.181,16.757808665506094,0.05967367332808723,0.0004909838030822958,1.0,21.23921153768255,0.047082727069496094,0.015
1.0,20.181,16.92256452913492,0.059092698289218454,0.00028667311763358504,1.0,21.360458001746043,0.04681547558194951,0.015
2.0,20.181,17.917359884247077,0.055811794062316004,0.00018812931846482194,1.0,21.112449685049775,0.04736541779460693,0.015
3.0,20.181,20.081376992498367,0.04979738194116677,0.00013413419912451982,1.0,20.6516070739859,0.048422381677969493,0.015
4.0,20.181,23.454287351553294,0.042636128099358926,8.882248379188737e-05,1.0,20.121317568444407,0.04969853473056191,0.015
5.0,20.181,27.77608588288542,0.03600219282934182,5.509383306718584e-05,1.0,19.579321459047534,0.051074292951960476,0.015
6.0,20.181,32.46364670476523,0.03080368663121304,3.6847991812440487e-05,1.5,19.21720472780468,0.05203670430555054,0.015
7.5,20.181,35.78926474452891,0.02794133959270202,2.5944388312870656e-05,1.5,19.033420459314836,0.05253916405291232,0.015
9.0,20.181,35.878953656749616,0.02787149284137159,1.6695844888785502e-05,1.5,18.950874857708822,0.05276801242731128,0.015
10.5,20.181,31.90160364773702,0.03134638656545832,9.948221294124286e-06,1.5,19.02270938810667,0.05256874715361091,0.015
12.0,20.181,24.700674361220972,0.0404847246425773,6.374987008221112e-06,1.5,19.23052279684682,0.05200066636586539,0.015
13.5,20.181,16.461690133711826,0.06074710384397919,4.347867414971217e-06,1.5,19.496906546609758,0.05129018788746701,0.015
15.0,20.181,9.605228596432692,0.1041099636474443,2.7006840411440607e-06,1.5,19.92259808477152,0.050194256579636685,0.015
16.5,20.181,5.870371148193741,0.1703469805836196,1.5446013410522974e-06,1.5,20.555307572282395,0.04864923555551367,0.015
18.0,20.181,8.220315104474507,0.12164983790653926,9.675781157748884e-07,1.5,21.164413835362044,0.04724912335295459,0.015
19.5,20.181,42.156264323217044,0.023721266958876674,6.469161224898591e-07,nan,21.748800675278268,0.04597954686929905,0.015
nan,nan,nan,nan,3.940054876507217e-07,nan,22.52960423041415,0.04438604379255079,0.015
nan,nan,nan,nan,2.2223640127891678e-07,nan,23.489876969310714,0.042571529910799016,0.015
nan,nan,nan,nan,1.3794047150711181e-07,nan,24.35111638154715,0.041065879047655594,0.015
Name:	5.8538995686138975_8_210_0.015
Lambda:	5.8538995686138975	Maximal Depth:	20	Filter time:	8.0 to 210.0 [us]
Chi2:	4.119259396898907	RelRMS:	3.0443938055091593	AbsRMS:	1.832285448699271e-06	Phi model:	3.4425219366800226
depth_vector,start_model,resistivity_model,conductivity_model,E/I[V/A],modelled_thickness,rhoa,sigma,rel_err
0.0,20.181,16.177071576809606,0.06181588523311813,0.0004904338948184678,1.0,21.255085150126266,0.047047564991479676,0.015
1.0,20.181,16.592976813255042,0.06026646160327094,0.0002866484596041441,1.0,21.361682961526427,0.046812791005327405,0.015
2.0,20.181,17.990974111699764,0.05558342721140858,0.00018826077748219951,1.0,21.102620252239507,0.047387480229801104,0.015
3.0,20.181,20.594554584719923,0.04855652477873677,0.0001342839413786658,1.0,20.63625158579298,0.04845841289744934,0.015
4.0,20.181,24.341638329077426,0.04108186911993697,8.89325092514175e-05,1.0,20.104718359513473,0.049739567703359744,0.015
5.0,20.181,28.855255011094016,0.03465573253868416,5.5148748929747504e-05,1.0,19.566321540681418,0.05110822685402797,0.015
6.0,20.181,33.45685187246422,0.029889243728368348,3.6871296385442955e-05,1.5,19.209106360693067,0.05205864245961309,0.015
7.5,20.181,36.27109481395934,0.027570163104509843,2.5952013842656098e-05,1.5,19.029691859183085,0.05254945836221903,0.015
9.0,20.181,35.75026904454663,0.02797181746391754,1.6694196730548908e-05,1.5,18.952122138508518,0.05276453964847112,0.015
10.5,20.181,31.316024044678763,0.03193253391852344,9.943754395677642e-06,1.5,19.028405838163888,0.05255300987928126,0.015
12.0,20.181,23.95644649387608,0.041742417860496435,6.370849230590271e-06,1.5,19.238848533151913,0.05197816274070792,0.015
13.5,20.181,15.808962732031146,0.06325525696723047,4.3446456699898065e-06,1.5,19.506543895647063,0.051264847599330636,0.015
15.0,20.181,9.224277445457517,0.10840957526623927,2.698639619808685e-06,1.5,19.932658720092856,0.050168921970853944,0.015
16.5,20.181,5.901488893560314,0.16944876420782504,1.5436026416327144e-06,1.5,20.564172703841255,0.04862826306711607,0.015
18.0,20.181,8.83583584138794,0.11317548423838975,9.67140407239783e-07,1.5,21.17079908261633,0.04723487271772918,0.015
19.5,20.181,41.82281867743418,0.023910392260088335,6.467736038140583e-07,nan,21.75199550412357,0.045972793613828576,0.015
nan,nan,nan,nan,3.9406143614523104e-07,nan,22.527471691081903,0.044390245550541586,0.015
nan,nan,nan,nan,2.2238016556043316e-07,nan,23.479752057788392,0.04258988755668283,0.015
nan,nan,nan,nan,1.3809591627504444e-07,nan,24.332839403128453,0.041096724612888,0.015
Name:	6.853628031883595_8_210_0.015
Lambda:	6.853628031883595	Maximal Depth:	20	Filter time:	8.0 to 210.0 [us]
Chi2:	4.190920155045738	RelRMS:	3.070760548928052	AbsRMS:	1.714539872442501e-06	Phi model:	3.2393291240672375
depth_vector,start_model,resistivity_model,conductivity_model,E/I[V/A],modelled_thickness,rhoa,sigma,rel_err
0.0,20.181,15.803041239878375,0.06327895908266935,0.0004897234563014881,1.0,21.275636588990338,0.047002118870439695,0.015
1.0,20.181,16.408650728730386,0.060943463087374444,0.00028663757162903985,1.0,21.362223909452428,0.0468116055818288,0.015
2.0,20.181,18.103225079278534,0.05523877627443457,0.00018842162305838806,1.0,21.090609082258332,0.04741446755282244,0.015
3.0,20.181,21.031812681837607,0.04754701913371298,0.00013444847250687524,1.0,20.619412427667346,0.04849798720055618,0.015
4.0,20.181,25.04520467010825,0.03992780307335687,8.904513204175074e-05,1.0,20.087762710211095,0.049781551804755034,0.015
5.0,20.181,29.64390872446563,0.0337337430530773,5.519897021816767e-05,1.0,19.554451815099693,0.051139250000749856,0.015
6.0,20.181,34.11341313111652,0.029313982630716325,3.688789481107487e-05,1.5,19.20334358781513,0.052074264850133604,0.015
7.5,20.181,36.57387298745299,0.027341922479554175,2.5953308274402608e-05,1.5,19.029059111538135,0.05255120571850329,0.015
9.0,20.181,35.54311892317698,0.028134841012726074,1.668755562459226e-05,1.5,18.957150025048534,0.05275054523906158,0.015
10.5,20.181,30.717512556892004,0.03255471933633613,9.935876176735539e-06,1.5,19.038463004797,0.05252524847977678,0.015
12.0,20.181,23.19282230666615,0.0431167878914235,6.364397316805257e-06,1.5,19.251848604533166,0.0519430637826922,0.015
13.5,20.181,15.188710617667553,0.06583837332688379,4.339816736734163e-06,1.5,19.521011225212117,0.05122685441154107,0.015
15.0,20.181,8.919929033591034,0.11210851523976918,2.6955966912116977e-06,1.5,19.947656574842764,0.050131201940841634,0.015
16.5,20.181,5.988432354448201,0.16698861084357094,1.5420489786481562e-06,1.5,20.577983087173433,0.048595627460852324,0.015
18.0,20.181,9.433785241532435,0.10600198906346514,9.66370561393625e-07,1.5,21.182041208006144,0.047209803350870244,0.015
19.5,20.181,41.48450271747524,0.02410538718061462,6.464201364654327e-07,nan,21.759924217164897,0.045956042402536,0.015
nan,nan,nan,nan,3.9399874958548285e-07,nan,22.529861093345108,0.044385537747295783,0.015
nan,nan,nan,nan,2.2246434586602502e-07,nan,23.47382853966313,0.04260063492882405,0.015
nan,nan,nan,nan,1.3821850418691415e-07,nan,24.31844985331262,0.0411210420907557,0.015
Name:	8.024090035856696_8_210_0.015
Lambda:	8.024090035856696	Maximal Depth:	20	Filter time:	8.0 to 210.0 [us]
Chi2:	4.267718830914905	RelRMS:	3.0987686860362027	AbsRMS:	1.5777272099683171e-06	Phi model:	3.0534360897886383
depth_vector,start_model,resistivity_model,conductivity_model,E/I[V/A],modelled_thickness,rhoa,sigma,rel_err
0.0,20.181,15.639525582176752,0.06394055847446091,0.0004886589087171992,1.0,21.30652481743631,0.046933979547037374,0.015
1.0,20.181,16.365175454133176,0.06110536381370973,0.0002865603339006483,1.0,21.36606229958389,0.04680319592719128,0.015
2.0,20.181,18.238134320061942,0.05483016971204123,0.00018857683443309205,1.0,21.079034837538483,0.04744050226717001,0.015
3.0,20.181,21.352096196461154,0.04683380923348114,0.0001346127679509789,1.0,20.60263162715526,0.04853748871003216,0.015
4.0,20.181,25.495878310545283,0.0392220259219857,8.915922612859907e-05,1.0,20.07062196003303,0.0498240663389165,0.015
5.0,20.181,30.161352854683265,0.03315501147504815,5.525038378766037e-05,1.0,19.542318926149832,0.05117099990942666,0.015
6.0,20.181,34.55892693170026,0.028936083634087565,3.690534472448093e-05,1.5,19.19728984685521,0.052090686132126834,0.015
7.5,20.181,36.66297696429913,0.027275471955639553,2.5955783465641147e-05,1.5,19.027849328264878,0.05255454690376133,0.015
9.0,20.181,35.14561376580177,0.02845305268144283,1.6682452701519663e-05,1.5,18.961015641570565,0.052739790890081704,0.015
10.5,20.181,29.921630060091264,0.03342063911597435,9.92956850718314e-06,1.5,19.046524826936132,0.05250301611902303,0.015
12.0,20.181,22.347507995193897,0.04474771863668477,6.359381571307353e-06,1.5,19.261970100672293,0.05191576950714389,0.015
13.5,20.181,14.593490962305536,0.0685237002292984,4.336241267612604e-06,1.5,19.53174051511782,0.0511987141763422,0.015
15.0,20.181,8.723405751825384,0.11463412667589705,2.6935473279886462e-06,1.5,19.957773298671455,0.05010579011169386,0.015
16.5,20.181,6.133205561037448,0.1630468749250347,1.5412112109158192e-06,1.5,20.585439564106085,0.0485780251077881,0.015
18.0,20.181,9.931081009626794,0.10069397269347011,9.661266440173875e-07,1.5,21.185606268940933,0.0472018590030178,0.015
19.5,20.181,41.10120672727471,0.0243301858905374,6.464623537370617e-07,nan,21.758976851217522,0.045958043286582435,0.015
nan,nan,nan,nan,3.9420938635026187e-07,nan,22.52183483465282,0.04440135572175353,0.015
nan,nan,nan,nan,2.227231265579948e-07,nan,23.455642281146662,0.04263366519721299,0.015
nan,nan,nan,nan,1.3845973696858668e-07,nan,24.290195612668658,0.04116887389241302,0.015
Name:	9.394443439884116_8_210_0.015
Lambda:	9.394443439884116	Maximal Depth:	20	Filter time:	8.0 to 210.0 [us]
Chi2:	4.348099624857574	RelRMS:	3.127814597435331	AbsRMS:	1.4611109075895626e-06	Phi model:	2.886382722434107
depth_vector,start_model,resistivity_model,conductivity_model,E/I[V/A],modelled_thickness,rhoa,sigma,rel_err
0.0,20.181,15.550862472316679,0.0643051150236959,0.000487688606938692,1.0,21.33477632778008,0.04687182957235398,0.015
1.0,20.181,16.374666075897593,0.061069947647477994,0.0002865586851736794,1.0,21.36614425317357,0.046803016405333284,0.015
2.0,20.181,18.397619639925818,0.05435485783333828,0.00018877987056592602,1.0,21.063918207291305,0.04747454818989226,0.015
3.0,20.181,21.65897787125581,0.046170230467206204,0.00013480546719915932,1.0,20.582993165092127,0.04858379886633578,0.015
4.0,20.181,25.88634357749555,0.03863040745813774,8.928881858756927e-05,1.0,20.051197125166052,0.04987233399371004,0.015
5.0,20.181,30.492413602640138,0.03279504249914204,5.5309694771963236e-05,1.0,19.528345710677808,0.051207614552481774,0.015
6.0,20.181,34.665263723219965,0.02884732128347162,3.692725182152091e-05,1.5,19.18969656611407,0.05211129819352328,0.015
7.5,20.181,36.41502997430445,0.02746118843525957,2.5961011054979026e-05,1.5,19.02529490487419,0.052561603118372935,0.015
9.0,20.181,34.61206084266771,0.028891663069286498,1.667881273054332e-05,1.5,18.96377423266801,0.05273211902498537,0.015
10.5,20.181,29.227864202856566,0.03421392658250635,9.923849405124887e-06,1.5,19.05384178328799,0.05248285418624049,0.015
12.0,20.181,21.702811502027384,0.04607697946906945,6.3545561657479295e-06,1.5,19.271720066500528,0.0518895042346672,0.015
13.5,20.181,14.139730687462023,0.07072270484520045,4.3326685048057335e-06,1.5,19.54247642209551,0.051170587514147374,0.015
15.0,20.181,8.543687074823513,0.11704548530888896,2.6913852575922556e-06,1.5,19.96846031953326,0.05007897374149545,0.015
16.5,20.181,6.277014162906335,0.1593114136828692,1.5402205215503735e-06,1.5,20.594265828545822,0.048557205599137926,0.015
18.0,20.181,10.44431779467843,0.0957458418691088,9.65735311708945e-07,1.5,21.191329060193844,0.04718911197874876,0.015
19.5,20.181,40.76751550552138,0.024529333897341972,6.463737582404144e-07,nan,21.760965074801643,0.045953844260241995,0.015
nan,nan,nan,nan,3.94314543109738e-07,nan,22.517830538273092,0.044409251517383994,0.015
nan,nan,nan,nan,2.2290470564014328e-07,nan,23.442902509878973,0.04265683396407908,0.015
nan,nan,nan,nan,1.3864349545657006e-07,nan,24.26872800525823,0.041205291014153406,0.015
Name:	10.998825680021056_8_210_0.015
Lambda:	10.998825680021056	Maximal Depth:	20	Filter time:	8.0 to 210.0 [us]
Chi2:	4.4496965903269485	RelRMS:	3.164145592136309	AbsRMS:	1.3538158438728501e-06	Phi model:	2.704465948897707
depth_vector,start_model,resistivity_model,conductivity_model,E/I[V/A],modelled_thickness,rhoa,sigma,rel_err
0.0,20.181,15.60373560348637,0.06408721766450388,0.0004864922025858774,1.0,21.36974032582511,0.04679514045341535,0.015
1.0,20.181,16.498281961241926,0.060612371782056994,0.00028657792221728056,1.0,21.36518808264011,0.046805111011989246,0.015
2.0,20.181,18.599347748719897,0.05376532626359573,0.00018903278591098774,1.0,21.045125781835722,0.04751694099462741,0.015
3.0,20.181,21.905313743648104,0.04565102384301483,0.00013503026668806037,1.0,20.56014233189071,0.04863779558806391,0.015
4.0,20.181,26.09228267861615,0.03832550843930366,8.943067074902795e-05,1.0,20.029988457165018,0.04992514110222991,0.015
5.0,20.181,30.544014066544644,0.032739639191540194,5.536667558681136e-05,1.0,19.514944966272505,0.051242778379764355,0.015
6.0,20.181,34.474546449886276,0.029006908080825494,3.6941433342450476e-05,1.5,19.18478507110094,0.05212463920204939,0.015
7.5,20.181,35.97543103623135,0.02779674825835683,2.5957662159239016e-05,1.5,19.026931219648503,0.052557082824125204,0.015
9.0,20.181,33.87089867082072,0.02952386973013755,1.6667643050791633e-05,1.5,18.972245561749972,0.05270857351836645,0.015
10.5,20.181,28.444876427614346,0.035155716093362877,9.912611442243043e-06,1.5,19.06824000243425,0.05244322495795836,0.015
12.0,20.181,21.023773216432406,0.04756520105622093,6.345833472609015e-06,1.5,19.289376041233435,0.05184200867163229,0.015
13.5,20.181,13.690825865565984,0.07304161266962836,4.326322121646485e-06,1.5,19.561583296591643,0.051120606386408265,0.015
15.0,20.181,8.391580435749185,0.11916706366060373,2.6874692003195764e-06,1.5,19.987853696651722,0.05003038421116298,0.015
16.5,20.181,6.480763083928891,0.15430281697533696,1.538249208541786e-06,1.5,20.611856856767247,0.04851576483133211,0.015
18.0,20.181,10.997390889300423,0.09093065892319237,9.647620390733381e-07,1.5,21.205578843105023,0.047157401710123524,0.015
19.5,20.181,40.39667360275594,0.024754513449141466,6.459225097177585e-07,nan,21.77109886040975,0.04593245414077272,0.015
nan,nan,nan,nan,3.9422423825315005e-07,nan,22.521269176546483,0.04440247093362723,0.015
nan,nan,nan,nan,2.2299615034752516e-07,nan,23.436493203715816,0.04266849956210393,0.015
nan,nan,nan,nan,1.3878316625559042e-07,nan,24.252442641888173,0.041232960109050074,0.015
Name:	12.87720418070694_8_210_0.015
Lambda:	12.87720418070694	Maximal Depth:	20	Filter time:	8.0 to 210.0 [us]
Chi2:	4.584816199663339	RelRMS:	3.2118275870978055	AbsRMS:	1.2921227599344037e-06	Phi model:	2.499816323504448
depth_vector,start_model,resistivity_model,conductivity_model,E/I[V/A],modelled_thickness,rhoa,sigma,rel_err
0.0,20.181,15.834653034562251,0.06315263099338539,0.00048500906346454395,1.0,21.413283383562153,0.04669998440162835,0.015
1.0,20.181,16.744984582921802,0.0597193741832345,0.00028663006661730413,1.0,21.36259680134382,0.04681078846823972,0.015
2.0,20.181,18.83939720716742,0.05308025458582887,0.0001893582173475103,1.0,21.021006737968168,0.04757146089458212,0.015
3.0,20.181,22.08121404461395,0.045287364996306444,0.00013530650522085871,1.0,20.532149404172664,0.048704106925930225,0.015
4.0,20.181,26.13413325080206,0.038264134892222225,8.959983163072085e-05,1.0,20.004769975530195,0.04998807790457968,0.015
5.0,20.181,30.392195135605512,0.03290318437145283,5.5432328959165565e-05,1.0,19.49953308159284,0.05128327923625923,0.015
6.0,20.181,34.06451879327239,0.02935605831007647,3.6956416434443634e-05,1.5,19.179599380244287,0.05213873241951226,0.015
7.5,20.181,35.19311985306402,0.02841464479918614,2.5952752138239025e-05,1.5,19.029330957084717,0.05255045499262258,0.015
9.0,20.181,32.87295621638423,0.030420142119788707,1.6654472333022267e-05,1.5,18.982246685911864,0.05268080309704195,0.015
10.5,20.181,27.38497043451559,0.03651638048656118,9.89996841562018e-06,1.5,19.084470962100436,0.05239862304728724,0.015
12.0,20.181,20.16757061753068,0.04958455428095782,6.336360439462835e-06,1.5,19.308596685828146,0.05179040280715822,0.015
13.5,20.181,13.229270497995568,0.07558995790066542,4.31967200964251e-06,1.5,19.581654784188537,0.05106820700400985,0.015
15.0,20.181,8.339006698042038,0.1199183591296066,2.6835972666108904e-06,1.5,20.00707492309477,0.04998231894686763,0.015
16.5,20.181,6.745835173305909,0.14823961367409655,1.5365139954814223e-06,1.5,20.627372166027797,0.04847927268442597,0.015
18.0,20.181,11.562723087418801,0.08648481784434349,9.64071988623338e-07,1.5,21.21569646525035,0.047134912664211694,0.015
19.5,20.181,39.908914128642216,0.02505705860040703,6.457482066276098e-07,nan,21.775016382308753,0.045924190477875194,0.015
nan,nan,nan,nan,3.9437487253415173e-07,nan,22.515534039031508,0.0444137810929318,0.015
nan,nan,nan,nan,2.2327455385659593e-07,nan,23.417007004438982,0.042704005674612376,0.015
nan,nan,nan,nan,1.3906694734023016e-07,nan,24.21943826309575,0.041289149200613176,0.015
Name:	15.076371999678692_8_210_0.015
Lambda:	15.076371999678692	Maximal Depth:	20	Filter time:	8.0 to 210.0 [us]
Chi2:	4.70963900940953	RelRMS:	3.2552554079782183	AbsRMS:	1.3315439705190837e-06	Phi model:	2.3383833607531943
depth_vector,start_model,resistivity_model,conductivity_model,E/I[V/A],modelled_thickness,rhoa,sigma,rel_err
0.0,20.181,16.11031933151417,0.062072016042776505,0.00048360352577013716,1.0,21.454753465506034,0.04660971759045165,0.015
1.0,20.181,17.020787990174135,0.058751686501076573,0.00028665190120578303,1.0,21.36151197934701,0.046813165705069555,0.015
2.0,20.181,19.08182133708688,0.052405898909473,0.00018964482330319473,1.0,20.99982235004676,0.04761945045681652,0.015
3.0,20.181,22.225293947050176,0.0449937806169139,0.0001355585674793348,1.0,20.50668938713233,0.04876457535985728,0.015
4.0,20.181,26.10012043362396,0.03831399945234473,8.976374678945235e-05,1.0,19.980409110118813,0.05004902524711385,0.015
5.0,20.181,30.09668586189366,0.03322624971363145,5.5506474225341274e-05,1.0,19.482164295174268,0.051328999429888805,0.015
6.0,20.181,33.461004710619484,0.029885534180706507,3.6984145529489315e-05,1.5,19.17001149862266,0.05216480960753981,0.015
7.5,20.181,34.37164555438196,0.029093748171521928,2.5960634440632153e-05,1.5,19.025478906070486,0.05256109477911374,0.015
9.0,20.181,31.945458359548486,0.03130335425915404,1.6652021748893406e-05,1.5,18.984108980363928,0.05267563523968086,0.015
10.5,20.181,26.53513019597186,0.03768589008663707,9.894885792972385e-06,1.5,19.091005709048417,0.052380687284904935,0.015
12.0,20.181,19.533999026969024,0.05119279460490298,6.332088677638526e-06,1.5,19.317279703306642,0.051767123288525174,0.015
13.5,20.181,12.89795285396235,0.07753168361852031,4.3166370177036966e-06,1.5,19.590832175787142,0.05104428392970096,0.015
15.0,20.181,8.305815662278745,0.12039756727825629,2.6819255839699504e-06,1.5,20.015387857278874,0.04996155993231658,0.015
16.5,20.181,6.976582740435185,0.1433366502204806,1.5359357874306778e-06,1.5,20.63254866908823,0.04846710971282981,0.015
18.0,20.181,12.03813932203869,0.08306931605030199,9.640201847947413e-07,1.5,21.21645650774562,0.0471332241382968,0.015
19.5,20.181,39.5244986484616,0.025300763683157375,6.459371838460177e-07,nan,21.770769134739176,0.04593314980334435,0.015
nan,nan,nan,nan,3.946896520178075e-07,nan,22.503561137356193,0.04443741121221865,0.015
nan,nan,nan,nan,2.2360247054862065e-07,nan,23.3941071216427,0.042745807514699516,0.015
nan,nan,nan,nan,1.3935673627569688e-07,nan,24.18585079472404,0.04134648842777706,0.015
Name:	17.651113509036346_8_210_0.015
Lambda:	17.651113509036346	Maximal Depth:	20	Filter time:	8.0 to 210.0 [us]
Chi2:	4.907296658225867	RelRMS:	3.3228628441463246	AbsRMS:	1.4838938117092647e-06	Phi model:	2.1190107250066967
depth_vector,start_model,resistivity_model,conductivity_model,E/I[V/A],modelled_thickness,rhoa,sigma,rel_err
0.0,20.181,16.623730591027453,0.06015496909819648,0.0004817577036750519,1.0,21.509520155819764,0.04649104176921553,0.015
1.0,20.181,17.49327658251899,0.05716481959699298,0.0002867478016395835,1.0,21.356748926334195,0.0468236061326234,0.015
2.0,20.181,19.433295741401242,0.05145807552702302,0.0001900579621888417,1.0,20.969379042704368,0.04768858429062154,0.015
3.0,20.181,22.35993014282959,0.04472285886459629,0.00013589150386760318,1.0,20.473181214173533,0.04884438766691043,0.015
4.0,20.181,25.933094517314327,0.03856076641113332,8.99578129064974e-05,1.0,19.951662924994668,0.05012113545419008,0.015
5.0,20.181,29.574077114456983,0.03381339664902545,5.5574124252647586e-05,1.0,19.466350742835143,0.051370696706883476,0.015
6.0,20.181,32.53181185655862,0.030739142486414992,3.699221930973514e-05,1.5,19.167222081574707,0.05217240118281364,0.015
7.5,20.181,33.112223447578494,0.030200327730427003,2.5946838195993294e-05,1.5,19.03222235856699,0.0525424714549885,0.015
9.0,20.181,30.584781460034836,0.0326959995220728,1.6630622716019217e-05,1.5,19.000390371173374,0.052630497608994374,0.015
10.5,20.181,25.32933499229334,0.039479915296009874,9.876037925299869e-06,1.5,19.115287402990706,0.05231414934643064,0.015
12.0,20.181,18.703554610425403,0.053465772727639575,6.318187786129685e-06,1.5,19.345603124344095,0.051691332318382015,0.015
13.5,20.181,12.51925880873324,0.07987693323365243,4.306822670914544e-06,1.5,19.620583152334664,0.050966884737113916,0.015
15.0,20.181,8.33434650482906,0.11998541210406637,2.6760464080628084e-06,1.5,20.044692516110313,0.04988851783065669,0.015
16.5,20.181,7.351707645054058,0.1360228192252396,1.5330785549218813e-06,1.5,20.658176271827276,0.048406983600181426,0.015
18.0,20.181,12.666893107324148,0.07894595711254468,9.626668943097946e-07,1.5,21.236335523695676,0.04708910343237852,0.015
19.5,20.181,39.00197766610127,0.025639725466258964,6.453520383855603e-07,nan,21.783926958321388,0.04590540548144848,0.015
nan,nan,nan,nan,3.946216709210042e-07,nan,22.506145507755896,0.04443230848460424,0.015
nan,nan,nan,nan,2.2378286843823164e-07,nan,23.381532984347537,0.042768795385205796,0.015
nan,nan,nan,nan,1.395947304990869e-07,nan,24.158353435834055,0.041393549550305914,0.015
Name:	20.665569151220556_8_210_0.015
Lambda:	20.665569151220556	Maximal Depth:	20	Filter time:	8.0 to 210.0 [us]
Chi2:	5.10952761652408	RelRMS:	3.3906396354049746	AbsRMS:	1.736736750530384e-06	Phi model:	1.9291521876507383
depth_vector,start_model,resistivity_model,conductivity_model,E/I[V/A],modelled_thickness,rhoa,sigma,rel_err
0.0,20.181,17.206364094802097,0.058118030891958855,0.0004799496468626914,1.0,21.563506454336018,0.04637464700454219,0.015
1.0,20.181,18.02338656216373,0.055483468467534706,0.000286827037978197,1.0,21.35281552562324,0.046832231505957916,0.015
2.0,20.181,19.82192984571299,0.050449174615370566,0.0001904505617998278,1.0,20.940551259987807,0.04775423471829759,0.015
3.0,20.181,22.504489352306084,0.044435578357059136,0.00013621245242748285,1.0,20.441008819642395,0.048921264543414764,0.015
4.0,20.181,25.7250144648604,0.03887267007627809,9.015150606328002e-05,1.0,19.92307485956974,0.050193055391731634,0.015
5.0,20.181,28.948534130014544,0.034544063457885965,5.5649734444154e-05,1.0,19.44871438427546,0.05141728035291182,0.015
6.0,20.181,31.502708770240478,0.031743302053589294,3.701054554774093e-05,1.5,19.160894298259944,0.05218963084049855,0.015
7.5,20.181,31.82865478377349,0.03141823010722427,2.594296554722962e-05,1.5,19.03411634092987,0.052537243236748396,0.015
9.0,20.181,29.31047472921127,0.03411749585220415,1.661739862357954e-05,1.5,19.010469349653555,0.05260259395006594,0.015
10.5,20.181,24.27695043260187,0.041191335080417904,9.862921635171678e-06,1.5,19.132230733904365,0.05226782040778406,0.015
12.0,20.181,18.012531743141565,0.05551690424533237,6.308239237205781e-06,1.5,19.36593739089469,0.05163705633325921,0.015
13.5,20.181,12.217418450897616,0.08185035193965463,4.299773199511827e-06,1.5,19.6420225735115,0.050911253984025184,0.015
15.0,20.181,8.389819116946706,0.11919208102831286,2.671872914249942e-06,1.5,20.065560433931562,0.04983663443105058,0.015
16.5,20.181,7.721433575273807,0.1295096293002222,1.5311422584684268e-06,1.5,20.6755889483925,0.04836621595138399,0.015
18.0,20.181,13.240179828806127,0.07552767507162857,9.61840084768123e-07,1.5,21.24850379054841,0.047062137167738466,0.015
19.5,20.181,38.54310578196982,0.025944977181049912,6.450810298010493e-07,nan,21.790027709127997,0.04589255293058177,0.015
nan,nan,nan,nan,3.947104681211849e-07,nan,22.502769940415146,0.04443897363070812,0.015
nan,nan,nan,nan,2.2402543897058358e-07,nan,23.364651880868333,0.04279969610070799,0.015
nan,nan,nan,nan,1.3985618380481826e-07,nan,24.1282355875277,0.041445218668078536,0.015
Name:	24.19483326789813_8_210_0.015
Lambda:	24.19483326789813	Maximal Depth:	20	Filter time:	8.0 to 210.0 [us]
Chi2:	5.304627475894753	RelRMS:	3.454766536361494	AbsRMS:	2.0321160396267797e-06	Phi model:	1.7699246220693532
depth_vector,start_model,resistivity_model,conductivity_model,E/I[V/A],modelled_thickness,rhoa,sigma,rel_err
0.0,20.181,17.853284076741126,0.05601210375085996,0.0004782590090511887,1.0,21.61429432414241,0.04626567886063414,0.015
1.0,20.181,18.593761328539543,0.05378147983781534,0.00028689120628193945,1.0,21.349631449790625,0.04683921604697335,0.015
2.0,20.181,20.211641372039285,0.04947643695001419,0.00019081329214215757,1.0,20.91400460511033,0.047814850330273446,0.015
3.0,20.181,22.5999019942965,0.044247979493555696,0.0001365154419727112,1.0,20.410752387906463,0.04899378430520318,0.015
4.0,20.181,25.448638005558127,0.039294833766019006,9.034220335884698e-05,1.0,19.895028799031163,0.05026381263889889,0.015
5.0,20.181,28.283882494714927,0.03535582500694019,5.5733003210350724e-05,1.0,19.42933778643144,0.05146855806369038,0.015
6.0,20.181,30.50112711022542,0.03278567366990031,3.70396641790256e-05,1.5,19.1508507920568,0.05221700126319036,0.015
7.5,20.181,30.674684145160438,0.03260017267880395,2.5949644953378432e-05,1.5,19.030849962302835,0.052546260518097986,0.015
9.0,20.181,28.234198037961438,0.03541804157693731,1.661282766644666e-05,1.5,19.013956295919893,0.05259294722448609,0.015
10.5,20.181,23.42521263857544,0.042689046858565165,9.855813723241723e-06,1.5,19.141428274519765,0.052242705489806966,0.015
12.0,20.181,17.44848530675653,0.05731156501090514,6.302380984415211e-06,1.5,19.377936346881718,0.05160508230077447,0.015
13.5,20.181,11.957441171458358,0.08362993266376552,4.295545410237189e-06,1.5,19.654908591982284,0.050877875891415965,0.015
15.0,20.181,8.443265192878771,0.11843759222953476,2.6694049266162513e-06,1.5,20.07792621798786,0.04980594057089909,0.015
16.5,20.181,8.076833909314564,0.12381089065688915,1.530097600518999e-06,1.5,20.6849985709566,0.04834421412066619,0.015
18.0,20.181,13.769312113886675,0.07262526927481558,9.61503720745899e-07,1.5,21.253459095030315,0.04705116449650445,0.015
19.5,20.181,38.157372317828354,0.026207255354760574,6.450890584875383e-07,nan,21.789846911699946,0.04589293371598013,0.015
nan,nan,nan,nan,3.9492584755840104e-07,nan,22.494587687815002,0.04445513800378238,0.015
nan,nan,nan,nan,2.2430704934815925e-07,nan,23.345092067658847,0.04283555606042571,0.015
nan,nan,nan,nan,1.401234323099504e-07,nan,24.097546995128283,0.04149799978405132,0.015
Name:	28.326824805926805_8_210_0.015
Lambda:	28.326824805926805	Maximal Depth:	20	Filter time:	8.0 to 210.0 [us]
Chi2:	5.5923234404397855	RelRMS:	3.5472140816406212	AbsRMS:	2.4245761966037554e-06	Phi model:	1.5667932755018485
depth_vector,start_model,resistivity_model,conductivity_model,E/I[V/A],modelled_thickness,rhoa,sigma,rel_err
0.0,20.181,18.742531886036847,0.053354584432906756,0.00047621128101990606,1.0,21.676211570382375,0.046133522767713035,0.015
1.0,20.181,19.38522929479618,0.051585667870766044,0.0002870435679709821,1.0,21.342075909779105,0.04685579810639659,0.015
2.0,20.181,20.784272293340237,0.04811330345784698,0.00019130134043588237,1.0,20.87841890140473,0.04789634716701266,0.015
3.0,20.181,22.83646327435037,0.04378961785747216,0.00013689876234135868,1.0,20.372634133137574,0.04908545421592916,0.015
4.0,20.181,25.25067477739147,0.03960290205374485,9.056764153831865e-05,1.0,19.862000359341994,0.05034739612869128,0.015
5.0,20.181,27.585692454871197,0.0362506760211276,5.5819151477504356e-05,1.0,19.4093418462497,0.051521582128928364,0.015
6.0,20.181,29.294722334122177,0.034135841555159946,3.705990294185456e-05,1.5,19.143877850365737,0.05223602071723914,0.015
7.5,20.181,29.141911178757656,0.0343148393345227,2.594502188583791e-05,1.5,19.033110596153392,0.05254001940187858,0.015
9.0,20.181,26.653918463408882,0.037517935735146155,1.6598153543035876e-05,1.5,19.025161238883438,0.05256197240295708,0.015
10.5,20.181,22.129603828564683,0.04518833720417577,9.841596665890642e-06,1.5,19.15985816378571,0.05219245317223238,0.015
12.0,20.181,16.672881991512973,0.05997763317157956,6.2918561153846936e-06,1.5,19.39954029756516,0.05154761322491287,0.015
13.5,20.181,11.739067303081033,0.08518564330383728,4.288298122864241e-06,1.5,19.67704708369257,0.050820633591345823,0.015
15.0,20.181,8.641984617333723,0.11571416107293721,2.6653332845280456e-06,1.5,20.098368772030376,0.04975528170184819,0.015
16.5,20.181,8.55531582062745,0.11688639215269316,1.5284291252072503e-06,1.5,20.700049376082188,0.048309063511483556,0.015
18.0,20.181,14.42150871337181,0.06934087271138192,9.609824615956306e-07,1.5,21.26114397945337,0.04703415775587586,0.015
19.5,20.181,37.5932384986915,0.02660052817835332,6.451129281331017e-07,nan,21.789309414973946,0.04589406579874371,0.015
nan,nan,nan,nan,3.95270142889355e-07,nan,22.481523363039162,0.044480971500536926,0.015
nan,nan,nan,nan,2.2474827398647975e-07,nan,23.31452808643347,0.042891710966343415,0.015
nan,nan,nan,nan,1.4053860540130003e-07,nan,24.050064974484407,0.04157992924596821,0.015
Name:	33.164477502323265_8_210_0.015
Lambda:	33.164477502323265	Maximal Depth:	20	Filter time:	8.0 to 210.0 [us]
Chi2:	5.94026192888526	RelRMS:	3.6558978842401815	AbsRMS:	2.8942153454179534e-06	Phi model:	1.3591683683022742
depth_vector,start_model,resistivity_model,conductivity_model,E/I[V/A],modelled_thickness,rhoa,sigma,rel_err
0.0,20.181,19.872572260222856,0.0503206120931617,0.00047394243533500907,1.0,21.745335047285646,0.04598687478603944,0.015
1.0,20.181,20.39639135742298,0.0490282806637785,0.0002871790301806662,1.0,21.335364017452108,0.0468705384722759,0.015
2.0,20.181,21.530766738894247,0.046445164360707614,0.00019179541049258199,1.0,20.84254791626364,0.04797877898698222,0.015
3.0,20.181,23.168355692100917,0.04316232076586008,0.00013727497833314448,1.0,20.33539493138046,0.04917534197759076,0.015
4.0,20.181,25.048598900170397,0.039922392625050075,9.07751917839506e-05,1.0,19.83171355608752,0.05042428619049114,0.015
5.0,20.181,26.795480348865283,0.037319726572557874,5.588279765262307e-05,1.0,19.39460189010714,0.05156073868729851,0.015
6.0,20.181,27.958602063901512,0.035767167389643584,3.705853414885835e-05,1.5,19.144349245960385,0.05223473449801425,0.015
7.5,20.181,27.491049593029633,0.036375475465787614,2.592174163555539e-05,1.5,19.044504616590913,0.05250858555432493,0.015
9.0,20.181,25.025861069026742,0.03995866504819888,1.656911779606684e-05,1.5,19.04738123311155,0.052500655484420185,0.015
10.5,20.181,20.848008180436256,0.047966212951623774,9.817462465865099e-06,1.5,19.191245677074527,0.05210709178688592,0.015
12.0,20.181,15.923131902172164,0.06280171552579956,6.274395525179489e-06,1.5,19.43551406984225,0.05145220221119248,0.015
13.5,20.181,11.54035797754555,0.08665242464278253,4.276062256262889e-06,1.5,19.714566188920053,0.05072391603331441,0.015
15.0,20.181,8.899879272306205,0.11236107472959826,2.6580165983982686e-06,1.5,20.13523487567037,0.04966418351584819,0.015
16.5,20.181,9.16435490055865,0.10911842795820152,1.5248476429677582e-06,1.5,20.732449495237635,0.04823356739538692,0.015
18.0,20.181,15.168091399434347,0.06592787277358392,9.59253725322063e-07,1.5,21.286680413957683,0.04697773351942183,0.015
19.5,20.181,37.03320954550564,0.027002790529706066,6.443324197751256e-07,nan,21.806902100504924,0.045857040830061126,0.015
nan,nan,nan,nan,3.951329043453466e-07,nan,22.486728620858717,0.04447067498615156,0.015
nan,nan,nan,nan,2.2492751832436472e-07,nan,23.302140236880895,0.04291451299470228,0.015
nan,nan,nan,nan,1.407979146034771e-07,nan,24.02052704170381,0.04163105989572278,0.015
Name:	38.82830410883109_8_210_0.015
Lambda:	38.82830410883109	Maximal Depth:	20	Filter time:	8.0 to 210.0 [us]
Chi2:	6.2605681888173415	RelRMS:	3.7531691175377397	AbsRMS:	3.3315753024928008e-06	Phi model:	1.1967981624947557
depth_vector,start_model,resistivity_model,conductivity_model,E/I[V/A],modelled_thickness,rhoa,sigma,rel_err
0.0,20.181,20.95942066823772,0.04771124239685775,0.0004719385353041835,1.0,21.806846868139075,0.045857156976740705,0.015
1.0,20.181,21.369583220326554,0.04679548448323546,0.0002872823741880208,1.0,21.33024706765222,0.04688178232668114,0.015
2.0,20.181,22.25897561906089,0.04492569726091421,0.00019223067434253317,1.0,20.811073804159363,0.04805134081068595,0.015
3.0,20.181,23.52701423029319,0.04250433098783985,0.0001376218839073734,1.0,20.301207399109536,0.049258153977770926,0.015
4.0,20.181,24.94498833126815,0.04008821277925858,9.0984728129353e-05,1.0,19.801253781892914,0.05050185261068879,0.015
5.0,20.181,26.18558975265134,0.03818894321059728,5.5968784567193436e-05,1.0,19.37473237056641,0.05161361617150253,0.015
6.0,20.181,26.88623518783633,0.03719375334678365,3.70846310827167e-05,1.5,19.135366775025805,0.05225925438257775,0.015
7.5,20.181,26.165071162987196,0.038218890893543155,2.592443900903477e-05,1.5,19.04318357141737,0.052512228128753516,0.015
9.0,20.181,23.696816842111236,0.042199760696251656,1.6561232775925657e-05,1.5,19.053426558818426,0.052483997926198414,0.015
10.5,20.181,19.787320013870676,0.05053741483429852,9.808300638230216e-06,1.5,19.20319470744755,0.05207466857648281,0.015
12.0,20.181,15.294277581924757,0.06538393164655455,6.26745801237171e-06,1.5,19.449853670242884,0.05141426855719436,0.015
13.5,20.181,11.387022263528635,0.08781927152306435,4.271371372581443e-06,1.5,19.72899743517061,0.05068681281377806,0.015
15.0,20.181,9.151972672502977,0.10926606052971415,2.6555591583165696e-06,1.5,20.147654985543028,0.04963356781310535,0.015
16.5,20.181,9.718403951105689,0.10289755447819468,1.5240803012117057e-06,1.5,20.739407807309988,0.048217384473607364,0.015
18.0,20.181,15.820869141555718,0.06320765256653066,9.592678557637226e-07,1.5,21.28647137193855,0.04697819486034103,0.015
19.5,20.181,36.52389248997526,0.027379338066841334,6.446909448428621e-07,nan,21.79881652508556,0.04587405003612117,0.015
nan,nan,nan,nan,3.956591397544501e-07,nan,22.466785634093295,0.044510150062699774,0.015
nan,nan,nan,nan,2.2545458063185012e-07,nan,23.26580928262349,0.04298152657629103,0.015
nan,nan,nan,nan,1.4125672878022732e-07,nan,23.968484998650283,0.041721452150868615,0.015
Name:	45.4593985345391_8_210_0.015
Lambda:	45.4593985345391	Maximal Depth:	20	Filter time:	8.0 to 210.0 [us]
Chi2:	6.5579109184289734	RelRMS:	3.841262756759187	AbsRMS:	3.7013149252420006e-06	Phi model:	1.0655765095945253
depth_vector,start_model,resistivity_model,conductivity_model,E/I[V/A],modelled_thickness,rhoa,sigma,rel_err
0.0,20.181,22.069135121692455,0.045312151766974694,0.00047027038794935917,1.0,21.858385390841434,0.04574903324831099,0.015
1.0,20.181,22.361384508363088,0.04471995012768566,0.0002874059316096365,1.0,21.324133300994234,0.046895223636281395,0.015
2.0,20.181,23.00083424074876,0.043476683912115635,0.00019261612347751177,1.0,20.783300815381867,0.04811555242754765,0.015
3.0,20.181,23.897004074314726,0.041846249717755725,0.00013791618668149256,1.0,20.272316284177016,0.04932835429272193,0.015
4.0,20.181,24.861348730069317,0.04022307924068977,9.115237252580989e-05,1.0,19.776967797739054,0.05056386854785303,0.015
5.0,20.181,25.63293541119443,0.03901230912333511,5.6027803288338805e-05,1.0,19.361123974898177,0.051649893947092455,0.015
6.0,20.181,25.922117340954898,0.038577095645658505,3.7093125287827177e-05,1.5,19.13244537232862,0.05226723403827441,0.015
7.5,20.181,24.990135811215332,0.04001578893185565,2.591460800757604e-05,1.5,19.047999432558374,0.05249895158494805,0.015
9.0,20.181,22.573066760875005,0.04430058222010223,1.654480662788437e-05,1.5,19.06603565712668,0.05244928825181394,0.015
10.5,20.181,18.938670558316737,0.05280201674773098,9.793426879223738e-06,1.5,19.222633013300065,0.0520220096439496,0.015
12.0,20.181,14.8134450457103,0.06750624158757598,6.256341112854425e-06,1.5,19.472887163386396,0.05135345321983044,0.015
13.5,20.181,11.288523600208176,0.08858554363845761,4.263444058209989e-06,1.5,19.753445516090395,0.05062407969209415,0.015
15.0,20.181,9.40129608506244,0.10636831251266335,2.650741024515132e-06,1.5,20.172061924951873,0.049573514285272346,0.015
16.5,20.181,10.257280953673295,0.0974917236367484,1.5216864706233203e-06,1.5,20.761152812810888,0.048166882109886476,0.015
18.0,20.181,16.458578060566886,0.06075859022085878,9.580995608745065e-07,1.5,21.303772165670882,0.04694004386750861,0.015
19.5,20.181,36.15130599368515,0.027661517959397603,6.441569073696058e-07,nan,21.81086304854422,0.04584871299105909,0.015
nan,nan,nan,nan,3.955600317084456e-07,nan,22.470538197673832,0.04450271689992369,0.015
nan,nan,nan,nan,2.255725496492462e-07,nan,23.25769693635793,0.04299651864655333,0.015
nan,nan,nan,nan,1.4143109791849362e-07,nan,23.948780594217595,0.041755779425422974,0.015
Name:	53.22295069415713_8_210_0.015
Lambda:	53.22295069415713	Maximal Depth:	20	Filter time:	8.0 to 210.0 [us]
Chi2:	6.949248103828716	RelRMS:	3.9542139842975885	AbsRMS:	4.110068204937509e-06	Phi model:	0.9173724392551854
depth_vector,start_model,resistivity_model,conductivity_model,E/I[V/A],modelled_thickness,rhoa,sigma,rel_err
0.0,20.181,23.510122134558028,0.04253487048159902,0.0004684422684892059,1.0,21.915217429778,0.04563039373003063,0.015
1.0,20.181,23.643556599848946,0.042294821245564586,0.0002875853925213798,1.0,21.315261161626395,0.046914743029294326,0.015
2.0,20.181,23.97062450830797,0.0417177282825239,0.00019305901320839513,1.0,20.751503168604046,0.04818928016322926,0.015
3.0,20.181,24.43978004998068,0.0409168985136096,0.0001382348900313999,1.0,20.241145474060776,0.049404318608426076,0.015
4.0,20.181,24.900127331343747,0.040160437201508664,9.131866648027541e-05,1.0,19.7529508814338,0.05062534737227137,0.015
5.0,20.181,25.125757110155337,0.039799795708278164,5.607208928544216e-05,1.0,19.350928295283687,0.05167710741007321,0.015
6.0,20.181,24.892898357514436,0.040172099915321,3.70845710495698e-05,1.5,19.135387426129345,0.05225919798386216,0.015
7.5,20.181,23.655987185049224,0.04227259645422907,2.5889581794782414e-05,1.5,19.0602726453503,0.05246514667480096,0.015
9.0,20.181,21.232750033597952,0.047097055182095365,1.6516959562578276e-05,1.5,19.08745945732676,0.05239041907256799,0.015
10.5,20.181,17.883049244481636,0.055918875261643686,9.77126340123239e-06,1.5,19.251689611118003,0.0519434927634867,0.015
12.0,20.181,14.259048812284677,0.07013090516517935,6.240650839126909e-06,1.5,19.505512718105543,0.05126755776441463,0.015
13.5,20.181,11.259190244832867,0.08881633387968782,4.2526287583053605e-06,1.5,19.786922689385563,0.05053842963344861,0.015
15.0,20.181,9.796009560600616,0.10208238301665026,2.644423167812158e-06,1.5,20.20417819270757,0.04949471294808401,0.015
16.5,20.181,10.956786596216606,0.09126763501493233,1.5187209812228998e-06,1.5,20.788169827151172,0.048104282787506975,0.015
18.0,20.181,17.215656423335815,0.058086661083948006,9.567650289676209e-07,1.5,21.323577765853884,0.046896445379880455,0.015
19.5,20.181,35.636452574809695,0.028061154456963795,6.436394915923256e-07,nan,21.822550515749374,0.045824157871844455,0.015
nan,nan,nan,nan,3.9557900003745185e-07,nan,22.46981987176363,0.0445041395839864,0.015
nan,nan,nan,nan,2.2583509359796964e-07,nan,23.239667995492937,0.04302987461756934,0.015
nan,nan,nan,nan,1.4173886447467401e-07,nan,23.914100368625206,0.04181633365192273,0.015
Name:	62.312361621777015_8_210_0.015
Lambda:	62.312361621777015	Maximal Depth:	20	Filter time:	8.0 to 210.0 [us]
Chi2:	7.31708061899728	RelRMS:	4.05751542113445	AbsRMS:	4.433177553386646e-06	Phi model:	0.7996351998319433
depth_vector,start_model,resistivity_model,conductivity_model,E/I[V/A],modelled_thickness,rhoa,sigma,rel_err
0.0,20.181,24.872287992384557,0.040205388434959494,0.00046701976619124066,1.0,21.959696122133604,0.04553797076418014,0.015
1.0,20.181,24.878853405936546,0.04019477842018965,0.00028781452113370765,1.0,21.303946966551592,0.04693965872005112,0.015
2.0,20.181,24.942243119450687,0.040092624998116985,0.00019348028992002286,1.0,20.721369864737362,0.048259357683767434,0.015
3.0,20.181,25.022688317384375,0.03996373160693751,0.0001385331493869825,1.0,20.2120824933183,0.049475357144944346,0.015
4.0,20.181,25.004714070478737,0.03999245890920336,9.147559873448495e-05,1.0,19.730352781193016,0.050683330961684606,0.015
5.0,20.181,24.736399831409223,0.040426254702199745,5.6118379380407135e-05,1.0,19.34028556100343,0.05170554472144604,0.015
6.0,20.181,24.066200266385106,0.04155205179592758,3.708281779687467e-05,1.5,19.135990560900144,0.052257550860380475,0.015
7.5,20.181,22.54853216645702,0.04434878477312108,2.5872178824102586e-05,1.5,19.068818973366007,0.05244163266727374,0.015
9.0,20.181,20.112326931879366,0.04972075102930701,1.6495867408456552e-05,1.5,19.10372655744746,0.05234580787119551,0.015
10.5,20.181,17.007026423773684,0.05879922657156137,9.75409583417077e-06,1.5,19.274272110734213,0.05188263371269314,0.015
12.0,20.181,13.804076882725667,0.07244236673669889,6.228509460686312e-06,1.5,19.53085285645252,0.05120104110915076,0.015
13.5,20.181,11.26136285374864,0.08879919890576332,4.244350568882337e-06,1.5,19.812642634306858,0.05047282275552863,0.015
15.0,20.181,10.188046763836617,0.09815424125746944,2.6397188269757013e-06,1.5,20.228175478750256,0.04943599589841913,0.015
16.5,20.181,11.637069428682022,0.08593228786066089,1.5166635600766999e-06,1.5,20.80696562658024,0.04806082818354502,0.015
18.0,20.181,17.929727151129597,0.05577329713782056,9.559724163947855e-07,1.5,21.335362625525452,0.04687054153012653,0.015
19.5,20.181,35.16562841544163,0.028436858519522105,6.434615761299871e-07,nan,21.826572916268034,0.045815712976848895,0.015
nan,nan,nan,nan,3.957823267283724e-07,nan,22.462123544625257,0.04451938829440195,0.015
nan,nan,nan,nan,2.2618361947148263e-07,nan,23.21578855586151,0.04307413455260474,0.015
nan,nan,nan,nan,1.4208930633224033e-07,nan,23.874763838536005,0.04188523106502568,0.015
Name:	72.95406136340671_8_210_0.015
Lambda:	72.95406136340671	Maximal Depth:	20	Filter time:	8.0 to 210.0 [us]
Chi2:	7.650307769261378	RelRMS:	4.1488784606009	AbsRMS:	4.678418138511231e-06	Phi model:	0.7089583468626544
depth_vector,start_model,resistivity_model,conductivity_model,E/I[V/A],modelled_thickness,rhoa,sigma,rel_err
0.0,20.181,26.137147707520914,0.03825972180247701,0.00046595338489368953,1.0,21.99318800764993,0.045468624178185,0.015
1.0,20.181,26.02452760168378,0.03842528922351314,0.0002880557937765734,1.0,21.292049323779775,0.046965887820068206,0.015
2.0,20.181,25.84556524120454,0.038691357324456596,0.00019385118371306645,1.0,20.6949307508119,0.04832101213775592,0.015
3.0,20.181,25.579336016452572,0.03909405620837078,0.00013878813938354216,1.0,20.187318329616488,0.04953604949761535,0.015
4.0,20.181,25.149244805057737,0.03976262538900934,9.160573070652715e-05,1.0,19.71166284424701,0.05073138719455407,0.015
5.0,20.181,24.45756511439152,0.04088714454291984,5.615404277539982e-05,1.0,19.332096025709887,0.051727448418945006,0.015
6.0,20.181,23.407882485339737,0.042720651926815505,3.7078450033346444e-05,1.5,19.137493317725298,0.05225344737671533,0.015
7.5,20.181,21.65752859148618,0.0461733200893989,2.5855213525262496e-05,1.5,19.077159595351958,0.05241870494408635,0.015
9.0,20.181,19.20408219156269,0.05207226203392057,1.647649779224069e-05,1.5,19.118695733269277,0.052304823192507656,0.015
10.5,20.181,16.298252190620946,0.06135627233547557,9.738674893476886e-06,1.5,19.294613620132008,0.051827936007829645,0.015
12.0,20.181,13.44257148290783,0.07439052872223856,6.217705058590052e-06,1.5,19.553471933064813,0.05114181273909753,0.015
13.5,20.181,11.29001647717525,0.0885738299870222,4.237027405650526e-06,1.5,19.835465152543343,0.05041474915307333,0.015
15.0,20.181,10.566394249790413,0.09463966385882631,2.6355890368173913e-06,1.5,20.249300754755655,0.04938442132453116,0.015
16.5,20.181,12.277081453002149,0.08145258332186656,1.5148814710487543e-06,1.5,20.82328047787429,0.04802317296079005,0.015
18.0,20.181,18.576429360287612,0.053831658420739545,9.553046022815946e-07,1.5,21.34530458310607,0.04684871073666753,0.015
19.5,20.181,34.75432625550192,0.028773396228381525,6.433319156933499e-07,nan,21.829505511247923,0.045809558053650716,0.015
nan,nan,nan,nan,3.9598306451721576e-07,nan,22.45453167439204,0.04453444028585268,0.015
nan,nan,nan,nan,2.2650623849935408e-07,nan,23.193738731208636,0.04311508427291358,0.015
nan,nan,nan,nan,1.4240952313599723e-07,nan,23.838961136828487,0.041948136676774626,0.015
Name:	85.41314966877566_8_210_0.015
Lambda:	85.41314966877566	Maximal Depth:	20	Filter time:	8.0 to 210.0 [us]
Chi2:	7.958201750266399	RelRMS:	4.231542737359438	AbsRMS:	4.848795306731372e-06	Phi model:	0.6374018438827825
depth_vector,start_model,resistivity_model,conductivity_model,E/I[V/A],modelled_thickness,rhoa,sigma,rel_err
0.0,20.181,27.30220022162941,0.036627084699487986,0.0004652234832177982,1.0,22.016185800695578,0.04542112830317802,0.015
1.0,20.181,27.079149148421322,0.03692878216073117,0.0002883282126706738,1.0,21.278635743831646,0.04699549407390391,0.015
2.0,20.181,26.67934953752923,0.03748217319141619,0.00019418953126903608,1.0,20.670885121695676,0.048377222074076714,0.015
3.0,20.181,26.103471888747862,0.03830908027338153,0.00013900999271045753,1.0,20.165833946756855,0.04958882447610473,0.015
4.0,20.181,25.31474289994983,0.03950267257116729,9.171230936032557e-05,1.0,19.6963886343301,0.050770728510963474,0.015
5.0,20.181,24.254995696056042,0.04122861997302287,5.6178057430216524e-05,1.0,19.326586321784937,0.05174219509592336,0.015
6.0,20.181,22.874251084944135,0.043717278274443765,3.7069159206083355e-05,1.5,19.140690867422816,0.052244718172737736,0.015
7.5,20.181,20.922325780097918,0.04779583352780199,2.5836316053816454e-05,1.5,19.08646087355377,0.05239316008478039,0.015
9.0,20.181,18.448917579951967,0.054203722016010196,1.645692807480465e-05,1.5,19.133849365747285,0.05226339880098373,0.015
10.5,20.181,15.712335693736799,0.06364426139384335,9.723724709682401e-06,1.5,19.314385477918616,0.051774880497402365,0.015
12.0,20.181,13.15566227482987,0.07601289688876055,6.207422931972758e-06,1.5,19.575058541321493,0.05108541555005184,0.015
13.5,20.181,11.346010975013812,0.08813670304058406,4.230139352310165e-06,1.5,19.856991738834413,0.050360095484367616,0.015
15.0,20.181,10.936795078261595,0.09143446437865874,2.631759990964291e-06,1.5,20.26893697081073,0.0493365785013836,0.015
16.5,20.181,12.880648389310913,0.07763584330349832,1.5132669357391269e-06,1.5,20.83808903338489,0.04798904536773459,0.015
18.0,20.181,19.16330115402951,0.05218307597225897,9.54726886766748e-07,1.5,21.353914563947548,0.046829821155523865,0.015
19.5,20.181,34.37641014371008,0.0290897157620448,6.432490976652494e-07,nan,21.831379163633137,0.045805626502324094,0.015
nan,nan,nan,nan,3.9619868218102926e-07,nan,22.446384191607702,0.04455060518717674,0.015
nan,nan,nan,nan,2.2682596184719766e-07,nan,23.171938396016145,0.043155647270835394,0.015
nan,nan,nan,nan,1.4272112114578444e-07,nan,23.80425065456351,0.042009303905909345,0.015
Name:	100.0_8_210_0.015
Lambda:	100.0	Maximal Depth:	20	Filter time:	8.0 to 210.0 [us]
Chi2:	8.250318862868607	RelRMS:	4.30850524445014	AbsRMS:	4.946550196790267e-06	Phi model:	0.5794339455508758
depth_vector,start_model,resistivity_model,conductivity_model,E/I[V/A],modelled_thickness,rhoa,sigma,rel_err
0.0,20.181,28.35803187202139,0.03526337809735733,0.0004648206040129624,1.0,22.028905521713213,0.045394901667462816,0.015
1.0,20.181,28.037304576163166,0.03566676665667008,0.00028865134981198457,1.0,21.26275221960049,0.04703060025682739,0.015
2.0,20.181,27.443219912175458,0.036438872814495794,0.00019451374859399997,1.0,20.64790912027453,0.04843105392294095,0.015
3.0,20.181,26.595035720985308,0.0376010023258187,0.00013921084545654347,1.0,20.14643249992646,0.04963657957822808,0.015
4.0,20.181,25.486669289796506,0.03923619789739832,9.180145353870514e-05,1.0,19.68363573044428,0.050803622546891594,0.015
5.0,20.181,24.102087724154355,0.04149018174047352,5.6192341846031307e-05,1.0,19.323310896890845,0.051750965729216815,0.015
6.0,20.181,22.435657817354365,0.044571904605644454,3.705518075906117e-05,1.5,19.14550423510292,0.052231583337800994,0.015
7.5,20.181,20.304384004695773,0.04925044757667758,2.5815173657185e-05,1.5,19.096880545584693,0.0523645732407959,0.015
9.0,20.181,17.81288439708654,0.0561391393840494,1.643670527158212e-05,1.5,19.149540294988565,0.052220574728976656,0.015
10.5,20.181,15.221945318979055,0.06569462568973876,9.70889865155452e-06,1.5,19.334043277156137,0.051722238626699245,0.015
12.0,20.181,12.927194032578381,0.07735630775556217,6.1974504678415894e-06,1.5,19.596052040108223,0.05103068709724029,0.015
13.5,20.181,11.42406922520913,0.08753448357905008,4.223570876486838e-06,1.5,19.87757406753704,0.05030794988374084,0.015
15.0,20.181,11.30188494283388,0.08848081581595503,2.6281980233029517e-06,1.5,20.28724634708607,0.04929205190746025,0.015
16.5,20.181,13.456599553262802,0.07431297899903186,1.511837710123442e-06,1.5,20.851219913731317,0.0479588246700838,0.015
18.0,20.181,19.703770989478702,0.050751706388283434,9.542750761413797e-07,1.5,21.36065417504259,0.04681504563509025,0.015
19.5,20.181,34.012272008061004,0.02940115261229821,6.432534191267203e-07,nan,21.831281386130275,0.045805831655640436,0.015
nan,nan,nan,nan,3.964674791496576e-07,nan,22.436237580485326,0.04457075284626972,0.015
nan,nan,nan,nan,2.2717427984313667e-07,nan,23.148246549964053,0.04319981635937573,0.015
nan,nan,nan,nan,1.4304916042492263e-07,nan,23.767844910158324,0.042073650504703616,0.015
