Name:	10.0_8_210_0.025
Lambda:	10	Maximal Depth:	20	Filter time:	8 to 210 [us]
Chi2:	0.5343736838664288	RelRMS:	4.845750240348703	AbsRMS:	2.110266110477062e-07	Phi model:	0.107511604673815
depth_vector,start_model,resistivity_model,conductivity_model,E/I[V/A],modelled_thickness,rhoa,sigma
0.0,16.7903,15.63342516393824,0.0639655091263499,0.0001573539940725,1.0,16.76629332004446,0.0596434752101395
1.0,16.7903,15.932894873716943,0.0627632334190323,9.203068697591692e-05,1.0,16.842989208613798,0.0593718839105224
2.0,16.7903,16.500999995227392,0.0606023877516048,5.927439161282836e-05,1.0,16.856624732709907,0.0593238572879612
3.0,16.7903,17.261744598375078,0.0579315719973133,4.120106064453045e-05,1.0,16.770538545366243,0.059628377305528
4.0,16.7903,18.0899012074568,0.0552794616472417,2.64197007381219e-05,1.0,16.693939477364186,0.0599019782811558
5.0,16.7903,18.81248130437758,0.0531561990053542,1.5845069565650686e-05,1.0,16.612791026599233,0.0601945812957539
6.0,16.7903,19.253827689169903,0.051937724599171,1.0381535147776867e-05,1.5,16.530936339190248,0.0604926411596709
7.5,16.7903,19.0116927497139,0.0525992089796974,7.230830094420093e-06,1.5,16.491472456101338,0.0606373992778328
9.0,16.7903,18.023723003746504,0.0554824327799608,4.633733905360285e-06,1.5,16.465940578304476,0.0607314228570459
10.5,16.7903,16.521180295190206,0.0605283631152629,2.77876803722475e-06,1.5,16.45786672858955,0.060761216291955
12.0,16.7903,14.909985034531262,0.0670691484722498,1.8053684161241576e-06,1.5,16.48563979085145,0.0606588529584966
13.5,16.7903,13.60203425537054,0.0735184150565689,1.252999657641874e-06,1.5,16.520442515148613,0.0605310662279801
15.0,16.7903,12.932974537748832,0.0773217326827014,7.995176312713378e-07,1.5,16.581183861487123,0.0603093246147933
16.5,16.7903,13.204067113778692,0.0757342409261523,4.751458495184187e-07,1.5,16.675903151427693,0.0599667670721861
18.0,16.7903,14.843128657371931,0.0673712411367763,3.086505054459316e-07,1.5,16.759382545910718,0.0596680693492493
19.5,16.7903,18.702438340091348,0.0534689638760287,2.1335582581219149e-07,nan,16.84366900271693,0.0593694877190175
nan,nan,nan,nan,1.357215863737397e-07,nan,16.949681086051548,0.0589981601968271
nan,nan,nan,nan,8.061390744024372e-08,nan,17.07352903042979,0.0585701994132391
nan,nan,nan,nan,5.2277315886611935e-08,nan,17.190040473185483,0.058173219636096
Name:	12.742749857031335_8_210_0.025
Lambda:	12.742749857031336	Maximal Depth:	20	Filter time:	8 to 210 [us]
Chi2:	0.4961497797030149	RelRMS:	4.766568604706402	AbsRMS:	2.0598856549715825e-07	Phi model:	0.0941146438199645
depth_vector,start_model,resistivity_model,conductivity_model,E/I[V/A],modelled_thickness,rhoa,sigma
0.0,16.7903,15.932828922809184,0.0627634932154713,0.0001565300089417,1.0,16.825081127272696,0.0594350774558254
1.0,16.7903,16.20149660230846,0.0617226929429171,9.172171015069123e-05,1.0,16.880793242211723,0.0592389223451551
2.0,16.7903,16.706627973087247,0.0598564834035271,5.914235278513659e-05,1.0,16.881704352820805,0.0592357252028825
3.0,16.7903,17.371587704475825,0.0575652621402215,4.113060519965286e-05,1.0,16.789684688425062,0.0595603799926872
4.0,16.7903,18.07941561545681,0.0553115223008126,2.6385070648036943e-05,1.0,16.708543348076006,0.0598496217873564
5.0,16.7903,18.67838031607652,0.0535378326748865,1.5826788323350053e-05,1.0,16.625581325129883,0.0601482727397015
6.0,16.7903,18.997570446878367,0.0526383098721088,1.0368758619107186e-05,1.5,16.54451331839608,0.0604429988815739
7.5,16.7903,18.6945725592076,0.0534914610554961,7.221167632520337e-06,1.5,16.50618039225643,0.0605833679407218
9.0,16.7903,17.729400030824507,0.0564034878936337,4.626821900382122e-06,1.5,16.482335466928074,0.0606710136440619
10.5,16.7903,16.324015116687058,0.061259438493031,2.7740923806581697e-06,1.5,16.476354392709897,0.0606930378022494
12.0,16.7903,14.846813017081145,0.0673545224048762,1.802087373028484e-06,1.5,16.505643887263307,0.0605853371628632
13.5,16.7903,13.670461206239874,0.0731504215485832,1.2506144229057043e-06,1.5,16.54144158958743,0.060454223084733
15.0,16.7903,13.10220544985206,0.0763230285029068,7.979341288220715e-07,1.5,16.603113548546844,0.0602296669884259
16.5,16.7903,13.427284161533176,0.0744752243245752,4.741837355489294e-07,1.5,16.698452355461416,0.0598857893362158
18.0,16.7903,15.0421894844554,0.0664796837610242,3.08025354831686e-07,1.5,16.782050804340308,0.0595874730483697
19.5,16.7903,18.70194019329926,0.0534703880808201,2.129277148748202e-07,nan,16.8662386173325,0.0592900422369428
nan,nan,nan,nan,1.354554428733653e-07,nan,16.97187569817419,0.0589210065984385
nan,nan,nan,nan,8.04620164553035e-08,nan,17.095009144264374,0.0584966051530609
nan,nan,nan,nan,5.218288341002187e-08,nan,17.210772799995766,0.0581031433986651
Name:	16.237767391887218_8_210_0.025
Lambda:	16.237767391887218	Maximal Depth:	20	Filter time:	8 to 210 [us]
Chi2:	0.4739600311976233	RelRMS:	4.695736198123585	AbsRMS:	3.623958121470594e-07	Phi model:	0.0822513562371696
depth_vector,start_model,resistivity_model,conductivity_model,E/I[V/A],modelled_thickness,rhoa,sigma
0.0,16.7903,16.26172362132158,0.061494096400018,0.0001556641921904,1.0,16.887411737557464,0.0592157054935782
1.0,16.7903,16.496086199953957,0.0606204397745442,9.13996912454282e-05,1.0,16.92041954362702,0.0591001894144311
2.0,16.7903,16.931561457081415,0.0590612981876968,5.900793908499962e-05,1.0,16.907331093672482,0.0591459405662344
3.0,16.7903,17.494984313541888,0.0571592395899409,4.106161861235517e-05,1.0,16.808484709814888,0.059493762660002
4.0,16.7903,18.07498278418348,0.0553250872733915,2.6353636835954173e-05,1.0,16.72182700124946,0.0598020778426472
5.0,16.7903,18.52894260668215,0.0539696204595812,1.5811694526879426e-05,1.0,16.63616012941516,0.0601100249228699
6.0,16.7903,18.729922022679947,0.053390505245516,1.0358546148911206e-05,1.5,16.55538566772354,0.0604033044032072
7.5,16.7903,18.370584158372296,0.0544348503770499,7.2134853193527505e-06,1.5,16.51789762686619,0.060540392160653
9.0,16.7903,17.432379371413198,0.057364515691981,4.621254767212149e-06,1.5,16.495570103771897,0.0606223364035983
10.5,16.7903,16.121568594072073,0.0620287036068997,2.7702160125863003e-06,1.5,16.491721071187296,0.0606364851602481
12.0,16.7903,14.774887218987498,0.067682411728658,1.79929616298037e-06,1.5,16.52270938090817,0.06052276154875
13.5,16.7903,13.729329763866543,0.0728367675042553,1.248540670536617e-06,1.5,16.559752761801455,0.060387375003974
15.0,16.7903,13.266194289091231,0.0753795684133993,7.965198973513062e-07,1.5,16.62276043402373,0.0601584799329228
16.5,16.7903,13.64855798597774,0.0732678134222956,4.732973598759291e-07,1.5,16.719294060492597,0.0598111377419326
18.0,16.7903,15.241516604519878,0.065610268711937,3.0743436468150285e-07,1.5,16.803551007216875,0.0595112306660964
19.5,16.7903,18.712778786730706,0.0534394175978344,2.1251373270803378e-07,nan,16.88813542033908,0.0592131680088056
nan,nan,nan,nan,1.3519063368231328e-07,nan,16.99403128986524,0.0588441896418286
nan,nan,nan,nan,8.030562080171655e-08,nan,17.117197031389278,0.0584207798838918
nan,nan,nan,nan,5.208267760871412e-08,nan,17.232841131990984,0.0580287366627899
Name:	20.6913808111479_8_210_0.025
Lambda:	20.6913808111479	Maximal Depth:	20	Filter time:	8 to 210 [us]
Chi2:	0.4636056505241356	RelRMS:	4.686111829901887	AbsRMS:	4.275589981946e-07	Phi model:	0.0629266883637661
depth_vector,start_model,resistivity_model,conductivity_model,E/I[V/A],modelled_thickness,rhoa,sigma
0.0,16.7903,16.631709132843376,0.0601261116348683,0.0001553552979379,1.0,16.909789248447055,0.0591373425953157
1.0,16.7903,16.8129607564549,0.0594779238758453,9.135184329835328e-05,1.0,16.926327373182726,0.0590795615583066
2.0,16.7903,17.14614367222499,0.0583221521478265,5.900946220424424e-05,1.0,16.907040157369664,0.059146958349425
3.0,16.7903,17.567731672249046,0.0569225451900346,4.105922721743777e-05,1.0,16.809137349711847,0.0594914527256892
4.0,16.7903,17.98284283148586,0.0556085603022185,2.634313105874325e-05,1.0,16.72627253998658,0.0597861835390613
5.0,16.7903,18.27473811650675,0.0547203463942799,1.5795559709285532e-05,1.0,16.647487183222733,0.0600691256880975
6.0,16.7903,18.34764224901372,0.0545029157658529,1.0341730952482949e-05,1.5,16.573326357292046,0.060337917593713
7.5,16.7903,17.957266193088692,0.0556877638972058,7.198527000634481e-06,1.5,16.54077216637479,0.0604566697335247
9.0,16.7903,17.105182261369354,0.0584618149470653,4.609674968006279e-06,1.5,16.52318383738691,0.0605210236623589
10.5,16.7903,15.968659953997422,0.0626226623198693,2.762386890384658e-06,1.5,16.522866789659247,0.0605221849652534
12.0,16.7903,14.82684209868815,0.0674452451401285,1.7940206827330098e-06,1.5,16.555084542096264,0.060404403097864
13.5,16.7903,13.962733345918265,0.0716192148933597,1.2449176376920118e-06,1.5,16.591865978509656,0.0602704964767214
15.0,16.7903,13.621758295779902,0.0734119618250608,7.943340498516224e-07,1.5,16.653241460098666,0.0600483697060425
16.5,16.7903,14.038009056837767,0.0712351727336228,4.721557214357544e-07,1.5,16.746233908502195,0.0597149189163237
18.0,16.7903,15.52215271999422,0.0644240536760014,3.068082796700935e-07,1.5,16.826403229680462,0.0594304074584447
19.5,16.7903,18.60057742856161,0.0537617718503984,2.121604094195117e-07,nan,16.906880094374092,0.0591475183131368
nan,nan,nan,nan,1.3503462675230802e-07,nan,17.007117693380085,0.0587989110223682
nan,nan,nan,nan,8.026349275514024e-08,nan,17.12318606394257,0.0584003465398163
nan,nan,nan,nan,5.2083698368909273e-08,nan,17.23261597317563,0.0580294948576933
Name:	26.366508987303583_8_210_0.025
Lambda:	26.366508987303583	Maximal Depth:	20	Filter time:	8 to 210 [us]
Chi2:	0.4656332617907022	RelRMS:	4.695785249066608	AbsRMS:	4.713503907788395e-07	Phi model:	0.048073140842731
depth_vector,start_model,resistivity_model,conductivity_model,E/I[V/A],modelled_thickness,rhoa,sigma
0.0,16.7903,16.972982783995413,0.0589171633958731,0.0001551519230837,1.0,16.92456304767223,0.0590857203925
1.0,16.7903,17.104214381749753,0.0584651231375469,9.134724552044636e-05,1.0,16.92689533660454,0.0590775792083674
2.0,16.7903,17.341684357412543,0.0576645255091705,5.903312933140696e-05,1.0,16.902521024744964,0.0591627721412693
3.0,16.7903,17.632184523916376,0.0567144699877428,4.107148949229729e-05,1.0,16.805791500435166,0.0595032968232472
4.0,16.7903,17.897780692821524,0.0558728491069891,2.634230225854933e-05,1.0,16.726623374045463,0.0597849295484042
5.0,16.7903,18.04538921761356,0.0554158177438439,1.578597201948177e-05,1.0,16.654227124673522,0.0600448158004572
6.0,16.7903,18.00371131158252,0.055544103251459,1.032978275828866e-05,1.5,16.586103855241046,0.0602914348497829
7.5,16.7903,17.588616980541623,0.0568549534682746,7.187276790214281e-06,1.5,16.558028461506964,0.0603936635526829
9.0,16.7903,16.817478222352403,0.0594619470754469,4.600679018879859e-06,1.5,16.544715923047566,0.060442258703696
10.5,16.7903,15.840362452794404,0.0631298685860303,2.7562083370911844e-06,1.5,16.54755029133308,0.0604319057742195
12.0,16.7903,14.884644494420131,0.0671833311420285,1.7898451259746729e-06,1.5,16.580822279284355,0.060310639795553
13.5,16.7903,14.18528810653509,0.0704955720666191,1.242059661220566e-06,1.5,16.61730812508035,0.060178218546162
15.0,16.7903,13.954086984107814,0.0716635922607398,7.926282356677006e-07,1.5,16.677125844324177,0.0599623705748035
16.5,16.7903,14.396817504761168,0.0694597955186478,4.712866384797746e-07,1.5,16.766815009819542,0.0596416194378208
18.0,16.7903,15.774106997868117,0.0633950308651482,3.063492147296744e-07,1.5,16.84320863461043,0.0593711104394408
19.5,16.7903,18.4955990239906,0.0540669160648921,2.119154500530189e-07,nan,16.919906362368113,0.0591019819249188
nan,nan,nan,nan,1.3494130102168253e-07,nan,17.014958232323945,0.058771816324548
nan,nan,nan,nan,8.025393584676334e-08,nan,17.124545427990245,0.0583957106601784
nan,nan,nan,nan,5.210320884478001e-08,nan,17.22831377461937,0.0580439857946627
Name:	33.59818286283781_8_210_0.025
Lambda:	33.59818286283781	Maximal Depth:	20	Filter time:	8 to 210 [us]
Chi2:	0.4740989446399782	RelRMS:	4.718185534917829	AbsRMS:	4.959624679085499e-07	Phi model:	0.0369812532755702
depth_vector,start_model,resistivity_model,conductivity_model,E/I[V/A],modelled_thickness,rhoa,sigma
0.0,16.7903,17.276906219924633,0.0578807332325939,0.0001550385094407,1.0,16.9328158033345,0.059056923054881
1.0,16.7903,17.363359216847336,0.057592542290418,9.137583695084072e-05,1.0,16.923364210593263,0.0590899059759078
2.0,16.7903,17.514905596501166,0.057094227227794,5.907221331034899e-05,1.0,16.89506471990852,0.0591888824682415
3.0,16.7903,17.68776791702795,0.0565362461047051,4.109371943616942e-05,1.0,16.79973014446039,0.0595247656599855
4.0,16.7903,17.81984403705526,0.0561172139285036,2.63481418682176e-05,1.0,16.72415183834263,0.0597937647102288
5.0,16.7903,17.84014153883768,0.056053366943475,1.578113380474701e-05,1.0,16.657630877170927,0.060032546487177
6.0,16.7903,17.702654900343397,0.0564887021539691,1.0321537280328295e-05,1.5,16.594936011910026,0.060259346542964
7.5,16.7903,17.27110599213371,0.0579001715614193,7.178933273455726e-06,1.5,16.570855384943066,0.0603469149159698
9.0,16.7903,16.573510731147447,0.0603372463578672,4.593762771630744e-06,1.5,16.561317948844234,0.0603816678774521
10.5,16.7903,15.736337343647094,0.0635471887874664,2.751386828744398e-06,1.5,16.566876513043074,0.0603614084533497
12.0,16.7903,14.944348673681189,0.0669149269623989,1.78658437103831e-06,1.5,16.600990956462148,0.0602373679151205
13.5,16.7903,14.391364207491048,0.0694861158109997,1.2398418297006908e-06,1.5,16.637118937526854,0.0601065607425808
15.0,16.7903,14.257719377163689,0.0701374443939246,7.913257919332138e-07,1.5,16.695420091102566,0.0598966659445081
16.5,16.7903,14.720771428165214,0.0679312225503822,4.706467700215176e-07,1.5,16.78200846588518,0.0595876233785021
18.0,16.7903,15.995904941916214,0.0625160004158043,3.060302384861869e-07,1.5,16.854910420610867,0.05932989111453
19.5,16.7903,18.39797890417301,0.0543537964256052,2.117609734465509e-07,nan,16.928133915655557,0.0590732566851432
nan,nan,nan,nan,1.348998507180687e-07,nan,17.018443479924994,0.0587597803042095
nan,nan,nan,nan,8.027090999669568e-08,nan,17.122131229646392,0.0584039443798055
nan,nan,nan,nan,5.2137488946065474e-08,nan,17.220761268222564,0.0580694421358304
Name:	42.81332398719393_8_210_0.025
Lambda:	42.81332398719393	Maximal Depth:	20	Filter time:	8 to 210 [us]
Chi2:	0.4854791543985003	RelRMS:	4.748828109227018	AbsRMS:	5.050673789660242e-07	Phi model:	0.0288598715789309
depth_vector,start_model,resistivity_model,conductivity_model,E/I[V/A],modelled_thickness,rhoa,sigma
0.0,16.7903,17.539424506124274,0.057014413423361,0.0001549979436271,1.0,16.935770094106225,0.0590466211127894
1.0,16.7903,17.586646915504822,0.0568613223887707,9.142761722507234e-05,1.0,16.916973879074607,0.0591122269945067
2.0,16.7903,17.662672696187315,0.0566165731087719,5.912024018664858e-05,1.0,16.88591357211346,0.0592209592764627
3.0,16.7903,17.73150540888006,0.0563967907371921,4.112136281600955e-05,1.0,16.792200345887252,0.0595514571885702
4.0,16.7903,17.74542959630984,0.0563525382449997,2.6357651366560223e-05,1.0,16.720129025215396,0.0598081509115099
5.0,16.7903,17.66380953315014,0.056612929284777,1.577918102999746e-05,1.0,16.659005174523127,0.0600275940564155
6.0,16.7903,17.448815752343492,0.0573104796447686,1.0315743282199033e-05,1.5,16.601149300152205,0.0602367933641095
7.5,16.7903,17.006120936155234,0.0588023573250021,7.172612980201861e-06,1.5,16.580588452524022,0.0603114903227558
9.0,16.7903,16.371555641445763,0.0610815503365134,4.588357137099445e-06,1.5,16.57432287417929,0.0603342898283871
10.5,16.7903,15.653724794080723,0.0638825591451651,2.7475850241968933e-06,1.5,16.582155266270604,0.0603057916140779
12.0,16.7903,15.003095501333084,0.0666529117215274,1.7840243124144912e-06,1.5,16.616868674361672,0.0601798100229864
13.5,16.7903,14.578579299271311,0.0685937895230973,1.238119876274423e-06,1.5,16.65254108849042,0.0600508952168963
15.0,16.7903,14.530803356687514,0.0688193195828894,7.903389711646226e-07,1.5,16.709314518049403,0.0598468596015593
16.5,16.7903,15.00929520823852,0.0666253802144623,4.701875487774475e-07,1.5,16.79293375287599,0.0595488563651802
18.0,16.7903,16.18848645583042,0.0617722974120191,3.05821967737557e-07,1.5,16.862561901673033,0.0593029698471134
19.5,16.7903,18.30691221142239,0.0546241762920598,2.116780370466818e-07,nan,16.932555305925042,0.0590578316109252
nan,nan,nan,nan,1.3489933378637653e-07,nan,17.018486956132627,0.0587596301937787
nan,nan,nan,nan,8.030868568399398e-08,nan,17.116761524095786,0.0584222663026688
nan,nan,nan,nan,5.21832382373447e-08,nan,17.21069478184839,0.0581034067871955
Name:	54.5559478116852_8_210_0.025
Lambda:	54.5559478116852	Maximal Depth:	20	Filter time:	8 to 210 [us]
Chi2:	0.4977397441866358	RelRMS:	4.784781170714282	AbsRMS:	5.019287722530365e-07	Phi model:	0.0230004205623072
depth_vector,start_model,resistivity_model,conductivity_model,E/I[V/A],modelled_thickness,rhoa,sigma
0.0,16.7903,17.759782653325907,0.056306995390663,0.0001550159109035,1.0,16.934461430412565,0.0590511841258855
1.0,16.7903,17.77148076301835,0.0562699312080372,9.14940794436048e-05,1.0,16.908780447050777,0.0591408708115563
2.0,16.7903,17.780833111503316,0.0562403343942894,5.917148143407234e-05,1.0,16.87616360265116,0.0592551733643364
3.0,16.7903,17.76174000797028,0.0563007903252309,4.115021547123279e-05,1.0,16.784350144743478,0.0595793099748446
4.0,16.7903,17.681184920322753,0.0565572954814018,2.6367949644411576e-05,1.0,16.71577526121988,0.0598237284465035
5.0,16.7903,17.514357477946618,0.0570960140135977,1.5778269002318647e-05,1.0,16.659647126119186,0.0600252809936285
6.0,16.7903,17.2384922961289,0.0580097135423242,1.0311145545451447e-05,1.5,16.606083898515326,0.0602188936362898
7.5,16.7903,16.790014804512996,0.0595592089490718,7.167425490286328e-06,1.5,16.58858772307184,0.0602824072002931
9.0,16.7903,16.210527919293565,0.0616883055862611,4.58388911631941e-06,1.5,16.58509137110786,0.0602951155121192
10.5,16.7903,15.593685915265269,0.0641285200583052,2.744465473881071e-06,1.5,16.594718507544396,0.0602601363527422
12.0,16.7903,15.062893426387902,0.0663883074581243,1.7819527515596572e-06,1.5,16.629744507172944,0.0601332148890602
13.5,16.7903,14.747681508976596,0.0678072685114146,1.2367522754535935e-06,1.5,16.664815081766154,0.0600066664462513
15.0,16.7903,14.7724224050117,0.0676937047007767,7.895829776411897e-07,1.5,16.719978475251654,0.0598086894358247
16.5,16.7903,15.260343059852431,0.0655293263118601,4.69863030500145e-07,1.5,16.80066506528106,0.0595214532349985
18.0,16.7903,16.35044034960542,0.0611604322952765,3.0569719217105986e-07,1.5,16.867150086017222,0.0592868383159164
19.5,16.7903,18.221267608560623,0.0548809238458352,2.11649473236775e-07,nan,16.934078728608526,0.0590525186534413
nan,nan,nan,nan,1.349301422403667e-07,nan,17.01589631568053,0.0587685762447011
nan,nan,nan,nan,8.036245907395324e-08,nan,17.10912504821082,0.0584483424594862
nan,nan,nan,nan,5.2237824955015815e-08,nan,17.198702972800827,0.0581439194328471
Name:	69.51927961775606_8_210_0.025
Lambda:	69.51927961775606	Maximal Depth:	20	Filter time:	8 to 210 [us]
Chi2:	0.5099979904645946	RelRMS:	4.824568985802034	AbsRMS:	4.893936913744448e-07	Phi model:	0.0187522850176389
depth_vector,start_model,resistivity_model,conductivity_model,E/I[V/A],modelled_thickness,rhoa,sigma
0.0,16.7903,17.934778371600682,0.0557575889303141,0.0001550800674709,1.0,16.92979058797878,0.0590674760448639
1.0,16.7903,17.916866601841786,0.0558133306577838,9.156901115261996e-05,1.0,16.899554788259266,0.0591731564842605
2.0,16.7903,17.871388994490857,0.0559553597265588,5.922206111574559e-05,1.0,16.86655330408892,0.0592889360363609
3.0,16.7903,17.781591244255615,0.0562379365414246,4.117742622640823e-05,1.0,16.776955070952656,0.0596055717960038
4.0,16.7903,17.627034001606756,0.0567310416436961,2.6377017110489283e-05,1.0,16.711944188386813,0.0598374425337599
5.0,16.7903,17.39236900962772,0.057496480177395,1.5777026441616994e-05,1.0,16.66052183049547,0.0600221295691709
6.0,16.7903,17.06889863232883,0.0585860881560325,1.0306761439191676e-05,1.5,16.61079263116058,0.0602018231281797
7.5,16.7903,16.617858310086056,0.0601762261622521,7.162647509144901e-06,1.5,16.595964059809074,0.0602556137381454
9.0,16.7903,16.08538689502557,0.062168228002601,4.5798761936591554e-06,1.5,16.594777946416382,0.0602599205140885
10.5,16.7903,15.553500718198867,0.0642942073375107,2.741735409624655e-06,1.5,16.605732731692854,0.0602201671047885
12.0,16.7903,15.1237312796261,0.0661212488843376,1.7801827436509123e-06,1.5,16.64076581151203,0.0600933882086245
13.5,16.7903,14.900897060321691,0.0671100535727351,1.235613648656801e-06,1.5,16.67505134073602,0.0599698303511107
15.0,16.7903,14.985726592102356,0.0667301644570915,7.889828115534911e-07,1.5,16.72845647345212,0.0597783783331707
16.5,16.7903,15.477459905073353,0.0646100849967125,4.696331942335183e-07,1.5,16.806146062355214,0.0595020414727884
18.0,16.7903,16.48460034483659,0.060662677837575,3.0563281663264654e-07,1.5,16.8695184917088,0.0592785147063616
19.5,16.7903,18.139166554139987,0.0551293245483632,2.1166119750744797e-07,nan,16.933453384716486,0.0590546994331683
nan,nan,nan,nan,1.349848706138753e-07,nan,17.0112967124598,0.0587844663991756
nan,nan,nan,nan,8.042893251053e-08,nan,17.099696773901186,0.0584805691716284
nan,nan,nan,nan,5.229971309013668e-08,nan,17.185132398840118,0.0581898339094258
Name:	88.58667904100822_8_210_0.025
Lambda:	88.58667904100822	Maximal Depth:	20	Filter time:	8 to 210 [us]
Chi2:	0.521802346210811	RelRMS:	4.8675400295323845	AbsRMS:	4.690516580391478e-07	Phi model:	0.0156370998539886
depth_vector,start_model,resistivity_model,conductivity_model,E/I[V/A],modelled_thickness,rhoa,sigma
0.0,16.7903,18.065782802702184,0.0553532615177032,0.0001551834224269,1.0,16.922272722895606,0.0590937172787088
1.0,16.7903,18.025744807686845,0.0554762097582543,9.164831063021168e-05,1.0,16.88980505990026,0.0592073144985076
2.0,16.7903,17.937637611875914,0.0557487012301961,5.926902533424717e-05,1.0,16.857642194796632,0.0593202767293676
3.0,16.7903,17.79057238706729,0.056209546171035,4.120062956085273e-05,1.0,16.770655525663283,0.0596279613799085
4.0,16.7903,17.577611041012997,0.056890552286471,2.638308493226238e-05,1.0,16.709381713566653,0.059846618931931
5.0,16.7903,17.2918788533482,0.05783061565958,1.5774233992061145e-05,1.0,16.66248800285255,0.0600150469623026
6.0,16.7903,16.934759346847756,0.0590501452969357,1.0301724971794752e-05,1.5,16.616206151739153,0.0601822095169019
7.5,16.7903,16.486626205619512,0.0606552236660249,7.1576500933116745e-06,1.5,16.603687943531174,0.0602275833779206
9.0,16.7903,15.9961344906354,0.0625151032948259,4.575907364613751e-06,1.5,16.604372010057595,0.0602251021233612
10.5,16.7903,15.535642549820947,0.0643681133106094,2.739151911714305e-06,1.5,16.616172492169955,0.0601823314286867
12.0,16.7903,15.188747027971704,0.0658382154998297,1.7785627650240165e-06,1.5,16.650868948268762,0.0600569257440449
13.5,16.7903,15.040357056082785,0.0664877832534945,1.2346044756859318e-06,1.5,16.684136960037417,0.0599371728004417
15.0,16.7903,15.171280526558675,0.0659140141960601,7.884805883188839e-07,1.5,16.735559187216037,0.0597530078806019
16.5,16.7903,15.66060044413968,0.0638545120646512,4.694683048656064e-07,1.5,16.810080999788365,0.0594881131157303
18.0,16.7903,16.591206585634094,0.0602728918381303,3.056123387080074e-07,1.5,16.870272058295875,0.0592758668351323
19.5,16.7903,18.058908055225643,0.0553743336497376,2.1170357193216522e-07,nan,16.931193717961833,0.0590625809767404
nan,nan,nan,nan,1.3505881510676626e-07,nan,17.005087039940165,0.0588059324631083
nan,nan,nan,nan,8.05063022014727e-08,nan,17.088739368763985,0.0585180672734626
nan,nan,nan,nan,5.23682669066293e-08,nan,17.170131411031196,0.0582406724830035
Name:	112.88378916846884_8_210_0.025
Lambda:	112.88378916846884	Maximal Depth:	20	Filter time:	8 to 210 [us]
Chi2:	0.5332666546717364	RelRMS:	4.913969757571098	AbsRMS:	4.421883260403151e-07	Phi model:	0.0132667510415155
depth_vector,start_model,resistivity_model,conductivity_model,E/I[V/A],modelled_thickness,rhoa,sigma
0.0,16.7903,18.15706345368481,0.0550749851456326,0.0001553206953588,1.0,16.912300614135425,0.0591285610879097
1.0,16.7903,18.098672153659766,0.0552526722131815,9.172963041348616e-05,1.0,16.879821529711535,0.05924233252347
2.0,16.7903,17.97692136512592,0.0556268773550924,5.9310875380430286e-05,1.0,16.849711371627322,0.0593481976008127
3.0,16.7903,17.78908956811473,0.0562142315474315,4.1218588948251744e-05,1.0,16.765783733858438,0.0596452880386679
4.0,16.7903,17.533262946882353,0.0570344494934876,2.638515643632399e-05,1.0,16.70850713079116,0.0598497515171272
5.0,16.7903,17.212050297527096,0.0580988309186891,1.5769136082193773e-05,1.0,16.66607895357161,0.0600021158417526
6.0,16.7903,16.833520256313264,0.0594052809378928,1.0295461262279078e-05,1.5,16.622944948914057,0.0601578121730667
7.5,16.7903,16.39272571034226,0.0610026677484815,7.151996641990088e-06,1.5,16.61243662206135,0.0601958654681636
9.0,16.7903,15.93946255062984,0.0627373725320798,4.571685621775318e-06,1.5,16.61459269011798,0.0601880538783703
10.5,16.7903,15.537894304530123,0.0643587850709247,2.7365341950217607e-06,1.5,16.62676728039541,0.06014398247933
12.0,16.7903,15.25802886411092,0.0655392651898925,1.7769787248657735e-06,1.5,16.66076279322499,0.0600212614758938
13.5,16.7903,15.168332190400308,0.0659268261960189,1.233649842620838e-06,1.5,16.692742954382567,0.0599062720089065
15.0,16.7903,15.333329397597588,0.0652174080442489,7.880333266602704e-07,1.5,16.741890955030954,0.0597304093477863
16.5,16.7903,15.814302590032154,0.0632338981948091,4.693471692104568e-07,1.5,16.812973261957133,0.0594778796361205
18.0,16.7903,16.673457770793984,0.0599755619828088,3.056247541701511e-07,1.5,16.86981517200124,0.0592774722072649
19.5,16.7903,17.978393454200564,0.0556223225700044,2.1177077660906585e-07,nan,16.927611493783917,0.0590750798107113
nan,nan,nan,nan,1.351497492690318e-07,nan,16.99745838204317,0.0588323252526061
nan,nan,nan,nan,8.059429140479925e-08,nan,17.076299295836087,0.0585606976474019
nan,nan,nan,nan,5.2443879867662594e-08,nan,17.15362364875455,0.0582967203009963
Name:	143.8449888287663_8_210_0.025
Lambda:	143.8449888287663	Maximal Depth:	20	Filter time:	8 to 210 [us]
Chi2:	0.5448947579358503	RelRMS:	4.964276668005098	AbsRMS:	4.097739054847865e-07	Phi model:	0.0113611579924184
depth_vector,start_model,resistivity_model,conductivity_model,E/I[V/A],modelled_thickness,rhoa,sigma
0.0,16.7903,18.210443014762177,0.0549135459905811,0.0001554892076209,1.0,16.90007920834635,0.059171320303998
1.0,16.7903,18.13921514761426,0.0551291768614103,9.181270130149928e-05,1.0,16.869638237849976,0.059278093928317
2.0,16.7903,17.994366763011183,0.0555729475324231,5.9347630713753705e-05,1.0,16.842753714467605,0.0593727140438454
3.0,16.7903,17.777662581236928,0.0562503644914168,4.123115744874501e-05,1.0,16.76237641632977,0.0596574122405346
4.0,16.7903,17.493156925131213,0.0571652106180656,2.638294281098121e-05,1.0,16.70944172093888,0.0598464040092305
5.0,16.7903,17.14960300804636,0.0583103876824911,1.5761392020378192e-05,1.0,16.671537548387388,0.0599824699490137
6.0,16.7903,16.760084688107504,0.0596655696322091,1.0287653186131964e-05,1.5,16.63135482334166,0.060127392543903
7.5,16.7903,16.33056081550133,0.0612348841719371,7.1454198271093725e-06,1.5,16.622628714285526,0.0601589566360582
9.0,16.7903,15.911021122074162,0.0628495174714242,4.567012987533019e-06,1.5,16.625923317339492,0.0601470355007039
10.5,16.7903,15.558903746357228,0.0642718803523755,2.733753301953057e-06,1.5,16.638041018056324,0.0601032296359142
12.0,16.7903,15.333058717119632,0.0652185593526412,1.7753457789375835e-06,1.5,16.67097750036741,0.0599844850116294
13.5,16.7903,15.28875077361721,0.0654075676166841,1.2326924649445811e-06,1.5,16.70138484572856,0.0598752743701821
15.0,16.7903,15.476742022115094,0.0646130819116242,7.876071476250919e-07,1.5,16.747929836759642,0.0597088720663925
16.5,16.7903,15.94364444111629,0.0627209170207752,4.6925251802228827e-07,1.5,16.815234041020876,0.059469882938322
18.0,16.7903,16.734688439617525,0.0597561169787069,3.056608238024525e-07,1.5,16.868487992873334,0.0592821360410301
19.5,16.7903,17.89595968272217,0.0558785344697361,2.118577540759751e-07,nan,16.922978128546127,0.059091254057297
nan,nan,nan,nan,1.3525558662538646e-07,nan,16.98859022952653,0.0588630361018408
nan,nan,nan,nan,8.069248175554177e-08,nan,17.062443663372814,0.0586082521196336
nan,nan,nan,nan,5.2526737951519646e-08,nan,17.135579628009555,0.0583581076163548
Name:	183.29807108324357_8_210_0.025
Lambda:	183.2980710832436	Maximal Depth:	20	Filter time:	8 to 210 [us]
Chi2:	0.5573810324352239	RelRMS:	5.019199108497988	AbsRMS:	3.727970811861754e-07	Phi model:	0.0097434657680136
depth_vector,start_model,resistivity_model,conductivity_model,E/I[V/A],modelled_thickness,rhoa,sigma
0.0,16.7903,18.22977376321085,0.0548553159786371,0.0001556878730695,1.0,16.88569925609192,0.0592217109184404
1.0,16.7903,18.15026440928462,0.0550956160995901,9.18977684057063e-05,1.0,16.85922614052691,0.0593147035139506
2.0,16.7903,17.990968800814407,0.055583443619486,5.9379572814244295e-05,1.0,16.836713015603802,0.0593940158671842
3.0,16.7903,17.756793390504807,0.0563164743773352,4.123841488259916e-05,1.0,16.76040971599466,0.0596644125618055
4.0,16.7903,17.45614109600962,0.0572864297154767,2.6376358328598967e-05,1.0,16.712222454759985,0.059836446212166
5.0,16.7903,17.10205456357952,0.0584725066969203,1.575083431318371e-05,1.0,16.678986616409567,0.05995568094144
6.0,16.7903,16.710963429307256,0.0598409543668934,1.027812666126032e-05,1.5,16.64163001292176,0.0600902675533302
7.5,16.7903,16.29660596701076,0.0613624703219984,7.137766982736823e-06,1.5,16.634508028927332,0.0601159949101593
9.0,16.7903,15.908283994516932,0.0628603311548038,4.561774015120517e-06,1.5,16.63865025056106,0.0601010289260861
10.5,16.7903,15.597728713261445,0.0641118984938995,2.7307336849951224e-06,1.5,16.650304207344824,0.0600589627400848
12.0,16.7903,15.414772975513598,0.064872833455835,1.7736146193189524e-06,1.5,16.681823686038136,0.0599454843079867
13.5,16.7903,15.40406187362566,0.0649179423066436,1.2316995668928838e-06,1.5,16.71035919075329,0.0598431181870316
15.0,16.7903,15.605060804883726,0.0640817752973472,7.871832801743158e-07,1.5,16.753941368065078,0.0596874477492271
16.5,16.7903,16.052318527887696,0.0622962968410264,4.691753994688367e-07,1.5,16.817076608504518,0.0594633671047376
18.0,16.7903,16.77748477188407,0.0596036899211384,3.0571622916932696e-07,1.5,16.86644986533564,0.0592892996442141
19.5,16.7903,17.810334778206343,0.0561471759207834,2.1196251806836133e-07,nan,16.91740146701697,0.0591107329308021
nan,nan,nan,nan,1.3537590981242394e-07,nan,16.978522341537598,0.0588979405795238
nan,nan,nan,nan,8.080123823349867e-08,nan,17.047129807258834,0.0586609013544432
nan,nan,nan,nan,5.2617419019064043e-08,nan,17.11588628500781,0.058425253787525
Name:	233.57214690901213_8_210_0.025
Lambda:	233.57214690901213	Maximal Depth:	20	Filter time:	8 to 210 [us]
Chi2:	0.5716091487322313	RelRMS:	5.079428997501202	AbsRMS:	3.329500214072742e-07	Phi model:	0.0083041038950337
depth_vector,start_model,resistivity_model,conductivity_model,E/I[V/A],modelled_thickness,rhoa,sigma
0.0,16.7903,18.21901609742704,0.0548877060458398,0.0001559157395139,1.0,16.86924326482327,0.0592794818535374
1.0,16.7903,18.13524224150082,0.0551412540667139,9.198557834179808e-05,1.0,16.848495159788214,0.0593524816617848
2.0,16.7903,17.96903168331861,0.0556513015071558,5.940753113252762e-05,1.0,16.831430148799914,0.0594126578169176
3.0,16.7903,17.727268873197232,0.0564102686743783,4.1240936885947205e-05,1.0,16.759726410466346,0.0596668451207834
4.0,16.7903,17.421357060448944,0.0574008096229347,2.6365713298572862e-05,1.0,16.716720471781308,0.0598203458440339
5.0,16.7903,17.066963613721065,0.0585927305309331,1.5737572228079345e-05,1.0,16.6883555788319,0.0599220213924753
6.0,16.7903,16.68256244333768,0.059942829729935,1.0266900455982887e-05,1.5,16.653758848728327,0.0600465041606123
7.5,16.7903,16.28704219338113,0.0613985024491671,7.129022530051787e-06,1.5,16.6481078314436,0.0600668862866974
9.0,16.7903,15.92826280779371,0.0627814854681264,4.555939940526177e-06,1.5,16.65285155295989,0.0600497756687357
10.5,16.7903,15.65300507111655,0.0638854964562193,2.727448544657564e-06,1.5,16.663671428384404,0.0600107847959981
12.0,16.7903,15.503684984857916,0.0645007945515325,1.7717648122877288e-06,1.5,16.693432746661294,0.0599037966112752
13.5,16.7903,15.516483363691036,0.064447592702611,1.2306563424641924e-06,1.5,16.719801411303635,0.059809322814321
15.0,16.7903,15.72164242747422,0.0636065859284815,7.86752531125913e-07,1.5,16.760056027711293,0.0596656716628266
16.5,16.7903,16.14401999417687,0.0619424406288333,4.6911109205828454e-07,1.5,16.81861346968887,0.0594579334260958
18.0,16.7903,16.80454590464226,0.0595077073593372,3.057885607615972e-07,1.5,16.86379002030517,0.0592986510621829
19.5,16.7903,17.720803862152902,0.0564308486104145,2.1208388779732608e-07,nan,16.910946611379956,0.0591332953134075
nan,nan,nan,nan,1.3551040882534938e-07,nan,16.967285948009625,0.0589369450756092
nan,nan,nan,nan,8.092071465880234e-08,nan,17.030346040073628,0.0587187129167503
nan,nan,nan,nan,5.2716217971307385e-08,nan,17.09449425614568,0.0584983670774868
Name:	297.63514416313194_8_210_0.025
Lambda:	297.63514416313194	Maximal Depth:	20	Filter time:	8 to 210 [us]
Chi2:	0.5884768715722485	RelRMS:	5.145265145223743	AbsRMS:	2.933276568662401e-07	Phi model:	0.0069870964500415
depth_vector,start_model,resistivity_model,conductivity_model,E/I[V/A],modelled_thickness,rhoa,sigma
0.0,16.7903,18.18245261056844,0.054998080919994,0.0001561710753855,1.0,16.850851051867725,0.0593441836808094
1.0,16.7903,18.09798240006404,0.0552547780130707,9.207680221517488e-05,1.0,16.837365039025723,0.0593917158464044
2.0,16.7903,17.931128699505688,0.0557689377371747,5.943252099216167e-05,1.0,16.826711693295916,0.0594293179931536
3.0,16.7903,17.690165616074868,0.056528583265004,4.123956457868354e-05,1.0,16.76009821146166,0.0596655214893749
4.0,16.7903,17.3881788984055,0.0575103353745515,2.6351585731403523e-05,1.0,16.72269469781195,0.0597989748704102
5.0,16.7903,17.042166391603857,0.0586779859450655,1.572192858246757e-05,1.0,16.699423917503623,0.0598823052184358
6.0,16.7903,16.671513814173487,0.0599825553423851,1.0254151462237877e-05,1.5,16.667559743353117,0.0599967850961981
7.5,16.7903,16.29816090192272,0.0613566160021176,7.1192867677265846e-06,1.5,16.663282113832327,0.0600121868650289
9.0,16.7903,15.967861164721016,0.0626257950068713,4.549556487545776e-06,1.5,16.668424917365645,0.0599936709651654
10.5,16.7903,15.72291458213264,0.0636014394644355,2.723912734913227e-06,1.5,16.678088638236567,0.0599589090627194
12.0,16.7903,15.599684336112396,0.0641038612355159,1.7697999185942983e-06,1.5,16.70578621627777,0.0598594994006101
13.5,16.7903,15.627473989778268,0.0639898681420994,1.2295622256677226e-06,1.5,16.72971860145205,0.0597738685164259
15.0,16.7903,15.829162233743498,0.0631745373023134,7.863125191620663e-07,1.5,16.766307941858955,0.0596434231953588
16.5,16.7903,16.221950998191474,0.0616448662748079,4.690571129178482e-07,1.5,16.819903770111647,0.0594533722468117
18.0,16.7903,16.81849000501428,0.0594583699072781,3.0587580331570014e-07,1.5,16.8605832502272,0.0593099292686998
19.5,16.7903,17.627436603413102,0.0567297459351733,2.1222029795969682e-07,nan,16.903699198527633,0.059158648545231
nan,nan,nan,nan,1.356580056961145e-07,nan,16.95497669707366,0.0589797330817089
nan,nan,nan,nan,8.105024959481814e-08,nan,17.01219587745357,0.0587813593967201
nan,nan,nan,nan,5.282270869870664e-08,nan,17.071511497677132,0.0585771213132514
Name:	379.26901907322497_8_210_0.025
Lambda:	379.26901907322497	Maximal Depth:	20	Filter time:	8 to 210 [us]
Chi2:	0.6087529520130978	RelRMS:	5.2166168543941245	AbsRMS:	2.593049221209503e-07	Phi model:	0.0057734987869446
depth_vector,start_model,resistivity_model,conductivity_model,E/I[V/A],modelled_thickness,rhoa,sigma
0.0,16.7903,18.124827780302923,0.0551729380340234,0.000156451597814,1.0,16.830702305227156,0.0594152271167809
1.0,16.7903,18.04245395912131,0.0554248331333251,9.217224544618438e-05,1.0,16.82573977532339,0.0594327508539386
2.0,16.7903,17.88007704228014,0.0559281706468797,5.945591079819187e-05,1.0,16.822298346475836,0.0594449093342523
3.0,16.7903,17.646783288449964,0.0566675514542365,4.123553278468654e-05,1.0,16.76119066995854,0.0596616326185181
4.0,16.7903,17.3561890267139,0.0576163349258782,2.633491045728081e-05,1.0,16.729753163628505,0.05977374502895
5.0,16.7903,17.02565424233241,0.0587348941642201,1.5704495908682073e-05,1.0,16.711779690411248,0.0598380315277715
6.0,16.7903,16.674540063159142,0.059971669156225,1.0240251993407596e-05,1.5,16.682638659366138,0.0599425558761095
7.5,16.7903,16.32617947665211,0.0612513173354543,7.108801967998438e-06,1.5,16.67966258203304,0.0599532511573212
9.0,16.7903,16.02366567287807,0.062407692497767,4.542760575680872e-06,1.5,16.68504460929277,0.0599339122799256
10.5,16.7903,15.80508886576017,0.0632707609867591,2.7201927094198653e-06,1.5,16.69329069409538,0.0599043063662524
12.0,16.7903,15.701824732061985,0.0636868655117562,1.7677539108055884e-06,1.5,16.71867397496056,0.0598133561009499
13.5,16.7903,15.73761199303237,0.0635420418576044,1.2284353200810966e-06,1.5,16.73994838008828,0.0597373407190116
15.0,16.7903,15.929482188517936,0.0627766796287205,7.858704827535208e-07,1.5,16.772594494242224,0.0596210681861583
16.5,16.7903,16.28875313883461,0.0613920532453686,4.690148749008541e-07,1.5,16.82091358700858,0.059449803057804
18.0,16.7903,16.821844428789603,0.0594465133852122,3.059774065576054e-07,1.5,16.856850545993968,0.0593230625893904
19.5,16.7903,17.531021797808254,0.0570417407230091,2.1237053539779322e-07,nan,16.89572612768871,0.0591865654333257
nan,nan,nan,nan,1.358173200674428e-07,nan,16.941715257326383,0.0590259005544054
nan,nan,nan,nan,8.11886403772833e-08,nan,16.992858193065224,0.0588482519325736
nan,nan,nan,nan,5.2935920188919726e-08,nan,17.047162803409705,0.0586607878115638
Name:	483.2930238571752_8_210_0.025
Lambda:	483.2930238571752	Maximal Depth:	20	Filter time:	8 to 210 [us]
Chi2:	0.6328286128484437	RelRMS:	5.292444498557304	AbsRMS:	2.39017990473781e-07	Phi model:	0.0046677620174465
depth_vector,start_model,resistivity_model,conductivity_model,E/I[V/A],modelled_thickness,rhoa,sigma
0.0,16.7903,18.0512166544181,0.0553979279704255,0.0001567521405933,1.0,16.80918228509819,0.0594912936893145
1.0,16.7903,17.973030364851866,0.0556389200763608,9.227148473368442e-05,1.0,16.813673397605147,0.05947540292667
2.0,16.7903,17.819191061618028,0.056119270316034,5.947854621827023e-05,1.0,16.81803009660616,0.059459995864902
3.0,16.7903,17.598752431066618,0.0568222096376971,4.122986307333544e-05,1.0,16.762727241236735,0.0596561636784242
4.0,16.7903,17.325312153255744,0.0577190177674277,2.6316591280318937e-05,1.0,16.73751606776852,0.0597460218082002
5.0,16.7903,17.01569693387723,0.0587692648667866,1.5685904700194107e-05,1.0,16.724981812346233,0.0597907974561627
6.0,16.7903,16.68857668883568,0.0599212274746581,1.0225618348330089e-05,1.5,16.698550956903517,0.0598854357231865
7.5,16.7903,16.367368134111782,0.0610971777384212,7.097847093876607e-06,1.5,16.696820520295333,0.0598916421713031
9.0,16.7903,16.09199224682947,0.0621427095328749,4.535712963530844e-06,1.5,16.702323670402826,0.059871908827395
10.5,16.7903,15.896672886507368,0.0629062450450729,2.716366176672198e-06,1.5,16.7089641910712,0.0598481143752987
12.0,16.7903,15.808444739437808,0.06325732964137,1.7656649700363634e-06,1.5,16.731857841454115,0.0597662261702011
13.5,16.7903,15.846653633030124,0.0631048057941798,1.2272942083813675e-06,1.5,16.750323068251056,0.0597003410576255
15.0,16.7903,16.023737809671513,0.0624074115464137,7.854316624098395e-07,1.5,16.778841140386064,0.0595988716761276
16.5,16.7903,16.346549199348583,0.0611749909907499,4.689827686331892e-07,1.5,16.821681277747356,0.059447089948307
18.0,16.7903,16.8170807666014,0.0594633524021596,3.0608978041441426e-07,1.5,16.852724555612703,0.0593375864359544
19.5,16.7903,17.433202055607232,0.0573618086230096,2.125306167355997e-07,nan,16.88724098130446,0.0592163042563957
nan,nan,nan,nan,1.3598467499460985e-07,nan,16.927812409329782,0.059074378650891
nan,nan,nan,nan,8.133295210755308e-08,nan,16.97275158627459,0.0589179659477649
nan,nan,nan,nan,5.305355997472773e-08,nan,17.021953481059867,0.0587476637809337
Name:	615.8482110660261_8_210_0.025
Lambda:	615.8482110660261	Maximal Depth:	20	Filter time:	8 to 210 [us]
Chi2:	0.6606490169770091	RelRMS:	5.371135143626919	AbsRMS:	2.40574856075594e-07	Phi model:	0.0036840995491189
depth_vector,start_model,resistivity_model,conductivity_model,E/I[V/A],modelled_thickness,rhoa,sigma
0.0,16.7903,17.96673840575003,0.0556584048488156,0.0001570665890465,1.0,16.78674005591746,0.0595708277288473
1.0,16.7903,17.894258974919516,0.0558838452825341,9.237388146331856e-05,1.0,16.801245762021743,0.0595193960117197
2.0,16.7903,17.751767726737963,0.0563324180100546,5.950133109751589e-05,1.0,16.813736397195964,0.0594751800775686
3.0,16.7903,17.54789881434392,0.0569868797728982,4.122372628660927e-05,1.0,16.764390793421914,0.05965024392013
4.0,16.7903,17.295588255784804,0.0578182126685129,2.6297703999358127e-05,1.0,16.74552914601536,0.0597174321145863
5.0,16.7903,17.010699998200693,0.0587865284853518,1.5666929144612827e-05,1.0,16.738483790034472,0.0597425676389737
6.0,16.7903,16.710627599404667,0.0598421569777323,1.0210774537958796e-05,1.5,16.714730604867874,0.0598274673783116
7.5,16.7903,16.41789605498649,0.0609091443051423,7.086780389296146e-06,1.5,16.71419848430007,0.0598293720718535
9.0,16.7903,16.16892050881539,0.0618470478257836,4.5286253990088325e-06,1.5,16.71974587242056,0.0598095214861795
10.5,16.7903,15.994283241009152,0.062522339071501,2.7125392263196788e-06,1.5,16.72467624648996,0.0597918898555583
12.0,16.7903,15.91723508744478,0.0628249815062907,1.763587496365849e-06,1.5,16.744995143809838,0.0597193365188685
13.5,16.7903,15.953614957121294,0.0626817183871938,1.2261669885797889e-06,1.5,16.760587251548458,0.0596637805699566
15.0,16.7903,16.112344190774603,0.06206421537175,7.850057288966617e-07,1.5,16.78490990682139,0.0595773230569203
16.5,16.7903,16.39700366995622,0.0609867522218265,4.689605097112606e-07,1.5,16.8222135607016,0.0594452089430193
18.0,16.7903,16.806547435445342,0.0595006204481344,3.0620942686048025e-07,1.5,16.84833431425897,0.059353048280487
19.5,16.7903,17.336110217942124,0.057683066583474,2.1269614359832602e-07,nan,16.878478387988615,0.0592470468612644
nan,nan,nan,nan,1.3615574602540836e-07,nan,16.91363029239511,0.0591239126498839
nan,nan,nan,nan,8.147959995456575e-08,nan,16.952380313760298,0.0589887662671357
nan,nan,nan,nan,5.3172770785534585e-08,nan,16.996502360983754,0.0588356344594488
Name:	784.7599703514607_8_210_0.025
Lambda:	784.7599703514607	Maximal Depth:	20	Filter time:	8 to 210 [us]
Chi2:	0.6916465167280154	RelRMS:	5.450457930154042	AbsRMS:	2.659860648832508e-07	Phi model:	0.002836474679747
depth_vector,start_model,resistivity_model,conductivity_model,E/I[V/A],modelled_thickness,rhoa,sigma
0.0,16.7903,17.876384003506264,0.0559397247118802,0.00015738747268,1.0,16.763915612572468,0.0596519347335552
1.0,16.7903,17.810537666865137,0.0561465363204844,9.24781297453524e-05,1.0,16.788616972583895,0.0595641678902447
2.0,16.7903,17.68113457266617,0.0565574565303027,5.95248268370393e-05,1.0,16.809311608576184,0.0594908359893688
3.0,16.7903,17.496055913895898,0.0571557386945574,4.1218110276796806e-05,1.0,16.765913535807247,0.059644826263972
4.0,16.7903,17.267247421256776,0.0579131100402808,2.6279247508841744e-05,1.0,16.753368729550516,0.059689487896016
5.0,16.7903,17.009231985653763,0.0587916021630746,1.5648320259711698e-05,1.0,16.75175136166722,0.0596952508672188
6.0,16.7903,16.737904708260107,0.059744634554318,1.0196237953382832e-05,1.5,16.730613416979203,0.0597706715872797
7.5,16.7903,16.474056632730246,0.0607015031144924,7.075958555964007e-06,1.5,16.73123572336562,0.0597684484597556
9.0,16.7903,16.2505174598596,0.0615365019895581,4.5217093339463706e-06,1.5,16.736790369540593,0.0597486123635692
10.5,16.7903,16.094316260377315,0.0621337361477048,2.708816971289297e-06,1.5,16.739993944779627,0.0597371781195805
12.0,16.7903,16.025521032318753,0.0624004672286969,1.7615742343860182e-06,1.5,16.75775102364452,0.0596738785884239
13.5,16.7903,16.05703923770201,0.0622779819614561,1.2250797517261966e-06,1.5,16.7705022707095,0.0596285062819226
15.0,16.7903,16.19525814121628,0.0617464687058639,7.846002342612658e-07,1.5,16.790692558504976,0.0595568048498077
16.5,16.7903,16.441376073116515,0.0608221596265966,4.689458663132209e-07,1.5,16.822563754764175,0.0594439714765116
18.0,16.7903,16.79248008316074,0.0595504651515284,3.063311686902222e-07,1.5,16.843870119640016,0.0593687788434082
19.5,16.7903,17.242169646879198,0.0579973414297659,2.128612948952616e-07,nan,16.869746995791463,0.0592777117670746
nan,nan,nan,nan,1.3632509054930688e-07,nan,16.899620526074486,0.0591729263066644
nan,nan,nan,nan,8.162418507462278e-08,nan,16.932355316460743,0.059058529147912
nan,nan,nan,nan,5.329008531077867e-08,nan,16.971548764750242,0.0589221416301729
Name:	1000.0_8_210_0.025
Lambda:	1000	Maximal Depth:	20	Filter time:	8 to 210 [us]
Chi2:	0.7248159509025065	RelRMS:	5.527772469438911	AbsRMS:	3.096627726618025e-07	Phi model:	0.0021319489319373
depth_vector,start_model,resistivity_model,conductivity_model,E/I[V/A],modelled_thickness,rhoa,sigma
0.0,16.7903,17.784699822317933,0.0562281067429153,0.0001577070587897,1.0,16.741260420068855,0.0597326590058436
1.0,16.7903,17.725832214564857,0.0564148406627885,9.258262512314498e-05,1.0,16.775982038491765,0.0596090290097797
2.0,16.7903,17.610255075378127,0.0567850945781106,5.954934861960719e-05,1.0,16.804696695750145,0.059507173387598
3.0,16.7903,17.444942968412537,0.0573232025929058,4.121381587240371e-05,1.0,16.767078167309325,0.0596406833690138
4.0,16.7903,17.240550741804746,0.0580027874385246,2.626209294235496e-05,1.0,16.760663540344282,0.0596635090008768
5.0,16.7903,17.01012056834304,0.0587885309796725,1.5630750483250202e-05,1.0,16.764302237594386,0.0596505590168539
6.0,16.7903,16.7678514547105,0.0596379329039842,1.0182474931683489e-05,1.5,16.745685846551265,0.0597168732987993
7.5,16.7903,16.532457537568977,0.0604870750599275,7.06570306936797e-06,1.5,16.747421466484003,0.0597106845373936
9.0,16.7903,16.33303600272706,0.0612256043415954,4.51515389095928e-06,1.5,16.752986280105812,0.0596908505313766
10.5,16.7903,16.193337921447597,0.0617537906545833,2.705291261140092e-06,1.5,16.75453521431757,0.0596853321926502
12.0,16.7903,16.130579565399337,0.0619940527211455,1.759669305459074e-06,1.5,16.769842904682875,0.0596308507887546
13.5,16.7903,16.155333955457554,0.0618990608771775,1.224052554699486e-06,1.5,16.77988324134284,0.0595951703368332
15.0,16.7903,16.272134288902063,0.0614547533990068,7.842188090209396e-07,1.5,16.79613651098831,0.0595375013382264
16.5,16.7903,16.480670004560075,0.0606771447837562,4.689341968092373e-07,1.5,16.822842841768832,0.0594429853150108
18.0,16.7903,16.776903038161457,0.0596057566599364,3.064482042810457e-07,1.5,16.83958128656587,0.0593838993370797
19.5,16.7903,17.153837680101944,0.0582959929229117,2.130190845562999e-07,nan,16.861415346711027,0.059307002374214
nan,nan,nan,nan,1.3648648653801488e-07,nan,16.886295305540244,0.0592196205210215
nan,nan,nan,nan,8.17618153688369e-08,nan,16.913348405380727,0.0591248980409973
nan,nan,nan,nan,5.340169816394725e-08,nan,16.947892794913205,0.0590043855068603
