Name:	10.0_8_150_1
Lambda:	10	Maximal Depth:	30	Filter time:	8 to 150 [us]
Chi2:	0.186400337779312	RelRMS:	1.610096919588112	AbsRMS:	3.469178406889911e-07	Phi model:	0.1690941517955265
depth_vector,start_model,resistivity_model,conductivity_model,E/I[V/A],modelled_thickness,rhoa,sigma
0.0,14.2427,17.99663078995842,0.0555659562987739,0.0001900687829723,1.0,14.782516681426037,0.0676474798947111
1.0,14.2427,17.62685868453835,0.0567316058917045,0.0001151725961599,1.0,14.503567547437664,0.068948553294163
2.0,14.2427,16.9253152984176,0.059083094309829,7.577382567132207e-05,1.0,14.310974645348107,0.0698764427148962
3.0,14.2427,15.970880028516577,0.062613957290673,5.341989800212686e-05,1.0,14.104268611009532,0.0709005215073271
4.0,14.2427,14.87474827977912,0.0672280284137251,3.476059122913522e-05,1.0,13.903345897235727,0.0719251327983446
5.0,14.2427,13.757898137798184,0.0726855214353287,2.102783877852388e-05,1.0,13.756531380255195,0.0726927429857285
6.0,14.2427,12.733119104430653,0.0785353527127565,1.3785120890857542e-05,1.5,13.683529089941969,0.0730805622896688
7.5,14.2427,11.968360000213831,0.0835536364198715,9.588618203802211e-06,1.5,13.663045693086156,0.0731901233782761
9.0,14.2427,11.581239962880412,0.0863465400255195,6.0949336020207485e-06,1.5,13.716015008722222,0.0729074734435683
10.5,14.2427,11.590281141100233,0.0862791840703419,3.588615443251617e-06,1.5,13.877901153893331,0.0720570055162453
12.0,14.2427,11.954763012022282,0.083648667815025,2.2881021755664737e-06,1.5,14.07665361204012,0.0710396112286711
13.5,14.2427,12.642214750603436,0.0791000643263292,1.5531707811539817e-06,1.5,14.316697093625947,0.0698485127861801
15.0,14.2427,13.607328151473713,0.0734898129058273,9.612104379833835e-07,1.5,14.665219911581492,0.0681885444629626
16.5,14.2427,14.855844486359054,0.0673135748639682,5.475179092289372e-07,2.0,15.1719628712792,0.0659110497754392
18.5,14.2427,16.49813039051157,0.0606129286367576,3.417615154802243e-07,2.0,15.658635134853595,0.0638625264199535
20.5,14.2427,18.63737452474125,0.0536556261544506,2.278728213220596e-07,2.0,16.1204817472602,0.0620328855972283
22.5,14.2427,21.404215842324767,0.0467197680759038,1.3819320716955697e-07,2.0,16.74697423024976,0.0597122791407726
24.5,14.2427,24.93879757936469,0.0400981641884546,nan,2.0,nan,nan
26.5,14.2427,29.380549558419407,0.0340361230484007,nan,2.0,nan,nan
28.5,14.2427,34.84943595162673,0.0286948690184846,nan,nan,nan,nan
Name:	12.742749857031335_8_150_1
Lambda:	12.742749857031336	Maximal Depth:	30	Filter time:	8 to 150 [us]
Chi2:	0.1898751119562993	RelRMS:	1.6119805800877445	AbsRMS:	3.5314189378708735e-07	Phi model:	0.1636864586541997
depth_vector,start_model,resistivity_model,conductivity_model,E/I[V/A],modelled_thickness,rhoa,sigma
0.0,14.2427,17.893061784489856,0.0558875843633885,0.0001901069032212,1.0,14.78054048788806,0.0676565245242182
1.0,14.2427,17.540942863587926,0.0570094782120198,0.0001151855809668,1.0,14.502477540855685,0.0689537354691877
2.0,14.2427,16.871938475678423,0.0592700122420159,7.578259061209714e-05,1.0,14.309871161797275,0.0698818311285482
3.0,14.2427,15.958340402767622,0.0626631576192329,5.342884687116908e-05,1.0,14.102693671830009,0.0709084394279576
4.0,14.2427,14.901722637007644,0.0671063355800592,3.4767334192913686e-05,1.0,13.901548179337384,0.0719344339996859
5.0,14.2427,13.81361860154031,0.0723923273723869,2.103041567641229e-05,1.0,13.755407614207854,0.0726986817146085
6.0,14.2427,12.801253422401691,0.0781173504658566,1.378530305154416e-05,1.5,13.68340854578782,0.0730812060937719
7.5,14.2427,12.020518525641162,0.0831910867960382,9.587599818555518e-06,1.5,13.66401319264166,0.0731849410492753
9.0,14.2427,11.593898679168705,0.0862522631663796,6.093301595164312e-06,1.5,13.71846399646948,0.0728944581738418
10.5,14.2427,11.555442747362015,0.0865393063565902,3.587074799401299e-06,1.5,13.881874562876824,0.0720363806394144
12.0,14.2427,11.884399199989174,0.0841439254245945,2.2869463107464687e-06,1.5,14.081396279394946,0.0710156848197846
13.5,14.2427,12.56695173701496,0.0795737917139109,1.5523627522857035e-06,1.5,14.321664704529525,0.0698242851394034
15.0,14.2427,13.563247157012864,0.0737286571883305,9.607721856947326e-07,1.5,14.6696792258506,0.0681678163921826
16.5,14.2427,14.876941925802898,0.0672181154559444,5.473765570512889e-07,2.0,15.174574720681465,0.0658997051585964
18.5,14.2427,16.611884780011053,0.0601978651575582,3.417673001294125e-07,2.0,15.658458445497011,0.0638632470418935
20.5,14.2427,18.840389342288205,0.0530774593790081,2.279478637052995e-07,2.0,16.11694355294293,0.0620465038371001
22.5,14.2427,21.64984136800116,0.0461897148806834,1.3830535618510644e-07,2.0,16.7379198178817,0.0597445806217607
24.5,14.2427,25.12718049523278,0.0397975411602477,nan,2.0,nan,nan
26.5,14.2427,29.355256015975552,0.0340654497939239,nan,2.0,nan,nan
28.5,14.2427,34.40409670936988,0.029066305924191,nan,nan,nan,nan
Name:	16.237767391887218_8_150_1
Lambda:	16.237767391887218	Maximal Depth:	30	Filter time:	8 to 150 [us]
Chi2:	0.1937103105277445	RelRMS:	1.6131325377767805	AbsRMS:	3.604458155291508e-07	Phi model:	0.1590095606366408
depth_vector,start_model,resistivity_model,conductivity_model,E/I[V/A],modelled_thickness,rhoa,sigma
0.0,14.2427,17.817456943601776,0.0561247322311671,0.000190153936137,1.0,14.778103162314563,0.0676676829912844
1.0,14.2427,17.477721784447137,0.0572156950621486,0.0001152080850932,1.0,14.500588922169038,0.0689627162984506
2.0,14.2427,16.83215358148073,0.0594101043077596,7.579713137390423e-05,1.0,14.308040986277671,0.0698907698796127
3.0,14.2427,15.948899741831848,0.0627002499349301,5.344001913979391e-05,1.0,14.10072804662985,0.0709183239824985
4.0,14.2427,14.9220683197606,0.0670148385981952,3.477383385736008e-05,1.0,13.899815876560254,0.0719433990263378
5.0,14.2427,13.855437115387652,0.072173832674641,2.103190125172153e-05,1.0,13.754759870121433,0.072702105267009
6.0,14.2427,12.851050362556643,0.0778146510820346,1.3784386305119363e-05,1.5,13.684015226251994,0.0730779660403737
7.5,14.2427,12.056787309364092,0.0829408344313525,9.585691301108548e-06,1.5,13.665826808476144,0.0731752285474418
9.0,14.2427,11.600129586947872,0.0862059335203609,6.091102817068513e-06,1.5,13.721765209684053,0.0728769210607288
10.5,14.2427,11.527742003476687,0.0867472571556864,3.585259940307251e-06,1.5,13.886558838993624,0.0720120810054099
12.0,14.2427,11.834039220887323,0.0845020015004664,2.2856690779258984e-06,1.5,14.086641584311622,0.0709892414039771
13.5,14.2427,12.513560659225202,0.0799133058313649,1.551511619127666e-06,1.5,14.326901975211934,0.0697987605226989
15.0,14.2427,13.538165302151397,0.0738652526159572,9.60341842848904e-07,1.5,14.674061359952884,0.068147459348174
16.5,14.2427,14.91072273172303,0.0670658302747772,5.472642456867679e-07,2.0,15.176650767026244,0.0658906905977347
18.5,14.2427,16.72356118688663,0.0597958765375956,3.41804148265886e-07,2.0,15.657333053691698,0.0638678372983973
20.5,14.2427,19.01688920465039,0.0525848359970178,2.280509396652855e-07,2.0,16.112086759100915,0.0620652070058616
22.5,14.2427,21.841568558861177,0.0457842575410774,1.3843977283642892e-07,2.0,16.727083724939096,0.059783284190122
24.5,14.2427,25.247329194446287,0.0396081499273979,nan,2.0,nan,nan
26.5,14.2427,29.276970101832664,0.0341565399876335,nan,2.0,nan,nan
28.5,14.2427,33.96002397157839,0.0294463867527571,nan,nan,nan,nan
Name:	20.6913808111479_8_150_1
Lambda:	20.6913808111479	Maximal Depth:	30	Filter time:	8 to 150 [us]
Chi2:	0.198241913897014	RelRMS:	1.614027001480254	AbsRMS:	3.707795347346687e-07	Phi model:	0.1546744571899004
depth_vector,start_model,resistivity_model,conductivity_model,E/I[V/A],modelled_thickness,rhoa,sigma
0.0,14.2427,17.75676607420338,0.0563165610123555,0.000190217810014,1.0,14.774794717895098,0.0676828354703845
1.0,14.2427,17.428555190621843,0.05737710263775,0.0001152421960875,1.0,14.49772738980003,0.068976328021146
2.0,14.2427,16.802727344023225,0.0595141478835995,7.581771172677618e-05,1.0,14.305451636558596,0.0699034204166213
3.0,14.2427,15.94311141583234,0.0627230139662041,5.345324361928314e-05,1.0,14.098402244787373,0.0709300233201767
4.0,14.2427,14.937914916007276,0.0669437472112264,3.477977903452202e-05,1.0,13.898231829264748,0.0719515987562068
5.0,14.2427,13.887426806947936,0.072007580230752,2.1031995126521905e-05,1.0,13.75471894116883,0.0727023216015654
6.0,14.2427,12.88789464087885,0.077592192352979,1.3782142223628377e-05,1.5,13.685500588566628,0.0730700344885766
7.5,14.2427,12.082196264748566,0.0827664091931393,9.582725816287109e-06,1.5,13.668646028034429,0.0731601358283035
9.0,14.2427,11.600096174609313,0.086206181823633,6.088227218013522e-06,1.5,13.726085590438975,0.0728539825437602
10.5,14.2427,11.500621265865815,0.0869518243303976,3.583108152389497e-06,1.5,13.892117874760045,0.0719832648279535
12.0,14.2427,11.801468929164226,0.0847352144044342,2.2842354500656448e-06,1.5,14.092534990195707,0.0709595541679128
13.5,14.2427,12.484370459668272,0.0801001542873609,1.550598071181985e-06,1.5,14.33252863297945,0.0697713589560867
15.0,14.2427,13.536763549565643,0.0738729014759282,9.59912258436778e-07,1.5,14.678439036405749,0.0681271351483479
16.5,14.2427,14.956783776249049,0.0668592937465587,5.471813874498798e-07,2.0,15.178182835207512,0.0658840396678044
18.5,14.2427,16.82670576501198,0.0594293389309341,3.418753328202929e-07,2.0,15.655159553877064,0.0638767044537943
20.5,14.2427,19.16016800013815,0.0521916091754931,2.2818625684247885e-07,2.0,16.105716356048436,0.062089756077472
22.5,14.2427,21.98046723735376,0.0454949382650334,1.3860075848033786e-07,2.0,16.714128808333417,0.0598296214817618
24.5,14.2427,25.307303694042968,0.0395142845753017,nan,2.0,nan,nan
26.5,14.2427,29.15083745513307,0.0343043317894084,nan,2.0,nan,nan
28.5,14.2427,33.50826903352365,0.0298433798236352,nan,nan,nan,nan
Name:	26.366508987303583_8_150_1
Lambda:	26.366508987303583	Maximal Depth:	30	Filter time:	8 to 150 [us]
Chi2:	0.2039711187958746	RelRMS:	1.615461400677355	AbsRMS:	3.858288523807924e-07	Phi model:	0.1503753280142958
depth_vector,start_model,resistivity_model,conductivity_model,E/I[V/A],modelled_thickness,rhoa,sigma
0.0,14.2427,17.717791028656908,0.0564404444313961,0.0001903039248681,1.0,14.770337198099908,0.0677032613804268
1.0,14.2427,17.3960491340996,0.0574843168291475,0.00011528918844,1.0,14.49378756615423,0.0689950777487032
2.0,14.2427,16.78169810048919,0.0595887254085955,7.58443979307809e-05,1.0,14.302095813303762,0.0699198224549582
3.0,14.2427,15.936331838373208,0.0627496973671251,5.346836104604648e-05,1.0,14.09574470297095,0.0709433961150864
4.0,14.2427,14.944846538181196,0.0669126977948681,3.478498605617806e-05,1.0,13.896844828570265,0.0719587800206359
5.0,14.2427,13.904578452848297,0.0719187570763897,2.1030549441708707e-05,1.0,13.755349286420383,0.0726989899840074
6.0,14.2427,12.908889463558944,0.0774659975842959,1.3778456636873034e-05,1.5,13.687940961130574,0.0730570071013371
7.5,14.2427,12.09656206544912,0.0826681163283786,9.578612268477274e-06,1.5,13.672559093496709,0.0731391975095317
9.0,14.2427,11.599894011033795,0.0862076842295974,6.084605247198231e-06,1.5,13.731532183204644,0.0728250851149097
10.5,14.2427,11.485964876887138,0.0870627771126368,3.5805724618697923e-06,1.5,13.898675849411251,0.0719493001228861
12.0,14.2427,11.78159875056623,0.0848781240281111,2.282615523301193e-06,1.5,14.099201662711897,0.0709260016221128
13.5,14.2427,12.473296895041509,0.0801712657378923,1.549603863784084e-06,1.5,14.33865836417331,0.0697415319203509
15.0,14.2427,13.550893263475594,0.0737958731248625,9.594758243606957e-07,1.5,14.68288985927882,0.0681064837769693
16.5,14.2427,15.009671626789958,0.066623709356516,5.47128024650174e-07,2.0,15.179169730569626,0.0658797561230296
18.5,14.2427,16.921667887081018,0.0590958294816469,3.419842579074643e-07,2.0,15.651835170537082,0.0638902715946302
20.5,14.2427,19.278671255460765,0.051870794763241,2.283585429557083e-07,2.0,16.097614651124793,0.0621210049856751
22.5,14.2427,22.079310476407468,0.0452912694474103,1.3879343051135018e-07,2.0,16.69865693924509,0.0598850556447929
24.5,14.2427,25.317376343277424,0.0394985636126364,nan,2.0,nan,nan
26.5,14.2427,28.97818070487723,0.034508722620799,nan,2.0,nan,nan
28.5,14.2427,33.036089038363,0.0302699268923374,nan,nan,nan,nan
Name:	33.59818286283781_8_150_1
Lambda:	33.59818286283781	Maximal Depth:	30	Filter time:	8 to 150 [us]
Chi2:	0.2115987995637483	RelRMS:	1.6185269358737386	AbsRMS:	4.0880736979995364e-07	Phi model:	0.1458905392175339
depth_vector,start_model,resistivity_model,conductivity_model,E/I[V/A],modelled_thickness,rhoa,sigma
0.0,14.2427,17.68542811993119,0.0565437258978772,0.000190423861231,1.0,14.76413459119375,0.067731704409987
1.0,14.2427,17.36896047177602,0.0575739694741643,0.0001153524391482,1.0,14.488488870930505,0.069020310462217
2.0,14.2427,16.763978636134972,0.0596517104742955,7.587793987120788e-05,1.0,14.297880662874991,0.0699404354798217
3.0,14.2427,15.9292771990143,0.0627774874846097,5.34854376640375e-05,1.0,14.09274425439255,0.0709585004842695
4.0,14.2427,14.9480169075419,0.0668985060817972,3.4789242778172425e-05,1.0,13.895711217397809,0.0719646504129974
5.0,14.2427,13.913833977083824,0.0718709165027415,2.102729200271889e-05,1.0,13.756769854644274,0.0726914828528879
6.0,14.2427,12.92062688818104,0.0773956255106117,1.3773112061282944e-05,1.5,13.69148174912008,0.0730381136478721
7.5,14.2427,12.102838837000816,0.0826252430085079,9.573191114563068e-06,1.5,13.677720315950443,0.0731115987825718
9.0,14.2427,11.597724129676449,0.0862238132946431,6.0801329429723785e-06,1.5,13.73826493765725,0.0727893954977496
10.5,14.2427,11.482352991240898,0.0870901635547027,3.5775969506491936e-06,1.5,13.90638119576512,0.0719094339442189
12.0,14.2427,11.776560188727858,0.0849144388492293,2.280781755536196e-06,1.5,14.106757901747038,0.0708880103397929
13.5,14.2427,12.478431773340136,0.0801382752387584,1.5485170936951103e-06,1.5,14.345366288355295,0.0697089206297743
15.0,14.2427,13.57756785291978,0.073650893210963,9.590320981658385e-07,1.5,14.68741850891329,0.0680854841436658
16.5,14.2427,15.067646509245767,0.0663673652940014,5.471100973694645e-07,2.0,15.179501314958111,0.0658783170310466
18.5,14.2427,17.008705747119976,0.0587934211378385,3.421386641494044e-07,2.0,15.647125729373842,0.0639095011630623
20.5,14.2427,19.37420429728134,0.0516150229787926,2.2857561308197693e-07,2.0,16.08742148279887,0.062160365542062
22.5,14.2427,22.13955908611399,0.0451680178503285,1.3902478186288354e-07,2.0,16.68012629040004,0.0599515844538618
24.5,14.2427,25.27811478406296,0.0395599121430712,nan,2.0,nan,nan
26.5,14.2427,28.75630879172298,0.0347749778054905,nan,2.0,nan,nan
28.5,14.2427,32.534847311213014,0.0307362745684487,nan,nan,nan,nan
Name:	42.81332398719393_8_150_1
Lambda:	42.81332398719393	Maximal Depth:	30	Filter time:	8 to 150 [us]
Chi2:	0.2220556763890441	RelRMS:	1.624775745651286	AbsRMS:	4.4462930529449853e-07	Phi model:	0.1410780609148489
depth_vector,start_model,resistivity_model,conductivity_model,E/I[V/A],modelled_thickness,rhoa,sigma
0.0,14.2427,17.655748241525096,0.0566387777125225,0.000190594887978,1.0,14.75530105697071,0.0677722532491181
1.0,14.2427,17.342439809597533,0.0576620135908782,0.0001154365633634,1.0,14.481449039965945,0.0690538631348421
2.0,14.2427,16.743212504223838,0.0597256948000706,7.591887630740186e-05,1.0,14.292740466557143,0.0699655886385014
3.0,14.2427,15.91571789229526,0.0628309704134738,5.350399756781537e-05,1.0,14.08948499510277,0.0709749150055932
4.0,14.2427,14.942356588232425,0.0669238479282131,3.479181896600159e-05,1.0,13.895025262960324,0.0719682030852926
5.0,14.2427,13.914747995416477,0.0718661955163974,2.10216350855456e-05,1.0,13.759237706374984,0.0726784449357013
6.0,14.2427,12.926375519400796,0.0773612060472118,1.3765731871629802e-05,1.5,13.69637490003192,0.0730120201366326
7.5,14.2427,12.109230675608378,0.0825816294022955,9.566236895221114e-06,1.5,13.684348233667327,0.0730761876944727
9.0,14.2427,11.603233231325513,0.0861828750714307,6.0747030875921806e-06,1.5,13.746450323521998,0.0727460527237979
10.5,14.2427,11.48688090968455,0.0870558342044709,3.5741494973921954e-06,1.5,13.915322044575056,0.0718632308182802
12.0,14.2427,11.784648385513648,0.0848561592409711,2.2787330426736937e-06,1.5,14.115211829721778,0.0708455538651105
13.5,14.2427,12.497403712010424,0.0800166196950944,1.547348574842576e-06,1.5,14.352587553653088,0.0696738477477864
15.0,14.2427,13.614873872448433,0.0734490829197938,9.585963685557849e-07,1.5,14.691868945415344,0.0680648598020644
16.5,14.2427,15.127496012363984,0.0661047934954126,5.471421117729067e-07,2.0,15.178909186748731,0.065880886939689
18.5,14.2427,17.084137207036527,0.058533830996635,3.423505651819961e-07,2.0,15.640668441490764,0.0639358863555505
20.5,14.2427,19.44169097992313,0.0514358550926805,2.288471094993642e-07,2.0,16.074695252978408,0.0622095774919723
22.5,14.2427,22.1571224862033,0.0451322142856174,1.3930183967318622e-07,2.0,16.658002186665634,0.0600312083522523
24.5,14.2427,25.18762791564909,0.0397020316223862,nan,2.0,nan,nan
26.5,14.2427,28.48615350348916,0.035104774671579,nan,2.0,nan,nan
28.5,14.2427,32.00442806153767,0.0312456763194522,nan,nan,nan,nan
Name:	54.5559478116852_8_150_1
Lambda:	54.5559478116852	Maximal Depth:	30	Filter time:	8 to 150 [us]
Chi2:	0.2368040606014538	RelRMS:	1.6368684201609127	AbsRMS:	4.978599409764517e-07	Phi model:	0.1357787102969051
depth_vector,start_model,resistivity_model,conductivity_model,E/I[V/A],modelled_thickness,rhoa,sigma
0.0,14.2427,17.618163624180657,0.0567596045383251,0.0001908316657796,1.0,14.743093262510058,0.0678283710341086
1.0,14.2427,17.308077005569704,0.057776493580321,0.00011554600966,1.0,14.472302950082524,0.0690975032411339
2.0,14.2427,16.714806964750625,0.0598271940626578,7.596813806550594e-05,1.0,14.28656101942085,0.0699958512507398
3.0,14.2427,15.89511232791108,0.0629124210870813,5.352392274655339e-05,1.0,14.08598807991153,0.0709925348741513
4.0,14.2427,14.930558460440697,0.0669767311550705,3.4792181787258154e-05,1.0,13.894928662344338,0.0719687034241513
5.0,14.2427,13.911526581824798,0.0718828371651523,2.1013030545968187e-05,1.0,13.762993592566383,0.0726586111716361
6.0,14.2427,12.930396780935116,0.0773371472617471,1.3755898884572805e-05,1.5,13.702901081440585,0.0729772472308375
7.5,14.2427,12.11855110786122,0.0825181154990803,9.557452312847148e-06,1.5,13.692732119025354,0.0730314440761278
9.0,14.2427,11.616050565677115,0.086087779520759,6.0681325048351225e-06,1.5,13.756371651274533,0.0726935870409803
10.5,14.2427,11.502901902808276,0.0869345847203881,3.570137318138748e-06,1.5,13.925745605239836,0.0718094404671395
12.0,14.2427,11.80694962666134,0.0846958809531883,2.276424617138806e-06,1.5,14.124752642292256,0.0707976999898607
13.5,14.2427,12.529558695982455,0.0798112706332303,1.54607857767792e-06,1.5,14.360446253376487,0.0696357189989744
15.0,14.2427,13.66102163459184,0.0732009674494507,9.581662417796492e-07,1.5,14.696265463989551,0.0680444975936446
16.5,14.2427,15.186518394837703,0.0658478773080686,5.472306819346609e-07,2.0,15.177271322067016,0.0658879965166102
18.5,14.2427,17.145677826903732,0.0583237367513621,3.42628930561552e-07,2.0,15.632195892973527,0.0639705391901778
20.5,14.2427,19.47916937464623,0.0513368912589046,2.29182066405017e-07,2.0,16.059028981819285,0.0622702656014954
22.5,14.2427,22.13125962342645,0.0451849563475129,1.3963258205930208e-07,2.0,16.631687007072998,0.060126191622938
24.5,14.2427,25.044659680066136,0.039928671931443,nan,2.0,nan,nan
26.5,14.2427,28.16533577307892,0.0355046361973722,nan,2.0,nan,nan
28.5,14.2427,31.43840082604697,0.031808233679987,nan,nan,nan,nan
Name:	69.51927961775606_8_150_1
Lambda:	69.51927961775606	Maximal Depth:	30	Filter time:	8 to 150 [us]
Chi2:	0.9722695413846206	RelRMS:	2.692711802787332	AbsRMS:	1.5650145853667478e-06	Phi model:	0.1097664123751311
depth_vector,start_model,resistivity_model,conductivity_model,E/I[V/A],modelled_thickness,rhoa,sigma
0.0,14.2427,17.494001784163345,0.057162449869261,0.0001947308497592,1.0,14.54562547405388,0.068749192104786
1.0,14.2427,17.13112761122824,0.058373273650975,0.0001177092764142,1.0,14.29444022741993,0.0699572689864256
2.0,14.2427,16.45251514421223,0.0607809803689368,7.726660219408954e-05,1.0,14.126052378410142,0.0707911859033151
3.0,14.2427,15.55544338352826,0.0642861778571291,5.436665417738065e-05,1.0,13.940045853333494,0.0717357755147461
4.0,14.2427,14.55502496096886,0.0687047945765552,3.5290421930335386e-05,1.0,13.763837295267336,0.072654157307123
5.0,14.2427,13.562554676858277,0.073732421643711,2.129099846214432e-05,1.0,13.64294148795588,0.0732979761646569
6.0,14.2427,12.662543245228346,0.0789730767850946,1.3933475319475706e-05,1.5,13.586227131042492,0.0736039512923459
7.5,14.2427,11.987772217632603,0.0834183351039251,9.68298310485114e-06,1.5,13.574132650857395,0.0736695320224998
9.0,14.2427,11.623904904065862,0.0860296095204818,6.1533498364526925e-06,1.5,13.62906929684812,0.0733725816649315
10.5,14.2427,11.603854224990393,0.0861782628953034,3.6271761635730087e-06,1.5,13.779368202211458,0.0725722678518387
12.0,14.2427,11.93552475040608,0.0837834968224566,2.3181211363807408e-06,1.5,13.954864227394037,0.0716596008176815
13.5,14.2427,12.616607124791082,0.0792606118355737,1.5782302130741954e-06,1.5,14.16474440316672,0.070597814654279
15.0,14.2427,13.638982109323663,0.0733192544710793,9.81557570870976e-07,1.5,14.461845377796084,0.0691474686581385
16.5,14.2427,14.993972413478682,0.0666934667093998,5.633017425939122e-07,2.0,14.88720816387369,0.0671717617562887
18.5,14.2427,16.710877010547524,0.0598412638288716,3.5429016058852254e-07,2.0,15.287270434497458,0.065413901342609
20.5,14.2427,18.72624412552216,0.0534009913198286,2.3797671910726185e-07,2.0,15.66090015013283,0.0638532900672071
22.5,14.2427,20.96835618780794,0.0476909105817961,1.4578988306510558e-07,2.0,16.160044695905555,0.0618810169660835
24.5,14.2427,23.36315169310352,0.0428024443420956,nan,2.0,nan,nan
26.5,14.2427,25.830492237892944,0.0387139350961734,nan,2.0,nan,nan
28.5,14.2427,28.29087291141046,0.0353470889050112,nan,nan,nan,nan
Name:	88.58667904100822_8_150_1
Lambda:	88.58667904100822	Maximal Depth:	30	Filter time:	8 to 150 [us]
Chi2:	0.9470936509757556	RelRMS:	2.659583724663106	AbsRMS:	1.6092181235151974e-06	Phi model:	0.1060537976427144
depth_vector,start_model,resistivity_model,conductivity_model,E/I[V/A],modelled_thickness,rhoa,sigma
0.0,14.2427,17.397614131755773,0.0574791458430328,0.0001949281726093,1.0,14.535807605601558,0.0687956271252955
1.0,14.2427,17.048414463194852,0.05865648105628,0.0001177458396206,1.0,14.291480872351343,0.0699717551268339
2.0,14.2427,16.39601470387886,0.0609904307882467,7.724749084902088e-05,1.0,14.12838217775905,0.070779512290813
3.0,14.2427,15.528810198808758,0.0643964339313459,5.433197763533448e-05,1.0,13.945976567952991,0.0717052689087359
4.0,14.2427,14.557980380690834,0.0686908467967413,3.5252931748292854e-05,1.0,13.773593785939426,0.0726026929167052
5.0,14.2427,13.5869361847838,0.0736001101646384,2.125952385574601e-05,1.0,13.65640370001156,0.0732257204727444
6.0,14.2427,12.704253861878737,0.0787137923149244,1.3909403530186974e-05,1.5,13.601897610714357,0.0735191536225276
7.5,14.2427,12.040035550304331,0.0830562331665809,9.6649199445325e-06,1.5,13.5910402178966,0.0735778854280194
9.0,14.2427,11.677057694094476,0.0856380114063954,6.141301246904997e-06,1.5,13.64688934376118,0.0732767720767927
10.5,14.2427,11.651778601802793,0.0858238071778395,3.620125909010733e-06,1.5,13.797252763933365,0.0724781967185557
12.0,14.2427,11.97553572551212,0.0835035711905269,2.313895310937136e-06,1.5,13.971849405311987,0.0715724862894534
13.5,14.2427,12.6458375564796,0.0790774035751874,1.5756205714750957e-06,1.5,14.18038044756114,0.0705199697355079
15.0,14.2427,13.657247048389983,0.0732211987128026,9.802224933748228e-07,1.5,14.474973896546633,0.0690847532539298
16.5,14.2427,15.0004600310478,0.0666646221469348,5.627901820992533e-07,2.0,14.896228167581814,0.0671310877324145
18.5,14.2427,16.704632730909875,0.0598636328082581,3.541314657223544e-07,2.0,15.291837156961064,0.0653943662710785
20.5,14.2427,18.70199642158821,0.053470227319992,2.379760574465186e-07,2.0,15.660929178817884,0.0638531717104337
22.5,14.2427,20.91458855350949,0.0478135153097333,1.4587787766832086e-07,2.0,16.153545470929,0.0619059142031492
24.5,14.2427,23.260824289124336,0.0429907378848802,nan,2.0,nan,nan
26.5,14.2427,25.6537851918279,0.0389806023759235,nan,2.0,nan,nan
28.5,14.2427,28.01102987519755,0.0357002225357466,nan,nan,nan,nan
Name:	112.88378916846884_8_150_1
Lambda:	112.88378916846884	Maximal Depth:	30	Filter time:	8 to 150 [us]
Chi2:	0.9262625830341502	RelRMS:	2.630522349931076	AbsRMS:	1.6706907475203996e-06	Phi model:	0.1016366361785605
depth_vector,start_model,resistivity_model,conductivity_model,E/I[V/A],modelled_thickness,rhoa,sigma
0.0,14.2427,17.293110994205797,0.057826495205811,0.000195192509423,1.0,14.52268136135548,0.0688578076677339
1.0,14.2427,16.959471873780124,0.0589641002645861,0.00011780529192,1.0,14.286672186943434,0.0699953065986842
2.0,14.2427,16.33103699594892,0.0612330986849187,7.723320390046117e-05,1.0,14.13012447888076,0.0707707848925623
3.0,14.2427,15.49361665703495,0.0645427095645835,5.429505173226532e-05,1.0,13.952298929553413,0.0716727762965159
4.0,14.2427,14.550789092585411,0.0687247951734498,3.520985124530412e-05,1.0,13.784826483433749,0.0725435319190832
5.0,14.2427,13.60834270432665,0.0734843339653739,2.1222246121133867e-05,1.0,13.672391039261358,0.0731400965001966
6.0,14.2427,12.74919506716246,0.0784363243900515,1.3880555471351544e-05,1.5,13.620737036917223,0.0734174661246033
7.5,14.2427,12.098635514060955,0.0826539487728022,9.643152135724903e-06,1.5,13.611485536193577,0.0734673667573574
9.0,14.2427,11.74126236872156,0.0851697175819847,6.126732317666916e-06,1.5,13.668514993584472,0.0731608371845343
10.5,14.2427,11.714440976646369,0.0853647222256338,3.611590837508176e-06,1.5,13.818981730475594,0.0723642320037703
12.0,14.2427,12.031181198802788,0.0831173584269106,2.308781185931104e-06,1.5,13.992474264736906,0.0714669886883513
13.5,14.2427,12.690556909672548,0.0787987483226851,1.572465501121704e-06,1.5,14.199342241337533,0.0704257974069229
15.0,14.2427,13.687364449058126,0.0730600842639806,9.78612089539487e-07,1.5,14.490849553573552,0.0690090664665959
16.5,14.2427,15.013127183835593,0.0666083746414061,5.621762069891048e-07,2.0,14.907072038541685,0.0670822544772398
18.5,14.2427,16.69484853487124,0.0598987165358977,3.539433987612139e-07,2.0,15.29725353093829,0.0653712117654013
20.5,14.2427,18.66164958189964,0.053585830963728,2.3797816458483858e-07,2.0,15.660836733942377,0.0638535486314507
22.5,14.2427,20.832619545962263,0.0480016446224506,1.459861258904621e-07,2.0,16.14555928395402,0.0619365351433711
24.5,14.2427,23.11839927813684,0.0432555899726891,nan,2.0,nan,nan
26.5,14.2427,25.43011707388597,0.0393234524675819,nan,2.0,nan,nan
28.5,14.2427,27.682386463165614,0.0361240531530981,nan,nan,nan,nan
Name:	143.8449888287663_8_150_1
Lambda:	143.8449888287663	Maximal Depth:	30	Filter time:	8 to 150 [us]
Chi2:	0.9142214224791284	RelRMS:	2.611038314221698	AbsRMS:	1.7507823065440156e-06	Phi model:	0.0964237494859215
depth_vector,start_model,resistivity_model,conductivity_model,E/I[V/A],modelled_thickness,rhoa,sigma
0.0,14.2427,17.175834713316284,0.0582213334426598,0.0001955294237595,1.0,14.50599399810391,0.0689370201125624
1.0,14.2427,16.856044141425112,0.059325900644886,0.0001178878246996,1.0,14.280003381832437,0.070027994620242
2.0,14.2427,16.25365021707774,0.0615246413355996,7.722240123622849e-05,1.0,14.131442226315102,0.0707641855647142
3.0,14.2427,15.447787662329713,0.0647341886009059,5.425432529610581e-05,1.0,13.95928032494152,0.071636930896306
4.0,14.2427,14.541346477318008,0.0687694225262995,3.515976951257264e-05,1.0,13.797913490071458,0.0724747260315531
5.0,14.2427,13.631218953135196,0.0733610107385149,2.117807473191349e-05,1.0,13.691395560721825,0.0730385734284693
6.0,14.2427,12.798934261025863,0.0781315052961173,1.384613345248085e-05,1.5,13.643302143569548,0.073296038559941
7.5,14.2427,12.166715587762615,0.0821914503373291,9.617099012633278e-06,1.5,13.636057172330007,0.0733349814658432
9.0,14.2427,11.817920378138114,0.0846172565056279,6.109267736549292e-06,1.5,13.69455207992549,0.07302173843757
10.5,14.2427,11.792268516244254,0.0848013254296631,3.601360440091678e-06,1.5,13.845139776073545,0.072227512049257
12.0,14.2427,12.103013666097944,0.082624049479604,2.302659283166486e-06,1.5,14.01726376377886,0.0713405994816219
13.5,14.2427,12.7508100451831,0.0784263898886778,1.5686963941374272e-06,1.5,14.22207765036786,0.0703132147484889
15.0,14.2427,13.73037162610006,0.0728312406416662,9.766966438826646e-07,1.5,14.509789156779616,0.0689189890490418
16.5,14.2427,15.032034868282768,0.066524592895269,5.614539774481502e-07,2.0,14.919853164362788,0.0670247883128351
18.5,14.2427,16.682258797344694,0.0599439207932183,3.537294091045546e-07,2.0,15.303422321710284,0.0653448607101004
20.5,14.2427,18.606737866468755,0.0537439720587509,2.37989984615772e-07,2.0,15.660318188012058,0.0638556629561651
22.5,14.2427,20.720814609148764,0.0482606508895878,1.4612275722620582e-07,2.0,16.135493166490885,0.0619751742126316
24.5,14.2427,22.934045321572373,0.0436032974548704,nan,2.0,nan,nan
26.5,14.2427,25.154368538291635,0.0397545260767621,nan,2.0,nan,nan
28.5,14.2427,27.29564658522531,0.0366358787976571,nan,nan,nan,nan
Name:	183.29807108324357_8_150_1
Lambda:	183.2980710832436	Maximal Depth:	30	Filter time:	8 to 150 [us]
Chi2:	0.9180433560405472	RelRMS:	2.610007528452409	AbsRMS:	1.851908009831318e-06	Phi model:	0.0903735835065901
depth_vector,start_model,resistivity_model,conductivity_model,E/I[V/A],modelled_thickness,rhoa,sigma
0.0,14.2427,17.040985320263154,0.0586820527807694,0.0001959478125176,1.0,14.485337795143192,0.0690353248327623
1.0,14.2427,16.736263216603813,0.0597504943043626,0.000117996026515,1.0,14.271272248663925,0.070070837594288
2.0,14.2427,16.162040580046874,0.0618733751500764,7.72153674692357e-05,1.0,14.132300395408873,0.0707598884838923
3.0,14.2427,15.394724454162953,0.064957317227564,5.420933128892135e-05,1.0,13.967003436945554,0.0715973189606868
4.0,14.2427,14.52823444221058,0.0688314883668577,3.510193239941627e-05,1.0,13.813065789639976,0.0723952245814985
5.0,14.2427,13.655786352164393,0.0732290308453385,2.112630524913436e-05,1.0,13.713753384040055,0.0729194970914229
6.0,14.2427,12.855350130731953,0.0777886241783025,1.3805591789813e-05,1.5,13.669999141753244,0.0731528941319117
7.5,14.2427,12.245459741835507,0.0816629200603706,9.586357810324797e-06,1.5,13.665193373251814,0.0731786205058316
9.0,14.2427,11.909350096862845,0.083967638189041,6.08865046111309e-06,1.5,13.72544948469267,0.0728573589604662
10.5,14.2427,11.886997053821728,0.0841255361191912,3.589298119037676e-06,1.5,13.876141402707889,0.0720661436762854
12.0,14.2427,12.192700122765508,0.0820162876090799,2.295459026435497e-06,1.5,14.046560796439897,0.0711918037797159
13.5,14.2427,12.82775186219115,0.0779559825246874,1.5642785678758417e-06,1.5,14.24884233374116,0.0701811400938872
15.0,14.2427,13.786508723316825,0.0725346801042327,9.744676100013014e-07,1.5,14.531907554879362,0.0688140903885829
16.5,14.2427,15.058044063012884,0.0664096874610895,5.606294276980296e-07,2.0,14.93447856809463,0.0669591506285567
18.5,14.2427,16.66620084553973,0.0600016770029279,3.534999172910572e-07,2.0,15.310044916851451,0.0653165947866894
20.5,14.2427,18.53532121239511,0.0539510477612479,2.3802279039771505e-07,2.0,15.658879219962415,0.0638615309533245
22.5,14.2427,20.578751542437715,0.0485938127946095,1.4629820671814718e-07,2.0,16.122590159284048,0.0620247733224279
24.5,14.2427,22.70423400510965,0.0440446482261831,nan,2.0,nan,nan
26.5,14.2427,24.820646754285825,0.0402890387949833,nan,2.0,nan,nan
28.5,14.2427,26.84459734560985,0.0372514434515643,nan,nan,nan,nan
Name:	233.57214690901213_8_150_1
Lambda:	233.57214690901213	Maximal Depth:	30	Filter time:	8 to 150 [us]
Chi2:	0.9469987636736285	RelRMS:	2.6386495835588373	AbsRMS:	1.9773070380730376e-06	Phi model:	0.0834784742289009
depth_vector,start_model,resistivity_model,conductivity_model,E/I[V/A],modelled_thickness,rhoa,sigma
0.0,14.2427,16.88457797293629,0.0592256437562647,0.0001964594628473,1.0,14.460176884153768,0.0691554472681349
1.0,14.2427,16.598209621343774,0.0602474617933546,0.00011813409678,1.0,14.26015029814272,0.0701254880974321
2.0,14.2427,16.058023208969928,0.0622741658164627,7.721336948141329e-05,1.0,14.132544187751312,0.070758667845999
3.0,14.2427,15.332389909453187,0.0652214042237114,5.4160253589525006e-05,1.0,13.975439696240462,0.071554099315316
4.0,14.2427,14.511336640555433,0.0689116395525729,3.503597718886226e-05,1.0,13.830395748435482,0.0723045108895833
5.0,14.2427,13.682161537206287,0.0730878668023814,2.1066447075130685e-05,1.0,13.739718590929025,0.0727816944271479
6.0,14.2427,12.919325628005677,0.0774034209519624,1.3758511774441858e-05,1.5,13.701166140658154,0.0729864881378603
7.5,14.2427,12.337318174167516,0.0810548926341098,9.550605984275597e-06,1.5,13.699275071846804,0.0729965633039288
9.0,14.2427,12.017590217954217,0.083211357839944,6.064667937487072e-06,1.5,13.761610227666129,0.0726659150678178
10.5,14.2427,12.0007652007198,0.0833280197782738,3.5752892144024973e-06,1.5,13.912364638705114,0.0718785070668672
12.0,14.2427,12.30196576222326,0.0812878217455936,2.287121844605748e-06,1.5,14.080675783324793,0.0710193186313019
13.5,14.2427,12.92270407605868,0.0773831849831379,1.5591845161197696e-06,1.5,14.279860631297808,0.0700286946644462
15.0,14.2427,13.856638814554795,0.0721675734918929,9.719203620520683e-07,1.5,14.557287015288066,0.0686941185503727
16.5,14.2427,15.091291173425464,0.0662633825368712,5.597105707636944e-07,2.0,14.950819034021478,0.0668859677670126
18.5,14.2427,16.64681270599254,0.0600715595028001,3.532666843334398e-07,2.0,15.31678281848478,0.0652878618082361
20.5,14.2427,18.44682814434293,0.0542098615640146,2.3808883777739617e-07,2.0,15.655983169973428,0.0638733440847009
22.5,14.2427,20.40422158232408,0.0490094658090896,1.4652362813832402e-07,2.0,16.10604989317112,0.0620884702725275
24.5,14.2427,22.42742105189809,0.0445882742240382,nan,2.0,nan,nan
26.5,14.2427,24.42721279258133,0.0409379493473649,nan,2.0,nan,nan
28.5,14.2427,26.32400976301064,0.037988133608929,nan,nan,nan,nan
Name:	297.63514416313194_8_150_1
Lambda:	297.63514416313194	Maximal Depth:	30	Filter time:	8 to 150 [us]
Chi2:	0.7704192955644704	RelRMS:	2.357761025481243	AbsRMS:	1.6556202377621402e-06	Phi model:	0.0783149315494522
depth_vector,start_model,resistivity_model,conductivity_model,E/I[V/A],modelled_thickness,rhoa,sigma
0.0,14.2427,16.739830245948554,0.0597377622895563,0.0001953792034002,1.0,14.513428486008925,0.0689017071992333
1.0,14.2427,16.501268588970163,0.0606014013170129,0.0001173238695217,1.0,14.325727773299674,0.0698044815470947
2.0,14.2427,16.043442200630647,0.0623307634044202,7.658955691801239e-05,1.0,14.209178953370063,0.0703770431269587
3.0,14.2427,15.410434939683734,0.0648910951516935,5.3667860687388425e-05,1.0,14.06079093242379,0.0711197545576207
4.0,14.2427,14.664167867512068,0.0681934364796425,3.4671632928956615e-05,1.0,13.92711729427142,0.07180236791797
5.0,14.2427,13.876195270468848,0.0720658639135893,2.0813892984226744e-05,1.0,13.850639446361363,0.0721988326873027
6.0,14.2427,13.118678590958035,0.0762271895806063,1.357618419686675e-05,1.5,13.823563909604514,0.0723402450004377
7.5,14.2427,12.506398596413224,0.0799590699345529,9.414580857812072e-06,1.5,13.830913923113876,0.072301802003758
9.0,14.2427,12.153012681928224,0.0822841237948365,5.971580541939926e-06,1.5,13.90425555564888,0.0719204272388197
10.5,14.2427,12.125997756959908,0.0824674406216209,3.5166703184063664e-06,1.5,14.06654048365828,0.0710906851021218
12.0,14.2427,12.45214389837241,0.0803074561426091,2.248196259613678e-06,1.5,14.24274020767121,0.0702112083362578
13.5,14.2427,13.128243150441362,0.0761716543897483,1.5320587170047567e-06,1.5,14.447921418588546,0.0692141084539268
15.0,14.2427,14.131472298100878,0.0707640349784636,9.54788626402752e-07,1.5,14.730904273313136,0.0678844951705798
16.5,14.2427,15.427416590170374,0.0648196666081574,5.498576279958118e-07,2.0,15.128893117619029,0.066098688927573
18.5,14.2427,17.002059203930504,0.058816405001626,3.471399189367141e-07,2.0,15.496476810654064,0.0645307970462347
20.5,14.2427,18.76256088195328,0.0532976285215867,2.3404782952621535e-07,2.0,15.835676596620385,0.0631485490309531
22.5,14.2427,20.62513859991553,0.0484845226690547,1.4412928734833538e-07,2.0,16.28393361448286,0.0614102233326844
24.5,14.2427,22.51988772251642,0.0444051947470481,nan,2.0,nan,nan
26.5,14.2427,24.3905975090136,0.0409994055959657,nan,2.0,nan,nan
28.5,14.2427,26.19515642672166,0.0381749963126733,nan,nan,nan,nan
Name:	379.26901907322497_8_150_1
Lambda:	379.26901907322497	Maximal Depth:	30	Filter time:	8 to 150 [us]
Chi2:	0.9841196389648752	RelRMS:	2.620914852741849	AbsRMS:	1.945764978669304e-06	Phi model:	0.0679085852684771
depth_vector,start_model,resistivity_model,conductivity_model,E/I[V/A],modelled_thickness,rhoa,sigma
0.0,14.2427,16.51535572939208,0.0605497100023294,0.0001964970840176,1.0,14.458331136193149,0.0691642756401343
1.0,14.2427,16.295799675655037,0.0613655064435985,0.0001177381785199,1.0,14.292100820143968,0.0699687199652658
2.0,14.2427,15.874499453046711,0.062994112221162,7.67199935380302e-05,1.0,14.193069090584371,0.070456924687515
3.0,14.2427,15.291955315587524,0.0653938609786985,5.368712569433256e-05,1.0,14.057427029259928,0.0711367733169479
4.0,14.2427,14.605250932453098,0.0684685257805454,3.463326513556269e-05,1.0,13.937401321170848,0.0717493869162685
5.0,14.2427,13.880481600741078,0.0720436097798371,2.0762059139273315e-05,1.0,13.873682552583029,0.0720789160491363
6.0,14.2427,13.184230865732674,0.075848186381438,1.3531823066833028e-05,1.5,13.85375911903252,0.0721825745205995
7.5,14.2427,12.6251583610646,0.079206927263895,9.380372489472186e-06,1.5,13.864519261859998,0.0721265542001811
9.0,14.2427,12.30937305658943,0.0812389059461222,5.949109101933748e-06,1.5,13.939247044042066,0.0717398864400944
10.5,14.2427,12.300004476575475,0.0813007834187729,3.5045810583548585e-06,1.5,14.098870823880114,0.0709276659451506
12.0,14.2427,12.621581859340283,0.0792293716543917,2.241983960176682e-06,1.5,14.269038152485622,0.0700818085503403
13.5,14.2427,13.269730503431552,0.0753594807175172,1.5290788695823568e-06,1.5,14.466685931423854,0.0691243319126633
15.0,14.2427,14.22075449964046,0.0703197569457571,9.541726782183743e-07,1.5,14.737243096482011,0.0678552965064893
16.5,14.2427,15.439374277564252,0.0647694642297227,5.505371213084908e-07,2.0,15.116442128551276,0.0661531325622742
18.5,14.2427,16.908511163871093,0.059141812682877,3.482036395296406e-07,2.0,15.464900794438035,0.0646625551170461
20.5,14.2427,18.53837520075084,0.053942159934248,2.351671293518238e-07,2.0,15.785389068608705,0.0633497214198305
22.5,14.2427,20.249040299327817,0.0493850565368866,1.4514699009887345e-07,2.0,16.207727506892383,0.0616989642486738
24.5,14.2427,21.97471079191973,0.0455068560159484,nan,2.0,nan,nan
26.5,14.2427,23.66375522231048,0.0422587197427223,nan,2.0,nan,nan
28.5,14.2427,25.27850330201795,0.0395593041270038,nan,nan,nan,nan
Name:	483.2930238571752_8_150_1
Lambda:	483.2930238571752	Maximal Depth:	30	Filter time:	8 to 150 [us]
Chi2:	1.2554261003843852	RelRMS:	2.928198279080518	AbsRMS:	2.266770172893428e-06	Phi model:	0.0575954282862965
depth_vector,start_model,resistivity_model,conductivity_model,E/I[V/A],modelled_thickness,rhoa,sigma
0.0,14.2427,16.271862361396746,0.0614557804011661,0.0001977322343769,1.0,14.39805818882972,0.0694538101516924
1.0,14.2427,16.073062349737214,0.0622158975210066,0.0001181959946142,1.0,14.25517128295772,0.0701499813752161
2.0,14.2427,15.691637777848433,0.0637282107933742,7.686522948016278e-05,1.0,14.17518503153496,0.0705458163526853
3.0,14.2427,15.164443373504254,0.0659437326758216,5.371046759809659e-05,1.0,14.05335394512548,0.0711573908907957
4.0,14.2427,14.543460617629952,0.0687594257165845,3.459348614279212e-05,1.0,13.948083671112688,0.0716944365677314
5.0,14.2427,13.888553069635956,0.0720017409291011,2.070735307790828e-05,1.0,13.898106750535623,0.0719522462986881
6.0,14.2427,13.260287686740526,0.0754131451461598,1.3485026716965515e-05,1.5,13.885791238130976,0.0720160618038068
7.5,14.2427,12.759852778834322,0.0783708101757076,9.344407774338498e-06,1.5,13.9000709477649,0.0719420788395902
9.0,14.2427,12.484500355384322,0.0800993208806085,5.925630282575303e-06,1.5,13.976043278024164,0.0715510091166069
10.5,14.2427,12.4928408513988,0.080045844807831,3.492105370619236e-06,1.5,14.132430052719124,0.0707592393006464
12.0,14.2427,12.80722595283572,0.0780809211676775,2.235704557504992e-06,1.5,14.295743871023532,0.0699508895110334
13.5,14.2427,13.422067290848698,0.0745041712525022,1.5261852094301184e-06,1.5,14.48496613103222,0.0690370961833059
15.0,14.2427,14.312972181082149,0.0698666906739138,9.537307464189448e-07,1.5,14.741795292168568,0.067834343116353
16.5,14.2427,15.4445381133153,0.0647478087504516,5.51412031867309e-07,2.0,15.10044799716107,0.0662232008075524
18.5,14.2427,16.79804507682162,0.0595307367867363,3.494472272018456e-07,2.0,15.428188746671694,0.0648164224861281
20.5,14.2427,18.289047353701992,0.0546775335347132,2.3644294258945562e-07,2.0,15.728554036641537,0.0635786352432894
22.5,14.2427,19.84322753492219,0.0503950276355041,1.4628963732135925e-07,2.0,16.123219775644298,0.062022351237226
24.5,14.2427,21.39985854798101,0.0467292808388374,nan,2.0,nan,nan
26.5,14.2427,22.91219371384218,0.0436448823927261,nan,2.0,nan,nan
28.5,14.2427,24.34626339980682,0.0410740647785784,nan,nan,nan,nan
Name:	615.8482110660261_8_150_1
Lambda:	615.8482110660261	Maximal Depth:	30	Filter time:	8 to 150 [us]
Chi2:	1.5753741290884873	RelRMS:	3.259628426781995	AbsRMS:	2.599169234868118e-06	Phi model:	0.0480756799338812
depth_vector,start_model,resistivity_model,conductivity_model,E/I[V/A],modelled_thickness,rhoa,sigma
0.0,14.2427,16.031385171479304,0.0623776416886953,0.0001990094890186,1.0,14.336387044726408,0.0697525810987257
1.0,14.2427,15.852521617567731,0.0630814468590159,0.0001186711844695,1.0,14.217091600172704,0.0703378741674459
2.0,14.2427,15.509624646130264,0.0644760929304311,7.701790392337122e-05,1.0,14.156445630062926,0.0706392004131587
3.0,14.2427,15.036403637530308,0.0665052644306539,5.373727160366694e-05,1.0,14.048680373280629,0.071181062806576
4.0,14.2427,14.480350421167229,0.0690591022257451,3.4554823474368706e-05,1.0,13.958485877748824,0.0716410081120687
5.0,14.2427,13.8958977401934,0.0719636844410228,2.06527282010255e-05,1.0,13.922602242282275,0.0718256531787605
6.0,14.2427,13.3377862584883,0.0749749606583768,1.343808645472435e-05,1.5,13.918108528054804,0.0718488433959467
7.5,14.2427,12.899826407950552,0.0775204230177601,9.308286360682072e-06,1.5,13.936007819465395,0.0717565613448659
9.0,14.2427,12.668729433038942,0.0789345139372924,5.902042901377647e-06,1.5,14.013255147023598,0.071361007097084
10.5,14.2427,12.696256602506594,0.0787633734342272,3.479593133059171e-06,1.5,14.16628889932973,0.0705901176452298
12.0,14.2427,13.001619361402629,0.0769134960963908,2.229436260442122e-06,1.5,14.3225273325255,0.0698200797096101
13.5,14.2427,13.578912222181188,0.0736436014636354,1.523327888896716e-06,1.5,14.50307353195111,0.0689509018758639
15.0,14.2427,14.405040089459732,0.0694201469617364,9.533406983777474e-07,1.5,14.745815971845984,0.0678158470110632
16.5,14.2427,15.446553346187471,0.0647393614347514,5.523424140031089e-07,2.0,15.083486134611242,0.0662976709147731
18.5,14.2427,16.685117512921064,0.0599336504058538,3.507424557308495e-07,2.0,15.39018298855948,0.0649764853831409
20.5,14.2427,18.041691050758228,0.0554271768198787,2.3776469062490906e-07,2.0,15.670209251933947,0.0638153571482515
22.5,14.2427,19.446600750756403,0.0514228688507992,1.4747022780543832e-07,2.0,16.03705364510128,0.0623555936227389
24.5,14.2427,20.84296913468759,0.0479778093772525,nan,2.0,nan,nan
26.5,14.2427,22.187317215022905,0.0450707938372515,nan,2.0,nan,nan
28.5,14.2427,23.448426225747024,0.0426467853480918,nan,nan,nan,nan
Name:	784.7599703514607_8_150_1
Lambda:	784.7599703514607	Maximal Depth:	30	Filter time:	8 to 150 [us]
Chi2:	1.9508173131822293	RelRMS:	3.613541637074788	AbsRMS:	2.9312997965207663e-06	Phi model:	0.0392861240000498
depth_vector,start_model,resistivity_model,conductivity_model,E/I[V/A],modelled_thickness,rhoa,sigma
0.0,14.2427,15.786497810319402,0.063345272144295,0.0002002884082702,1.0,14.275292979088366,0.0700511016807068
1.0,14.2427,15.629044785957037,0.0639834368443628,0.0001191351418037,1.0,14.180156443750866,0.0705210837388677
2.0,14.2427,15.327279849766338,0.0652431488040746,7.715719565680726e-05,1.0,14.139402763960916,0.0707243450585367
3.0,14.2427,14.91138513966021,0.0670628510117596,5.375193500308694e-05,1.0,14.046125292812343,0.0711940110993967
4.0,14.2427,14.423694429217838,0.0693303650397859,3.450643547595e-05,1.0,13.971532051602829,0.0715741120090891
5.0,14.2427,13.912614324259192,0.0718772170846651,2.059116409266209e-05,1.0,13.950339254209764,0.0716828445371486
6.0,14.2427,13.42678225889826,0.0744780082612329,1.3386201245285224e-05,1.5,13.954049930545006,0.071663782556133
7.5,14.2427,13.051794718970893,0.0766178155213008,9.268579014873613e-06,1.5,13.975781447715944,0.0715523495942639
9.0,14.2427,12.86435737734876,0.0777341588597946,5.876112444558207e-06,1.5,14.054450567015271,0.0711518387169772
10.5,14.2427,12.910137477016018,0.0774585090035102,3.46570751589906e-06,1.5,14.204102542996692,0.0704021952089502
12.0,14.2427,13.205665266802828,0.0757250755487388,2.222325071108027e-06,1.5,14.353064707950164,0.06967153150547
13.5,14.2427,13.744615162513483,0.0727557656708614,1.5199297389833198e-06,1.5,14.52468210630252,0.0688483226470121
15.0,14.2427,14.504937466052809,0.0689420414490161,9.52650096561321e-07,1.5,14.752941538268155,0.0677830924365873
16.5,14.2427,15.455070498399936,0.0647036841471237,5.531327880762953e-07,2.0,15.069114133802634,0.0663609015845746
18.5,14.2427,16.577083408008384,0.0603242425333337,3.519710974520936e-07,2.0,15.354346638633649,0.0651281375583811
20.5,14.2427,17.79845581221238,0.0561846494185103,2.390561414535743e-07,2.0,15.613721628594377,0.0640462295785162
22.5,14.2427,19.055340343261733,0.0524787268023588,1.4864480676518434e-07,2.0,15.952459676821643,0.0626862578096946
24.5,14.2427,20.295844994881254,0.0492711685693405,nan,2.0,nan,nan
26.5,14.2427,21.480569464408507,0.0465537006203171,nan,2.0,nan,nan
28.5,14.2427,22.581658765299835,0.0442837264699373,nan,nan,nan,nan
Name:	1000.0_8_150_1
Lambda:	1000.0	Maximal Depth:	30	Filter time:	8.0 to 150.0 [us]
Chi2:	2.3614198310446937	RelRMS:	3.967721095801495	AbsRMS:	3.257737656432908e-06	Phi model:	0.03168767266609451
depth_vector,start_model,resistivity_model,conductivity_model,E/I[V/A],modelled_thickness,rhoa,sigma
0.0,14.2427,15.552072035963466,0.06430011368823042,0.0002015455010345268,1.0,14.215871907667607,0.07034390901205508
1.0,14.2427,15.414936353415703,0.06487214588975036,0.00011958963323464595,1.0,14.144206568244911,0.07070032491218667
2.0,14.2427,15.152467519329315,0.06599585174654526,7.72928488883615e-05,1.0,14.122854297603443,0.0708072163691226
3.0,14.2427,14.791790588093402,0.06760506742198921,5.3765699137048396e-05,1.0,14.043727965109062,0.07120616423818873
4.0,14.2427,14.37059898915433,0.06958652181128375,3.445874283913968e-05,1.0,13.984420616024439,0.0715081466338421
5.0,14.2427,13.931699455078368,0.07177875199105599,2.0530762217475936e-05,1.0,13.977687289655416,0.07154259351188078
6.0,14.2427,13.517705416126299,0.07397705225969964,1.3335351525306366e-05,1.5,13.98950003221347,0.07148218290126958
7.5,14.2427,13.205745995545985,0.07572461262978089,9.229672398358163e-06,1.5,14.015029432572641,0.0713519728810471
9.0,14.2427,13.061907430837856,0.07655849693430686,5.850687821146946e-06,1.5,14.09513761352127,0.07094645170691444
10.5,14.2427,13.125188880566565,0.07618937975670745,3.4520637570735043e-06,1.5,14.241504307599042,0.070217301374997
12.0,14.2427,13.409406772419622,0.07457451451594363,2.215310564758709e-06,1.5,14.383346874898434,0.06952484763787367
13.5,14.2427,13.908436107996621,0.07189880963144753,1.516552249567842e-06,1.5,14.54623923546191,0.0687462913137112
15.0,14.2427,14.602369998106747,0.06848203408964804,9.519296041375068e-07,1.5,14.76038469523993,0.06774891174228606
16.5,14.2427,15.462704903121736,0.06467173798279705,5.538721793794731e-07,2.0,15.055700145499099,0.06642002632464422
18.5,14.2427,16.473375021807758,0.06070401473141852,3.5314793982389476e-07,2.0,15.320216095302273,0.06527323072855583
20.5,14.2427,17.56869026008352,0.05691943936606496,2.4030085428456943e-07,2.0,15.559757563772575,0.06426835353323737
22.5,14.2427,18.690119931931314,0.05350420455523886,1.4978153640388825e-07,2.0,15.871645763202007,0.06300543843528021
24.5,14.2427,19.789739951001597,0.05053123499732436,nan,2.0,nan,nan
26.5,14.2427,20.830963844373894,0.04800545992354952,nan,2.0,nan,nan
28.5,14.2427,21.788102219062537,0.045896608614452626,nan,nan,nan,nan
