Name:	5.000000000000001_8_210_0.015
Lambda:	5.000000000000001	Maximal Depth:	20	Filter time:	8.0 to 210.0 [us]
Chi2:	3.4217370893807804	RelRMS:	2.774690694673328	AbsRMS:	2.2181744741353783e-07	Phi model:	0.5999068456182824
depth_vector,start_model,resistivity_model,conductivity_model,E/I[V/A],modelled_thickness,rhoa,sigma,rel_err
0.0,13.6278,11.452643404824816,0.08731608630883557,0.00022535827026120243,1.0,13.195927069484284,0.07578095837711245,0.015
1.0,13.6278,11.704901421257224,0.08543429491716215,0.00012960318015021503,1.0,13.405937001499481,0.0745938161493783,0.015
2.0,13.6278,12.284067144510233,0.08140626294499712,8.255916422172322e-05,1.0,13.51569854726555,0.0739880366895514,0.015
3.0,13.6278,13.200013020668411,0.07575750102929542,5.706248928101963e-05,1.0,13.497462549480238,0.07408799960245181,0.015
4.0,13.6278,14.373440020880496,0.06957276744796556,3.642994269924351e-05,1.0,13.475299872722495,0.07420985131650092,0.015
5.0,13.6278,15.656438798120769,0.06387148526522067,2.1786990877877746e-05,1.0,13.435088591526512,0.07443196173865935,0.015
6.0,13.6278,16.826620766415935,0.0594296391344297,1.4245634441603776e-05,1.5,13.387021947302834,0.07469921271037254,0.015
7.5,13.6278,17.36704451822167,0.057580321104767726,9.892443280131126e-06,1.5,13.38183977923002,0.07472814026305276,0.015
9.0,13.6278,16.890853958413107,0.05920363780671453,6.301208304502915e-06,1.5,13.415021706512437,0.0745433009261954,0.015
10.5,13.6278,15.345230549066008,0.06516682801229502,3.7383524628933853e-06,1.5,13.504802606378574,0.07404773169566219,0.015
12.0,13.6278,13.081389525644573,0.07644447847375953,2.3987651335472056e-06,1.5,13.640319662820676,0.07331206487232796,0.015
13.5,13.6278,10.740649940862188,0.0931042353587521,1.6434659374260654e-06,1.5,13.787382982169603,0.07253008067544364,0.015
15.0,13.6278,9.117935641452366,0.1096739480649277,1.029407928542719e-06,1.5,14.01014271876615,0.07137686032709224,0.015
16.5,13.6278,9.123525749872666,0.1096067493440194,5.968343642947722e-07,1.5,14.324235208429533,0.06981175507447124,0.015
18.0,13.6278,12.3263269935079,0.08112716793304978,3.7905709922367093e-07,1.5,14.613904085993223,0.06842798434392734,0.015
19.5,13.6278,22.822778579407377,0.043815874413393456,2.5670845063938744e-07,nan,14.889482104830138,0.0671615031979924,0.015
nan,nan,nan,nan,1.5909586161463642e-07,nan,15.245964144429992,0.06559112893921787,0.015
nan,nan,nan,nan,9.163825175860815e-08,nan,15.6751635944202,0.06379518746177325,0.015
nan,nan,nan,nan,5.791119956453926e-08,nan,16.056247205969033,0.06228105404532152,0.015
Name:	5.8538995686138975_8_210_0.015
Lambda:	5.8538995686138975	Maximal Depth:	20	Filter time:	8.0 to 210.0 [us]
Chi2:	3.431094559813809	RelRMS:	2.7784820963218513	AbsRMS:	2.1074517657638567e-07	Phi model:	0.5684696279098133
depth_vector,start_model,resistivity_model,conductivity_model,E/I[V/A],modelled_thickness,rhoa,sigma,rel_err
0.0,13.6278,11.316020916462163,0.08837028557849641,0.0002252829143146039,1.0,13.19886955079458,0.07576406419895251,0.015
1.0,13.6278,11.623247789062573,0.0860344731651506,0.00012957482206169617,1.0,13.407892900423736,0.07458293465100668,0.015
2.0,13.6278,12.292910937022663,0.08134769747564766,8.255898787067444e-05,1.0,13.515717794164658,0.07398793132775715,0.015
3.0,13.6278,13.306088679082793,0.07515356496699159,5.707452015207759e-05,1.0,13.495565708454313,0.07409841288635635,0.015
4.0,13.6278,14.555626303716839,0.0687019561463079,3.64431530506741e-05,1.0,13.472043217017676,0.0742277903871935,0.015
5.0,13.6278,15.865464449241669,0.06302998586642684,2.179536655291392e-05,1.0,13.431646418186519,0.07445103666859447,0.015
6.0,13.6278,16.99645994746942,0.058835781279788724,1.4250014620328862e-05,1.5,13.384278532426585,0.07471452402737011,0.015
7.5,13.6278,17.409956596766087,0.05743839707134886,9.894364305767255e-06,1.5,13.38010763566506,0.07473781431581845,0.015
9.0,13.6278,16.77675563455924,0.059606280366869754,6.301382501966596e-06,1.5,13.414774472563087,0.07454467475731893,0.015
10.5,13.6278,15.122888674497403,0.0661249329756925,3.737809451777027e-06,1.5,13.506110516887615,0.07404056102973773,0.015
12.0,13.6278,12.850253726867372,0.07781947510570902,2.398143964140903e-06,1.5,13.642674979726035,0.07329940803296052,0.015
13.5,13.6278,10.60574453267522,0.09428852419734433,1.6429376768413274e-06,1.5,13.790338233545631,0.07251453757439061,0.015
15.0,13.6278,9.14374210513453,0.10936441431768566,1.0290471612075227e-06,1.5,14.01341701415898,0.07136018281548409,0.015
16.5,13.6278,9.315381839403553,0.10734933009080261,5.966448014799225e-07,1.5,14.327269061040242,0.06979697217519794,0.015
18.0,13.6278,12.603354358290005,0.0793439565033128,3.7896706774898593e-07,1.5,14.616218551386984,0.0684171488325964,0.015
19.5,13.6278,22.740116179972418,0.043975149119102386,2.5667380123432103e-07,nan,14.890822067816629,0.06715545961436804,0.015
nan,nan,nan,nan,1.5910067427713216e-07,nan,15.245656691093277,0.06559245169046826,0.015
nan,nan,nan,nan,9.166243122248049e-08,nan,15.672406858193652,0.06380640887185701,0.015
nan,nan,nan,nan,5.793939274240046e-08,nan,16.05103816100348,0.062301266121809654,0.015
Name:	6.853628031883595_8_210_0.015
Lambda:	6.853628031883595	Maximal Depth:	20	Filter time:	8.0 to 210.0 [us]
Chi2:	3.4409481250917215	RelRMS:	2.782468918327098	AbsRMS:	1.966493435252675e-07	Phi model:	0.5402739441354111
depth_vector,start_model,resistivity_model,conductivity_model,E/I[V/A],modelled_thickness,rhoa,sigma,rel_err
0.0,13.6278,11.202579834586512,0.08926515273853526,0.00022518547541123643,1.0,13.202676755029415,0.07574221641221815,0.015
1.0,13.6278,11.56013457608118,0.08650418327041606,0.00012954781696323674,1.0,13.409756144940188,0.07457257158082797,0.015
2.0,13.6278,12.311148309662505,0.08122719139165449,8.256338393480128e-05,1.0,13.515238029515258,0.07399055775533879,0.015
3.0,13.6278,13.408144107093761,0.07458153731141183,5.70897396943115e-05,1.0,13.493167081771176,0.07411158506670884,0.015
4.0,13.6278,14.718362986550057,0.06794233848654369,3.6458050982330644e-05,1.0,13.468372893722432,0.07424801851648294,0.015
5.0,13.6278,16.040168259662103,0.06234348566746679,2.1804317804332855e-05,1.0,13.427970134956425,0.07447141972685398,0.015
6.0,13.6278,17.126338526560076,0.05838959672840566,1.4254487197289403e-05,1.5,13.381478696096089,0.07473015671218308,0.015
7.5,13.6278,17.420495131404838,0.05740364969289809,9.896229352856893e-06,1.5,13.378426502794202,0.07474720586842863,0.015
9.0,13.6278,16.656611475348296,0.06003622054101431,6.301465055385981e-06,1.5,13.414657310610929,0.07454532582125709,0.015
10.5,13.6278,14.921113588747078,0.0670191265586344,3.737192190519252e-06,1.5,13.507597652837632,0.07403240944106174,0.015
12.0,13.6278,12.649057047417143,0.07905727646348101,2.3974747917965083e-06,1.5,13.64521344956263,0.07328577187131162,0.015
13.5,13.6278,10.497293949367437,0.09526264624229748,1.6423805685196693e-06,1.5,13.793456584254262,0.07249814387653468,0.015
15.0,13.6278,9.182305164792892,0.10890511500687586,1.02867300687917e-06,1.5,14.016814830440076,0.07134288439255951,0.015
16.5,13.6278,9.506512117636698,0.10519105089497306,5.964517343676077e-07,1.5,14.330360649845595,0.06978191438683538,0.015
18.0,13.6278,12.858088693107039,0.0777720564749316,3.7887746049969297e-07,1.5,14.618523021222375,0.06840636352579905,0.015
19.5,13.6278,22.65611710901057,0.04413818992850676,2.5664105097865424e-07,nan,14.892088864006203,0.06714974703226317,0.015
nan,nan,nan,nan,1.591079122410159e-07,nan,15.245194328379354,0.06559444100613872,0.015
nan,nan,nan,nan,9.168883805538784e-08,nan,15.66939756061696,0.06381866285104495,0.015
nan,nan,nan,nan,5.796942105925404e-08,nan,16.04549469490074,0.06232279022957143,0.015
Name:	8.024090035856696_8_210_0.015
Lambda:	8.024090035856696	Maximal Depth:	20	Filter time:	8.0 to 210.0 [us]
Chi2:	3.4515853427227263	RelRMS:	2.786766409501545	AbsRMS:	1.8018596117879967e-07	Phi model:	0.5143409713313143
depth_vector,start_model,resistivity_model,conductivity_model,E/I[V/A],modelled_thickness,rhoa,sigma,rel_err
0.0,13.6278,11.124310003985952,0.08989321581668346,0.0002250631426184404,1.0,13.207460520806622,0.07571478244622659,0.015
1.0,13.6278,11.519724168890061,0.08680763404913637,0.00012952272746514774,1.0,13.411487800826615,0.07456294296732427,0.015
2.0,13.6278,12.33132809214434,0.08109426596451108,8.257327279826726e-05,1.0,13.514158963559025,0.07399646568436137,0.015
3.0,13.6278,13.492467536251347,0.07411542753860374,5.710877548557295e-05,1.0,13.490168507194594,0.07412805847952741,0.015
4.0,13.6278,14.845715185064103,0.06735950323269536,3.6474971548763854e-05,1.0,13.46420729537814,0.07427098959945976,0.015
5.0,13.6278,16.173437333840102,0.061829775536191935,2.181395932603291e-05,1.0,13.424013170137995,0.074493371492254,0.015
6.0,13.6278,17.21538921752741,0.0580875626664238,1.4259064733107335e-05,1.5,13.378614671140204,0.07474615455942227,0.015
7.5,13.6278,17.410576838421434,0.0574363508619205,9.898015178199898e-06,1.5,13.376817274334131,0.07475619794244201,0.015
9.0,13.6278,16.533982815430416,0.060481495061597945,6.301421283653594e-06,1.5,13.414719432269273,0.0745449806124523,0.015
10.5,13.6278,14.732119214542788,0.0678788968129481,3.736470085842894e-06,1.5,13.509337902335812,0.07402287271436866,0.015
12.0,13.6278,12.476241110302,0.08015234646068763,2.3967351447572516e-06,1.5,13.648020635750287,0.07327069812457285,0.015
13.5,13.6278,10.41523492820166,0.09601319671554105,1.6417789062881808e-06,1.5,13.796826301102403,0.07248043703500837,0.015
15.0,13.6278,9.236936698666666,0.10826099957406313,1.0282762044089592e-06,1.5,14.020420573120104,0.07132453657754005,0.015
16.5,13.6278,9.690586083714896,0.10319293295175486,5.962508350254427e-07,1.5,14.333579427593685,0.06976624401821727,0.015
18.0,13.6278,13.095327732832038,0.07636311365410453,3.78786389940641e-07,1.5,14.62086605458301,0.06839540122088344,0.015
19.5,13.6278,22.569449828438202,0.044307681737991204,2.5660954076973017e-07,nan,14.89330794891613,0.0671442505204343,0.015
nan,nan,nan,nan,1.5911772017255983e-07,nan,15.2445678515029,0.06559713661554624,0.015
nan,nan,nan,nan,9.171797426607306e-08,nan,15.666078901450376,0.06383218202146418,0.015
nan,nan,nan,nan,5.8001842072206165e-08,nan,16.039514888649638,0.06234602523469397,0.015
Name:	9.394443439884116_8_210_0.015
Lambda:	9.394443439884116	Maximal Depth:	20	Filter time:	8.0 to 210.0 [us]
Chi2:	3.463422500385588	RelRMS:	2.791540905282882	AbsRMS:	1.639560323815965e-07	Phi model:	0.4897383281986184
depth_vector,start_model,resistivity_model,conductivity_model,E/I[V/A],modelled_thickness,rhoa,sigma,rel_err
0.0,13.6278,11.072641852476982,0.09031268357842687,0.00022491413897474623,1.0,13.213293094729554,0.0756813606442193,0.015
1.0,13.6278,11.49735640710556,0.08697651569555442,0.0001294977245977353,1.0,13.413214033791785,0.07455334698161897,0.015
2.0,13.6278,12.355995715420047,0.08093236862748496,8.258747189950263e-05,1.0,13.512609944030562,0.07400494827735096,0.015
3.0,13.6278,13.565191965184157,0.07371808689228707,5.713098001158633e-05,1.0,13.486672888247655,0.07414727177608084,0.015
4.0,13.6278,14.947427955774018,0.06690114198635168,3.649360819783743e-05,1.0,13.459622947943801,0.07429628629773526,0.015
5.0,13.6278,16.27072356346837,0.06146008172895501,2.1824152668611622e-05,1.0,13.419832901875537,0.0745165761237043,0.015
6.0,13.6278,17.26641776879741,0.05791589276885944,1.4263667591809525e-05,1.5,13.375736347128395,0.0747622391805508,0.015
7.5,13.6278,17.371913677805534,0.057564181963303575,9.899663051730416e-06,1.5,13.375332785108947,0.0747644949150964,0.015
9.0,13.6278,16.403991725482484,0.06096077203249061,6.301205673848789e-06,1.5,13.41502544021903,0.07454328017909989,0.015
10.5,13.6278,14.557663611070337,0.06869234148531586,3.735609734030676e-06,1.5,13.511412054986815,0.07401150937669156,0.015
12.0,13.6278,12.327616730942369,0.08111868026282776,2.395900090321135e-06,1.5,13.6511916578621,0.07325367814494585,0.015
13.5,13.6278,10.35768921607736,0.0965466311199785,1.6411138439234925e-06,1.5,13.800553497451077,0.0724608618186725,0.015
15.0,13.6278,9.302764240021578,0.10749493099028387,1.0278440127213478e-06,1.5,14.024350536926992,0.07130454970923163,0.015
16.5,13.6278,9.873571091507173,0.10128047802888233,5.9603444153941e-07,1.5,14.337048472727925,0.06974936312046442,0.015
18.0,13.6278,13.316504990677089,0.07509477905051679,3.7868903753154617e-07,1.5,14.623371743795069,0.06838368178832054,0.015
19.5,13.6278,22.479622379270992,0.04448473302301218,2.5657612664387317e-07,nan,14.894600966241034,0.06713842165134358,0.015
nan,nan,nan,nan,1.591283093993143e-07,nan,15.243891542023274,0.06560004689375225,0.015
nan,nan,nan,nan,9.174896049576215e-08,nan,15.662551449697128,0.06384655802802405,0.015
nan,nan,nan,nan,5.80361990896227e-08,nan,16.033184078030125,0.062370642982280435,0.015
Name:	10.998825680021056_8_210_0.015
Lambda:	10.998825680021056	Maximal Depth:	20	Filter time:	8.0 to 210.0 [us]
Chi2:	3.4769702178412536	RelRMS:	2.796995350397068	AbsRMS:	1.5238141900334181e-07	Phi model:	0.4657160995554562
depth_vector,start_model,resistivity_model,conductivity_model,E/I[V/A],modelled_thickness,rhoa,sigma,rel_err
0.0,13.6278,11.047367304205213,0.0905193040534958,0.00022473650236510016,1.0,13.220254893586374,0.07564150676740253,0.015
1.0,13.6278,11.494007418864427,0.08700185788628949,0.0001294723156171966,1.0,13.414968874565535,0.07454359449882708,0.015
2.0,13.6278,12.385279329507144,0.08074101305229049,8.26059673790577e-05,1.0,13.510592886134473,0.07401599681286161,0.015
3.0,13.6278,13.623855286334193,0.07340066221953188,5.715645976186048e-05,1.0,13.482664445511746,0.07416931601623378,0.015
4.0,13.6278,15.02039032404252,0.06657616602674707,3.651406769991838e-05,1.0,13.454594695839923,0.0743240523112297,0.015
5.0,13.6278,16.329558058657355,0.06123864445124008,2.183494546892066e-05,1.0,13.41541034258908,0.07454114145322573,0.015
6.0,13.6278,17.279548232822265,0.05787188336906365,1.4268300047865283e-05,1.5,13.372841077475227,0.07477842548240307,0.015
7.5,13.6278,17.30807053810543,0.0577765151695217,9.901155978896981e-06,1.5,13.37398823506724,0.07477201134198339,0.015
9.0,13.6278,16.26890753034304,0.061466942272239616,6.300790894218563e-06,1.5,13.41561417247371,0.07454000891377824,0.015
10.5,13.6278,14.395094885463548,0.06946810757112964,3.734585022831074e-06,1.5,13.51388348748291,0.07399797407800943,0.015
12.0,13.6278,12.201077246052016,0.0819599761425637,2.3949488974781962e-06,1.5,13.654805946929546,0.07323428863702472,0.015
13.5,13.6278,10.319806404466439,0.09690104259777561,1.6403697790181735e-06,1.5,13.804726431109968,0.07243895813439855,0.015
15.0,13.6278,9.380667846068466,0.10660221813728436,1.027366312988409e-06,1.5,14.028697515767169,0.07128245504445993,0.015
16.5,13.6278,10.058305823354699,0.09942032162892367,5.957970516554795e-07,1.5,14.3408565303988,0.06973084193961959,0.015
18.0,13.6278,13.524305436371264,0.07394095058742714,3.7858240175390016e-07,1.5,14.626117603814762,0.06837084365704686,0.015
19.5,13.6278,22.38555870994349,0.04467165698016766,2.56539189478865e-07,nan,14.896030640288732,0.06713197791734785,0.015
nan,nan,nan,nan,1.5913908282446477e-07,nan,15.243203545189852,0.0656030077296685,0.015
nan,nan,nan,nan,9.17817810909198e-08,nan,15.658817339680027,0.06386178332037648,0.015
nan,nan,nan,nan,5.8072679280518916e-08,nan,16.02646887360281,0.06239677672522733,0.015
Name:	12.87720418070694_8_210_0.015
Lambda:	12.87720418070694	Maximal Depth:	20	Filter time:	8.0 to 210.0 [us]
Chi2:	3.49299919388003	RelRMS:	2.80343506902337	AbsRMS:	1.51574917456793e-07	Phi model:	0.44145932909631314
depth_vector,start_model,resistivity_model,conductivity_model,E/I[V/A],modelled_thickness,rhoa,sigma,rel_err
0.0,13.6278,11.043950864097823,0.0905473061502696,0.00022453105448678464,1.0,13.228318096805188,0.07559540016213498,0.015
1.0,13.6278,11.506528701739237,0.08690718338440748,0.00012944862086091723,1.0,13.416605841775498,0.0745344993952408,0.015
2.0,13.6278,12.420820799488958,0.08050997725054886,8.26308786291476e-05,1.0,13.507877334134232,0.07403087659620752,0.015
3.0,13.6278,13.676811601268888,0.07311645646323178,5.718697218676203e-05,1.0,13.477868185542754,0.07419571005099053,0.015
4.0,13.6278,15.072707829358052,0.06634507955181336,3.653757060394302e-05,1.0,13.44882427096684,0.07435594218884903,0.015
5.0,13.6278,16.352713847493593,0.061151929234869576,2.1847040908942713e-05,1.0,13.410458328924442,0.07456866689210338,0.015
6.0,13.6278,17.252352804113002,0.05796310864693177,1.4273373251949395e-05,1.5,13.369672138578157,0.07479614979596264,0.015
7.5,13.6278,17.211463161672345,0.058100812848199214,9.902744480275162e-06,1.5,13.372557980602522,0.07478000854066541,0.015
9.0,13.6278,16.121108740707125,0.06203047297081483,6.3003088034636255e-06,1.5,13.416298526345633,0.07453620669190511,0.015
10.5,13.6278,14.240130997967107,0.07022407308912805,3.733458633146776e-06,1.5,13.516601455840942,0.07398309429090025,0.015
12.0,13.6278,12.093417708518919,0.0826896105056864,2.3939160700793235e-06,1.5,13.658733136630348,0.07321323214948638,0.015
13.5,13.6278,10.302819031438158,0.09706081383634778,1.6395686731980836e-06,1.5,13.809222795093103,0.07241537158451342,0.015
15.0,13.6278,9.47390393267054,0.10555310747362795,1.026856824659449e-06,1.5,14.033337478913493,0.07125888631286756,0.015
16.5,13.6278,10.24565524593656,0.0976023471409114,5.955475867783681e-07,1.5,14.344861013416931,0.06971137601575138,0.015
18.0,13.6278,13.722950609927251,0.07287062588978459,3.784731412796512e-07,1.5,14.62893238684964,0.06835768828208737,0.015
19.5,13.6278,22.285058232998207,0.044873115858376694,2.5650401529170095e-07,nan,14.897392396217942,0.06712584144953272,0.015
nan,nan,nan,nan,1.59154047903719e-07,nan,15.242247995824492,0.06560712043748029,0.015
nan,nan,nan,nan,9.181931737684904e-08,nan,15.654549436754843,0.06387919397105932,0.015
nan,nan,nan,nan,5.811344069925328e-08,nan,16.01897390064363,0.06242597098930418,0.015
Name:	15.076371999678692_8_210_0.015
Lambda:	15.076371999678692	Maximal Depth:	20	Filter time:	8.0 to 210.0 [us]
Chi2:	3.5119469769028853	RelRMS:	2.8110284057674497	AbsRMS:	1.6842185583338452e-07	Phi model:	0.41698960531426466
depth_vector,start_model,resistivity_model,conductivity_model,E/I[V/A],modelled_thickness,rhoa,sigma,rel_err
0.0,13.6278,11.070023393089194,0.09033404578207857,0.00022429387887630794,1.0,13.237641822024234,0.07554215572869194,0.015
1.0,13.6278,11.539221968361318,0.0866609553695941,0.00012942419436554522,1.0,13.418293884491197,0.07452512283665179,0.015
2.0,13.6278,12.459299105082383,0.08026133665834229,8.266038350788048e-05,1.0,13.504662799518957,0.07404849827391621,0.015
3.0,13.6278,13.712646947810242,0.07292538076754677,5.722107387635062e-05,1.0,13.472512772338485,0.07422520333795353,0.015
4.0,13.6278,15.091639458632752,0.06626185330898413,3.656311310470684e-05,1.0,13.442560095892016,0.07439059173747681,0.015
5.0,13.6278,16.338193170206868,0.0612062784166077,2.185982739109646e-05,1.0,13.405228360606467,0.07459775940398519,0.015
6.0,13.6278,17.187009831942596,0.05818347750877926,1.4278496573404152e-05,1.5,13.366473798813765,0.07481404707416156,0.015
7.5,13.6278,17.09160591881581,0.058508252808422166,9.904168229013985e-06,1.5,13.371276390986036,0.07478717594037088,0.015
9.0,13.6278,15.966713144827702,0.0626302978533777,6.299603904439768e-06,1.5,13.417299325709985,0.07453064701953978,0.015
10.5,13.6278,14.093610112580684,0.07095414106193759,3.7321442884738374e-06,1.5,13.519774686235944,0.07396572969652138,0.015
12.0,13.6278,12.00453578488904,0.08330184672853164,2.3927486954193293e-06,1.5,13.663175325574748,0.07318942897030668,0.015
13.5,13.6278,10.307381875553915,0.09701784721605265,1.638675170678873e-06,1.5,13.814242075123477,0.07238906011360464,0.015
15.0,13.6278,9.580546303575742,0.10437818140148965,1.026293635868138e-06,1.5,14.038470964708946,0.0712328288824247,0.015
16.5,13.6278,10.435158389629825,0.09582988227507622,5.952731536819675e-07,1.5,14.349269524231849,0.06968995866383884,0.015
18.0,13.6278,13.909733044717006,0.07189210582152801,3.783528016595346e-07,1.5,14.63203416002733,0.06834319747092035,0.015
19.5,13.6278,22.179238978590543,0.045087209753467763,2.564646528139567e-07,nan,14.898916669371006,0.06711897396243491,0.015
nan,nan,nan,nan,1.5916929492329767e-07,nan,15.241274598016915,0.06561131049565322,0.015
nan,nan,nan,nan,9.185914065173421e-08,nan,15.650024679435546,0.06389766281416927,0.015
nan,nan,nan,nan,5.8156843556506644e-08,nan,16.011002861130006,0.062457049609784605,0.015
Name:	17.651113509036346_8_210_0.015
Lambda:	17.651113509036346	Maximal Depth:	20	Filter time:	8.0 to 210.0 [us]
Chi2:	3.534878168624702	RelRMS:	2.820190752308357	AbsRMS:	2.039966388584889e-07	Phi model:	0.39168892733973115
depth_vector,start_model,resistivity_model,conductivity_model,E/I[V/A],modelled_thickness,rhoa,sigma,rel_err
0.0,13.6278,11.120126899220741,0.08992703132462242,0.0002240267859201198,1.0,13.248161334034915,0.07548217256616363,0.015
1.0,13.6278,11.589286899888391,0.08628658593391371,0.00012940123043212538,1.0,13.419881338197504,0.07451630717133564,0.015
2.0,13.6278,12.503496457065843,0.07997762893233681,8.269652906734235e-05,1.0,13.500727373094138,0.0740700832158806,0.015
3.0,13.6278,13.739686881330984,0.07278186239882699,5.7260480227001954e-05,1.0,13.46633092320471,0.07425927713367232,0.015
4.0,13.6278,15.087582404326549,0.06627967113626089,3.659190383870874e-05,1.0,13.435508045193252,0.07442963798884884,0.015
5.0,13.6278,16.28899048773058,0.061391158694164255,2.1874014818110827e-05,1.0,13.399431337198376,0.07463003278533799,0.015
6.0,13.6278,17.084522511973933,0.05853251089102055,1.4284093656907451e-05,1.5,13.362981888700146,0.07483359689693277,0.015
7.5,13.6278,16.941172595699197,0.059027791278973625,9.905689140250347e-06,1.5,13.369907679554053,0.07479483209366143,0.015
9.0,13.6278,15.798392850164635,0.06329757776529649,6.298816047383163e-06,1.5,13.418418127880473,0.0745244327960107,0.015
10.5,13.6278,13.951989551153746,0.07167436560453172,3.7307094953738536e-06,1.5,13.52324084305956,0.07394677145850162,0.015
12.0,13.6278,11.933155708636718,0.08380013002564292,2.3914842527350505e-06,1.5,13.667990962562241,0.07316364217236336,0.015
13.5,13.6278,10.332235923234718,0.09678447215391589,1.6377131873637027e-06,1.5,13.819651149941047,0.07236072670360177,0.015
15.0,13.6278,9.702897236841057,0.10306200051290731,1.0256916932425998e-06,1.5,14.043962886440688,0.07120497313229804,0.015
16.5,13.6278,10.630618295264549,0.09406790576287119,5.949834508401011e-07,1.5,14.353927006024767,0.0696673460566067,0.015
18.0,13.6278,14.090655641551662,0.0709690184359569,3.782286077707043e-07,1.5,14.63523700217484,0.06832824093326244,0.015
19.5,13.6278,22.065742761775073,0.045319118000972984,2.5642683455228155e-07,nan,14.900381511591032,0.06711237556045785,0.015
nan,nan,nan,nan,1.5918917181895721e-07,nan,15.240005853724263,0.06561677269668673,0.015
nan,nan,nan,nan,9.190438132907714e-08,nan,15.644888356898905,0.06391864084853194,0.015
nan,nan,nan,nan,5.820523613291825e-08,nan,16.002127129488454,0.06249169200494706,0.015
Name:	20.665569151220556_8_210_0.015
Lambda:	20.665569151220556	Maximal Depth:	20	Filter time:	8.0 to 210.0 [us]
Chi2:	3.5625095151645603	RelRMS:	2.831191694167009	AbsRMS:	2.564143961394144e-07	Phi model:	0.36565333800661404
depth_vector,start_model,resistivity_model,conductivity_model,E/I[V/A],modelled_thickness,rhoa,sigma,rel_err
0.0,13.6278,11.194729523307876,0.08932774998430823,0.0002237277489850635,1.0,13.259963796515187,0.07541498720100633,0.015
1.0,13.6278,11.656945973213785,0.08578576260865203,0.0001293773986365104,1.0,13.421529282144107,0.07450715778941762,0.015
2.0,13.6278,12.553087203898636,0.07966167873743664,8.273744327791629e-05,1.0,13.496276207124621,0.07409451204563408,0.015
3.0,13.6278,13.757230135866134,0.07268905078449801,5.730382171211672e-05,1.0,13.459539934841704,0.07429674452775127,0.015
4.0,13.6278,15.060569621604783,0.06639855099275088,3.662305290514624e-05,1.0,13.42788874811049,0.0744718711004152,0.015
5.0,13.6278,16.20741150893117,0.06170016720121812,2.188908806096754e-05,1.0,13.393279228603824,0.0746643135658902,0.015
6.0,13.6278,16.94801218930523,0.05900396983612236,1.4289845743346526e-05,1.5,13.359395650567468,0.07485368546274943,0.015
7.5,13.6278,16.765020767977415,0.05964800245938754,9.907094470189508e-06,1.5,13.368643294330612,0.07480190607105816,0.015
9.0,13.6278,15.619255227171944,0.06402353924407074,6.297814031410252e-06,1.5,13.419841384978088,0.07451652901943988,0.015
10.5,13.6278,13.815783174658813,0.07238098538157577,3.729077609505499e-06,1.5,13.52718583584115,0.07392520603586561,0.015
12.0,13.6278,11.877848583601791,0.08419033067828215,2.3900731709164203e-06,1.5,13.673370088326703,0.07313485947796622,0.015
13.5,13.6278,10.375747362172875,0.09637859954510124,1.6366480721762083e-06,1.5,13.825646299207099,0.07232934926574464,0.015
15.0,13.6278,9.840996042692813,0.10161573032462756,1.0250285351078008e-06,1.5,14.050019540126977,0.07117427823811856,0.015
16.5,13.6278,10.83339684794124,0.09230715112130673,5.946647872505762e-07,1.5,14.359054449900091,0.06964246869381834,0.015
18.0,13.6278,14.26676486544993,0.07009297548750644,3.7809145037245234e-07,1.5,14.638776198284733,0.06831172131159248,0.015
19.5,13.6278,21.945458555759185,0.04556751445676984,2.5638413265967204e-07,nan,14.902035947907544,0.06710492468919417,0.015
nan,nan,nan,nan,1.5920948916037024e-07,nan,15.23870926857839,0.0656223556979304,0.015
nan,nan,nan,nan,9.195248641322177e-08,nan,15.639431449489528,0.06394094332838679,0.015
nan,nan,nan,nan,5.825693140200159e-08,nan,15.992659224244042,0.06252868806733854,0.015
Name:	24.19483326789813_8_210_0.015
Lambda:	24.19483326789813	Maximal Depth:	20	Filter time:	8.0 to 210.0 [us]
Chi2:	3.595790048437793	RelRMS:	2.8443852778737684	AbsRMS:	3.2163805699305645e-07	Phi model:	0.3388562548150952
depth_vector,start_model,resistivity_model,conductivity_model,E/I[V/A],modelled_thickness,rhoa,sigma,rel_err
0.0,13.6278,11.288995060797905,0.08858184405382494,0.0002234000242822098,1.0,13.27292874853433,0.07534132209595606,0.015
1.0,13.6278,11.740533547315938,0.08517500469377007,0.00012935390722039773,1.0,13.423154184417657,0.07449813853444785,0.015
2.0,13.6278,12.611087649711308,0.07929530170404389,8.27837891107783e-05,1.0,13.49123854982674,0.07412217909473126,0.015
3.0,13.6278,13.771673312424994,0.07261281743430453,5.73516099959092e-05,1.0,13.45206211311567,0.0743380450960754,0.015
4.0,13.6278,15.01652131757914,0.06659331937479732,3.665691956092517e-05,1.0,13.419616953971746,0.07451777524126979,0.015
5.0,13.6278,16.098082653166692,0.06211919900928622,2.190527601455245e-05,1.0,13.386680011903822,0.07470112074919033,0.015
6.0,13.6278,16.7775669288433,0.059603398051766454,1.4295907573725094e-05,1.5,13.355618900046112,0.07487485286036032,0.015
7.5,13.6278,16.56298760352326,0.06037558102061738,9.90849047913804e-06,1.5,13.3673875911894,0.07480893279844085,0.015
9.0,13.6278,15.429647763732547,0.06481029348903895,6.296662482704571e-06,1.5,13.421477503586015,0.07450744522969362,0.015
10.5,13.6278,13.683457588197259,0.0730809441659362,3.727284994763924e-06,1.5,13.531522699349694,0.07390151295005835,0.015
12.0,13.6278,11.834903962766054,0.0844958271859335,2.388537919785512e-06,1.5,13.679228570080669,0.0731035375918207,0.015
13.5,13.6278,10.438674906345794,0.09579759969266675,1.6354949710138735e-06,1.5,13.832144024700266,0.07229537215736657,0.015
15.0,13.6278,9.995961247428522,0.1000404038438276,1.0243137820245448e-06,1.5,14.056554729783931,0.0711411878104907,0.015
16.5,13.6278,11.045515986863846,0.09053447581708947,5.943230933078655e-07,1.5,14.364557553026573,0.06961578846466474,0.015
18.0,13.6278,14.441023398334751,0.06924716984499268,3.7794541696583246e-07,1.5,14.642546782815323,0.06829413044277328,0.015
19.5,13.6278,21.817779219290472,0.04583417908619394,2.5633956582154794e-07,nan,14.903763129270432,0.06709714797036981,0.015
nan,nan,nan,nan,1.5923235441786273e-07,nan,15.237250413677701,0.06562863855688499,0.015
nan,nan,nan,nan,9.200485637716473e-08,nan,15.633496152785556,0.0639652186706696,0.015
nan,nan,nan,nan,5.831292567542952e-08,nan,15.982419748183634,0.06256874839704092,0.015
Name:	28.326824805926805_8_210_0.015
Lambda:	28.326824805926805	Maximal Depth:	20	Filter time:	8.0 to 210.0 [us]
Chi2:	3.6356568688352073	RelRMS:	2.8601097802146014	AbsRMS:	3.971027521642434e-07	Phi model:	0.3114273044355552
depth_vector,start_model,resistivity_model,conductivity_model,E/I[V/A],modelled_thickness,rhoa,sigma,rel_err
0.0,13.6278,11.405834968141162,0.08767442302937095,0.0002230446861741204,1.0,13.28702196623719,0.07526140940694136,0.015
1.0,13.6278,11.840836916007625,0.0844534898245326,0.00012933077830753275,1.0,13.424754492891163,0.07448925792494246,0.015
2.0,13.6278,12.675153790455996,0.07889450625466726,8.283540196156683e-05,1.0,13.485633912227474,0.07415298431713294,0.015
3.0,13.6278,13.779862429859206,0.0725696649796102,5.740371069473026e-05,1.0,13.443921316522122,0.07438305955949281,0.015
4.0,13.6278,14.955640541909842,0.06686440458352308,3.669342122512237e-05,1.0,13.410715819756389,0.07456723514540668,0.015
5.0,13.6278,15.963855261803731,0.06264151006133663,2.1922541999626947e-05,1.0,13.379650274574924,0.07474036910368873,0.015
6.0,13.6278,16.579855216550534,0.060314157568865163,1.4302264433540912e-05,1.5,13.351661200997508,0.07489704726220058,0.015
7.5,13.6278,16.338500310963294,0.06120512782491978,9.909870437975742e-06,1.5,13.366146614804661,0.0748158784142302,0.015
9.0,13.6278,15.228975548491148,0.06566429874523488,6.295358210824304e-06,1.5,13.423331213437274,0.07449715604118903,0.015
10.5,13.6278,13.55357185792709,0.07378128883532123,3.725329759071558e-06,1.5,13.536256956279955,0.07387566616309424,0.015
12.0,13.6278,11.806392196857038,0.08469987980462046,2.3868770075114915e-06,1.5,13.685573643417428,0.07306964443401218,0.015
13.5,13.6278,10.518387111833079,0.09507161025429556,1.634252656087589e-06,1.5,13.839153019519259,0.07225875735238729,0.015
15.0,13.6278,10.168261352759151,0.09834522985865726,1.0235465715601589e-06,1.5,14.063578014883946,0.07110566023395093,0.015
16.5,13.6278,11.269378796370923,0.0887360357717348,5.93957878135819e-07,1.5,14.370445307101074,0.06958726599139246,0.015
18.0,13.6278,14.616178005477957,0.06841733862472206,3.777902478290728e-07,1.5,14.646555913722752,0.06827543662077397,0.015
19.5,13.6278,21.682698449887354,0.04611972085998342,2.56293014174206e-07,nan,14.905567766113805,0.06708902442974307,0.015
nan,nan,nan,nan,1.5925775648528426e-07,nan,15.235630113936095,0.06563561812158303,0.015
nan,nan,nan,nan,9.206154147067809e-08,nan,15.627078147727435,0.06399148903887864,0.015
nan,nan,nan,nan,5.837328761765647e-08,nan,15.971399910407824,0.06261191915608764,0.015
Name:	33.164477502323265_8_210_0.015
Lambda:	33.164477502323265	Maximal Depth:	20	Filter time:	8.0 to 210.0 [us]
Chi2:	3.682632505637113	RelRMS:	2.8785279463092768	AbsRMS:	4.803432472469882e-07	Phi model:	0.28380871080015746
depth_vector,start_model,resistivity_model,conductivity_model,E/I[V/A],modelled_thickness,rhoa,sigma,rel_err
0.0,13.6278,11.542430228854826,0.08663686764162613,0.00022266656276736773,1.0,13.302060036487333,0.07517632586659632,0.015
1.0,13.6278,11.956646841860257,0.08363548854675518,0.00012930810926091446,1.0,13.426323445763721,0.07448055337260033,0.015
2.0,13.6278,12.74583018836062,0.07845703145434899,8.289142347606723e-05,1.0,13.47955712142641,0.07418641361817827,0.015
3.0,13.6278,13.785114077910375,0.07254201846631259,5.745933113054815e-05,1.0,13.435244136360014,0.0744311000120708,0.015
4.0,13.6278,14.8808428789211,0.06720049449729171,3.6732004346759294e-05,1.0,13.401323140446046,0.07461949760631742,0.015
5.0,13.6278,15.809100254848957,0.063254706711932,2.194059763520589e-05,1.0,13.372308899484928,0.07478140144059324,0.015
6.0,13.6278,16.35895012683689,0.06112861719405195,1.4308778382082313e-05,1.5,13.347608740710678,0.07491978671430222,0.015
7.5,13.6278,16.097191143102105,0.0621226393542898,9.911166963621625e-06,1.5,13.364980931033699,0.07482240379991745,0.015
9.0,13.6278,15.020479574427673,0.06657577043695045,6.293876828018581e-06,1.5,13.425437420536092,0.07448546879153148,0.015
10.5,13.6278,13.425767986139473,0.07448363483060205,3.723206576482692e-06,1.5,13.541402559255333,0.07384759411915687,0.015
12.0,13.6278,11.790842139876201,0.0848115841206996,2.3850894322271993e-06,1.5,13.692410826126245,0.07303315776151836,0.015
13.5,13.6278,10.614820482663955,0.09420790503552957,1.6329205345694632e-06,1.5,13.846678565505515,0.07221948536388892,0.015
15.0,13.6278,10.357141499082154,0.09655173679809431,1.0227258075920795e-06,1.5,14.071101266083067,0.07106764290087204,0.015
16.5,13.6278,11.504954408656298,0.08691907542437566,5.935673981483452e-07,1.5,14.376747041616913,0.06955676392616927,0.015
18.0,13.6278,14.79253712244492,0.06760165559988261,3.7762396327899295e-07,1.5,14.650855282917751,0.06825540084106596,0.015
19.5,13.6278,21.541756037639267,0.04642147085189944,2.5624252215322563e-07,nan,14.90752577453866,0.06708021271430246,0.015
nan,nan,nan,nan,1.5928394326853937e-07,nan,15.233960211043573,0.06564281290921771,0.015
nan,nan,nan,nan,9.212113052206929e-08,nan,15.620338447663025,0.06401909941647974,0.015
nan,nan,nan,nan,5.8436897899762905e-08,nan,15.959807580971416,0.06265739702227247,0.015
Name:	38.82830410883109_8_210_0.015
Lambda:	38.82830410883109	Maximal Depth:	20	Filter time:	8.0 to 210.0 [us]
Chi2:	3.7373305838233004	RelRMS:	2.8998265143974433	AbsRMS:	5.69750061923025e-07	Phi model:	0.25632228107732713
depth_vector,start_model,resistivity_model,conductivity_model,E/I[V/A],modelled_thickness,rhoa,sigma,rel_err
0.0,13.6278,11.699854452825765,0.08547114872514322,0.0002222688650204153,1.0,13.317922575954142,0.07508678581789671,0.015
1.0,13.6278,12.087295478235191,0.08273149289687136,0.0001292863571348127,1.0,13.427829368472938,0.07447220042487951,0.015
2.0,13.6278,12.823226673123411,0.07798349241505106,8.295162719838943e-05,1.0,13.473034302158718,0.07422233014279307,0.015
3.0,13.6278,13.786357429823575,0.07253547611037074,5.751817628067012e-05,1.0,13.426079105095031,0.0744819088411681,0.015
4.0,13.6278,14.794827551459266,0.06759118999676117,3.677243865630406e-05,1.0,13.391497437243508,0.07467424794622811,0.015
5.0,13.6278,15.637158690000161,0.06395023672935493,2.1959323874976416e-05,1.0,13.364705487879425,0.07482394587048022,0.015
6.0,13.6278,16.119471881070652,0.06203677188545585,1.4315399324009636e-05,1.5,13.343492867356137,0.07494289613227326,0.015
7.5,13.6278,15.839015041927993,0.06313523898758011,9.91236235008424e-06,1.5,13.363906404912138,0.07482841990216517,0.015
9.0,13.6278,14.804221676300365,0.06754829952329544,6.292219294542993e-06,1.5,13.427795055578573,0.07447239072840559,0.015
10.5,13.6278,13.304161406699617,0.07516445189070144,3.7209227737039942e-06,1.5,13.546942892832918,0.07381739244867233,0.015
12.0,13.6278,11.78687676368729,0.08484011668644696,2.383182338317663e-06,1.5,13.699714570484009,0.07299422151133694,0.015
13.5,13.6278,10.728253860137066,0.0932118136871925,1.6315042665978979e-06,1.5,13.854690709722874,0.07217772095758335,0.015
15.0,13.6278,10.563219731331687,0.09466810550516984,1.0218552162456166e-06,1.5,14.079092248232774,0.07102730647464302,0.015
16.5,13.6278,11.751808542029904,0.0850932855503506,5.931536142699078e-07,1.5,14.383432408967238,0.06952443419392425,0.015
18.0,13.6278,14.969889018890829,0.06680076243304665,3.7744755097797544e-07,1.5,14.65541996092477,0.06823414154396563,0.015
19.5,13.6278,21.395653634108992,0.04673846460132436,2.5618855095899826e-07,nan,14.909619411480792,0.06707079318402817,0.015
nan,nan,nan,nan,1.593110023576278e-07,nan,15.232235162760533,0.06565024694765613,0.015
nan,nan,nan,nan,9.218351798585796e-08,nan,15.613290020246236,0.06404800005016682,0.015
nan,nan,nan,nan,5.8503598684280725e-08,nan,15.9476746057448,0.06270506670858284,0.015
Name:	45.4593985345391_8_210_0.015
Lambda:	45.4593985345391	Maximal Depth:	20	Filter time:	8.0 to 210.0 [us]
Chi2:	3.800037589628606	RelRMS:	2.9240527657113784	AbsRMS:	6.630906111008034e-07	Phi model:	0.2293898761685953
depth_vector,start_model,resistivity_model,conductivity_model,E/I[V/A],modelled_thickness,rhoa,sigma,rel_err
0.0,13.6278,11.875210331406814,0.08420903479538906,0.0002218590101416076,1.0,13.334319585035638,0.0749944527444988,0.015
1.0,13.6278,12.232401097449117,0.08175009894079871,0.00012926721374508754,1.0,13.429155034995485,0.07446484886011566,0.015
2.0,13.6278,12.907834761300355,0.07747232734944451,8.301615533149224e-05,1.0,13.46605170609992,0.07426081689163684,0.015
3.0,13.6278,13.787299386708968,0.07253052044144377,5.7580110469688445e-05,1.0,13.416449825652757,0.07453536613597753,0.015
4.0,13.6278,14.699909909299253,0.0680276277997727,3.6814576721972076e-05,1.0,13.3812768570317,0.07473128391888192,0.015
5.0,13.6278,15.451118579162866,0.06472023335246317,2.1978678977142365e-05,1.0,13.356858088087904,0.07486790631487159,0.015
6.0,13.6278,15.862471775513246,0.06304187734119035,1.4322159097449634e-05,1.5,13.339293962013697,0.07496648644581187,0.015
7.5,13.6278,15.568028414054913,0.06423420958669332,9.913516026448954e-06,1.5,13.362869576541035,0.07483422585786016,0.015
9.0,13.6278,14.58560642382454,0.06856074207285423,6.290451655065955e-06,1.5,13.43031044349699,0.07445844265530019,0.015
10.5,13.6278,13.1871186798544,0.0758315765768964,3.718534707981913e-06,1.5,13.552742225244264,0.0737858053654508,0.015
12.0,13.6278,11.79589034561248,0.08477528789269842,2.3811993038025754e-06,1.5,13.707319488298577,0.07295372380089794,0.015
13.5,13.6278,10.858276040162615,0.09209565093954122,1.63003693284198e-06,1.5,13.863003980063894,0.07213443792110857,0.015
15.0,13.6278,10.785018135170091,0.09272121636392862,1.020957316789737e-06,1.5,14.087345781005641,0.07098569280157287,0.015
16.5,13.6278,12.008582700824057,0.08327377384271814,5.927302343214524e-07,1.5,14.39028086693139,0.06949134691998836,0.015
18.0,13.6278,15.147922762833373,0.06601565215618732,3.772697825665104e-07,1.5,14.660023326632286,0.06821271547251494,0.015
19.5,13.6278,21.244928089620338,0.04707005812312311,2.5613697360858676e-07,nan,14.911620874078357,0.06706179083042219,0.015
nan,nan,nan,nan,1.593424441853612e-07,nan,15.230231323091449,0.06565888454260319,0.015
nan,nan,nan,nan,9.225059035569883e-08,nan,15.605721163146825,0.06407906366810634,0.015
nan,nan,nan,nan,5.8574491484261905e-08,nan,15.934804344802673,0.06275571248706056,0.015
Name:	53.22295069415713_8_210_0.015
Lambda:	53.22295069415713	Maximal Depth:	20	Filter time:	8.0 to 210.0 [us]
Chi2:	3.870149839425059	RelRMS:	2.950904461128211	AbsRMS:	7.582141370535534e-07	Phi model:	0.20365699575994123
depth_vector,start_model,resistivity_model,conductivity_model,E/I[V/A],modelled_thickness,rhoa,sigma,rel_err
0.0,13.6278,12.064867206127387,0.08288528857508931,0.00022144496808360596,1.0,13.350935451711475,0.07490111862325037,0.015
1.0,13.6278,12.38896745230162,0.0807169769272596,0.00012925036058196633,1.0,13.430322375760587,0.07445837650217745,0.015
2.0,13.6278,12.999084487283593,0.07692849453961577,8.30830920878437e-05,1.0,13.45881802492362,0.07430072968875549,0.015
3.0,13.6278,13.78855912984883,0.07252389394590525,5.764342399271368e-05,1.0,13.406623919859735,0.07458999416837989,0.015
4.0,13.6278,14.599935630080738,0.06849345266561767,3.685723969083882e-05,1.0,13.370948805799253,0.07478900820907186,0.015
5.0,13.6278,15.256292639795458,0.06554672380834765,2.199804547339612e-05,1.0,13.34901758812232,0.07491187972437607,0.015
6.0,13.6278,15.596918927777013,0.06411522715676046,1.4328754499124867e-05,1.5,13.335200340227658,0.07498949955654945,0.015
7.5,13.6278,15.292324173343363,0.0653922836492793,9.914475576891894e-06,1.5,13.362007365580848,0.07483905468993356,0.015
9.0,13.6278,14.367133778326599,0.06960330539335134,6.2885161007616024e-06,1.5,13.433066129304823,0.07444316810280983,0.015
10.5,13.6278,13.07719599978178,0.07646899228371946,3.7160281368563504e-06,1.5,13.558836024530843,0.07375264353007777,0.015
12.0,13.6278,11.816883746957355,0.08462467951903842,2.3791370180207193e-06,1.5,13.715239538721601,0.0729115956871731,0.015
13.5,13.6278,11.00240157497318,0.09088924751434894,1.6285169444060604e-06,1.5,13.871628730854532,0.07208958799306021,0.015
15.0,13.6278,11.019369556123978,0.09074929331544683,1.020029878805805e-06,1.5,14.095883544313526,0.0709426973382888,0.015
16.5,13.6278,12.272647717083574,0.08148200967326684,5.922937465184044e-07,1.5,14.39734989407047,0.069457227014525,0.015
18.0,13.6278,15.325516136143586,0.0652506572122297,3.7708659926671733e-07,1.5,14.664770696021476,0.06819063323446974,0.015
19.5,13.6278,21.09259351016908,0.047410006717186474,2.560837228056082e-07,nan,14.913687979995606,0.06705249575700822,0.015
nan,nan,nan,nan,1.5937456953574573e-07,nan,15.228184601928234,0.0656677093258626,0.015
nan,nan,nan,nan,9.23193267855945e-08,nan,15.597974033330418,0.06411089016196317,0.015
nan,nan,nan,nan,5.8647156936669665e-08,nan,15.921639182468901,0.06280760344708014,0.015
Name:	62.312361621777015_8_210_0.015
Lambda:	62.312361621777015	Maximal Depth:	20	Filter time:	8.0 to 210.0 [us]
Chi2:	3.9471375116081497	RelRMS:	2.9801106357177973	AbsRMS:	8.528833969668682e-07	Phi model:	0.17950475192504978
depth_vector,start_model,resistivity_model,conductivity_model,E/I[V/A],modelled_thickness,rhoa,sigma,rel_err
0.0,13.6278,12.2650901787834,0.08153221749073125,0.00022103541252986415,1.0,13.367422289720368,0.07480873861290417,0.015
1.0,13.6278,12.554150332859065,0.07965493271038929,0.00012923707212641572,1.0,13.431242984585412,0.07445327295081078,0.015
2.0,13.6278,13.095855158180852,0.07636003818928234,8.315196942828511e-05,1.0,13.451384762486853,0.07434178842231876,0.015
3.0,13.6278,13.791530394547728,0.07250826930674313,5.7707512757536905e-05,1.0,13.396696002996585,0.0746452707276719,0.015
4.0,13.6278,14.49875777019639,0.06897142609386836,3.6899972889348774e-05,1.0,13.360623707857345,0.07484680519906439,0.015
5.0,13.6278,15.058469902720832,0.06640780945607996,2.2017209515645657e-05,1.0,13.341270367692783,0.07495538074257155,0.015
6.0,13.6278,15.328639552610719,0.06523736151325207,1.4335117386824933e-05,1.5,13.331254010003722,0.0750116980180262,0.015
7.5,13.6278,15.016214109196804,0.06659468177052309,9.91523616959328e-06,1.5,13.361324028338217,0.0748428821783744,0.015
9.0,13.6278,14.15206354547629,0.07066107333298756,6.286439852619143e-06,1.5,13.436023695562016,0.07442678151351466,0.015
10.5,13.6278,12.974706456260828,0.07707303462865313,3.7134368013150216e-06,1.5,13.565143103466319,0.07371835242522938,0.015
12.0,13.6278,11.848384196827944,0.0843996939487935,2.3770239536692706e-06,1.5,13.723366477330336,0.072868417647514,0.015
13.5,13.6278,11.158312114641323,0.08961928916541553,1.6269662796088352e-06,1.5,13.880441382622225,0.07204381852380871,0.015
15.0,13.6278,11.264278285566402,0.088776215807928,1.0190876520752288e-06,1.5,14.104570708396196,0.07089900293134892,0.015
16.5,13.6278,12.54279451299669,0.07972704957924745,5.918526132545787e-07,1.5,14.404502982642338,0.06942273546022493,0.015
18.0,13.6278,15.502445123948132,0.06450595322251475,3.7690296085623176e-07,1.5,14.669533719613726,0.06816849254471953,0.015
19.5,13.6278,20.939680359151307,0.04775622086145972,2.560317777732507e-07,nan,14.91570508849209,0.06704342798863258,0.015
nan,nan,nan,nan,1.5940883636671459e-07,nan,15.226002203776433,0.06567712171695173,0.015
nan,nan,nan,nan,9.23902461986317e-08,nan,15.589990934263149,0.0641437191475355,0.015
nan,nan,nan,nan,5.872172967312549e-08,nan,15.908156704411175,0.06286083413565507,0.015
Name:	72.95406136340671_8_210_0.015
Lambda:	72.95406136340671	Maximal Depth:	20	Filter time:	8.0 to 210.0 [us]
Chi2:	4.029679629666745	RelRMS:	3.0111092917312345	AbsRMS:	9.447909682128632e-07	Phi model:	0.15737203808741107
depth_vector,start_model,resistivity_model,conductivity_model,E/I[V/A],modelled_thickness,rhoa,sigma,rel_err
0.0,13.6278,12.471732737445802,0.08018132051511545,0.00022063960781499377,1.0,13.383404032362021,0.07471940603316832,0.015
1.0,13.6278,12.724672783585829,0.0785874825237116,0.00012922801347755875,1.0,13.431870647732731,0.07444979379464153,0.015
2.0,13.6278,13.196172064996745,0.07577955145435933,8.322155772588739e-05,1.0,13.443885187516312,0.07438325945602224,0.015
3.0,13.6278,13.796776545150648,0.07248069842455225,5.7771136884797354e-05,1.0,13.386858222803038,0.07470012629973254,0.015
4.0,13.6278,14.399118805413638,0.06944869429260005,3.694188516474846e-05,1.0,13.350516299471193,0.07490347021557582,0.015
5.0,13.6278,14.862772150868784,0.06728219943421163,2.2035713309521623e-05,1.0,13.333800715262358,0.07499737106880286,0.015
6.0,13.6278,15.063683860635038,0.06638482387520334,1.4341042493226156e-05,1.5,13.327581820497688,0.0750323662213058,0.015
7.5,13.6278,14.745599701855001,0.06781684164898358,9.915711675939721e-06,1.5,13.360896864838484,0.0748452749928542,0.015
9.0,13.6278,13.944336935639932,0.07171370030826842,6.284207947146024e-06,1.5,13.439204808203385,0.0744091644015718,0.015
10.5,13.6278,12.88105601000355,0.07763338651919459,3.7107737134768977e-06,1.5,13.571632468548277,0.07368310351149433,0.015
12.0,13.6278,11.889449194628432,0.08410818563838877,2.3748759482157112e-06,1.5,13.731640151357581,0.07282451251106627,0.015
13.5,13.6278,11.323264746783554,0.08831375247002472,1.6253977001070366e-06,1.5,13.88937010015582,0.07199750548722014,0.015
15.0,13.6278,11.515961977330406,0.0868359935512584,1.018138479766031e-06,1.5,14.113335455000053,0.07085497281549567,0.015
16.5,13.6278,12.815059315390146,0.07803319324468969,5.914099759549524e-07,1.5,14.411689396448281,0.06938811769329743,0.015
18.0,13.6278,15.676534591488625,0.0637896082303124,3.7671948809465937e-07,1.5,14.674296310924005,0.06814636823542733,0.015
19.5,13.6278,20.78855627171084,0.048103388562908744,2.5598051166999707e-07,nan,14.917696501954511,0.06703447813601654,0.015
nan,nan,nan,nan,1.5944388515342817e-07,nan,15.223770812854557,0.06568674819747194,0.015
nan,nan,nan,nan,9.246181170127295e-08,nan,15.581945454062403,0.06417683869758944,0.015
nan,nan,nan,nan,5.879679843067504e-08,nan,15.894613338653233,0.06291439613495695,0.015
Name:	85.41314966877566_8_210_0.015
Lambda:	85.41314966877566	Maximal Depth:	20	Filter time:	8.0 to 210.0 [us]
Chi2:	4.116449878519881	RelRMS:	3.043355422337281	AbsRMS:	1.0316330312859294e-06	Phi model:	0.13748329723307515
depth_vector,start_model,resistivity_model,conductivity_model,E/I[V/A],modelled_thickness,rhoa,sigma,rel_err
0.0,13.6278,12.679821567499673,0.07886546310424063,0.0002202670244765143,1.0,13.39849186694907,0.07463526566499361,0.015
1.0,13.6278,12.896691716262714,0.07753926526281163,0.0001292246041056598,1.0,13.432106898103621,0.07444848433578075,0.015
2.0,13.6278,13.298559497300008,0.07519611430117892,8.329132368210994e-05,1.0,13.436376950569183,0.07442482476331826,0.015
3.0,13.6278,13.805252090229562,0.07243619989436727,5.783357653180454e-05,1.0,13.377221131556215,0.0747539410588832,0.015
4.0,13.6278,14.304249381408157,0.06990929571598092,3.6982410934355065e-05,1.0,13.340761413383884,0.07495824031428727,0.015
5.0,13.6278,14.67317701029758,0.06815156658290183,2.2053267673142756e-05,1.0,13.32672398772523,0.07503719600714055,0.015
6.0,13.6278,14.806425222518058,0.06753824673893398,1.4346416096947196e-05,1.5,13.324253620416151,0.07505110818873525,0.015
7.5,13.6278,14.484999028091954,0.0690369393923063,9.915870985292867e-06,1.5,13.360753759471361,0.07484607665125972,0.015
9.0,13.6278,13.746797106940011,0.07274421759634135,6.281837177962011e-06,1.5,13.442585904950977,0.0743904489114475,0.015
10.5,13.6278,12.797156131008697,0.07814236145614471,3.7080717959631624e-06,1.5,13.578224390472093,0.07364733202536444,0.015
12.0,13.6278,11.938853291417796,0.08376013806274397,2.3727241073048476e-06,1.5,13.739941113810202,0.07278051570358525,0.015
13.5,13.6278,11.494487977485267,0.08699822053481127,1.6238368317307782e-06,1.5,13.898269190869598,0.07195140533448188,0.015
15.0,13.6278,11.770792021326274,0.08495605038201372,1.0172007721128233e-06,1.5,14.122007718817596,0.07081146108336271,0.015
16.5,13.6278,13.086184714290862,0.07641646681847176,5.909772795757002e-07,1.5,14.41872308491431,0.06935426903692027,0.015
18.0,13.6278,15.846175825779767,0.06310670858347563,3.765434401868601e-07,1.5,14.678869803427943,0.06812513588522127,0.015
19.5,13.6278,20.639960337662437,0.0484497055052604,2.559346748540212e-07,nan,14.919477579622127,0.06702647560299678,0.015
nan,nan,nan,nan,1.5948241431606208e-07,nan,15.221318785926126,0.0656973297822667,0.015
nan,nan,nan,nan,9.253533693776272e-08,nan,15.573690459927176,0.06421085628824524,0.015
nan,nan,nan,nan,5.887303555929417e-08,nan,15.880888647353798,0.06296876844902682,0.015
Name:	100.0_8_210_0.015
Lambda:	100.0	Maximal Depth:	20	Filter time:	8.0 to 210.0 [us]
Chi2:	4.205749730779674	RelRMS:	3.0761886961391474	AbsRMS:	1.111390462876779e-06	Phi model:	0.11998952299552498
depth_vector,start_model,resistivity_model,conductivity_model,E/I[V/A],modelled_thickness,rhoa,sigma,rel_err
0.0,13.6278,12.885812090062872,0.07760473247713802,0.00021992602339162225,1.0,13.41233809974138,0.07455821591757236,0.015
1.0,13.6278,13.066975173028,0.07652880538597295,0.00012922768552557046,1.0,13.431893372516535,0.07444966783656388,0.015
2.0,13.6278,13.400377015008663,0.07462476607038608,8.336036937656104e-05,1.0,13.428956541241114,0.07446594952697488,0.015
3.0,13.6278,13.815438819024202,0.07238278950813891,5.789384857676328e-05,1.0,13.36793502768518,0.07480586926320229,0.015
4.0,13.6278,14.214536983416885,0.07035051519206223,3.7020807543707734e-05,1.0,13.331535455958893,0.0750101144240683,0.015
5.0,13.6278,14.493055844806827,0.06899856115287939,2.2069469856682788e-05,1.0,13.320200693849714,0.07507394392801651,0.015
6.0,13.6278,14.562588785178432,0.06866910923267873,1.4351044440803377e-05,1.5,13.32138867015986,0.07506724897532771,0.015
7.5,13.6278,14.238466033984025,0.07023228468665264,9.915623438846725e-06,1.5,13.36097612863586,0.0748448309743443,0.015
9.0,13.6278,13.562851064094636,0.07373081037860334,6.27930263155139e-06,1.5,13.446202927225913,0.07437043791561385,0.015
10.5,13.6278,12.723970696148175,0.07859181884965531,3.70533585654939e-06,1.5,13.584907478595662,0.07361110125892259,0.015
12.0,13.6278,11.995191688649262,0.08336673776929084,2.3705792109509427e-06,1.5,13.748227782617167,0.07273664764736942,0.015
13.5,13.6278,11.668704107317105,0.0856993193762561,1.6222938065299888e-06,1.5,13.907080575249394,0.07190581765807215,0.015
15.0,13.6278,12.024617337998903,0.08316272958141524,1.0162818267966208e-06,1.5,14.130519398390048,0.07076880699190254,0.015
16.5,13.6278,13.35219694408701,0.07489404209566035,5.905584297299992e-07,1.5,14.425539871618096,0.06932149568748384,0.015
18.0,13.6278,16.00904897665948,0.06246467241482977,3.763766439791193e-07,1.5,14.683206237960292,0.06810501628824867,0.015
19.5,13.6278,20.495308839537707,0.048791653145079224,2.558949352840663e-07,nan,14.921022167384695,0.06701953718598869,0.015
nan,nan,nan,nan,1.5952426810894044e-07,nan,15.218656295375453,0.06570882347240298,0.015
nan,nan,nan,nan,9.261026661023853e-08,nan,15.56528902322021,0.06424551439476682,0.015
nan,nan,nan,nan,5.8949809992608196e-08,nan,15.867097129548016,0.06302350025561894,0.015
