Name:	10.0_8_210_0.025
Lambda:	10	Maximal Depth:	20	Filter time:	8 to 210 [us]
Chi2:	0.6948855086750335	RelRMS:	9.44501991616777	AbsRMS:	2.2755661708224641e-07	Phi model:	0.180836832401793
depth_vector,start_model,resistivity_model,conductivity_model,E/I[V/A],modelled_thickness,rhoa,sigma
0.0,16.4465,24.31365583575474,0.0411291500856665,0.0001385873680069,1.0,18.247630395283213,0.0548016360665923
1.0,16.4465,23.782714717483795,0.0420473445474604,8.562094799714377e-05,1.0,17.67343329039443,0.0565821017098869
2.0,16.4465,22.765428467643048,0.0439262542948102,5.735197526674761e-05,1.0,17.231236183115197,0.0580341415655305
3.0,16.4465,21.345210592274896,0.0468489170288117,4.088597994260374e-05,1.0,16.8565877551689,0.0593239874240479
4.0,16.4465,19.651694253337,0.0508861977551982,2.689626407784182e-05,1.0,16.496157349915126,0.060620178311111
5.0,16.4465,17.800978115468226,0.0561766883546161,1.6472093560272327e-05,1.0,16.188483563890117,0.0617723084471352
6.0,16.4465,15.944839895629684,0.0627162145587984,1.0900668322986344e-05,1.5,16.001833805663747,0.0624928375175385
7.5,16.4465,14.212397285690372,0.0703611065676331,7.63090764797045e-06,1.5,15.90989841227574,0.062853952557511
9.0,16.4465,12.79807842694584,0.078136730112119,4.899643714263107e-06,1.5,15.8646661367826,0.0630331575450854
10.5,16.4465,11.83524495600548,0.0844933927195631,2.929621075585733e-06,1.5,15.887934358841733,0.0629408441282673
12.0,16.4465,11.419373987710037,0.0875704746228854,1.892736868906398e-06,1.5,15.974338097033364,0.0626004028414618
13.5,16.4465,11.624959633216026,0.0860218040794479,1.304944311453292e-06,1.5,16.079072446128993,0.0621926422279879
15.0,16.4465,12.561685800880236,0.0796071495379964,8.243139026011287e-07,1.5,16.24697387994327,0.0615499235358832
16.5,16.4465,14.394904811164484,0.0694690248472094,4.832351038171933e-07,1.5,16.48927928802091,0.0606454643973722
18.0,16.4465,17.384138689841603,0.0575237012222152,3.100483887267476e-07,1.5,16.70897041414217,0.0598480920855313
19.5,16.4465,21.905794055278896,0.0456500228878495,2.119506094512772e-07,nan,16.918035139708106,0.0591085189114492
nan,nan,nan,nan,1.3296018898927086e-07,nan,17.183556961303,0.0581951689194488
nan,nan,nan,nan,7.77138275457108e-08,nan,17.495690177755865,0.0571569334984799
nan,nan,nan,nan,4.9732797461229257e-08,nan,17.771489422025905,0.0562699037909903
Name:	12.742749857031335_8_210_0.025
Lambda:	12.742749857031336	Maximal Depth:	20	Filter time:	8 to 210 [us]
Chi2:	0.7007918446944513	RelRMS:	9.542242625708012	AbsRMS:	2.5104640872317064e-07	Phi model:	0.1756710784594409
depth_vector,start_model,resistivity_model,conductivity_model,E/I[V/A],modelled_thickness,rhoa,sigma
0.0,16.4465,24.451769581179096,0.0408968355717581,0.0001386693281033,1.0,18.2404395481458,0.0548232402711837
1.0,16.4465,23.905706859526976,0.0418310157434845,8.5689810427453e-05,1.0,17.66396348585907,0.0566124358669871
2.0,16.4465,22.859572154498075,0.0437453506671703,5.739653428373717e-05,1.0,17.22231687191999,0.0580641970204626
3.0,16.4465,21.39889661105695,0.0467313814434382,4.0911432154869936e-05,1.0,16.849595708765545,0.0593486049923308
4.0,16.4465,19.660249380611912,0.0508640547045225,2.6907125295955704e-05,1.0,16.49171787110455,0.0606364969262613
5.0,16.4465,17.764829782972175,0.0562909981247618,1.6474648442401345e-05,1.0,16.18680985143515,0.061778695689771
6.0,16.4465,15.87211945435881,0.0630035580865906,1.090052276912295e-05,1.5,16.001976252871568,0.0624922812156123
7.5,16.4465,14.122996516345408,0.0708065033396162,7.6301327904159e-06,1.5,15.910975518591831,0.0628496976085161
9.0,16.4465,12.718057169241252,0.0786283617609857,4.899011498747895e-06,1.5,15.86603099339565,0.0630277351920122
10.5,16.4465,11.790631641635375,0.0848130982625879,2.929469451179102e-06,1.5,15.888482575934605,0.0629386724138555
12.0,16.4465,11.429540814868956,0.0874925787656383,1.8929326104881765e-06,1.5,15.973236844200787,0.0626047187400879
13.5,16.4465,11.698351606779571,0.0854821289027137,1.3053325969022973e-06,1.5,16.07588369079233,0.0622049785401696
15.0,16.4465,12.689195018775044,0.0788072055414383,8.248110257986822e-07,1.5,16.240445063931297,0.0615746672005263
16.5,16.4465,14.53883283608658,0.0687813121778192,4.837371448975036e-07,1.5,16.477868506693394,0.0606874608565904
18.0,16.4465,17.457681262950672,0.0572813757415904,3.104989581207315e-07,1.5,16.692802087970097,0.0599060597933203
19.5,16.4465,21.743549726006417,0.0459906506803692,2.123401183328561e-07,nan,16.89733959616267,0.0591809139130456
nan,nan,nan,nan,1.3327060342458825e-07,nan,17.156863918165925,0.0582857103005396
nan,nan,nan,nan,7.794126883572249e-08,nan,17.46163735628015,0.0572683981230629
nan,nan,nan,nan,4.990325939375444e-08,nan,17.730996546661935,0.0563984092697971
Name:	16.237767391887218_8_210_0.025
Lambda:	16.237767391887218	Maximal Depth:	20	Filter time:	8 to 210 [us]
Chi2:	0.7054073326803867	RelRMS:	9.639280409325345	AbsRMS:	2.706411827331548e-07	Phi model:	0.1705825519176086
depth_vector,start_model,resistivity_model,conductivity_model,E/I[V/A],modelled_thickness,rhoa,sigma
0.0,16.4465,24.574466733558427,0.0406926429306569,0.0001387418527524,1.0,18.234082433693995,0.0548423537974218
1.0,16.4465,24.01422219200852,0.0416419899842844,8.574027191983607e-05,1.0,17.657032185128152,0.0566346591836799
2.0,16.4465,22.93633183905575,0.0435989506524844,5.742354041631731e-05,1.0,17.21691670985469,0.0580824091126383
3.0,16.4465,21.44082818696021,0.0466399894295209,4.09223836152646e-05,1.0,16.84658943371254,0.0593591957550084
4.0,16.4465,19.65035529851772,0.0508896650879097,2.690735042730764e-05,1.0,16.491625881174702,0.06063683515532
5.0,16.4465,17.723482056731562,0.056422321347412,1.6470325767172088e-05,1.0,16.189641904777062,0.0617678887452681
6.0,16.4465,15.814621044487128,0.0632326248720701,1.0895829931556652e-05,1.5,16.00657062743184,0.0624743440225861
7.5,16.4465,14.053039343501904,0.0711589838722253,7.626236921673762e-06,1.5,15.916393813033688,0.0628283021736441
9.0,16.4465,12.655874935584391,0.0790146872570864,4.89646814334561e-06,1.5,15.871524676034596,0.0630059191168925
10.5,16.4465,11.76270673052612,0.0850144463267828,2.928268909982742e-06,1.5,15.8928249537043,0.0629214757548135
12.0,16.4465,11.449380656750655,0.0873409689117455,1.8925127425500312e-06,1.5,15.975599277279414,0.0625954609053198
13.5,16.4465,11.775130324688934,0.0849247500813896,1.3053367463980251e-06,1.5,16.075849622012136,0.0622051103682092
15.0,16.4465,12.810622373982904,0.0780602199336466,8.250993949516813e-07,1.5,16.236660860270938,0.0615890181242175
16.5,16.4465,14.668947403793911,0.0681712172300355,4.841412250762202e-07,1.5,16.46869858372186,0.0607212521934446
18.0,16.4465,17.51587019907445,0.0570910830369615,3.108999591546519e-07,1.5,16.678445335402145,0.0599576267385888
19.5,16.4465,21.57566086097665,0.0463485223671027,2.127036296273341e-07,nan,16.878082364281155,0.0592484370212747
nan,nan,nan,nan,1.3357073004633974e-07,nan,17.131153884849642,0.058373184125348
nan,nan,nan,nan,7.816666171338052e-08,nan,17.428054219310017,0.0573787519487984
nan,nan,nan,nan,5.007447234688525e-08,nan,17.690556661250977,0.0565273337153024
Name:	20.6913808111479_8_210_0.025
Lambda:	20.6913808111479	Maximal Depth:	20	Filter time:	8 to 210 [us]
Chi2:	0.7087935038330567	RelRMS:	9.737061659494234	AbsRMS:	2.860285953908765e-07	Phi model:	0.1654103497836273
depth_vector,start_model,resistivity_model,conductivity_model,E/I[V/A],modelled_thickness,rhoa,sigma
0.0,16.4465,24.65499072195563,0.0405597394571106,0.0001388062144642,1.0,18.22844547439508,0.0548593132313267
1.0,16.4465,24.08543035074194,0.0415188761603005,8.577129052793308e-05,1.0,17.65277489751877,0.0566483176614095
2.0,16.4465,22.989592989035025,0.0434979427637955,5.743158688751571e-05,1.0,17.21530855115009,0.058087834849361
3.0,16.4465,21.46930772735007,0.046578120389326,4.0917596762412775e-05,1.0,16.847903303193007,0.059354566678364
4.0,16.4465,19.65163674284188,0.0508863466736047,2.689601635535348e-05,1.0,16.4962586403273,0.0606198060907802
5.0,16.4465,17.696959764381603,0.0565068810300786,1.6458548025716476e-05,1.0,16.197364525349936,0.061738438894484
6.0,16.4465,15.766838618312413,0.0634242554394226,1.0886232305958087e-05,1.5,16.015977157509983,0.0624376514879764
7.5,16.4465,13.998453700466214,0.0714364615833744,7.61899286684382e-06,1.5,15.926480970075229,0.0627885093938159
9.0,16.4465,12.614283869648776,0.0792752097807232,4.891891516732803e-06,1.5,15.881422240953542,0.062966652786379
10.5,16.4465,11.751613367392164,0.0850946988074636,2.925966051221016e-06,1.5,15.901162742868385,0.0628884828217041
12.0,16.4465,11.482292810534531,0.0870906200094933,1.891454331422704e-06,1.5,15.98155842211967,0.0625721205396293
13.5,16.4465,11.85465267124146,0.084355065283855,1.304947869001414e-06,1.5,16.079043222943742,0.0621927552612748
15.0,16.4465,12.925313156822265,0.0773675645508192,8.25178835010104e-07,1.5,16.235618773449662,0.0615929712291171
16.5,16.4465,14.781738585090135,0.0676510407922291,4.844508933603064e-07,1.5,16.461679809585473,0.0607471419422038
18.0,16.4465,17.55133824566483,0.056975712393156,3.112555348926944e-07,1.5,16.665740704066923,0.0600033336505692
19.5,16.4465,21.401128664861847,0.0467265075435896,2.130450373853419e-07,nan,16.860045963910057,0.0593118193236578
nan,nan,nan,nan,1.3386378904400234e-07,nan,17.106142030511243,0.0584585348476797
nan,nan,nan,nan,7.83923795816279e-08,nan,17.39458401480218,0.0574891586455321
nan,nan,nan,nan,5.0248202472216864e-08,nan,17.649757107471288,0.0566580035017417
Name:	26.366508987303583_8_210_0.025
Lambda:	26.366508987303583	Maximal Depth:	20	Filter time:	8 to 210 [us]
Chi2:	0.7159781413447978	RelRMS:	9.861781205629384	AbsRMS:	3.217739431035014e-07	Phi model:	0.1597787909154787
depth_vector,start_model,resistivity_model,conductivity_model,E/I[V/A],modelled_thickness,rhoa,sigma
0.0,16.4465,24.69423251124441,0.0404952856722578,0.0001389522735308,1.0,18.215669402364068,0.0548977903535193
1.0,16.4465,24.11736722094649,0.0414638957411353,8.583534828307291e-05,1.0,17.643991120586346,0.0566765191143877
2.0,16.4465,23.00807881281733,0.0434629943740857,5.745436051890421e-05,1.0,17.21075907347162,0.0581031897391082
3.0,16.4465,21.46936362210705,0.046577999124776,4.092042142826012e-05,1.0,16.847127973208266,0.0593572982641483
4.0,16.4465,19.63274786604725,0.0509353049722292,2.6888108204536843e-05,1.0,16.499492994744685,0.0606079229415421
5.0,16.4465,17.660509647851633,0.0566235074717477,1.6448365674306566e-05,1.0,16.20404848204622,0.0617129726011361
6.0,16.4465,15.721465348787484,0.0636073023611075,1.0877720143345594e-05,1.5,16.02433140980065,0.062405099746526
7.5,16.4465,13.95507534982166,0.071658516699645,7.61262131061979e-06,1.5,15.93536641741933,0.0627534989661032
9.0,16.4465,12.589320088035413,0.0794324072314577,4.88803270873957e-06,1.5,15.88977942707341,0.0629335356472082
10.5,16.4465,11.757470106335225,0.0850523106549235,2.924246812404132e-06,1.5,15.907394596721309,0.0628638457366306
12.0,16.4465,11.5272089492406,0.0867512686204824,1.8908741199485613e-06,1.5,15.98482753077166,0.0625593237133742
13.5,16.4465,11.93651279600261,0.0837765616382439,1.3049539486382616e-06,1.5,16.07899328257629,0.0621929484281601
15.0,16.4465,13.029681621817428,0.0767478461120308,8.255623224724236e-07,1.5,16.230590573721845,0.0616120525903136
16.5,16.4465,14.871556569356676,0.0672424567889909,4.849779039269914e-07,1.5,16.449752048033872,0.0607911898659605
18.0,16.4465,17.55773099829521,0.0569549675921732,3.117717590434682e-07,1.5,16.64733913621273,0.0600696598908538
19.5,16.4465,21.20668853649695,0.0471549340803015,2.135088197267732e-07,nan,16.8356216014524,0.0593978662429506
nan,nan,nan,nan,1.342431776450135e-07,nan,17.07389738252832,0.0585689358203182
nan,nan,nan,nan,7.867484136729315e-08,nan,17.3529252085854,0.0576271716716238
nan,nan,nan,nan,5.0461509462490416e-08,nan,17.59998354086646,0.0568182349533475
Name:	33.59818286283781_8_210_0.025
Lambda:	33.59818286283781	Maximal Depth:	20	Filter time:	8 to 210 [us]
Chi2:	0.7238374208423811	RelRMS:	9.995536919402644	AbsRMS:	3.570478394224078e-07	Phi model:	0.153573050772424
depth_vector,start_model,resistivity_model,conductivity_model,E/I[V/A],modelled_thickness,rhoa,sigma
0.0,16.4465,24.680324738619987,0.0405181054378588,0.0001391050748007,1.0,18.202327510794166,0.0549380291837398
1.0,16.4465,24.102016166272964,0.0414903049230937,8.588425454686207e-05,1.0,17.637292309455752,0.0566980453946367
2.0,16.4465,22.990999845510363,0.0434952810543069,5.745889220166929e-05,1.0,17.20985413984552,0.0581062449381675
3.0,16.4465,21.44790453991042,0.0466246013982015,4.090711968947392e-05,1.0,16.850779887662153,0.0593444343031376
4.0,16.4465,19.60892695100165,0.0509971811562548,2.686784071654324e-05,1.0,16.507789437357783,0.0605774627665749
5.0,16.4465,17.63298388937635,0.0567118989204366,1.6430021375959647e-05,1.0,16.216107570152758,0.0616670798262705
6.0,16.4465,15.694327345268386,0.0637172895658688,1.086381168686494e-05,1.5,16.038005320555428,0.0623518935187239
7.5,16.4465,13.936267837654997,0.0717552225351221,7.6025777187754524e-06,1.5,15.94939789493634,0.0626982915961663
9.0,16.4465,12.588732058596271,0.0794361175808127,4.881976104237969e-06,1.5,15.902918672275474,0.0628815389556988
10.5,16.4465,11.783593039786732,0.0848637590099682,2.9213771265224545e-06,1.5,15.91781017663198,0.0628227117237547
12.0,16.4465,11.584328226608925,0.0863235209188068,1.8896603391414207e-06,1.5,15.991671794428266,0.0625325489951847
13.5,16.4465,12.020987566318656,0.0831878408061812,1.3045951695483604e-06,1.5,16.081941089593826,0.0621815485101529
15.0,16.4465,13.125539319725377,0.0761873455742253,8.257763755137871e-07,1.5,16.227785651800467,0.0616227020406231
16.5,16.4465,14.943267560327074,0.0669197681138296,4.854499987193355e-07,1.5,16.43908551657997,0.0608306343434633
18.0,16.4465,17.540599174957805,0.0570105952496577,3.1227715352896375e-07,1.5,16.629372736058798,0.0601345592447765
19.5,16.4465,20.99743653350168,0.0476248611779103,2.139797927563139e-07,nan,16.810908877740754,0.0594851835360368
nan,nan,nan,nan,1.3463830039910225e-07,nan,17.04047653389694,0.0586838048813246
nan,nan,nan,nan,7.89739506226833e-08,nan,17.309082038973084,0.0577731388497901
nan,nan,nan,nan,5.06893717756397e-08,nan,17.547199515918305,0.0569891508381624
Name:	42.81332398719393_8_210_0.025
Lambda:	42.81332398719393	Maximal Depth:	20	Filter time:	8 to 210 [us]
Chi2:	0.7361062668750163	RelRMS:	10.154967472308396	AbsRMS:	4.057669812418591e-07	Phi model:	0.1465098982315184
depth_vector,start_model,resistivity_model,conductivity_model,E/I[V/A],modelled_thickness,rhoa,sigma
0.0,16.4465,24.611310903492708,0.040631724328755,0.0001393149474541,1.0,18.18404217654224,0.0549932732387751
1.0,16.4465,24.036420553985447,0.0416035323460086,8.594651353335231e-05,1.0,17.628773735794066,0.0567254430164683
2.0,16.4465,22.932259512048194,0.0436066929852515,5.746287083293492e-05,1.0,17.209059743360356,0.058108927211193
3.0,16.4465,21.39759593683598,0.0467342220570909,4.08895748425736e-05,1.0,16.855599750524476,0.0593274647476654
4.0,16.4465,19.56978955135753,0.0510991698390865,2.6842568547011653e-05,1.0,16.51814915675859,0.060539470282652
5.0,16.4465,17.604858072160795,0.0568025028035492,1.6407811219662727e-05,1.0,16.230738043939002,0.0616114927918159
6.0,16.4465,15.678366735878148,0.0637821538969116,1.084730313171449e-05,1.5,16.0542733999643,0.0622887112413461
7.5,16.4465,13.937356598397784,0.0717496171487036,7.5908206395092144e-06,1.5,15.965862514599811,0.0626336346743284
9.0,16.4465,12.611012968964037,0.0792957712803103,4.875002925092834e-06,1.5,15.918080028048673,0.0628216467210829
10.5,16.4465,11.83084507646579,0.0845248157284406,2.918155362910136e-06,1.5,15.929523966878293,0.0627765149843313
12.0,16.4465,11.655764506944324,0.0857944581330736,1.8883535178831208e-06,1.5,15.999048890148815,0.0625037154937213
13.5,16.4465,12.109899104273756,0.0825770711538864,1.3042616817168223e-06,1.5,16.08468231001577,0.0621709512644405
15.0,16.4465,13.213284123379072,0.0756814120291744,8.2608299254315e-07,1.5,16.223769894440125,0.0616379550811244
16.5,16.4465,14.994815705652154,0.0666897159411608,4.860326257770347e-07,1.5,16.425945423921167,0.0608792963931133
18.0,16.4465,17.495391286839457,0.0571579099663937,3.128846495058353e-07,1.5,16.607840734904492,0.0602125234678047
19.5,16.4465,20.76383299516272,0.0481606647593903,2.1453930907432626e-07,nan,16.78166770643453,0.0595888333324925
nan,nan,nan,nan,1.351034601407768e-07,nan,17.001340604888448,0.0588188910063049
nan,nan,nan,nan,7.932366922307292e-08,nan,17.25817025213847,0.0579435702273298
nan,nan,nan,nan,5.0954708917735775e-08,nan,17.486230679608383,0.0571878535930646
Name:	54.5559478116852_8_210_0.025
Lambda:	54.5559478116852	Maximal Depth:	20	Filter time:	8 to 210 [us]
Chi2:	0.7539056151895172	RelRMS:	10.339029856771266	AbsRMS:	4.612631173906704e-07	Phi model:	0.1384421896711299
depth_vector,start_model,resistivity_model,conductivity_model,E/I[V/A],modelled_thickness,rhoa,sigma
0.0,16.4465,24.482389822885462,0.0408456857044743,0.0001395571432395,1.0,18.162997639446264,0.0550569911338978
1.0,16.4465,23.916818026765817,0.0418115820792247,8.600450843342793e-05,1.0,17.620847841932793,0.0567509582382451
2.0,16.4465,22.82982956873273,0.0438023418873691,5.745348998748312e-05,1.0,17.210932923876204,0.0581026028294335
3.0,16.4465,21.317473810573315,0.0469098735096842,4.085824212792025e-05,1.0,16.864215951188445,0.0592971533864596
4.0,16.4465,19.513758748911044,0.0512458933651521,2.680575765251796e-05,1.0,16.533268017217953,0.0604841099145424
5.0,16.4465,17.58493899677305,0.05686684498499,1.6377635920820487e-05,1.0,16.25066835620015,0.0615359305894928
6.0,16.4465,15.683284824701197,0.0637621525833031,1.0825479619072316e-05,1.5,16.075842453624865,0.0622051381061223
7.5,16.4465,13.965245690065991,0.071606330614816,7.575468649111933e-06,1.5,15.987425541879128,0.062549157610179
9.0,16.4465,12.660619440338271,0.0789850768923579,4.865937289534105e-06,1.5,15.937845009438911,0.06274373978463
10.5,16.4465,11.90075412558945,0.0840282884132327,2.913913948499204e-06,1.5,15.944977942447077,0.0627156715806989
12.0,16.4465,11.7423056167926,0.0851621506571849,1.8865478366896133e-06,1.5,16.00925609670796,0.0624638642769687
13.5,16.4465,12.203701317473898,0.0819423528965058,1.303691294999435e-06,1.5,16.089373512761675,0.0621528239870139
15.0,16.4465,13.294879876007064,0.0752169263149699,8.263321448969976e-07,1.5,16.220508579854123,0.0616503480810706
16.5,16.4465,15.028933379743998,0.0665383214318988,4.866497393610957e-07,1.5,16.412056149559003,0.0609308176189045
18.0,16.4465,17.424701741550678,0.057389791505895,3.135522965048717e-07,1.5,16.58425697362364,0.0602981491175906
19.5,16.4465,20.50327000833381,0.0487727079433445,2.1516291152354778e-07,nan,16.749226704220977,0.0597042488981291
nan,nan,nan,nan,1.356266635566932e-07,nan,16.95758869466816,0.0589706483631379
nan,nan,nan,nan,7.971928576783444e-08,nan,17.201025758552984,0.0581360678157675
nan,nan,nan,nan,5.1255743411047943e-08,nan,17.417696899271423,0.0574128718499992
Name:	69.51927961775606_8_210_0.025
Lambda:	69.51927961775606	Maximal Depth:	20	Filter time:	8 to 210 [us]
Chi2:	0.7817923685025098	RelRMS:	10.56291807131166	AbsRMS:	5.377473590855282e-07	Phi model:	0.1292349585854253
depth_vector,start_model,resistivity_model,conductivity_model,E/I[V/A],modelled_thickness,rhoa,sigma
0.0,16.4465,24.288391943868483,0.0411719311147087,0.0001398840789121,1.0,18.134686352973706,0.0551429443297772
1.0,16.4465,23.73830645483933,0.0421260043087925,8.608797013016116e-05,1.0,17.60945714013165,0.056787667674378
2.0,16.4465,22.680414597029955,0.0440909047637494,5.7449105804665856e-05,1.0,17.211808538511036,0.0580996469814617
3.0,16.4465,21.20645548788109,0.0471554522900572,4.0825335379632726e-05,1.0,16.873276860378468,0.0592653109573625
4.0,16.4465,19.446255482403124,0.0514237818640662,2.67648501380046e-05,1.0,16.55011007509784,0.060422558850811
5.0,16.4465,17.56020142995389,0.0569469549645493,1.6343743736115303e-05,1.0,16.27312671421962,0.0614510055480726
6.0,16.4465,15.69747396839161,0.0637045171735017,1.0801045547330908e-05,1.5,16.100077782638493,0.0621115011679228
7.5,16.4465,14.013224356012454,0.0713611638973684,7.558378822109356e-06,1.5,16.011515317848172,0.062455050640041
9.0,16.4465,12.735727094360351,0.0785192704421894,4.855965017855375e-06,1.5,15.959657655727767,0.0626579856267223
10.5,16.4465,11.995587567090608,0.0833639864997908,2.909372679168131e-06,1.5,15.961566080774704,0.0626504940016177
12.0,16.4465,11.847925672035752,0.0844029602886744,1.8847210262086725e-06,1.5,16.0195993266127,0.062423533798298
13.5,16.4465,12.306357597476048,0.0812588121285451,1.303223804874888e-06,1.5,16.093220983718112,0.0621379648618336
15.0,16.4465,13.372080409004848,0.0747826792401422,8.267485234676295e-07,1.5,16.215061990775943,0.0616710562419593
16.5,16.4465,15.044220351153704,0.0664707094590855,4.874412317520121e-07,1.5,16.394285069722443,0.0609968654166466
18.0,16.4465,17.323648786478227,0.0577245597809936,3.14374744031842e-07,1.5,16.555319883876358,0.0604035444204207
19.5,16.4465,20.20968008530369,0.0494812384846799,2.1591838944652122e-07,nan,16.710134583871262,0.0598439225597385
nan,nan,nan,nan,1.3625293420311026e-07,nan,16.905586427030798,0.0591520444627151
nan,nan,nan,nan,8.01888631802068e-08,nan,17.133808469694785,0.0583641402183722
nan,nan,nan,nan,5.1611389066539043e-08,nan,17.337589717940606,0.0576781442097005
Name:	88.58667904100822_8_210_0.025
Lambda:	88.58667904100822	Maximal Depth:	20	Filter time:	8 to 210 [us]
Chi2:	0.8229765957518578	RelRMS:	10.828124296295554	AbsRMS:	6.314056034049406e-07	Phi model:	0.118889224880943
depth_vector,start_model,resistivity_model,conductivity_model,E/I[V/A],modelled_thickness,rhoa,sigma
0.0,16.4465,24.027630180666623,0.0416187527642501,0.0001402819993713,1.0,18.100376517107904,0.0552474695238981
1.0,16.4465,23.49946099552141,0.0425541675271012,8.618621028087478e-05,1.0,17.59607306136073,0.0568308620061315
2.0,16.4465,22.48276634946041,0.0444785123172353,5.744159692351096e-05,1.0,17.213308480667695,0.0580945842644429
3.0,16.4465,21.063447852533542,0.0474756083145105,4.078465809822241e-05,1.0,16.88449423183965,0.05922593749443
4.0,16.4465,19.36480088716843,0.0516400868682633,2.6715513722977807e-05,1.0,16.57047956271109,0.060348283597677
5.0,16.4465,17.53847014780533,0.0570175158706835,1.6303374108495474e-05,1.0,16.29997879385049,0.061349773067022
6.0,16.4465,15.728702268823069,0.063578036058459,1.077216023771233e-05,1.5,16.128846270372424,0.0620007149449326
7.5,16.4465,14.0872152496017,0.0709863505513109,7.538271563689784e-06,1.5,16.03997495593181,0.0623442369921024
9.0,16.4465,12.839704845365114,0.0778834102530776,4.8442859227231365e-06,1.5,15.985298798956563,0.062557479380071
10.5,16.4465,12.116904175234929,0.0825293313818429,2.9040790315409806e-06,1.5,15.980957026238102,0.0625744752556536
12.0,16.4465,11.973346107969377,0.0835188418494314,1.8825999420937216e-06,1.5,16.03162968935468,0.0623766902914442
13.5,16.4465,12.418970231846652,0.0805219741517412,1.3026844139424132e-06,1.5,16.09766306165337,0.0621208181690747
15.0,16.4465,13.446985006218227,0.0743661125179789,8.27233875705104e-07,1.5,16.208718934615113,0.061695190349955
16.5,16.4465,15.04402273189452,0.0664715826226399,4.883589489483488e-07,1.5,16.373740026695963,0.0610734015789664
18.0,16.4465,17.195244734672084,0.0581556131029425,3.153266144642964e-07,1.5,16.52198628044544,0.0605254103850423
19.5,16.4465,19.88210368443023,0.050296488534214,2.1679184727211653e-07,nan,16.66522079036399,0.0600052056062894
nan,nan,nan,nan,1.3697633765615296e-07,nan,16.846012393201978,0.0593612290350408
nan,nan,nan,nan,8.07308780778654e-08,nan,17.057033201317058,0.0586268425579886
nan,nan,nan,nan,5.202173695279108e-08,nan,17.24629673435855,0.0579834625022873
Name:	112.88378916846884_8_210_0.025
Lambda:	112.88378916846884	Maximal Depth:	20	Filter time:	8 to 210 [us]
Chi2:	0.8822055210028733	RelRMS:	11.14563004209337	AbsRMS:	7.530376049756505e-07	Phi model:	0.1075151398218751
depth_vector,start_model,resistivity_model,conductivity_model,E/I[V/A],modelled_thickness,rhoa,sigma
0.0,16.4465,23.708564610860687,0.0421788504033647,0.0001407925759008,1.0,18.056590012523564,0.0553814424155627
1.0,16.4465,23.20666020214165,0.0430910777892854,8.6323933788999e-05,1.0,17.577352584870773,0.0568913888011055
2.0,16.4465,22.239369103289064,0.0449653043373476,5.744667772992966e-05,1.0,17.21229352464352,0.0580980099234457
3.0,16.4465,20.88651816838239,0.0478777741669638,4.074684242158518e-05,1.0,16.89493921056805,0.0591893221713685
4.0,16.4465,19.26328579411821,0.0519122236303702,2.666431258608041e-05,1.0,16.59168533714619,0.0602711526695336
5.0,16.4465,17.511327518735364,0.0571058932528159,1.6260281796956138e-05,1.0,16.328764432012704,0.0612416208319773
6.0,16.4465,15.768478681534347,0.0634176587479582,1.0741188403543706e-05,1.5,16.15983602512386,0.0618818160311336
7.5,16.4465,14.181211338416864,0.0705158379024366,7.516744380982794e-06,1.5,16.070584915804012,0.0622254886949751
9.0,16.4465,12.970241814367194,0.0770995648587134,4.831891434296578e-06,1.5,16.01262350122936,0.0624507283221406
10.5,16.4465,12.265631354272706,0.0815286201840439,2.8986102456253795e-06,1.5,16.001051477629332,0.0624958929354158
12.0,16.4465,12.121506276573117,0.0824979979536595,1.880552876339515e-06,1.5,16.0432616760513,0.0623314647727
13.5,16.4465,12.54498665529689,0.0797131178754796,1.3023261950184317e-06,1.5,16.1006148173856,0.0621094294436626
15.0,16.4465,13.522430200301637,0.0739512044201709,8.279486656871821e-07,1.5,16.199388647931183,0.0617307246423592
16.5,16.4465,15.030026460516574,0.0665334823346432,4.894983496223304e-07,1.5,16.34832149280702,0.061168359115031
18.0,16.4465,17.039936912075536,0.0586856632838434,3.1647037813084125e-07,1.5,16.482153908395357,0.0606716819632802
19.5,16.4465,19.51983176243217,0.0512299497337163,2.178269188722801e-07,nan,16.61238560979023,0.0601960503138493
nan,nan,nan,nan,1.378251196680433e-07,nan,16.776778237571694,0.0596062000605392
nan,nan,nan,nan,8.136253878202292e-08,nan,16.968636689147367,0.0589322535639866
nan,nan,nan,nan,5.2498222723910464e-08,nan,17.14178403779196,0.0583369850999948
Name:	143.8449888287663_8_210_0.025
Lambda:	143.8449888287663	Maximal Depth:	20	Filter time:	8 to 210 [us]
Chi2:	0.9640653339528432	RelRMS:	11.515550334870834	AbsRMS:	9.014480689385524e-07	Phi model:	0.0953230261105885
depth_vector,start_model,resistivity_model,conductivity_model,E/I[V/A],modelled_thickness,rhoa,sigma
0.0,16.4465,23.32624701616454,0.0428701624957938,0.0001414125235676,1.0,18.00377839600767,0.0555438962868899
1.0,16.4465,22.855591828962748,0.0437529689663425,8.649731286741406e-05,1.0,17.55385617706269,0.0569675397766265
2.0,16.4465,21.94759586284203,0.0455630769879917,5.746110338737342e-05,1.0,17.20941263042705,0.058107735660423
3.0,16.4465,20.675844155619227,0.0483656189548237,4.0709339851351575e-05,1.0,16.905313675072723,0.0591529988274942
4.0,16.4465,19.147032398432565,0.0522274146296354,2.660941821283634e-05,1.0,16.61449624046392,0.0601884032790919
5.0,16.4465,17.48681746875673,0.0571859345925395,1.621327205622261e-05,1.0,16.360312269860238,0.0611235276873197
6.0,16.4465,15.823664760681048,0.0631964854617509,1.0707315918736396e-05,1.5,16.193899065604523,0.0617516507882883
7.5,16.4465,14.30028736849718,0.0699286646646661,7.493215683199442e-06,1.5,16.104208426683215,0.0620955698973127
9.0,16.4465,13.130153467678223,0.0761605721107255,4.818400790571824e-06,1.5,16.04249785585738,0.0623344325169963
10.5,16.4465,12.442576070795043,0.0803692092626364,2.8927353824638773e-06,1.5,16.0227085335096,0.0624114205103724
12.0,16.4465,12.2922572811112,0.0813520232395918,1.8784293336815736e-06,1.5,16.055350547016268,0.0622845323166014
13.5,16.4465,12.68441111485408,0.0788369275439953,1.3020449224185163e-06,1.5,16.10293347714809,0.0621004863131996
15.0,16.4465,13.59955711986788,0.0735318063070656,8.288270333473448e-07,1.5,16.187941520068748,0.061774376857012
16.5,16.4465,15.004864791425913,0.066645052381373,4.908211302727824e-07,1.5,16.318935406070345,0.0612785071523733
18.0,16.4465,16.861902829538835,0.059305287790426,3.17781825661522e-07,1.5,16.436776077762048,0.0608391813132344
19.5,16.4465,19.12689247914464,0.0522824081899539,2.1900738816640574e-07,nan,16.55263703055505,0.0604133346338754
nan,nan,nan,nan,1.387894674156341e-07,nan,16.698974821488196,0.0598839156708711
nan,nan,nan,nan,8.20784361328487e-08,nan,16.869824459331177,0.0592774395732892
nan,nan,nan,nan,5.30376027084283e-08,nan,17.025367539666604,0.0587358832442322
Name:	183.29807108324357_8_210_0.025
Lambda:	183.2980710832436	Maximal Depth:	20	Filter time:	8 to 210 [us]
Chi2:	1.084919645788367	RelRMS:	11.993999907802328	AbsRMS:	1.1195603085834065e-06	Phi model:	0.0814052250721125
depth_vector,start_model,resistivity_model,conductivity_model,E/I[V/A],modelled_thickness,rhoa,sigma
0.0,16.4465,22.80563963439429,0.0438488030167701,0.0001423163479337,1.0,17.92747174396502,0.0557803138268302
1.0,16.4465,22.37743883797652,0.0446878665266603,8.678079283761113e-05,1.0,17.515607469313462,0.0570919393890251
2.0,16.4465,21.54969604317667,0.0464043668178156,5.752023108230443e-05,1.0,17.197617043702397,0.0581475908818536
3.0,16.4465,20.38761358404898,0.0490493895167008,4.0691401083156935e-05,1.0,16.91028177181302,0.0591356201803127
4.0,16.4465,18.98511827749829,0.0526728348690473,2.655994753140856e-05,1.0,16.635120666406365,0.0601137809609905
5.0,16.4465,17.45299615473227,0.0572967524391997,1.6166500177243045e-05,1.0,16.391852142986345,0.0610059187501806
6.0,16.4465,15.908226245515806,0.0628605593462614,1.0673071730222886e-05,1.5,16.22851895308819,0.0616199175593719
7.5,16.4465,14.47477553108308,0.0690857000063734,7.469502875140985e-06,1.5,16.1382735438795,0.0619644968392082
9.0,16.4465,13.353248182245084,0.0748881460414727,4.805153212328847e-06,1.5,16.07196992503445,0.0622201263855249
10.5,16.4465,12.674207428730847,0.0789003971745897,2.887468888777504e-06,1.5,16.042185306186045,0.0623356469778708
12.0,16.4465,12.498852196447327,0.0800073466173349,1.8770383195852809e-06,1.5,16.06328164471033,0.0622537799011512
13.5,16.4465,12.836786510827062,0.0779011163858306,1.3025030642999849e-06,1.5,16.099157229706197,0.0621150527156041
15.0,16.4465,13.665939222843088,0.073174626616842,8.303788001669417e-07,1.5,16.16776780271145,0.0618514573070682
16.5,16.4465,14.947277305906294,0.0669018162662211,4.926944603189342e-07,1.5,16.27754375255267,0.0614343303388865
18.0,16.4465,16.633221106869254,0.0601206461198917,3.195349710992977e-07,1.5,16.376600142525067,0.06106273532339
19.5,16.4465,18.673030285726423,0.0535531718579386,2.205439622257729e-07,nan,16.475663778844744,0.0606955818850849
nan,nan,nan,nan,1.400198766496601e-07,nan,16.60100405128122,0.0602373204000768
nan,nan,nan,nan,8.297893722063518e-08,nan,16.74755322953728,0.0597102147575994
nan,nan,nan,nan,5.371071960298101e-08,nan,16.88282450326817,0.0592317950000854
Name:	233.57214690901213_8_210_0.025
Lambda:	233.57214690901213	Maximal Depth:	20	Filter time:	8 to 210 [us]
Chi2:	1.2213680808271974	RelRMS:	12.454396602303406	AbsRMS:	1.3188870507358542e-06	Phi model:	0.0693159993177126
depth_vector,start_model,resistivity_model,conductivity_model,E/I[V/A],modelled_thickness,rhoa,sigma
0.0,16.4465,22.406811330797247,0.0446292863913903,0.0001431410974642,1.0,17.858542511116948,0.0559956110291475
1.0,16.4465,22.00763930751814,0.045438767240173,8.703933010698835e-05,1.0,17.48090528639347,0.0572052753342451
2.0,16.4465,21.23523783611445,0.0470915375527047,5.757118788788516e-05,1.0,17.187467696587607,0.0581819275330792
3.0,16.4465,20.149960208599207,0.0496278895664141,4.067004700016505e-05,1.0,16.916200492417797,0.059114929528544
4.0,16.4465,18.83842896449277,0.0530829827627786,2.6509270806810624e-05,1.0,16.656314385644784,0.0600372913747262
5.0,16.4465,17.403004984103067,0.0574613407807133,1.6119021640871057e-05,1.0,16.42402446724508,0.0608864168459033
6.0,16.4465,15.952401593525396,0.0626864860527251,1.0638041757239008e-05,1.5,16.264125320982327,0.0614850156565075
7.5,16.4465,14.603862693797495,0.068475034377358,7.444977159405443e-06,1.5,16.17369659537032,0.0618287844156942
9.0,16.4465,13.54486674478484,0.0738287071288485,4.79112671749692e-06,1.5,16.103322821453972,0.0620989848547114
10.5,16.4465,12.897324004788594,0.0775354639170663,2.881525563523619e-06,1.5,16.064236398568756,0.0622500799408738
12.0,16.4465,12.718408850675688,0.0786261875790282,1.875086056723392e-06,1.5,16.07442933180855,0.0622106066323095
13.5,16.4465,13.015114833174572,0.0768337439060524,1.3025000182507788e-06,1.5,16.09918232954256,0.0621149558735641
15.0,16.4465,13.763046947613374,0.0726583294968276,8.315805921031761e-07,1.5,16.15218705103383,0.0619111205708823
16.5,16.4465,14.919811725907175,0.0670249744682483,4.943233803133664e-07,1.5,16.24176501462589,0.0615696630938502
18.0,16.4465,16.434275161491374,0.0608484396283682,3.211115272070337e-07,1.5,16.32295356408938,0.0612634224605041
19.5,16.4465,18.251706903970213,0.0547893961513525,2.219488042988391e-07,nan,16.40606757395094,0.0609530587078508
nan,nan,nan,nan,1.4115986241298738e-07,nan,16.51150517975201,0.0605638304390502
nan,nan,nan,nan,8.382196144880444e-08,nan,16.63507383339488,0.0601139502003593
nan,nan,nan,nan,5.434490358063356e-08,nan,16.751223698002395,0.0596971312680429
Name:	297.63514416313194_8_210_0.025
Lambda:	297.63514416313194	Maximal Depth:	20	Filter time:	8 to 210 [us]
Chi2:	1.387586075674575	RelRMS:	12.944564181779397	AbsRMS:	1.5321192641727652e-06	Phi model:	0.0577531661605593
depth_vector,start_model,resistivity_model,conductivity_model,E/I[V/A],modelled_thickness,rhoa,sigma
0.0,16.4465,21.98862898905833,0.0454780514281998,0.0001440232570997,1.0,17.785544060651368,0.0562254377257086
1.0,16.4465,21.62021419095577,0.0462530107781412,8.73154482058801e-05,1.0,17.444032529952636,0.0573261944038988
2.0,16.4465,20.906981237353342,0.0478309129685999,5.762575859848377e-05,1.0,17.176615137531396,0.0582186881404224
3.0,16.4465,19.903708751787697,0.0502418927281671,4.064768117681009e-05,1.0,16.922405193450135,0.0590932546862223
4.0,16.4465,18.688948364416213,0.0535075586116981,2.645568544032374e-05,1.0,16.678798114325613,0.0599563585544625
5.0,16.4465,17.357143735653416,0.0576131658082599,1.6068758865140505e-05,1.0,16.458255996701446,0.0607597791771144
6.0,16.4465,16.007527042458513,0.0624706113160134,1.0600933998705403e-05,1.5,16.30205743041837,0.0613419505033811
7.5,16.4465,14.749307960120248,0.0677997911972438,7.418963824983937e-06,1.5,16.21148141275893,0.0616846773307817
9.0,16.4465,13.755620105616424,0.0726975586939697,4.776201804316629e-06,1.5,16.136852350699538,0.0619699541315224
10.5,16.4465,13.139824439490104,0.0761045175759445,2.875143167259918e-06,1.5,16.08800111121312,0.0621581259901215
12.0,16.4465,12.954661732567704,0.0771922895899338,1.8729279967419865e-06,1.5,16.086774680679394,0.0621628648283999
13.5,16.4465,13.205369479208464,0.0757267717177073,1.3024111359100243e-06,1.5,16.09991477451593,0.0621121300333135
15.0,16.4465,13.866052658802223,0.0721185779837058,8.327791752979422e-07,1.5,16.136685232988484,0.0619705959161726
16.5,16.4465,14.892775031323028,0.0671466531856395,4.959903927011574e-07,1.5,16.205352464286076,0.0617080067961394
18.0,16.4465,16.23250185579625,0.0616047981317755,3.227360916335104e-07,1.5,16.268130676445338,0.0614698775101371
19.5,16.4465,17.829140320748746,0.0560879538783059,2.2340135707041745e-07,nan,16.33487559132121,0.0612187092830571
nan,nan,nan,nan,1.4234192612696824e-07,nan,16.419966139104357,0.0609014654188894
nan,nan,nan,nan,8.469821317985021e-08,nan,16.520142150688624,0.0605321667863684
nan,nan,nan,nan,5.50051650422291e-08,nan,16.616903786120695,0.0601796828621738
Name:	379.26901907322497_8_210_0.025
Lambda:	379.26901907322497	Maximal Depth:	20	Filter time:	8 to 210 [us]
Chi2:	1.583185783499106	RelRMS:	13.452372375020976	AbsRMS:	1.7562862554234966e-06	Phi model:	0.0470724223640899
depth_vector,start_model,resistivity_model,conductivity_model,E/I[V/A],modelled_thickness,rhoa,sigma
0.0,16.4465,21.560935092704497,0.0463801776546494,0.0001449503035916,1.0,17.7096299892137,0.0564664535966626
1.0,16.4465,21.22450983657164,0.0471153401279927,8.760652421033325e-05,1.0,17.40537212791999,0.0574535259947644
2.0,16.4465,20.572724710619664,0.0486080484751637,5.7684624797615445e-05,1.0,17.164927515963964,0.0582583293212258
3.0,16.4465,19.65459469666709,0.050878688440702,4.06259023685632e-05,1.0,16.928452515894385,0.0590721449028542
4.0,16.4465,18.54095857154613,0.0539346440013435,2.640091692331205e-05,1.0,16.701856846200236,0.0598735822734288
5.0,16.4465,17.317014070056473,0.0577466759543228,1.6017034009453683e-05,1.0,16.493670101400156,0.0606293198452604
6.0,16.4465,16.072573669572918,0.0622177891704491,1.0562649663105554e-05,1.5,16.3414248900954,0.0611941741142844
7.5,16.4465,14.908155013715987,0.0670773814117151,7.39206154283058e-06,1.5,16.250790405335344,0.061535468433073
9.0,16.4465,13.981671303809724,0.0715222077726516,4.760699385111471e-06,1.5,16.17186466831665,0.0618357882971383
10.5,16.4465,13.397352496835506,0.0746416129781016,2.868442235975011e-06,1.5,16.11304668208981,0.0620615095164798
12.0,16.4465,13.203753904110547,0.075736037437708,1.8705908775988813e-06,1.5,16.10017111954569,0.062111141091289
13.5,16.4465,13.404821000758531,0.0746000263594279,1.3022197743639524e-06,1.5,16.101491993759478,0.0621060458488924
15.0,16.4465,13.974385080911516,0.0715594993418324,8.339333331053711e-07,1.5,16.121793091429435,0.0620278398518595
16.5,16.4465,14.86846084382859,0.0672564571749245,4.976482355575464e-07,1.5,16.16934193223741,0.0618454358990493
18.0,16.4465,16.034076038136124,0.0623671733638756,3.243652710204921e-07,1.5,16.213612017472656,0.0616765714464085
19.5,16.4465,17.415603926352144,0.0574197716156639,2.2486399931730642e-07,nan,16.263964416468706,0.0614856239470993
nan,nan,nan,nan,1.435362413538114e-07,nan,16.32875613304016,0.0612416519575894
nan,nan,nan,nan,8.558605493678287e-08,nan,16.405693999937885,0.0609544466697834
nan,nan,nan,nan,5.567542763193411e-08,nan,16.48327024655895,0.0606675729416473
Name:	483.2930238571752_8_210_0.025
Lambda:	483.2930238571752	Maximal Depth:	20	Filter time:	8 to 210 [us]
Chi2:	1.804110143910956	RelRMS:	13.959081353879462	AbsRMS:	1.985337555812164e-06	Phi model:	0.0376047184774849
depth_vector,start_model,resistivity_model,conductivity_model,E/I[V/A],modelled_thickness,rhoa,sigma
0.0,16.4465,21.13779653505347,0.0473086207609988,0.0001458971559966,1.0,17.63292483534067,0.0567120888529937
1.0,16.4465,20.83351793606445,0.0479995746790762,8.790499093244694e-05,1.0,17.365951775667753,0.0575839443134436
2.0,16.4465,20.24342098295669,0.0493987652008975,5.7746424048928125e-05,1.0,17.152678919546037,0.0582999311472254
3.0,16.4465,19.4108557364448,0.0515175638610539,4.060539648192007e-05,1.0,16.934151326852408,0.0590522654899336
4.0,16.4465,18.39900410287812,0.0543507678137629,2.634641874372344e-05,1.0,16.724881032490796,0.0597911577402157
5.0,16.4465,17.283775010749608,0.0578577306970295,1.5965136241271432e-05,1.0,16.52939467716257,0.0604982831816355
6.0,16.4465,16.145500428773005,0.0619367609205778,1.0524088249631948e-05,1.5,16.38131840106913,0.0610451476197871
7.5,16.4465,15.07550889297641,0.066332752486113,7.364861214094224e-06,1.5,16.290778051861707,0.0613844223287862
9.0,16.4465,14.216356762810046,0.0703415099018897,4.744915855547371e-06,1.5,16.207707636551138,0.0616990398904302
10.5,16.4465,13.662913804918324,0.0731908298828631,2.8615049669413603e-06,1.5,16.13907853687673,0.0619614061431739
12.0,16.4465,13.45967166167075,0.0742960174019482,1.868059458417652e-06,1.5,16.114712798969467,0.0620550929126052
13.5,16.4465,13.609625491227684,0.0734774076365706,1.3018684577126588e-06,1.5,16.10438858331305,0.0620948752463768
15.0,16.4465,14.08732541387696,0.0709857954310427,8.349655303670959e-07,1.5,16.108503679607683,0.0620790124203736
16.5,16.4465,14.850056002356965,0.0673398133879954,4.992203144910419e-07,1.5,16.135378514924657,0.0619756145835088
18.0,16.4465,15.84649170776278,0.0631054506222425,3.2593221158101535e-07,1.5,16.16160495247238,0.0618750429144118
19.5,16.4465,17.023199115922015,0.058743365050855,2.2628018813114818e-07,nan,16.196034071181558,0.0617435105165252
nan,nan,nan,nan,1.44698799045434e-07,nan,16.241178204281578,0.061571887668616
nan,nan,nan,nan,8.645394733528537e-08,nan,16.295714007640886,0.0613658290475097
nan,nan,nan,nan,5.633239500607345e-08,nan,16.354864212628087,0.061143888876061
Name:	615.8482110660261_8_210_0.025
Lambda:	615.8482110660261	Maximal Depth:	20	Filter time:	8 to 210 [us]
Chi2:	2.0453384507619354	RelRMS:	14.450029537309144	AbsRMS:	2.2166699599708195e-06	Phi model:	0.0294909647804449
depth_vector,start_model,resistivity_model,conductivity_model,E/I[V/A],modelled_thickness,rhoa,sigma
0.0,16.4465,20.72683660243365,0.0482466291977515,0.0001468525767822,1.0,17.55636195907454,0.0569594089214548
1.0,16.4465,20.454197754933432,0.0488897199480143,8.820947906764808e-05,1.0,17.32596534714929,0.0577168417438012
2.0,16.4465,19.9247478079067,0.0501888410152509,5.78128788354489e-05,1.0,17.13953195150773,0.0583446504157327
3.0,16.4465,19.17650751339133,0.0521471388521439,4.058858712857657e-05,1.0,16.938826409338116,0.0590359671818063
4.0,16.4465,18.265062589561808,0.0547493333294945,2.6294506931906245e-05,1.0,16.746886476439375,0.0597125920335619
5.0,16.4465,17.25730065606321,0.0579464900061678,1.5914765806873082e-05,1.0,16.56425346689897,0.0603709670344239
6.0,16.4465,16.224330139537223,0.0616358266504384,1.048640058876172e-05,1.5,16.42054408545343,0.06089932189798
7.5,16.4465,15.247680048615736,0.0655837476135122,7.338132578127002e-06,1.5,16.33031275737932,0.0612358143323446
9.0,16.4465,14.45475113172344,0.0691814055383719,4.729276527392867e-06,1.5,16.243419675079593,0.0615633912072212
10.5,16.4465,13.931046895635182,0.0717821142582842,2.8545087186289736e-06,1.5,16.16543845570898,0.061860369747462
12.0,16.4465,13.71713456556609,0.072901522925224,1.865393242087431e-06,1.5,16.1300643723386,0.0619960328065954
13.5,16.4465,13.815741885977202,0.072381201693916,1.3013603595612242e-06,1.5,16.10858013442695,0.0620787177799003
15.0,16.4465,14.20293820731218,0.0704079666758786,8.358444809922433e-07,1.5,16.097208865542196,0.0621225709595287
16.5,16.4465,14.838485284157755,0.0673923234649594,5.006630264324358e-07,1.5,16.10436644177223,0.0620949606192613
18.0,16.4465,15.674135381988794,0.0637993723819116,3.27394477633551e-07,1.5,16.11344654850235,0.0620599694168436
19.5,16.4465,16.659819896083462,0.0600246585039667,2.276120088316598e-07,nan,16.132793987056406,0.0619855432854541
nan,nan,nan,nan,1.4579875003148412e-07,nan,16.159389491269447,0.061883526016888
nan,nan,nan,nan,8.7279002336206e-08,nan,16.192855114426113,0.0617556319088599
nan,nan,nan,nan,5.6958796888424134e-08,nan,16.234735414243957,0.0615963226060724
Name:	784.7599703514607_8_210_0.025
Lambda:	784.7599703514607	Maximal Depth:	20	Filter time:	8 to 210 [us]
Chi2:	2.2991174711465003	RelRMS:	14.90668099395813	AbsRMS:	2.445971244580848e-06	Phi model:	0.0227948402264329
depth_vector,start_model,resistivity_model,conductivity_model,E/I[V/A],modelled_thickness,rhoa,sigma
0.0,16.4465,20.337567617392573,0.0491700885185898,0.0001477983567457,1.0,17.48138496435694,0.057203705658271
1.0,16.4465,20.09516426424582,0.0497632160081041,8.851569567278662e-05,1.0,17.285983270227813,0.0578503394552238
2.0,16.4465,19.623840533876884,0.050958424691318,5.7884289420495846e-05,1.0,17.125432607071165,0.0583926854838747
3.0,16.4465,18.95647638769665,0.0527524197824565,4.057706200329488e-05,1.0,16.942033686988992,0.0590247911481826
4.0,16.4465,18.141427584184083,0.0551224535863876,2.6247031912496244e-05,1.0,16.767074645398242,0.0596406958964933
5.0,16.4465,17.23713510613384,0.0580142810184361,1.5867349884053322e-05,1.0,16.59723602622665,0.0602509959140075
6.0,16.4465,16.305903946214922,0.0613274801138595,1.0450540483260723e-05,1.5,16.458086398641914,0.0607604052973326
7.5,16.4465,15.419276923493692,0.0648538841971469,7.312491520268432e-06,1.5,16.368465021879125,0.0610930834787096
9.0,16.4465,14.690000192129077,0.0680735185106261,4.714091091515075e-06,1.5,16.278284107899907,0.0614315362338894
10.5,16.4465,14.194636401154437,0.0704491451375726,2.8475472979427627e-06,1.5,16.19177424656208,0.0617597543525735
12.0,16.4465,13.970125900502524,0.0715813162402515,1.86258888448811e-06,1.5,16.146250848253068,0.0619338823234122
13.5,16.4465,14.01922458258697,0.0713306213270941,1.3006497596344091e-06,1.5,16.114446799004973,0.0620561172513689
15.0,16.4465,14.320159818212456,0.0698316228795292,8.365033717256524e-07,1.5,16.088754869233618,0.0621552138824795
16.5,16.4465,14.835964062327855,0.0674037761077653,5.019085531335654e-07,1.5,16.077712550946753,0.0621979026451193
18.0,16.4465,15.522321251282158,0.0644233542014471,3.286921881196412e-07,1.5,16.07100689820747,0.0622238548171824
19.5,16.4465,16.333558476612847,0.0612236458718929,2.288084399938611e-07,nan,16.07650632547517,0.0622025693738806
nan,nan,nan,nan,1.467960729236647e-07,nan,16.08611580977096,0.0621654109559863
nan,nan,nan,nan,8.803229953833829e-08,nan,16.100347436007244,0.0621104609061773
nan,nan,nan,nan,5.7533128077644973e-08,nan,16.12651142088603,0.0620096916128347
Name:	1000.0_8_210_0.025
Lambda:	1000	Maximal Depth:	20	Filter time:	8 to 210 [us]
Chi2:	2.557893827939602	RelRMS:	15.316423483663586	AbsRMS:	2.671730470054009e-06	Phi model:	0.0174417931630371
depth_vector,start_model,resistivity_model,conductivity_model,E/I[V/A],modelled_thickness,rhoa,sigma
0.0,16.4465,19.97485774305351,0.0500629347584596,0.0001487275834913,1.0,17.408494953443768,0.0574432196852364
1.0,16.4465,19.76070703389278,0.0506054767314165,8.88240274395456e-05,1.0,17.245957268121884,0.0579846038380507
2.0,16.4465,19.34377857596152,0.0516962079602533,5.7963040614092446e-05,1.0,17.10991750390709,0.0584456353907987
3.0,16.4465,18.75240424779592,0.0533264954608439,4.057344088039005e-05,1.0,16.943041707217475,0.0590212794892675
4.0,16.4465,18.028284347419,0.0554683951467164,2.6206256896708045e-05,1.0,16.784462364839822,0.0595789116304854
5.0,16.4465,17.221815050726192,0.0580658889353148,1.582446973703492e-05,1.0,16.627205261759297,0.0601423982116758
6.0,16.4465,16.38702262720635,0.0610238981631576,1.0417557798995871e-05,1.5,16.492806361468045,0.060632495045615
7.5,16.4465,15.585761524623996,0.0641611254233613,7.288635466423789e-06,1.5,16.40416208115432,0.0609601389606382
9.0,16.4465,14.91697345888535,0.06703772737521,4.699746627237628e-06,1.5,16.311390097360817,0.0613068533111595
10.5,16.4465,14.448547178647898,0.069211110822118,2.840787743337886e-06,1.5,16.21744924303318,0.0616619780961909
12.0,16.4465,14.213943861577096,0.0703534507901908,1.8597091572759632e-06,1.5,16.162914674815244,0.0618700290213238
13.5,16.4465,14.216446900283966,0.070341063910985,1.2997491866537215e-06,1.5,16.121889547792048,0.0620274687427661
15.0,16.4465,14.436933340153857,0.0692667879277845,8.369231176237664e-07,1.5,16.083375041354778,0.0621760045655047
16.5,16.4465,14.84241099465342,0.0673744986822035,5.029251590182208e-07,1.5,16.056039069526918,0.0622818614024127
18.0,16.4465,15.393268238231826,0.0649634622436012,3.2979313456404705e-07,1.5,16.035220471442695,0.0623627222201847
19.5,16.4465,16.048561853460253,0.0623108792632648,2.298401028675443e-07,nan,16.028362806003354,0.0623894038401385
nan,nan,nan,nan,1.47666433359057e-07,nan,16.022844791002722,0.0624108897666866
nan,nan,nan,nan,8.869549535921256e-08,nan,16.01998984797465,0.0624220120917508
nan,nan,nan,nan,5.80413903623032e-08,nan,16.032228049114106,0.0623743622493728
