Name:	5.000000000000001_8_210_0.015
Lambda:	5.000000000000001	Maximal Depth:	20	Filter time:	8.0 to 210.0 [us]
Chi2:	9.166892738165268	RelRMS:	4.541531532519824	AbsRMS:	2.528872538048393e-07	Phi model:	0.46373509882250624
depth_vector,start_model,resistivity_model,conductivity_model,E/I[V/A],modelled_thickness,rhoa,sigma,rel_err
0.0,17.8792,27.40721485093377,0.036486742831730305,0.00010720067701486961,1.0,21.654951810364622,0.04617881437729056,0.015
1.0,17.8792,26.846761591068276,0.037248440435091165,6.625836456836294e-05,1.0,20.96752348974638,0.04769280456459361,0.015
2.0,17.8792,25.84946941296443,0.03868551357957329,4.4727753907615875e-05,1.0,20.337487331841718,0.049170282625540164,0.015
3.0,17.8792,24.557014169365676,0.04072156301670737,3.2260308755588024e-05,1.0,19.741202054162095,0.050655476665321254,0.015
4.0,17.8792,23.10644192870529,0.04327797430194967,2.159644004816554e-05,1.0,19.095131430190186,0.05236936983942195,0.015
5.0,17.8792,21.61204561842953,0.0462704927453631,1.3538280040190013e-05,1.0,18.450000123611137,0.054200541642287776,0.015
6.0,17.8792,20.149228995638506,0.04962969055622225,9.146783673344405e-06,1.5,17.987034483252113,0.05559560142785676,0.015
7.5,17.8792,18.73847856010931,0.05336612557909646,6.518600832881904e-06,1.5,17.67184714826852,0.05658718025398831,0.015
9.0,17.8792,17.327881507778734,0.05771045927057417,4.277371861583447e-06,1.5,17.368244815085543,0.05757634180348665,0.015
10.5,17.8792,15.772636658419051,0.06340094060723983,2.6203336416926515e-06,1.5,17.114754582164505,0.05842911712225849,0.015
12.0,17.8792,13.95439011629067,0.07166203550756242,1.7266329832997637e-06,1.5,16.98307567349545,0.05888214945427376,0.015
13.5,17.8792,11.940104242871113,0.08375136260615597,1.2095356505580606e-06,1.5,16.913878062976536,0.05912304654654807,0.015
15.0,17.8792,10.128468002049289,0.09873161467239373,7.785109542408424e-07,1.5,16.87813333538242,0.059248258094018805,0.015
16.5,17.8792,9.318517125970777,0.10731321158524167,4.6582898609488544e-07,1.5,16.897520613841966,0.0591802799270343,0.015
18.0,17.8792,11.07145498940935,0.09032236512333497,3.036383767822297e-07,1.5,16.943309151170205,0.05902034785990635,0.015
19.5,17.8792,19.542558237141815,0.05117037328815219,2.1025355154151106e-07,nan,17.008948863672046,0.05879258077704109,0.015
nan,nan,nan,nan,1.3384911211397128e-07,nan,17.10739249858234,0.05845426181008405,0.015
nan,nan,nan,nan,7.946341071976797e-08,nan,17.23793125222534,0.05801160158768497,0.015
nan,nan,nan,nan,5.1468915665694435e-08,nan,17.369570278342962,0.057571948181518215,0.015
Name:	5.8538995686138975_8_210_0.015
Lambda:	5.8538995686138975	Maximal Depth:	20	Filter time:	8.0 to 210.0 [us]
Chi2:	9.174422701620486	RelRMS:	4.5433964254339605	AbsRMS:	2.43938782045761e-07	Phi model:	0.4392256910568223
depth_vector,start_model,resistivity_model,conductivity_model,E/I[V/A],modelled_thickness,rhoa,sigma,rel_err
0.0,17.8792,27.123783143473172,0.036868013385538044,0.00010712769018787314,1.0,21.66478647155197,0.046157851650792864,0.015
1.0,17.8792,26.61194868833447,0.037577105371406225,6.62374347087177e-05,1.0,20.971940168598646,0.047682760486667,0.015
2.0,17.8792,25.70476484646642,0.03890329306542821,4.472486487608027e-05,1.0,20.338363131166883,0.04916816528207137,0.015
3.0,17.8792,24.527320322354562,0.040770862322395046,3.226246720495237e-05,1.0,19.74032154989286,0.05065773612007994,0.015
4.0,17.8792,23.201572235766758,0.043100527405570986,2.1599011564172316e-05,1.0,19.093615792607043,0.05237352688259262,0.015
5.0,17.8792,21.8011530044205,0.04586913360945798,1.3539214727423839e-05,1.0,18.449150976480507,0.054203036295536196,0.015
6.0,17.8792,20.383898819958116,0.04905832828314906,9.14659729451679e-06,1.5,17.98727882847371,0.05559484619858166,0.015
7.5,17.8792,18.928766884566482,0.05282964316155995,6.517908536842046e-06,1.5,17.67309846307959,0.05658317369130682,0.015
9.0,17.8792,17.402445578075024,0.057463187890090514,4.276490622086806e-06,1.5,17.370630736792357,0.05756843347558599,0.015
10.5,17.8792,15.703881774804099,0.06367852320465363,2.6195699964417326e-06,1.5,17.118080564713495,0.058417764551322346,0.015
12.0,17.8792,13.77751771226665,0.07258201519927365,1.7260581209326275e-06,1.5,16.986846264656084,0.05886907931112933,0.015
13.5,17.8792,11.76220322027238,0.08501808558081032,1.209120830288485e-06,1.5,16.91774633826129,0.05910952794808096,0.015
15.0,17.8792,10.058714606915036,0.09941628121276379,7.782579749733776e-07,1.5,16.88179072291092,0.05923542214291651,0.015
16.5,17.8792,9.419410845889347,0.10616375231540116,4.6570563560814557e-07,1.5,16.900504222989618,0.059169832260963444,0.015
18.0,17.8792,11.3178945305683,0.08835565637222699,3.0358179742315366e-07,1.5,16.94541426595984,0.05901301581093904,0.015
19.5,17.8792,19.504836197766043,0.051269335966765694,2.1023202078393245e-07,nan,17.010110149831405,0.0587885669870228,0.015
nan,nan,nan,nan,1.338515512189316e-07,nan,17.107184672064832,0.058454971941289055,0.015
nan,nan,nan,nan,7.947727710905551e-08,nan,17.235926194301744,0.058018350086147585,0.015
nan,nan,nan,nan,5.1485100934921e-08,nan,17.365929795976445,0.05758401719622824,0.015
Name:	6.853628031883595_8_210_0.015
Lambda:	6.853628031883595	Maximal Depth:	20	Filter time:	8.0 to 210.0 [us]
Chi2:	9.182281063136838	RelRMS:	4.545341834456225	AbsRMS:	2.3652530768964148e-07	Phi model:	0.41690966444278643
depth_vector,start_model,resistivity_model,conductivity_model,E/I[V/A],modelled_thickness,rhoa,sigma,rel_err
0.0,17.8792,26.851030708277495,0.03724251820589238,0.00010708700519577213,1.0,21.67027344831036,0.04614616434745406,0.015
1.0,17.8792,26.40119905432073,0.03787706755070063,6.62382444408236e-05,1.0,20.971769253361586,0.047683149090518864,0.015
2.0,17.8792,25.59700138148447,0.03906707606475138,4.4735957613016205e-05,1.0,20.335000922500356,0.04917629479394397,0.015
3.0,17.8792,24.53848384283839,0.04075231405512661,3.227357363690266e-05,1.0,19.73579241371733,0.05066936148481941,0.015
4.0,17.8792,23.314308787934355,0.042892114413339205,2.160660873641402e-05,1.0,19.089139816709004,0.052385807302049586,0.015
5.0,17.8792,21.982738135379858,0.04549023846990934,1.3542631959692698e-05,1.0,18.446047311653302,0.05421215630127162,0.015
6.0,17.8792,20.589202082075044,0.048569147848162596,9.14775105818861e-06,1.5,17.985766361638397,0.05559952130440695,0.015
7.5,17.8792,19.08132992969285,0.05240724853480362,6.518003993473767e-06,1.5,17.67292591346974,0.056583726141115766,0.015
9.0,17.8792,17.442628643681836,0.05733080835624082,4.27602147234058e-06,1.5,17.371901275779894,0.05756422305911971,0.015
10.5,17.8792,15.615020794540097,0.06404090094773726,2.6190043711133374e-06,1.5,17.120545132690314,0.0584093550906028,0.015
12.0,17.8792,13.609421804412923,0.07347850734376864,1.7255932309108173e-06,1.5,16.989897065058663,0.05885850845186078,0.015
13.5,17.8792,11.60405438368907,0.08617677640373897,1.208775368992412e-06,1.5,16.920969516792663,0.0590982685127813,0.015
15.0,17.8792,10.0097897905633,0.09990219784063269,7.780461541787295e-07,1.5,16.88485459606811,0.059224673467597695,0.015
16.5,17.8792,9.534989485139306,0.10487688545000949,4.6560637462667e-07,1.5,16.902906110260542,0.05916142428271383,0.015
18.0,17.8792,11.554234623470494,0.08654835500472419,3.035414550874104e-07,1.5,16.94691565879719,0.05900778761950687,0.015
19.5,17.8792,19.464604097422807,0.05137530642775334,2.1022233579292772e-07,nan,17.010632585592063,0.0587867614545385,0.015
nan,nan,nan,nan,1.338621941267592e-07,nan,17.10627790570184,0.05845807051145132,0.015
nan,nan,nan,nan,7.94965770081963e-08,nan,17.233136429751543,0.05802774231355733,0.015
nan,nan,nan,nan,5.1505147312276485e-08,nan,17.361423494681876,0.05759896360493242,0.015
Name:	8.024090035856696_8_210_0.015
Lambda:	8.024090035856696	Maximal Depth:	20	Filter time:	8.0 to 210.0 [us]
Chi2:	9.190482071304933	RelRMS:	4.547371181291021	AbsRMS:	2.2797722151033686e-07	Phi model:	0.3970348221826542
depth_vector,start_model,resistivity_model,conductivity_model,E/I[V/A],modelled_thickness,rhoa,sigma,rel_err
0.0,17.8792,26.669866113021605,0.03749550131831177,0.00010704028215493999,1.0,21.676579033495592,0.04613274070852031,0.015
1.0,17.8792,26.268946600680252,0.03806776172646772,6.624087150896833e-05,1.0,20.971214765577205,0.04768440985313977,0.015
2.0,17.8792,25.542728387658297,0.039150085489034085,4.4749355171628105e-05,1.0,20.330941974435564,0.04918611254005915,0.015
3.0,17.8792,24.576626281274553,0.0406890672688432,3.2286065131812665e-05,1.0,19.73070156003631,0.050682435034416475,0.015
4.0,17.8792,23.42242976590193,0.04269411884226405,2.161484518054522e-05,1.0,19.08429016764227,0.05239911944409212,0.015
5.0,17.8792,22.13740590639554,0.04517241108684275,1.3546223171532068e-05,1.0,18.442787038047626,0.05422173980196114,0.015
6.0,17.8792,20.749968162191113,0.04819284502913686,9.148893609421656e-06,1.5,17.984268906451955,0.055604150783201675,0.015
7.5,17.8792,19.18413595994001,0.05212640288247451,6.518039720683237e-06,1.5,17.672861333224763,0.05658393290960826,0.015
9.0,17.8792,17.445438398574368,0.057321574680617916,4.275490271700916e-06,1.5,17.37334013984907,0.05755945557678395,0.015
10.5,17.8792,15.515067512111594,0.06445347396776492,2.618393534365723e-06,1.5,17.123207694396616,0.05840027276707268,0.015
12.0,17.8792,13.452708630592761,0.07433447251848622,1.7250998791975432e-06,1.5,16.993136141418717,0.05884728938071771,0.015
13.5,17.8792,11.470683740577353,0.08717876132026171,1.2084130263833288e-06,1.5,16.924351849236842,0.05908645772128002,0.015
15.0,17.8792,9.982369476964736,0.100176616614682,7.778268850867913e-07,1.5,16.88802766956313,0.05921354580690764,0.015
16.5,17.8792,9.65762614450903,0.1035451139893796,4.655057652833746e-07,1.5,16.905341495825233,0.059152901480691744,0.015
18.0,17.8792,11.775002825823357,0.08492566964034472,3.035022087703109e-07,1.5,16.948376581042336,0.05900270124505927,0.015
19.5,17.8792,19.422659897853837,0.051486253955901166,2.102146571841752e-07,nan,17.01104681993972,0.058785329943824335,0.015
nan,nan,nan,nan,1.3387512572511804e-07,nan,17.105176306603184,0.05846183529917583,0.015
nan,nan,nan,nan,7.951794255909306e-08,nan,17.23004939528754,0.05803813889665937,0.015
nan,nan,nan,nan,5.152691275017033e-08,nan,17.356534067999746,0.057615189535087,0.015
Name:	9.394443439884116_8_210_0.015
Lambda:	9.394443439884116	Maximal Depth:	20	Filter time:	8.0 to 210.0 [us]
Chi2:	9.199343075730896	RelRMS:	4.549562827392816	AbsRMS:	2.183948176289178e-07	Phi model:	0.37876353773903243
depth_vector,start_model,resistivity_model,conductivity_model,E/I[V/A],modelled_thickness,rhoa,sigma,rel_err
0.0,17.8792,26.56533650270279,0.03764303907455713,0.00010698359454704287,1.0,21.684235565174458,0.04611645160348795,0.015
1.0,17.8792,26.202481147402814,0.0381643247589597,6.624256381247462e-05,1.0,20.970857595309358,0.04768522200177804,0.015
2.0,17.8792,25.54014612437515,0.03915404379952291,4.4763316788851985e-05,1.0,20.3267142926698,0.0491963425864956,0.015
3.0,17.8792,24.63247274941974,0.040596817468256684,3.229886887075346e-05,1.0,19.725486858418076,0.0506958336277129,0.015
4.0,17.8792,23.52665547624259,0.04250497912930328,2.162312936575975e-05,1.0,19.07941551425701,0.052412507042092264,0.015
5.0,17.8792,22.261455009738803,0.04492069361874712,1.354968834153382e-05,1.0,18.439642556540434,0.0542309861448646,0.015
6.0,17.8792,20.867654272991835,0.04792105461006509,9.14985305725823e-06,1.5,17.98301167172857,0.055608038200415495,0.015
7.5,17.8792,19.25329226810753,0.05193916895223517,6.517905539402544e-06,1.5,17.67310388138859,0.05658315634375308,0.015
9.0,17.8792,17.426310828691786,0.05738449232487788,4.274830806601235e-06,1.5,17.375126848680374,0.05755353665668053,0.015
10.5,17.8792,15.40373565566571,0.06491931712890607,2.6176999412200046e-06,1.5,17.126232236384983,0.058389959110532345,0.015
12.0,17.8792,13.299721999843156,0.07518954155671773,1.724554516020693e-06,1.5,16.996718493555385,0.05883488629756198,0.015
13.5,17.8792,11.356004932481481,0.0880591375176061,1.208017898807927e-06,1.5,16.92804214423265,0.05907357693699375,0.015
15.0,17.8792,9.972499783687223,0.10027576051049669,7.775904625037553e-07,1.5,16.891450644352123,0.059201546454174026,0.015
16.5,17.8792,9.787128571624832,0.10217501411999769,4.6539843081946567e-07,1.5,16.907940639421405,0.05914380830439326,0.015
18.0,17.8792,11.986866433073581,0.08342463858951897,3.0346082546254084e-07,1.5,16.94991739265082,0.05899733767632295,0.015
19.5,17.8792,19.37877131499923,0.05160285880591391,2.1020693167978982e-07,nan,17.011463609594838,0.05878388967284262,0.015
nan,nan,nan,nan,1.338892004930896e-07,nan,17.103977526293285,0.058465932761121706,0.015
nan,nan,nan,nan,7.954081456620529e-08,nan,17.22674622987511,0.05804926749694447,0.015
nan,nan,nan,nan,5.15501047754374e-08,nan,17.351327956815997,0.057632476458793304,0.015
Name:	10.998825680021056_8_210_0.015
Lambda:	10.998825680021056	Maximal Depth:	20	Filter time:	8.0 to 210.0 [us]
Chi2:	9.209003924731798	RelRMS:	4.551951101521912	AbsRMS:	2.0822971898599152e-07	Phi model:	0.3617445906908785
depth_vector,start_model,resistivity_model,conductivity_model,E/I[V/A],modelled_thickness,rhoa,sigma,rel_err
0.0,17.8792,26.548374389773382,0.03766708971774961,0.0001069240994987332,1.0,21.692278560392207,0.04609935268975817,0.015
1.0,17.8792,26.206657604847,0.03815824265262454,6.624728322188024e-05,1.0,20.969861617483087,0.04768748684379851,0.015
2.0,17.8792,25.57819249464591,0.03909580398260441,4.4780122646950337e-05,1.0,20.321628267490215,0.04920865527295186,0.015
3.0,17.8792,24.704116289635273,0.040479084063393705,3.231335827658452e-05,1.0,19.719589773053,0.050710994067762465,0.015
4.0,17.8792,23.621418904072176,0.042334459418422433,2.1632183934469613e-05,1.0,19.07409110401092,0.0524271376574121,0.015
5.0,17.8792,22.36060076885072,0.04472151756284845,1.3553362173061509e-05,1.0,18.43631018778011,0.05424078841235903,0.015
6.0,17.8792,20.945782272518905,0.04774230854638506,9.15080179175325e-06,1.5,17.981768691517026,0.05561188207652533,0.015
7.5,17.8792,19.27457897251707,0.051881807712939626,6.517698007408151e-06,1.5,17.673479035829878,0.05658195525468842,0.015
9.0,17.8792,17.370860820823836,0.05756767095855263,4.274090014903215e-06,1.5,17.37713444607018,0.05754688744012963,0.015
10.5,17.8792,15.283878632334256,0.06542841801193192,2.6169438019776876e-06,1.5,17.129531044385796,0.058378714362279635,0.015
12.0,17.8792,13.159565161549448,0.07599035285161784,1.7239670800549959e-06,1.5,17.000579323967383,0.05882152489887224,0.015
13.5,17.8792,11.260860964598017,0.08880315662752679,1.2075955613656177e-06,1.5,16.931988790823905,0.0590598075839702,0.015
15.0,17.8792,9.981010863210676,0.10019025264123614,7.77339737527539e-07,1.5,16.89508258778027,0.059188819871367274,0.015
16.5,17.8792,9.92149887287857,0.10079122245667962,4.652858204634583e-07,1.5,16.91066861483868,0.059134267412852354,0.015
18.0,17.8792,12.189482628653748,0.0820379363476269,3.034182220038101e-07,1.5,16.951503999641176,0.058991815712704176,0.015
19.5,17.8792,19.33273767100619,0.051725731607051496,2.1019981653837987e-07,nan,17.011847492855146,0.0587825631766328,0.015
nan,nan,nan,nan,1.3390488112844167e-07,nan,17.102642217890327,0.058470497555865586,0.015
nan,nan,nan,nan,7.9565513521963e-08,nan,17.22318099463318,0.05806128381926687,0.015
nan,nan,nan,nan,5.1574961259440025e-08,nan,17.34575254262032,0.05765100116255526,0.015
Name:	12.87720418070694_8_210_0.015
Lambda:	12.87720418070694	Maximal Depth:	20	Filter time:	8.0 to 210.0 [us]
Chi2:	9.2197854098802	RelRMS:	4.554614931279092	AbsRMS:	1.976210963109147e-07	Phi model:	0.3455194399664535
depth_vector,start_model,resistivity_model,conductivity_model,E/I[V/A],modelled_thickness,rhoa,sigma,rel_err
0.0,17.8792,26.600205984443242,0.03759369384525954,0.00010686081327776298,1.0,21.70084226629058,0.046081160709295105,0.015
1.0,17.8792,26.27011917992314,0.03806606255384814,6.625433149947806e-05,1.0,20.968374378604075,0.047690869208267775,0.015
2.0,17.8792,25.65733581052191,0.03897520800230187,4.4799382397018146e-05,1.0,20.315803521558504,0.04922276389111712,0.015
3.0,17.8792,24.79503395923209,0.040330656600196496,3.232934334244074e-05,1.0,19.713089075530227,0.050727716806256186,0.015
4.0,17.8792,23.713134795756176,0.04217072135814642,2.1641935770204436e-05,1.0,19.068360828705377,0.05244289265255601,0.015
5.0,17.8792,22.436543999575154,0.044570144137124484,1.3557222910554628e-05,1.0,18.43280990687794,0.054251088415275435,0.015
6.0,17.8792,20.98712266255011,0.04764826584753432,9.15173365412573e-06,1.5,17.980548025309666,0.055615657464521455,0.015
7.5,17.8792,19.256688647054236,0.05193000823394284,6.517415075317451e-06,1.5,17.673990522683404,0.05658031776788416,0.015
9.0,17.8792,17.286374102889592,0.05784903150006686,4.273267109298007e-06,1.5,17.37936525793068,0.057539500733127906,0.015
10.5,17.8792,15.152974621089909,0.06599364316285465,2.616125067382057e-06,1.5,17.133104728849283,0.05836653752055617,0.015
12.0,17.8792,13.026492336281397,0.07676663634267832,1.723337908058685e-06,1.5,17.004716890425836,0.058807212518958776,0.015
13.5,17.8792,11.182851478458836,0.08942263088499991,1.2071466051854077e-06,1.5,16.936186706722896,0.0590451686271884,0.015
15.0,17.8792,10.005733865413902,0.09994269420423302,7.770755405947968e-07,1.5,16.89891179602971,0.05917540798307164,0.015
16.5,17.8792,10.06277048373271,0.09937621071816968,4.651688754647002e-07,1.5,16.913502761561777,0.05912435845475104,0.015
18.0,17.8792,12.38556956085,0.08073912104623243,3.0337531673042415e-07,1.5,16.953102221889182,0.05898625436876321,0.015
19.5,17.8792,19.28413428123551,0.05185610022292021,2.1019415820248249e-07,nan,17.012152792540295,0.0587815082661668,0.015
nan,nan,nan,nan,1.3392289046379093e-07,nan,17.101108926996147,0.05847574003937138,0.015
nan,nan,nan,nan,7.959260559664597e-08,nan,17.21927243907905,0.05807446299127629,0.015
nan,nan,nan,nan,5.160192720310697e-08,nan,17.339709030172255,0.0576710946106381,0.015
Name:	15.076371999678692_8_210_0.015
Lambda:	15.076371999678692	Maximal Depth:	20	Filter time:	8.0 to 210.0 [us]
Chi2:	9.231905041519504	RelRMS:	4.5576075240655465	AbsRMS:	1.868553913886218e-07	Phi model:	0.329937355758115
depth_vector,start_model,resistivity_model,conductivity_model,E/I[V/A],modelled_thickness,rhoa,sigma,rel_err
0.0,17.8792,26.718996159080376,0.03742655577500627,0.00010679431617248698,1.0,21.709849571363456,0.04606204187241618,0.015
1.0,17.8792,26.390117922770678,0.03789297201802768,6.626367555641564e-05,1.0,20.966403119715437,0.04769535309848475,0.015
2.0,17.8792,25.772217237654562,0.038801473337689685,4.482103024555473e-05,1.0,20.30926152040506,0.04923861948378985,0.015
3.0,17.8792,24.899626073581782,0.04016124567673683,3.234682867547148e-05,1.0,19.705984391634434,0.05074600588968897,0.015
4.0,17.8792,23.797704965927387,0.04202085879423081,2.165243434371302e-05,1.0,19.062196571272782,0.052459851426935,0.015
5.0,17.8792,22.49011966751098,0.04446396972465161,1.3561334189577593e-05,1.0,18.429084302242604,0.054262055759238766,0.015
6.0,17.8792,20.99723317962449,0.04762532241487846,9.152708127524664e-06,1.5,17.979271763578545,0.05561960535163315,0.015
7.5,17.8792,19.208577082567793,0.05206007689697755,6.51710597994658e-06,1.5,17.674549350020772,0.05657852883240979,0.015
9.0,17.8792,17.17577609620066,0.05822153213916216,4.27239755778444e-06,1.5,17.381723300158676,0.057531694799840195,0.015
10.5,17.8792,15.009428697610069,0.0666247876682494,2.6152663981433443e-06,1.5,17.136854726701944,0.0583537653757338,0.015
12.0,17.8792,12.899344252059675,0.07752332060138073,1.7226817783465311e-06,1.5,17.009034419060168,0.05879228505054991,0.015
13.5,17.8792,11.120409156616805,0.08992474880341839,1.2066810069960895e-06,1.5,16.940542981388596,0.059029985113147256,0.015
15.0,17.8792,10.045182214621642,0.0995502101041445,7.768038567241381e-07,1.5,16.902851781776246,0.05916161443704705,0.015
16.5,17.8792,10.210562706574455,0.09793779527509412,4.650507776158915e-07,1.5,16.91636605285085,0.05911435097087378,0.015
18.0,17.8792,12.576899697060393,0.07951085117055762,3.033339305225817e-07,1.5,16.95464421590483,0.05898088967634715,0.015
19.5,17.8792,19.233143437388122,0.051993580937791876,2.1019105700805854e-07,nan,17.012320125582907,0.058780930091728814,0.015
nan,nan,nan,nan,1.3394379883419125e-07,nan,17.09932924713156,0.058481826131732716,0.015
nan,nan,nan,nan,7.962233896172395e-08,nan,17.214985377675752,0.05808892532065647,0.015
nan,nan,nan,nan,5.16311148521016e-08,nan,17.333173526161,0.057692839599782324,0.015
Name:	17.651113509036346_8_210_0.015
Lambda:	17.651113509036346	Maximal Depth:	20	Filter time:	8.0 to 210.0 [us]
Chi2:	9.24556460430669	RelRMS:	4.56097800473649	AbsRMS:	1.765059981886738e-07	Phi model:	0.3149702099549059
depth_vector,start_model,resistivity_model,conductivity_model,E/I[V/A],modelled_thickness,rhoa,sigma,rel_err
0.0,17.8792,26.879639619881566,0.03720287973133198,0.00010672154177497128,1.0,21.719717880300127,0.04604111367887536,0.015
1.0,17.8792,26.549559720441597,0.03766540803424544,6.627242067242877e-05,1.0,20.96455863540352,0.04769954938670963,0.015
2.0,17.8792,25.921531805963017,0.03857796705401333,4.484287562769375e-05,1.0,20.30266516067062,0.04925461716903816,0.015
3.0,17.8792,25.026162366969217,0.039958183973098894,3.2364247762432204e-05,1.0,19.69891298664367,0.05076422240547099,0.015
4.0,17.8792,23.88884983863049,0.04186053354410169,2.1662664610555548e-05,1.0,19.056194640812034,0.052476374158056324,0.015
5.0,17.8792,22.532396086336863,0.04438054418040243,1.3565097849313643e-05,1.0,18.425675357163808,0.05427209481421831,0.015
6.0,17.8792,20.981440894095286,0.047661168984892054,9.153347862136803e-06,1.5,17.978434030280972,0.05562219703427483,0.015
7.5,17.8792,19.129407140128134,0.05227553539295425,6.516515912489531e-06,1.5,17.675616282017664,0.05657511365062573,0.015
9.0,17.8792,17.046319425808015,0.05866369009171602,4.2713239676045675e-06,1.5,17.384635756334532,0.057522056488047195,0.015
10.5,17.8792,14.860743873495164,0.06729138248479924,2.6142777404080046e-06,1.5,17.141174955326566,0.0583390580054288,0.015
12.0,17.8792,12.776759251754827,0.07826710829372908,1.7219424188191235e-06,1.5,17.013902910103894,0.05877546176698463,0.015
13.5,17.8792,11.069685930774218,0.09033679963945097,1.2061609488471083e-06,1.5,16.94541211290983,0.05901302330901424,0.015
15.0,17.8792,10.097955852687308,0.09902994374191842,7.765015382325479e-07,1.5,16.9072387343443,0.059146263663306706,0.015
16.5,17.8792,10.365250805716514,0.09647619905622472,4.6491843396834833e-07,1.5,16.91957617491618,0.059103135306812965,0.015
18.0,17.8792,12.764482298721877,0.07834238605196947,3.032859005267167e-07,1.5,16.956434188112624,0.05897466347618381,0.015
19.5,17.8792,19.179937067626984,0.05213781445028088,2.1018507096850082e-07,nan,17.012643129614215,0.058779814070118355,0.015
nan,nan,nan,nan,1.3396429607985486e-07,nan,17.097585010789455,0.058487792244866665,0.015
nan,nan,nan,nan,7.965284611980004e-08,nan,17.210589520439214,0.05810376215250528,0.015
nan,nan,nan,nan,5.166136420298368e-08,nan,17.32640678746215,0.05771537124036743,0.015
Name:	20.665569151220556_8_210_0.015
Lambda:	20.665569151220556	Maximal Depth:	20	Filter time:	8.0 to 210.0 [us]
Chi2:	9.260817597877178	RelRMS:	4.564738721462999	AbsRMS:	1.6695253906395156e-07	Phi model:	0.30068475011354046
depth_vector,start_model,resistivity_model,conductivity_model,E/I[V/A],modelled_thickness,rhoa,sigma,rel_err
0.0,17.8792,27.0920878243587,0.03691114566301134,0.0001066494903694631,1.0,21.729499205640362,0.04602038871381023,0.015
1.0,17.8792,26.751574856362442,0.037380976834796166,6.628383663883523e-05,1.0,20.962151436507597,0.047705026987754896,0.015
2.0,17.8792,26.099496298005512,0.03831491568197117,4.486670193531182e-05,1.0,20.295476750716222,0.04927206255279075,0.015
3.0,17.8792,25.16560392296834,0.03973677735137968,3.2382737335397887e-05,1.0,19.69141394676431,0.050783554837834276,0.015
4.0,17.8792,23.97645855135524,0.04170757736627773,2.167330781464281e-05,1.0,19.04995545868347,0.05249356105681464,0.015
5.0,17.8792,22.55841903211523,0.04432934766289929,1.3568912282563136e-05,1.0,18.42222203186453,0.054282268353422355,0.015
6.0,17.8792,20.94129066984756,0.04775254857809962,9.153916767262003e-06,1.5,17.977689130258454,0.0556245017229099,0.015
7.5,17.8792,19.02497679287754,0.0525624819881186,6.515830702605726e-06,1.5,17.676855448110786,0.05657114767586534,0.015
9.0,17.8792,16.898454660504544,0.05917700879105963,4.270166540954404e-06,1.5,17.387777012717194,0.05751166461754214,0.015
10.5,17.8792,14.706357285390085,0.0679978039832775,2.6132312224628156e-06,1.5,17.145750988743504,0.05832348788084687,0.015
12.0,17.8792,12.660483708507892,0.0789859236837844,1.7211660623039816e-06,1.5,17.01901876803048,0.05875779406733239,0.015
13.5,17.8792,11.032369677939212,0.09064235782450636,1.2056177872311568e-06,1.5,16.950501291558055,0.058995305377666625,0.015
15.0,17.8792,10.163080497372,0.09839536351784117,7.76187769539527e-07,1.5,16.911794852555854,0.05913032937771661,0.015
16.5,17.8792,10.525384193136011,0.09500840840110489,4.6478248177952126e-07,1.5,16.922875411841936,0.05909161272322793,0.015
18.0,17.8792,12.946810215073935,0.0772391024034401,3.032376358662034e-07,1.5,16.958233381735937,0.05896840652499822,0.015
19.5,17.8792,19.124827121801268,0.052288054351092884,2.1018030041599077e-07,nan,17.012900557483547,0.05877892465315828,0.015
nan,nan,nan,nan,1.339867131899889e-07,nan,17.095677910572807,0.05849431682270704,0.015
nan,nan,nan,nan,7.96853117575477e-08,nan,17.205914541652394,0.0581195493897858,0.015
nan,nan,nan,nan,5.1693332877015424e-08,nan,17.319262612031594,0.05773917876303265,0.015
Name:	24.19483326789813_8_210_0.015
Lambda:	24.19483326789813	Maximal Depth:	20	Filter time:	8.0 to 210.0 [us]
Chi2:	9.27779613221025	RelRMS:	4.568921240016407	AbsRMS:	1.5844968704461693e-07	Phi model:	0.2870895310069393
depth_vector,start_model,resistivity_model,conductivity_model,E/I[V/A],modelled_thickness,rhoa,sigma,rel_err
0.0,17.8792,27.342549487510627,0.036573034290630954,0.00010658067323733361,1.0,21.738851751447715,0.04600058970149627,0.015
1.0,17.8792,26.986501940723947,0.03705556215461001,6.629839717899023e-05,1.0,20.959082167526244,0.047712012959679515,0.015
2.0,17.8792,26.301166050477985,0.038021127963709676,4.489251342631731e-05,1.0,20.287696585932217,0.04929095798354036,0.015
3.0,17.8792,25.316816652131877,0.03949943682654083,3.240225574538123e-05,1.0,19.683505367996105,0.050803959015649956,0.015
4.0,17.8792,24.063372573143415,0.04155693458846568,2.1684326017567575e-05,1.0,19.043501824719062,0.05251135054908697,0.015
5.0,17.8792,22.57291577467573,0.044300878538779086,1.3572764238263964e-05,1.0,18.418736377857105,0.054292541002008914,0.015
6.0,17.8792,20.882470709504464,0.04788705387935055,9.15441930544627e-06,1.5,17.97703119244632,0.05562653751305639,0.015
7.5,17.8792,18.901262089152652,0.052906519960584826,6.515060642153385e-06,1.5,17.678248321220202,0.05656669042258239,0.015
9.0,17.8792,16.736996225175915,0.059747877489258944,4.268936979163672e-06,1.5,17.391115598752016,0.0575006240583991,0.015
10.5,17.8792,14.548121664067164,0.06873739600830597,2.612137370041158e-06,1.5,17.150537263956995,0.05830721129078371,0.015
12.0,17.8792,12.550062860602887,0.07968087579379354,1.7203611995728762e-06,1.5,17.024326531719193,0.05873947484130026,0.015
13.5,17.8792,11.006409960848126,0.09085614687779107,1.2050582389126145e-06,1.5,16.95574800375685,0.05897705012945652,0.015
15.0,17.8792,10.239085761338709,0.09766496963780241,7.758674330399361e-07,1.5,16.916449507215468,0.059114059340493665,0.015
16.5,17.8792,10.690459630022888,0.09354134757607789,4.6464617680143284e-07,1.5,16.926184825203723,0.05908005911119218,0.015
18.0,17.8792,13.125324604011878,0.07618859191446897,3.031914097354361e-07,1.5,16.959957031263695,0.058962413534221644,0.015
19.5,17.8792,19.067703560587965,0.0524447003711004,2.1017840110579605e-07,nan,17.013003050497844,0.058778570545823625,0.015
nan,nan,nan,nan,1.340121608748072e-07,nan,17.093513633390444,0.058501723018876677,0.015
nan,nan,nan,nan,7.97204285995082e-08,nan,17.200861368033333,0.05813662342854725,0.015
nan,nan,nan,nan,5.172748558490769e-08,nan,17.311638492175568,0.057764607345051434,0.015
Name:	28.326824805926805_8_210_0.015
Lambda:	28.326824805926805	Maximal Depth:	20	Filter time:	8.0 to 210.0 [us]
Chi2:	9.296418642375844	RelRMS:	4.573504339709939	AbsRMS:	1.5147433289567385e-07	Phi model:	0.2743575041492513
depth_vector,start_model,resistivity_model,conductivity_model,E/I[V/A],modelled_thickness,rhoa,sigma,rel_err
0.0,17.8792,27.62057683749023,0.03620489195007218,0.0001065133986143837,1.0,21.748004397441946,0.04598123035682403,0.015
1.0,17.8792,27.24504098181181,0.03670392717219908,6.631371839655862e-05,1.0,20.955853765397258,0.04771936334329746,0.015
2.0,17.8792,26.51956007711503,0.03770801616211374,4.4918368759202616e-05,1.0,20.2799106771372,0.049309881878689045,0.015
3.0,17.8792,25.476250395953677,0.03925224412768479,3.242141336249515e-05,1.0,19.675750694637753,0.05082398204367017,0.015
4.0,17.8792,24.149809317972736,0.041408194443000486,2.1694842748634166e-05,1.0,19.03734701106475,0.05252832757730304,0.015
5.0,17.8792,22.579886828714024,0.044287201596083126,1.3576168960881141e-05,1.0,18.41565679971464,0.05430162013094725,0.015
6.0,17.8792,20.811890355330192,0.04804945552405753,9.15457176207103e-06,1.5,17.97683160363778,0.055627155109893814,0.015
7.5,17.8792,18.76598105865095,0.05328791481109424,6.514026697968038e-06,1.5,17.680118934631356,0.056560705484917644,0.015
9.0,17.8792,16.568659467770683,0.06035491295751461,4.267533138803588e-06,1.5,17.39492935732332,0.057488017309998266,0.015
10.5,17.8792,14.389987256013761,0.06949276480992624,2.610942080026189e-06,1.5,17.155771211830245,0.05828942270519566,0.015
12.0,17.8792,12.446009240024154,0.08034703981933243,1.719495354646478e-06,1.5,17.030041072678127,0.05871976442877369,0.015
13.5,17.8792,10.989999085697775,0.09099181830700837,1.2044606679043085e-06,1.5,16.96135572847722,0.058957551271744915,0.015
15.0,17.8792,10.32364501833374,0.09686501213709905,7.755270215501526e-07,1.5,16.92139937349745,0.05909676723109644,0.015
16.5,17.8792,10.858836814673973,0.09209089491506685,4.645013649234499e-07,1.5,16.92970255475987,0.05906778319143268,0.015
18.0,17.8792,13.299333134748784,0.07519174005703928,3.031416984824784e-07,1.5,16.961811120571607,0.05895596837457888,0.015
19.5,17.8792,19.00933090728967,0.05260574424618604,2.101753634203723e-07,nan,17.01316697718602,0.058778004197628825,0.015
nan,nan,nan,nan,1.3403790015710932e-07,nan,17.091325253064106,0.05850921360359236,0.015
nan,nan,nan,nan,7.975641785190494e-08,nan,17.19568650584182,0.05815411903795025,0.015
nan,nan,nan,nan,5.176257887678307e-08,nan,17.303813134385493,0.05779073041495329,0.015
Name:	33.164477502323265_8_210_0.015
Lambda:	33.164477502323265	Maximal Depth:	20	Filter time:	8.0 to 210.0 [us]
Chi2:	9.31662080588398	RelRMS:	4.578471012602237	AbsRMS:	1.4592089181117235e-07	Phi model:	0.262553963804537
depth_vector,start_model,resistivity_model,conductivity_model,E/I[V/A],modelled_thickness,rhoa,sigma,rel_err
0.0,17.8792,27.917424656193777,0.03581992294472404,0.00010645221962359782,1.0,21.756336107538612,0.045963621588540275,0.015
1.0,17.8792,27.51929051837551,0.03633814612089174,6.63313258213829e-05,1.0,20.952145161242992,0.04772780984019656,0.015
2.0,17.8792,26.748767533441427,0.03738490002389066,4.4944864738905e-05,1.0,20.27193959354614,0.049329270905994815,0.015
3.0,17.8792,25.640609062976132,0.03900063362550753,3.2440537167181566e-05,1.0,19.66801732100214,0.0508439657988387,0.015
4.0,17.8792,24.235031981106356,0.04126258223135833,2.170503516287009e-05,1.0,19.031386743793632,0.052544778447430385,0.015
5.0,17.8792,22.58086471284465,0.04428528370001575,1.357923640514479e-05,1.0,18.412883392527487,0.05430979921405632,0.015
6.0,17.8792,20.73299843694865,0.04823229032892232,9.154459218575125e-06,1.5,17.976978939581226,0.055626699200176905,0.015
7.5,17.8792,18.62334393823181,0.05369604960938851,6.512796000223656e-06,1.5,17.68234616005733,0.05655358123566775,0.015
9.0,17.8792,16.397014872311146,0.0609867105559959,4.266003787718668e-06,1.5,17.39908646643477,0.05747428187848468,0.015
10.5,17.8792,14.234172556013931,0.07025346897157717,2.609678158364775e-06,1.5,17.161310030441676,0.058270609774320546,0.015
12.0,17.8792,12.34907349626984,0.0809777349128305,1.7185911979196236e-06,1.5,17.036013591094058,0.058699178340804535,0.015
13.5,17.8792,10.982534594092996,0.09105366265250413,1.2038412580552227e-06,1.5,16.96717328954786,0.05893733640452776,0.015
15.0,17.8792,10.415221498986842,0.0960133205133733,7.751769967913041e-07,1.5,16.926492802145756,0.05907898415159169,0.015
16.5,17.8792,11.02889413814966,0.09067092198672351,4.643541690523761e-07,1.5,16.933280069285622,0.059055303869558436,0.015
18.0,17.8792,13.468192580545132,0.07424901255455055,3.030923353529843e-07,1.5,16.96365272735893,0.05894956800118897,0.015
19.5,17.8792,18.949887687479855,0.05277076130961439,2.1017371755530746e-07,nan,17.013255796856875,0.05877769734025545,0.015
nan,nan,nan,nan,1.340654234026225e-07,nan,17.0889859731006,0.0585172228225875,0.015
nan,nan,nan,nan,7.979407117671582e-08,nan,17.190276532457837,0.05817242079333913,0.015
nan,nan,nan,nan,5.179906990175744e-08,nan,17.295685471866516,0.0578178876822557,0.015
Name:	38.82830410883109_8_210_0.015
Lambda:	38.82830410883109	Maximal Depth:	20	Filter time:	8.0 to 210.0 [us]
Chi2:	9.338289606382093	RelRMS:	4.583792274346615	AbsRMS:	1.4125273300937047e-07	Phi model:	0.2517297142675018
depth_vector,start_model,resistivity_model,conductivity_model,E/I[V/A],modelled_thickness,rhoa,sigma,rel_err
0.0,17.8792,28.22343733938853,0.03543154534916991,0.00010640253488303233,1.0,21.7631083384704,0.04594931865648582,0.015
1.0,17.8792,27.801188762649403,0.03596968491302391,6.635307911529126e-05,1.0,20.947565588998625,0.047738244129197825,0.015
2.0,17.8792,26.98241218323972,0.037061178711855707,4.4972737409297e-05,1.0,20.263562793080617,0.04934966324586658,0.015
3.0,17.8792,25.805334779197448,0.03875167706819033,3.246001706245339e-05,1.0,19.660147757494947,0.05086431762033806,0.015
4.0,17.8792,24.317392632053668,0.04112282986630164,2.1715099392903848e-05,1.0,19.025506010799113,0.052561019897835445,0.015
5.0,17.8792,22.576770756147067,0.0442933141679585,1.3582077721030671e-05,1.0,18.410315369018367,0.05431737479537374,0.015
6.0,17.8792,20.648325658918022,0.048430076923360585,9.154164364753359e-06,1.5,17.977364960797235,0.055625504748925865,0.015
7.5,17.8792,18.477140205192864,0.05412092936973858,6.51143276602888e-06,1.5,17.684814059085927,0.05654568923704516,0.015
9.0,17.8792,16.22591244282527,0.06162981610579178,4.26439527669273e-06,1.5,17.40346143037012,0.05745983372336138,0.015
10.5,17.8792,14.083486783922277,0.07100514349483404,2.608376826388173e-06,1.5,17.16701746369237,0.05825123683336166,0.015
12.0,17.8792,12.26041390185429,0.08156331490968326,1.7176703474740246e-06,1.5,17.04210176719583,0.05867820845459859,0.015
13.5,17.8792,10.98347939385922,0.09104583020924066,1.203215457875954e-06,1.5,16.97305593775196,0.05891690946329655,0.015
15.0,17.8792,10.512167564684358,0.09512785958240444,7.748273455607529e-07,1.5,16.9315846238154,0.05906121737675005,0.015
16.5,17.8792,11.198569004439522,0.08929712355244349,4.642104183245092e-07,1.5,16.93677567619985,0.05904311535549443,0.015
18.0,17.8792,13.630740356846854,0.0733635865565945,3.0304695051064504e-07,1.5,16.965346355992526,0.05894368314188755,0.015
19.5,17.8792,18.889592050669926,0.0529392057444954,2.1017584323425064e-07,nan,17.013141084084285,0.058778093654645314,0.015
nan,nan,nan,nan,1.3409611714379272e-07,nan,17.08637816741816,0.05852615400418151,0.015
nan,nan,nan,nan,7.983410885206899e-08,nan,17.18452864464423,0.058191878327233736,0.015
nan,nan,nan,nan,5.183736425019965e-08,nan,17.287166409856418,0.05784638015804845,0.015
Name:	45.4593985345391_8_210_0.015
Lambda:	45.4593985345391	Maximal Depth:	20	Filter time:	8.0 to 210.0 [us]
Chi2:	9.361244223605315	RelRMS:	4.589422567503668	AbsRMS:	1.3744564655491255e-07	Phi model:	0.24193824615804377
depth_vector,start_model,resistivity_model,conductivity_model,E/I[V/A],modelled_thickness,rhoa,sigma,rel_err
0.0,17.8792,28.526566446177192,0.03505504252980326,0.00010636236421768719,1.0,21.76858761695749,0.045937752949162906,0.015
1.0,17.8792,28.079793444761478,0.03561279757870008,6.637658350371994e-05,1.0,20.942620182503383,0.04774951707501505,0.015
2.0,17.8792,27.212105890251973,0.03674835031265346,4.5000065997739435e-05,1.0,20.255357906826646,0.049369653431943106,0.015
3.0,17.8792,25.96674580609313,0.0385107940543458,3.247846372897894e-05,1.0,19.652702854283962,0.050883586212774626,0.015
4.0,17.8792,24.39803488666761,0.04098690753764163,2.1724142828497518e-05,1.0,19.02022562208754,0.052575611870699056,0.015
5.0,17.8792,22.571481642951355,0.044303693298409635,1.3584185788442657e-05,1.0,18.408410644885794,0.05432299503150311,0.015
6.0,17.8792,20.563691968323603,0.04862939989280155,9.153382813274971e-06,1.5,17.97838826453188,0.055622338626027994,0.015
7.5,17.8792,18.333616277588785,0.054544612740826864,6.509741548154696e-06,1.5,17.687876912761695,0.056535897718651924,0.015
9.0,17.8792,16.06082333180569,0.0622633086324829,4.262594733517001e-06,1.5,17.40836196318717,0.057443658519662204,0.015
10.5,17.8792,13.940741720228939,0.07173219474749566,2.606978366131069e-06,1.5,17.173156178689098,0.058230414351029,0.015
12.0,17.8792,12.180216815085279,0.08210034477887893,1.716697614920016e-06,1.5,17.048538871352378,0.05865605302284036,0.015
13.5,17.8792,10.991318452797765,0.09098089590384462,1.2025605113349174e-06,1.5,16.979218031254184,0.058895527353454574,0.015
15.0,17.8792,10.612510446979162,0.09422841136374559,7.744645669457433e-07,1.5,16.936871663522595,0.05904278073699569,0.015
16.5,17.8792,11.366122112550684,0.08798075457026644,4.6406254006915044e-07,1.5,16.940373535859738,0.05903057555863093,0.015
18.0,17.8792,13.7854515216471,0.07254024276460688,3.030007381967678e-07,1.5,16.967071297847916,0.05893769068600772,0.015
19.5,17.8792,18.82888268609396,0.053109895933365625,2.101784375506167e-07,nan,17.013001083801136,0.0587785773406049,0.015
nan,nan,nan,nan,1.3412785913841774e-07,nan,17.08368234607511,0.058535389487017996,0.015
nan,nan,nan,nan,7.987523261620327e-08,nan,17.178629835267163,0.058211860293248346,0.015
nan,nan,nan,nan,5.1876590812754566e-08,nan,17.278450833235894,0.05787555896368059,0.015
Name:	53.22295069415713_8_210_0.015
Lambda:	53.22295069415713	Maximal Depth:	20	Filter time:	8.0 to 210.0 [us]
Chi2:	9.385445759050938	RelRMS:	4.595351233351441	AbsRMS:	1.3364723057196063e-07	Phi model:	0.23311802911817697
depth_vector,start_model,resistivity_model,conductivity_model,E/I[V/A],modelled_thickness,rhoa,sigma,rel_err
0.0,17.8792,28.82153169003711,0.03469628230569284,0.00010633698816781698,1.0,21.772050687874334,0.045930446072171664,0.015
1.0,17.8792,28.34983863881308,0.035273569375133026,6.640391561593672e-05,1.0,20.936873078443373,0.04776262416328067,0.015
2.0,17.8792,27.43344420115648,0.03645185754539141,4.5027792516203e-05,1.0,20.24704203232592,0.04938993055891449,0.015
3.0,17.8792,26.120090455615827,0.038284706620723044,3.2496400840813783e-05,1.0,19.64547035761085,0.05090231904845129,0.015
4.0,17.8792,24.47153963364905,0.040863795861253126,2.1732429342648285e-05,1.0,19.015390409109756,0.05258898074061773,0.015
5.0,17.8792,22.56283106042636,0.044320679320864594,1.3585693976481894e-05,1.0,18.407048238297843,0.05432701577428327,0.015
6.0,17.8792,20.479947558847112,0.04882825002977173,9.152200389681631e-06,1.5,17.979936716403856,0.0556175483692141,0.015
7.5,17.8792,18.195039880036088,0.05496003342631951,6.5077830879382964e-06,1.5,17.691425409029026,0.056524557907563416,0.015
9.0,17.8792,15.90388514820414,0.06287771765711724,4.260642985438667e-06,1.5,17.413677928187216,0.05742612239206041,0.015
10.5,17.8792,13.8082588773438,0.07242042670859623,2.6055092979730867e-06,1.5,17.179610749587212,0.05820853653648863,0.015
12.0,17.8792,12.109641405468132,0.0825788284323967,1.7156913384949845e-06,1.5,17.055204353970066,0.058633129175448585,0.015
13.5,17.8792,11.005989502969511,0.09085961782265842,1.2018897231912314e-06,1.5,16.985534971850118,0.05887362403699887,0.015
15.0,17.8792,10.714680227027063,0.09332989681554536,7.740975491787889e-07,1.5,16.94222468543813,0.05902412573122712,0.015
16.5,17.8792,11.529375424601605,0.086734967261642,4.639160198803584e-07,1.5,16.943940239006107,0.05901814960949471,0.015
18.0,17.8792,13.931767607421822,0.07177840085900324,3.029573264687474e-07,1.5,16.968692103222892,0.05893206111094846,0.015
19.5,17.8792,18.767708239128766,0.05328301075754692,2.1018402918673476e-07,nan,17.012699345261147,0.05877961984195929,0.015
nan,nan,nan,nan,1.3416225989688859e-07,nan,17.080761918484164,0.05854539772712582,0.015
nan,nan,nan,nan,7.991839036018738e-08,nan,17.17244471192578,0.05823282687907145,0.015
nan,nan,nan,nan,5.191735569246269e-08,nan,17.269405095478497,0.05790587425978105,0.015
Name:	62.312361621777015_8_210_0.015
Lambda:	62.312361621777015	Maximal Depth:	20	Filter time:	8.0 to 210.0 [us]
Chi2:	9.41092195132839	RelRMS:	4.601583900190115	AbsRMS:	1.2933482952766945e-07	Phi model:	0.22518719058136613
depth_vector,start_model,resistivity_model,conductivity_model,E/I[V/A],modelled_thickness,rhoa,sigma,rel_err
0.0,17.8792,29.098465054892777,0.03436607388443173,0.00010632897643056383,1.0,21.7731443361909,0.04592813902114355,0.015
1.0,17.8792,28.60274079429032,0.034961684517996264,6.643563516978735e-05,1.0,20.930208370777795,0.04777783299072042,0.015
2.0,17.8792,27.639706993531235,0.03617983360800601,4.5055925608415965e-05,1.0,20.238612934676368,0.04941050077036768,0.015
3.0,17.8792,26.261579492472922,0.03807844079929082,3.2513727928594414e-05,1.0,19.63849014643593,0.05092041152570397,0.015
4.0,17.8792,24.537697468294336,0.04075362006936961,2.1739838057225348e-05,1.0,19.011069996581842,0.05260093199277044,0.015
5.0,17.8792,22.55192741534932,0.04434210795301598,1.3586513284679173e-05,1.0,18.406308230086786,0.05432919994056217,0.015
6.0,17.8792,20.399111017976757,0.049021744090649244,9.150561213227807e-06,1.5,17.982083864057817,0.05561090736534587,0.015
7.5,17.8792,18.064248262183106,0.05535796372404083,6.5055217047232795e-06,1.5,17.695524980319774,0.056511462706653706,0.015
9.0,17.8792,15.757964090908358,0.06345997453928426,4.258520883045402e-06,1.5,17.419462493640246,0.05740705262088854,0.015
10.5,17.8792,13.687646681535426,0.07305857780132471,2.6039615284801658e-06,1.5,17.186417671444783,0.05818548222888235,0.015
12.0,17.8792,12.049169701518984,0.08299327047190103,1.7146481712810235e-06,1.5,17.0621210796233,0.05860936019228379,0.015
13.5,17.8792,11.026751674712306,0.0906885390638935,1.201201848268174e-06,1.5,16.99201892718671,0.05885115855185582,0.015
15.0,17.8792,10.81738822611285,0.09244375620965789,7.73726312489931e-07,1.5,16.947643546034904,0.05900525328395649,0.015
16.5,17.8792,11.686983421591526,0.08556527924498593,4.6377137413488913e-07,1.5,16.94746315513974,0.059005881343174665,0.015
18.0,17.8792,14.068454572405553,0.07108101283288366,3.0291728152102055e-07,1.5,16.970187550900057,0.05892686789704704,0.015
19.5,17.8792,18.706025026659173,0.05345871175596285,2.1019313025033053e-07,nan,17.012208257926815,0.05878131661914328,0.015
nan,nan,nan,nan,1.3419972493164638e-07,nan,17.07758277079554,0.05855629648653233,0.015
nan,nan,nan,nan,7.996386664186196e-08,nan,17.165933329509173,0.05825491575695133,0.015
nan,nan,nan,nan,5.1959862397348316e-08,nan,17.25998544481733,0.05793747643630086,0.015
Name:	72.95406136340671_8_210_0.015
Lambda:	72.95406136340671	Maximal Depth:	20	Filter time:	8.0 to 210.0 [us]
Chi2:	9.437842571834812	RelRMS:	4.608160781334385	AbsRMS:	1.2425618677029881e-07	Phi model:	0.21803000229943803
depth_vector,start_model,resistivity_model,conductivity_model,E/I[V/A],modelled_thickness,rhoa,sigma,rel_err
0.0,17.8792,29.350446436627582,0.03407103200829206,0.00010634095841716699,1.0,21.771508776841088,0.045931589319327545,0.015
1.0,17.8792,28.8324115249528,0.03468318975450795,6.647242771155682e-05,1.0,20.92248440011012,0.0477954711723784,0.015
2.0,17.8792,27.82599612623882,0.03593761730804811,4.5084562881989876e-05,1.0,20.2300417810817,0.04943143522991429,0.015
3.0,17.8792,26.387693434797434,0.03789645360519842,3.253039082560192e-05,1.0,19.631783349642134,0.05093780744163667,0.015
4.0,17.8792,24.594175549624175,0.04066003342873923,2.174626323917971e-05,1.0,19.00732512025057,0.052611295575440614,0.015
5.0,17.8792,22.537842182492813,0.04436981996336769,1.3586552984281263e-05,1.0,18.40627237485701,0.054329305773286346,0.015
6.0,17.8792,20.321917095849624,0.04920795588740157,9.148402579765756e-06,1.5,17.98491242356149,0.05560216121430373,0.015
7.5,17.8792,17.94309161260249,0.05573175579718052,6.5029143778897945e-06,1.5,17.700254647853324,0.056496362334610785,0.015
9.0,17.8792,15.625235113191794,0.06399903699085704,4.256203240446693e-06,1.5,17.425785566566915,0.05738622205466584,0.015
10.5,17.8792,13.580571728699713,0.07363460242890275,2.602322914644313e-06,1.5,17.193631469288288,0.05816106979995622,0.015
12.0,17.8792,11.99959121982391,0.08333617218126158,1.713562174541522e-06,1.5,17.06932924184465,0.05858461019947682,0.015
13.5,17.8792,11.0532716986313,0.09047095079765637,1.2004939961688137e-06,1.5,16.998697652563894,0.05882803614953238,0.015
15.0,17.8792,10.919403893567072,0.09158009079498636,7.733500271850753e-07,1.5,16.953140524079352,0.058986121101258636,0.015
16.5,17.8792,11.837424684748836,0.08447783421071184,4.636288098314125e-07,1.5,16.950937169152894,0.058993788368219995,0.015
18.0,17.8792,14.194532997132953,0.07044965834395414,3.0288109874521115e-07,1.5,16.97153905213114,0.05892217535064557,0.015
19.5,17.8792,18.643660071092647,0.053637536631045916,2.102062897176858e-07,nan,17.011498244490646,0.05878376999062153,0.015
nan,nan,nan,nan,1.3424075507242272e-07,nan,17.074102797698924,0.05856823118897761,0.015
nan,nan,nan,nan,8.001205415312325e-08,nan,17.159040479295516,0.05827831697271316,0.015
nan,nan,nan,nan,5.2004413097334776e-08,nan,17.250126611458896,0.05797058900053064,0.015
Name:	85.41314966877566_8_210_0.015
Lambda:	85.41314966877566	Maximal Depth:	20	Filter time:	8.0 to 210.0 [us]
Chi2:	9.466668811620806	RelRMS:	4.615192826540058	AbsRMS:	1.1874843446431572e-07	Phi model:	0.21148620575580224
depth_vector,start_model,resistivity_model,conductivity_model,E/I[V/A],modelled_thickness,rhoa,sigma,rel_err
0.0,17.8792,29.570234617017153,0.03381779052319448,0.00010637501284094685,1.0,21.766861972853402,0.04594139482517749,0.015
1.0,17.8792,29.032514411171174,0.034444140312394664,6.651496393335494e-05,1.0,20.913563517084715,0.04781585879341317,0.015
2.0,17.8792,27.988255125210312,0.03572927270836737,4.511388296738542e-05,1.0,20.221275657351622,0.04945286424778257,0.015
3.0,17.8792,26.496474152394423,0.03774087051161984,3.254639955912468e-05,1.0,19.625345243584707,0.05095451761934675,0.015
4.0,17.8792,24.640724412853334,0.04058322244285847,2.175163227370215e-05,1.0,19.004197226760535,0.05261995484828277,0.015
5.0,17.8792,22.52126392896658,0.044402481279650206,1.3585727826977633e-05,1.0,18.407017662683266,0.054327106016055504,0.015
6.0,17.8792,20.249272816490244,0.049384489461055496,9.145654893023696e-06,1.5,17.98851445694185,0.05559102739660058,0.015
7.5,17.8792,17.832512793336118,0.05607734656294164,6.49990757269627e-06,1.5,17.705712891124755,0.05647894587183013,0.015
9.0,17.8792,15.5063779113751,0.06448959297363857,4.253654444354435e-06,1.5,17.432745909389286,0.05736330955534661,0.015
10.5,17.8792,13.487682944067371,0.07414171908896,2.6005733071399442e-06,1.5,17.201342265077557,0.05813499810594527,0.015
12.0,17.8792,11.961143938373656,0.08360404365604256,1.712421776606726e-06,1.5,17.076906684955148,0.0585586147683881,0.015
13.5,17.8792,11.085311550944047,0.09020946280168717,1.1997593961012497e-06,1.5,17.005635693935567,0.05880403520325989,0.015
15.0,17.8792,11.020196461225348,0.09074248390384947,7.72965602636686e-07,1.5,16.958761009888764,0.058966571874967365,0.015
16.5,17.8792,11.980210238889446,0.08347098924473458,4.634874862138635e-07,1.5,16.954382707754842,0.058981799410638844,0.015
18.0,17.8792,14.309710203918403,0.06988261717041423,3.028488198219222e-07,1.5,16.972744963552305,0.0589179889374067,0.015
19.5,17.8792,18.580167360141857,0.05382082844663705,2.1022390280785093e-07,nan,17.010548053662454,0.058787053588475954,0.015
nan,nan,nan,nan,1.342858945707572e-07,nan,17.070276336637725,0.05858135980222606,0.015
nan,nan,nan,nan,8.006347719236762e-08,nan,17.151692438928805,0.05830328427125493,0.015
nan,nan,nan,nan,5.2051455383191945e-08,nan,17.23973167101265,0.05800554318843762,0.015
Name:	100.0_8_210_0.015
Lambda:	100.0	Maximal Depth:	20	Filter time:	8.0 to 210.0 [us]
Chi2:	9.498081023912166	RelRMS:	4.6228435301016155	AbsRMS:	1.140691497148231e-07	Phi model:	0.20539813373228966
depth_vector,start_model,resistivity_model,conductivity_model,E/I[V/A],modelled_thickness,rhoa,sigma,rel_err
0.0,17.8792,29.75585477147147,0.03360683158592216,0.00010643384842555928,1.0,21.75883956214335,0.04595833326239642,0.015
1.0,17.8792,29.200816982304527,0.03424561718961468,6.656424952506143e-05,1.0,20.903239010075627,0.047839475954802375,0.015
2.0,17.8792,28.122686474097492,0.03555848054989533,4.514424837569081e-05,1.0,20.212207006377962,0.04947505236238922,0.015
3.0,17.8792,26.584116426007732,0.037616446752455596,3.256187017900786e-05,1.0,19.619128559226912,0.05097066350226336,0.015
4.0,17.8792,24.67427056806433,0.04052804711051075,2.1755926927620242e-05,1.0,19.00169617234934,0.05262688082841615,0.015
5.0,17.8792,22.500419231237878,0.04444361634878677,1.3583978726761295e-05,1.0,18.408597711667554,0.05432244300532408,0.015
6.0,17.8792,20.18070339827011,0.049552286670330827,9.142263526089993e-06,1.5,17.99296279965549,0.055577283804485324,0.015
7.5,17.8792,17.732785995364587,0.05639271800051067,6.496457524951597e-06,1.5,17.711980937889773,0.05645895868489689,0.015
9.0,17.8792,15.402544193919049,0.06492433895400228,4.250845040601302e-06,1.5,17.44042598683238,0.05733804901067242,0.015
10.5,17.8792,13.409844976981937,0.0745720775830373,2.598696370248527e-06,1.5,17.209623840160024,0.058107022517622994,0.015
12.0,17.8792,11.93434259603525,0.0837917959831498,1.7112180212349293e-06,1.5,17.084914240036568,0.0585311688399707,0.015
13.5,17.8792,11.123040268425573,0.08990347745468932,1.1989931959545393e-06,1.5,17.012879734606543,0.05877899659549477,0.015
15.0,17.8792,11.119402747187314,0.0899328878300548,7.725712593156168e-07,1.5,16.964531356001174,0.05894651487948423,0.015
16.5,17.8792,12.114453820407668,0.0825460243461763,4.633474032982418e-07,1.5,16.957799725869755,0.05896991450338116,0.015
18.0,17.8792,14.413426235201525,0.06937975632453905,3.0282106508639647e-07,1.5,16.973782026703343,0.058914389169531504,0.015
19.5,17.8792,18.515074484882927,0.05401004467016721,2.1024678318174929e-07,nan,17.009313901575485,0.058791319025947024,0.015
nan,nan,nan,nan,1.3433596722608956e-07,nan,17.0660342005946,0.05859592148040808,0.015
nan,nan,nan,nan,8.011883445260255e-08,nan,17.143791008678967,0.05833015576856685,0.015
nan,nan,nan,nan,5.210155421284446e-08,nan,17.228678528514795,0.05804275692676735,0.015
