Name:	10.0_8_210_0.025
Lambda:	10	Maximal Depth:	20	Filter time:	8 to 210 [us]
Chi2:	0.2287090633035501	RelRMS:	4.41946039765755	AbsRMS:	1.9464580044284682e-07	Phi model:	0.0459343041964172
depth_vector,start_model,resistivity_model,conductivity_model,E/I[V/A],modelled_thickness,rhoa,sigma
0.0,19.8802,30.7180093082674,0.0325541928828982,9.689571754868796e-05,1.0,23.16430021704933,0.0431698773815745
1.0,19.8802,30.130351690876985,0.0331891247158188,5.8751668078094e-05,1.0,22.717514394792687,0.0440189002468166
2.0,19.8802,28.97790634894528,0.0345090493411853,3.88447914907947e-05,1.0,22.34224580532516,0.0447582579080593
3.0,19.8802,27.390004498125265,0.0365096690680881,2.749259732055757e-05,1.0,21.96217895258363,0.0455328226838967
4.0,19.8802,25.48118687365697,0.0392446397790764,1.80184520179897e-05,1.0,21.545956510191548,0.0464124207958456
5.0,19.8802,23.43185112747509,0.0426769526043739,1.107912340612306e-05,1.0,21.08798589136271,0.0474203655650956
6.0,19.8802,21.381450631449454,0.0467695114441451,7.40926397927845e-06,1.5,20.69927464925951,0.0483108716099756
7.5,19.8802,19.500010626085004,0.0512820233370697,5.257674561987153e-06,1.5,20.394938707920925,0.0490317727511298
9.0,19.8802,18.00001949875557,0.0555554953742764,3.4515309559362247e-06,1.5,20.03854060703599,0.0499038337976008
10.5,19.8802,16.986371234110827,0.058870725608061,2.1304482958161467e-06,1.5,19.646916764713502,0.0508985716168977
12.0,19.8802,16.46482467927193,0.0607355389127787,1.4197982687288496e-06,1.5,19.34930060738241,0.0516814545544073
13.5,19.8802,16.313824867258777,0.0612977035205865,1.0072598921429195e-06,1.5,19.10855955358349,0.0523325684071496
15.0,19.8802,16.352689990738448,0.06115201844873,6.604561298504547e-07,1.5,18.833812757504827,0.0530959935131309
16.5,19.8802,16.38974195034252,0.0610137733119771,4.0507662549591154e-07,1.5,18.54737851974752,0.0539159751840559
18.0,19.8802,16.23753053765314,0.0615857194344364,2.699743750741543e-07,1.5,18.324029381961203,0.0545731497780959
19.5,19.8802,15.777749550806174,0.0633803950797852,1.906944271314687e-07,nan,18.152970486073936,0.0550874029551885
nan,nan,nan,nan,1.2444971675152525e-07,nan,17.958285611922506,0.055684602729344
nan,nan,nan,nan,7.602722357237719e-08,nan,17.753494844095208,0.0563269378103657
nan,nan,nan,nan,5.0416096802851474e-08,nan,17.61055082883878,0.0567841409232024
Name:	12.742749857031335_8_210_0.025
Lambda:	12.742749857031336	Maximal Depth:	20	Filter time:	8 to 210 [us]
Chi2:	0.2300872569570201	RelRMS:	4.419181652272814	AbsRMS:	2.040383917432815e-07	Phi model:	0.042932079990543
depth_vector,start_model,resistivity_model,conductivity_model,E/I[V/A],modelled_thickness,rhoa,sigma
0.0,19.8802,30.316479359035444,0.0329853604753073,9.693480603801229e-05,1.0,23.15807253748328,0.0431814866449449
1.0,19.8802,29.77320191979888,0.0335872508000226,5.8740817161992366e-05,1.0,22.720311975373008,0.0440134801442832
2.0,19.8802,28.70269148933104,0.0348399382814571,3.882776725712124e-05,1.0,22.34877604301429,0.0447451796946426
3.0,19.8802,27.21946039796064,0.0367384211655761,2.7479559195994345e-05,1.0,21.969125279100663,0.0455184258497221
4.0,19.8802,25.425575231845706,0.0393304769265355,1.801023856389055e-05,1.0,21.55250660950161,0.0463983154311685
5.0,19.8802,23.48439374007545,0.0425814696801616,1.1075031383147754e-05,1.0,21.09317999009632,0.0474086885177825
6.0,19.8802,21.52253373661803,0.0464629310023391,7.407305216406356e-06,1.5,20.702923586154327,0.0483023567100821
7.5,19.8802,19.69183433760324,0.0507824706858525,5.256685954290924e-06,1.5,20.397495700623605,0.0490256262179002
9.0,19.8802,18.188314524559253,0.0549803555821361,3.451125046122231e-06,1.5,20.040111820431484,0.0498999211661319
10.5,19.8802,17.121513776332375,0.0584060506018067,2.1303052197750565e-06,1.5,19.64779644197904,0.0508962927701868
12.0,19.8802,16.512497164042113,0.0605601920815233,1.41971916025194e-06,1.5,19.35001937840332,0.0516795348079137
13.5,19.8802,16.264968354250584,0.0614818288126989,1.0071917076222403e-06,1.5,19.109421947017943,0.052330206678808
15.0,19.8802,16.22669572099478,0.0616268411754438,6.603885371877158e-07,1.5,18.83509786545444,0.0530923708038759
16.5,19.8802,16.23672507429533,0.0615887745480841,4.050091900980917e-07,1.5,18.54943726338944,0.0539099912197161
18.0,19.8802,16.129508581664588,0.0619981690661525,2.699109637847253e-07,1.5,18.32689922916845,0.0545646040552476
19.5,19.8802,15.79869483221521,0.0632963678721671,1.906371235146253e-07,nan,18.156608038366134,0.0550763665706134
nan,nan,nan,nan,1.2440153028263617e-07,nan,17.962922695908038,0.0556702278871244
nan,nan,nan,nan,7.59898374752058e-08,nan,17.75931737240914,0.056308470592096
nan,nan,nan,nan,5.038684630628196e-08,nan,17.6173656699865,0.0567621753860528
Name:	16.237767391887218_8_210_0.025
Lambda:	16.237767391887218	Maximal Depth:	20	Filter time:	8 to 210 [us]
Chi2:	0.2315228314572539	RelRMS:	4.41949099771626	AbsRMS:	2.144505454716411e-07	Phi model:	0.0406281951459624
depth_vector,start_model,resistivity_model,conductivity_model,E/I[V/A],modelled_thickness,rhoa,sigma
0.0,19.8802,29.95545992186777,0.0333828958930452,9.697821375160568e-05,1.0,23.15116161080948,0.0431943768874686
1.0,19.8802,29.445040049924405,0.0339615771724028,5.873377118518236e-05,1.0,22.72212902869051,0.0440099604547325
2.0,19.8802,28.459960339829845,0.0351370833992518,3.881305051043395e-05,1.0,22.354425010566068,0.0447338725790235
3.0,19.8802,27.067368847628504,0.0369448543605897,2.7467650119308e-05,1.0,21.975474884165468,0.0455052737322438
4.0,19.8802,25.387298025488395,0.0393897766905331,1.8002340858573434e-05,1.0,21.558809601025807,0.0463847502949522
5.0,19.8802,23.53720278441213,0.0424859321287857,1.107085604952836e-05,1.0,21.09848313486601,0.04739677225172
6.0,19.8802,21.65575062860271,0.0461771109738957,7.405169156374589e-06,1.5,20.706904639650634,0.0482930702295865
7.5,19.8802,19.85684978618803,0.0503604554986147,5.255528942896293e-06,1.5,20.400489280572824,0.0490184321683053
9.0,19.8802,18.347234743791827,0.054504126314641,3.450601244516204e-06,1.5,20.04213982974643,0.0498948719295833
10.5,19.8802,17.24926821453195,0.0579734738635191,2.130103852462696e-06,1.5,19.649034679455973,0.0508930854015718
12.0,19.8802,16.567748692797213,0.0603582308340268,1.4196191806418282e-06,1.5,19.350927877768065,0.0516771085250584
13.5,19.8802,16.23030738568438,0.0616131276036108,1.007123813707644e-06,1.5,19.110280761572948,0.0523278549633245
15.0,19.8802,16.12213353625731,0.062026530034073,6.603358284272524e-07,1.5,18.836100144811923,0.0530895457293176
16.5,19.8802,16.101880964833107,0.062104545561107,4.049629518589523e-07,1.5,18.55084920653341,0.0539058880198223
18.0,19.8802,16.03428553198939,0.0623663585137571,2.698689087951916e-07,1.5,18.32880315983892,0.0545589360788786
19.5,19.8802,15.813480786352669,0.0632371843688594,1.905994367662229e-07,nan,18.15900133320112,0.0550691076921528
nan,nan,nan,nan,1.2436981690747729e-07,nan,17.965976173636868,0.0556607662358693
nan,nan,nan,nan,7.59650786255017e-08,nan,17.763175955820245,0.0562962390558509
nan,nan,nan,nan,5.0367356799657e-08,nan,17.621910036910727,0.0567475374636124
Name:	20.6913808111479_8_210_0.025
Lambda:	20.6913808111479	Maximal Depth:	20	Filter time:	8 to 210 [us]
Chi2:	0.233024049938188	RelRMS:	4.420416433009483	AbsRMS:	2.2642171049580125e-07	Phi model:	0.0388398144735196
depth_vector,start_model,resistivity_model,conductivity_model,E/I[V/A],modelled_thickness,rhoa,sigma
0.0,19.8802,29.636753719882183,0.0337418871665805,9.702879567622736e-05,1.0,23.14311498182287,0.0432093951391341
1.0,19.8802,29.16011898775468,0.0342934128773594,5.873172952391078e-05,1.0,22.722655610857128,0.0440089405536819
2.0,19.8802,28.238514946339247,0.0354126271123063,3.8801228383342765e-05,1.0,22.35896547566958,0.0447247884115288
3.0,19.8802,26.930273123314898,0.0371329319766255,2.7457211873551782e-05,1.0,21.981044055498824,0.0454937444042762
4.0,19.8802,25.34177800728589,0.0394605303429181,1.7994933457844662e-05,1.0,21.564725480561343,0.0463720255053285
5.0,19.8802,23.5792924432936,0.04241009361943,1.1066681492081871e-05,1.0,21.10378862736332,0.0473848567030942
6.0,19.8802,21.76906289932401,0.0459367499935448,7.402907207182277e-06,1.5,20.71112240437686,0.0482832354748997
7.5,19.8802,20.01040023249176,0.0499740129323478,5.2542393589470255e-06,1.5,20.40382716523941,0.0490104131887389
9.0,19.8802,18.49938884862157,0.0540558398000543,3.449984525493199e-06,1.5,20.04452824638544,0.0498889266790465
10.5,19.8802,17.364534634632797,0.057588643809984,2.1298622838953365e-06,1.5,19.6505203778418,0.0508892375759989
12.0,19.8802,16.61714511323763,0.0601788088859725,1.4195124989965696e-06,1.5,19.351897395104874,0.0516745195358959
13.5,19.8802,16.206469410145843,0.0617037538955871,1.0070677776665812e-06,1.5,19.110989654307872,0.0523259139421168
15.0,19.8802,16.037016404805954,0.0623557384215383,6.603069741144942e-07,1.5,18.836648878242222,0.0530879991692724
16.5,19.8802,15.991618798541024,0.0625327562267325,4.049444875293562e-07,1.5,18.551413113277142,0.0539042494441733
18.0,19.8802,15.951777648090436,0.0626889380018225,2.698532105803821e-07,1.5,18.329513982583293,0.0545568202708593
19.5,19.8802,15.82145690370011,0.0632053044221315,1.905852788673423e-07,nan,18.15990063358497,0.055066380602909
nan,nan,nan,nan,1.2435743217485334e-07,nan,17.96716897256774,0.0556570710459059
nan,nan,nan,nan,7.59548990932416e-08,nan,17.764763009770473,0.0562912097082301
nan,nan,nan,nan,5.0359033742991766e-08,nan,17.623851616604934,0.0567412857163308
Name:	26.366508987303583_8_210_0.025
Lambda:	26.366508987303583	Maximal Depth:	20	Filter time:	8 to 210 [us]
Chi2:	0.2345768042302259	RelRMS:	4.421952697569271	AbsRMS:	2.39893383482856e-07	Phi model:	0.0374465036647398
depth_vector,start_model,resistivity_model,conductivity_model,E/I[V/A],modelled_thickness,rhoa,sigma
0.0,19.8802,29.366195544408537,0.0340527596939742,9.70863701284615e-05,1.0,23.13396447733337,0.0432264863629318
1.0,19.8802,28.917952463228907,0.0345805949183838,5.8734703319792e-05,1.0,22.721888624094955,0.0440104260936993
2.0,19.8802,28.047092865450853,0.0356543191409269,3.8792229375667607e-05,1.0,22.362423225268486,0.0447178729213051
3.0,19.8802,26.8133613655441,0.0372948391798809,2.7448093216952605e-05,1.0,21.985912068113016,0.0454836714029406
4.0,19.8802,25.2996995020828,0.0395261611671583,1.7987850727461217e-05,1.0,21.570385860894152,0.0463598568170698
5.0,19.8802,23.611722274634143,0.0423518449170601,1.106237284821152e-05,1.0,21.109268030935343,0.0473725568567566
6.0,19.8802,21.857576025274167,0.0457507272921612,7.400418402503865e-06,1.5,20.71576565982204,0.0482724132151913
7.5,19.8802,20.13113519944761,0.0496742975541409,5.252744364543633e-06,1.5,20.407698431830333,0.0490011160905963
9.0,19.8802,18.63605447626787,0.0536594267457981,3.4492299992161514e-06,1.5,20.047451328140763,0.0498816524670291
10.5,19.8802,17.47203464730991,0.0572343187376843,2.12955709250007e-06,1.5,19.652397771821207,0.050884376126045
12.0,19.8802,16.67060320960471,0.0599858317918486,1.4193869384151202e-06,1.5,19.353038638835013,0.0516714723027182
13.5,19.8802,16.197079268779778,0.0617395262075133,1.007017411905558e-06,1.5,19.11162687037657,0.0523241693018829
15.0,19.8802,15.97423956796497,0.0626007889605849,6.603000741125855e-07,1.5,18.83678010412164,0.053087629333274
16.5,19.8802,15.902054962062754,0.0628849543273295,4.049542656166673e-07,1.5,18.55111448191292,0.0539051171817728
18.0,19.8802,15.880066920046009,0.0629720268204702,2.698651053976728e-07,1.5,18.32897537318877,0.0545584234600903
19.5,19.8802,15.821973219923091,0.0632032418523371,1.905960818609157e-07,nan,18.159214424504388,0.0550684614776386
nan,nan,nan,nan,1.243657490855366e-07,nan,17.966367932054844,0.0556595525473928
nan,nan,nan,nan,7.596043506935735e-08,nan,17.763899871846665,0.0562939448665133
nan,nan,nan,nan,5.0362787914525314e-08,nan,17.62297578762074,0.0567441056522616
Name:	33.59818286283781_8_210_0.025
Lambda:	33.59818286283781	Maximal Depth:	20	Filter time:	8 to 210 [us]
Chi2:	0.236266169403801	RelRMS:	4.424196972546362	AbsRMS:	2.5552134149813065e-07	Phi model:	0.0362899610160663
depth_vector,start_model,resistivity_model,conductivity_model,E/I[V/A],modelled_thickness,rhoa,sigma
0.0,19.8802,29.13387945973928,0.034324299356765,9.715386534194576e-05,1.0,23.12324874158944,0.043246518306115
1.0,19.8802,28.70896396423764,0.0348323262812857,5.874337278826008e-05,1.0,22.71965300688728,0.0440147567261198
2.0,19.8802,27.881126478060025,0.0358665565678241,3.878609855588467e-05,1.0,22.36477967736896,0.0447131612484385
3.0,19.8802,26.70344465203415,0.0374483521894178,2.7440198396144943e-05,1.0,21.99012891114078,0.0454749494212093
4.0,19.8802,25.25456504048688,0.0395968015444672,1.798095630811234e-05,1.0,21.575899315651085,0.0463480101278839
5.0,19.8802,23.626993217873483,0.042324471454265,1.1057819636149822e-05,1.0,21.115062324449912,0.0473595571082952
6.0,19.8802,21.92145979363649,0.0456174000004455,7.397627787093559e-06,1.5,20.72097508664141,0.0482602771258911
7.5,19.8802,20.2430963483166,0.0493995573993876,5.250992582177038e-06,1.5,20.412236984398103,0.0489902209524776
9.0,19.8802,18.756815696327955,0.0533139535084183,3.4483071779369143e-06,1.5,20.051027844320146,0.0498727550409975
10.5,19.8802,17.571408407939874,0.0569106344115328,2.129173128013962e-06,1.5,19.654760377890867,0.0508782595551189
12.0,19.8802,16.726729274857494,0.0597845510361152,1.4192347415629326e-06,1.5,19.35442221024506,0.0516677785126884
13.5,19.8802,16.200137392267123,0.061727871547394,1.0069686816631422e-06,1.5,19.11224344479837,0.0523224812873635
15.0,19.8802,15.930646676557254,0.0627720908198629,6.603137186623648e-07,1.5,18.83652061103351,0.0530883606717818
16.5,19.8802,15.832819567459302,0.0631599441741424,4.049923006186307e-07,1.5,18.549952973872003,0.0539084924586343
18.0,19.8802,15.820056876942068,0.0632108978986992,2.69905072143782e-07,1.5,18.327165928162984,0.0545638100249488
19.5,19.8802,15.814751777716117,0.0632321021572439,1.906324613799047e-07,nan,18.156904064226943,0.0550754686185855
nan,nan,nan,nan,1.2439538207631566e-07,nan,17.963514565923834,0.0556683936392361
nan,nan,nan,nan,7.59822025032907e-08,nan,17.760507033621096,0.0563046988527396
nan,nan,nan,nan,5.0379034613331126e-08,nan,17.61918677005266,0.0567563085090681
Name:	42.81332398719393_8_210_0.025
Lambda:	42.81332398719393	Maximal Depth:	20	Filter time:	8 to 210 [us]
Chi2:	0.2382076708132863	RelRMS:	4.427332143602593	AbsRMS:	2.734150110693564e-07	Phi model:	0.0352625756752675
depth_vector,start_model,resistivity_model,conductivity_model,E/I[V/A],modelled_thickness,rhoa,sigma
0.0,19.8802,28.92372598362866,0.03457369221953,9.723152653183352e-05,1.0,23.110934367053275,0.0432695616766404
1.0,19.8802,28.51842271089724,0.03506505286556,5.8757138395051895e-05,1.0,22.716104365463977,0.0440216325788823
2.0,19.8802,27.72628371615375,0.0360668602484719,3.8782271175479786e-05,1.0,22.36625109044898,0.0447102196946643
3.0,19.8802,26.597321812267435,0.0375977704469016,2.7433150475551087e-05,1.0,21.99389510992422,0.0454671623649225
4.0,19.8802,25.20150522147808,0.0396801695458946,1.797404468174108e-05,1.0,21.58143006853134,0.0463361323519582
5.0,19.8802,23.62812727059262,0.0423224400540872,1.105293951737208e-05,1.0,21.121277047134576,0.047345622036413
6.0,19.8802,21.985792272948647,0.045483919232258,7.394509515534822e-06,1.5,20.72680004696961,0.0482467142894161
7.5,19.8802,20.34252097374005,0.0491581157168715,5.248981056318714e-06,1.5,20.417451599072944,0.0489777088559575
9.0,19.8802,18.865541586250487,0.0530066945297142,3.447224134588023e-06,1.5,20.055227357616047,0.0498623118136951
10.5,19.8802,17.6648539141561,0.0566095822167331,2.12872067772063e-06,1.5,19.65754530162468,0.0508710515303938
12.0,19.8802,16.784310496668095,0.0595794507137194,1.4190645744669683e-06,1.5,19.35596943605437,0.0516636484317494
13.5,19.8802,16.213767025440568,0.0616759818018186,1.0069282446493105e-06,1.5,19.11275512434389,0.0523210805294261
15.0,19.8802,15.902610692780629,0.0628827567572898,6.603523413068549e-07,1.5,18.83578613108446,0.0530904307917211
16.5,19.8802,15.780731069809557,0.063368420358745,4.050611046461033e-07,1.5,18.54785230709246,0.0539145979514627
18.0,19.8802,15.769726308149686,0.0634126414409111,2.699745593820873e-07,1.5,18.324021042251044,0.0545731746156712
19.5,19.8802,15.800079257826155,0.0632908217536108,1.9069526728979905e-07,nan,18.152917167566383,0.0550875647571779
nan,nan,nan,nan,1.24446723759275e-07,nan,17.958573546617746,0.0556837099229596
nan,nan,nan,nan,7.602031489616639e-08,nan,17.754570445092625,0.0563235254320895
nan,nan,nan,nan,5.0407775854384493e-08,nan,17.612488789827335,0.0567778927744489
Name:	54.5559478116852_8_210_0.025
Lambda:	54.5559478116852	Maximal Depth:	20	Filter time:	8 to 210 [us]
Chi2:	0.2406436465218366	RelRMS:	4.431569154401494	AbsRMS:	2.9494647822283305e-07	Phi model:	0.0342643752709132
depth_vector,start_model,resistivity_model,conductivity_model,E/I[V/A],modelled_thickness,rhoa,sigma
0.0,19.8802,28.715162006076664,0.034824807876354,9.73252414416412e-05,1.0,23.096096237162048,0.0432973602868428
1.0,19.8802,28.32867323475937,0.0352999235690641,5.877766454421008e-05,1.0,22.710815493772213,0.0440318842920555
2.0,19.8802,27.571442705651823,0.0362694114586543,3.878107905991096e-05,1.0,22.366709441448776,0.0447093034680753
3.0,19.8802,26.491404741555943,0.037748092626864,2.742690167366386e-05,1.0,21.997235632468342,0.0454602576754681
4.0,19.8802,25.15006852035081,0.039761323083109,1.796691480088543e-05,1.0,21.58713918633954,0.0463238779056376
5.0,19.8802,23.6335069238277,0.0423128062721738,1.1047535926578682e-05,1.0,21.12816373734344,0.0473301898088061
6.0,19.8802,22.041310505842024,0.0453693531396398,7.390915113925315e-06,1.5,20.733519504123795,0.0482310781727677
7.5,19.8802,20.432882083856548,0.0489407219155868,5.24659856300232e-06,1.5,20.423632208031663,0.0489628871992096
9.0,19.8802,18.968732980334376,0.0527183339570829,3.445906031930225e-06,1.5,20.060341283774022,0.0498496005553434
10.5,19.8802,17.757126250784616,0.0563154187156727,2.1281541315361896e-06,1.5,19.66103390020081,0.0508620251140397
12.0,19.8802,16.847735142201667,0.0593551591094943,1.418846630613576e-06,1.5,19.357951518535057,0.0516583585325394
13.5,19.8802,16.238540374521996,0.0615818895624993,1.006875328863273e-06,1.5,19.11342475878841,0.0523192474723922
15.0,19.8802,15.889862792475146,0.0629332054694369,6.604026368361364e-07,1.5,18.83482977728312,0.0530931265015259
16.5,19.8802,15.742193693920148,0.0635235482070211,4.051527059864451e-07,1.5,18.54505653464282,0.0539227258828769
18.0,19.8802,15.72585009435626,0.0635895671140145,2.7006832751692055e-07,1.5,18.319779378090463,0.0545858101979082
19.5,19.8802,15.778228462549883,0.0633784713140344,1.9078083284107165e-07,nan,18.14748901746818,0.0551040421645899
nan,nan,nan,nan,1.245173994044758e-07,nan,17.95177742078877,0.0557047904817472
nan,nan,nan,nan,7.607332720279229e-08,nan,17.746321210518854,0.056349706969536
nan,nan,nan,nan,5.0448053982070324e-08,nan,17.603112907799133,0.0568081341770492
Name:	69.51927961775606_8_210_0.025
Lambda:	69.51927961775606	Maximal Depth:	20	Filter time:	8 to 210 [us]
Chi2:	0.243777611948719	RelRMS:	4.437312017156284	AbsRMS:	3.201494223700607e-07	Phi model:	0.0332676547198833
depth_vector,start_model,resistivity_model,conductivity_model,E/I[V/A],modelled_thickness,rhoa,sigma
0.0,19.8802,28.513201310047897,0.0350714740560403,9.743474606737528e-05,1.0,23.07878822024849,0.0433298312916895
1.0,19.8802,28.14410624450464,0.0355314178859475,5.880458730415908e-05,1.0,22.70388310377204,0.0440453289611
2.0,19.8802,27.41938777239009,0.036470544430133,3.87821915581223e-05,1.0,22.366281701426647,0.0447101585032891
3.0,19.8802,26.384941716275858,0.0379004058736706,2.742118409136856e-05,1.0,22.00029328391132,0.0454539395041289
4.0,19.8802,25.0949179833418,0.0398487056488412,1.7959378526268474e-05,1.0,21.593177822661143,0.0463109232097621
5.0,19.8802,23.632806595646,0.0423140601584001,1.104149706176874e-05,1.0,21.135866708311028,0.0473129403113987
6.0,19.8802,22.08840659953628,0.0452726182621517,7.386778467724967e-06,1.5,20.7412593898312,0.0482130800837614
7.5,19.8802,20.51555225067363,0.0487435087187167,5.243805880682959e-06,1.5,20.430882877539872,0.0489455108716482
9.0,19.8802,19.06718416582143,0.052446128977583,3.444335023389341e-06,1.5,20.066440685066567,0.0498344482558981
10.5,19.8802,17.84971121937099,0.0560233153192289,2.1274690913839738e-06,1.5,19.665254212183747,0.0508511097395549
12.0,19.8802,16.91781188162879,0.0591092989446176,1.4185820553962546e-06,1.5,19.36035837027848,0.0516519364401422
13.5,19.8802,16.274937141375194,0.0614441697263294,1.006813296315414e-06,1.5,19.114209837985342,0.0523170985605022
15.0,19.8802,15.892085700728254,0.0629244026763696,6.60468907649213e-07,1.5,18.83356984377848,0.0530966783405824
16.5,19.8802,15.716690452847672,0.0636266269288781,4.052712385360479e-07,1.5,18.541440355662782,0.0539332425538659
18.0,19.8802,15.688157745588365,0.0637423473308207,2.701899414067979e-07,1.5,18.31428174732935,0.0546021959144438
19.5,19.8802,15.748648303685298,0.0634975129748749,1.908921563776313e-07,nan,18.14043289005213,0.0551254761152023
nan,nan,nan,nan,1.246097368356219e-07,nan,17.942907991904253,0.0557323261341581
nan,nan,nan,nan,7.614291024677152e-08,nan,17.735507936740582,0.0563840631780506
nan,nan,nan,nan,5.0501107768501526e-08,nan,17.590782150051336,0.0568479554501834
Name:	88.58667904100822_8_210_0.025
Lambda:	88.58667904100822	Maximal Depth:	20	Filter time:	8 to 210 [us]
Chi2:	0.2478994039940483	RelRMS:	4.444874457376857	AbsRMS:	3.497200030987655e-07	Phi model:	0.032244984721043
depth_vector,start_model,resistivity_model,conductivity_model,E/I[V/A],modelled_thickness,rhoa,sigma
0.0,19.8802,28.316280245977115,0.0353153730402873,9.75628443469472e-05,1.0,23.05858243799566,0.0433678003705991
1.0,19.8802,27.96203052074056,0.0357627819359634,5.883901497380836e-05,1.0,22.695025964421426,0.0440625184376383
2.0,19.8802,27.26844978336292,0.0366724184155903,3.878610497505228e-05,1.0,22.364777209762348,0.044713166181843
3.0,19.8802,26.271716990250447,0.0380637474273609,2.74162605161358e-05,1.0,22.00292716748304,0.0454484983924251
4.0,19.8802,25.03192801543248,0.0399489803335759,1.7951548645713057e-05,1.0,21.599456193337875,0.046297461892047
5.0,19.8802,23.62509555112113,0.0423278711333103,1.1034858864627733e-05,1.0,21.144342272787178,0.0472939752440066
6.0,19.8802,22.12968940817446,0.0451881624525019,7.382109036475895e-06,1.5,20.750004828927985,0.0481927598689461
7.5,19.8802,20.59263574324757,0.0485610493221056,5.240600625863691e-06,1.5,20.43921264949454,0.0489255636774604
9.0,19.8802,19.16263393918108,0.0521848929105377,3.442501912123465e-06,1.5,20.07356355784008,0.0498167650760461
10.5,19.8802,17.944754228559166,0.055726592142928,2.1266542976144534e-06,1.5,19.67027684441021,0.0508381253558296
12.0,19.8802,16.994627737005835,0.0588421244333877,1.418259984273255e-06,1.5,19.363289274558426,0.0516441181981362
13.5,19.8802,16.323645527271,0.0612608254895854,1.0067323347296727e-06,1.5,19.115234602923085,0.0523142938484825
15.0,19.8802,15.907941879130428,0.0628616830258788,6.605429902916444e-07,1.5,18.83216164201862,0.0531006487204731
16.5,19.8802,15.70347960284338,0.0636801540353472,4.054104527258571e-07,1.5,18.53719547358389,0.0539455928716419
18.0,19.8802,15.655939213833207,0.0638735234176448,2.703345560735652e-07,1.5,18.307749717826447,0.0546216774542362
19.5,19.8802,15.712008430841369,0.0636455870299231,1.91025411940867e-07,nan,18.131995636565748,0.0551511273245266
nan,nan,nan,nan,1.2472092724521254e-07,nan,17.93224217507875,0.0557654748489703
nan,nan,nan,nan,7.622713935604793e-08,nan,17.722440663549804,0.0564256367948645
nan,nan,nan,nan,5.056555176409878e-08,nan,17.5758330898383,0.0568963072696772
Name:	112.88378916846884_8_210_0.025
Lambda:	112.88378916846884	Maximal Depth:	20	Filter time:	8 to 210 [us]
Chi2:	0.2534022529669377	RelRMS:	4.454613035554302	AbsRMS:	3.84400410574604e-07	Phi model:	0.0311774311325069
depth_vector,start_model,resistivity_model,conductivity_model,E/I[V/A],modelled_thickness,rhoa,sigma
0.0,19.8802,28.11308936110824,0.0355706193351842,9.771241410877632e-05,1.0,23.035045700551134,0.0434121126999142
1.0,19.8802,27.774806809831684,0.0360038507863183,5.888183713045693e-05,1.0,22.684021237670347,0.0440838945406797
2.0,19.8802,27.111182501152165,0.0368851487742189,3.879308381611146e-05,1.0,22.362094860397068,0.0447185295582921
3.0,19.8802,26.15629577065097,0.0382317132658388,2.741221029559323e-05,1.0,22.005094438010985,0.0454440221929985
4.0,19.8802,24.966422661284668,0.0400537959949983,1.7943411245319134e-05,1.0,21.60598598631579,0.0462834698047732
5.0,19.8802,23.6113226768654,0.0423525616792239,1.1027581387074605e-05,1.0,21.15364383227358,0.0472731794072435
6.0,19.8802,22.16438809398496,0.0451174196986463,7.376869409138495e-06,1.5,20.75982917943747,0.0481699531993498
7.5,19.8802,20.666431138800068,0.0483876482244946,5.236949584164611e-06,1.5,20.44871127691593,0.0489028372721403
9.0,19.8802,19.258573495160714,0.0519249258129777,3.440379115384286e-06,1.5,20.08181995690189,0.0497962835114609
10.5,19.8802,18.044245620509685,0.0554193298534668,2.1256883225906022e-06,1.5,19.67623555972173,0.0508227296306134
12.0,19.8802,17.080845992031726,0.0585451095611132,1.4178632747223742e-06,1.5,19.36690092680644,0.0516344873028117
13.5,19.8802,16.384105155020965,0.0610347645195347,1.0066183838277004e-06,1.5,19.116677160278503,0.0523103461765753
15.0,19.8802,15.936730385177947,0.0627481281185541,6.606140439012145e-07,1.5,18.830811264985783,0.0531044566231414
16.5,19.8802,15.700643040775471,0.0636916588322492,4.05562486412118e-07,1.5,18.53256247724517,0.05395907884988
18.0,19.8802,15.62780951973258,0.0639884942760111,2.704962456689558e-07,1.5,18.30045333157781,0.0546434551036219
19.5,19.8802,15.66906974605325,0.0638199980092552,1.9117599860262785e-07,nan,18.12247283979228,0.05518010752949
nan,nan,nan,nan,1.248476415440926e-07,nan,17.920106551133888,0.0558032396262021
nan,nan,nan,nan,7.632375869597e-08,nan,17.707480778373913,0.0564733071020072
nan,nan,nan,nan,5.0639772500594264e-08,nan,17.55865541733893,0.0569519690563842
Name:	143.8449888287663_8_210_0.025
Lambda:	143.8449888287663	Maximal Depth:	20	Filter time:	8 to 210 [us]
Chi2:	0.2606664758095252	RelRMS:	4.466694594926073	AbsRMS:	4.244740014272052e-07	Phi model:	0.030074351336184
depth_vector,start_model,resistivity_model,conductivity_model,E/I[V/A],modelled_thickness,rhoa,sigma
0.0,19.8802,27.905216744645884,0.0358355933641643,9.788434696743096e-05,1.0,23.008063915689817,0.0434630225152527
1.0,19.8802,27.58244862950103,0.0362549392707086,5.893363013157834e-05,1.0,22.670728932536527,0.0441097418162334
2.0,19.8802,26.948335886223703,0.0371080427460165,3.88035373995748e-05,1.0,22.358078482202767,0.0447265627408906
3.0,19.8802,26.035112597644808,0.038409666800921,2.7409336066956352e-05,1.0,22.00663275977348,0.0454408455358026
4.0,19.8802,24.89501758961842,0.0401686801947476,1.793516096245679e-05,1.0,21.61261140152258,0.0462692814589518
5.0,19.8802,23.59186560679099,0.0423874913780513,1.1019767488730442e-05,1.0,21.16364240345179,0.0472508456217772
6.0,19.8802,22.194425175958653,0.0450563595169482,7.37111088560333e-06,1.5,20.770639888679355,0.0481448816868194
7.5,19.8802,20.737834786373547,0.0482210418928152,5.232874494585612e-06,1.5,20.459326158979227,0.0488774650850911
9.0,19.8802,19.355624076007903,0.0516645702599453,3.4379660393868045e-06,1.5,20.091215684903453,0.0497729961035359
10.5,19.8802,18.148652686149823,0.0551005089630235,2.124558289619928e-06,1.5,19.683212013577343,0.050804716187084
12.0,19.8802,17.175714135589953,0.058221742170702,1.417375495866349e-06,1.5,19.371343985144744,0.0516226442918399
13.5,19.8802,16.456047829939383,0.0607679322723312,1.0064548000660357e-06,1.5,19.11874851890873,0.0523046787822427
15.0,19.8802,15.97753243304935,0.062587887346829,6.606670066544473e-07,1.5,18.829804862944705,0.0531072949124346
16.5,19.8802,15.70778802798024,0.0636626874655236,4.057151140858088e-07,1.5,18.52791429073985,0.0539726158221594
18.0,19.8802,15.604120101737498,0.0640856385031701,2.706652330163656e-07,1.5,18.292835392324704,0.0546662110358014
19.5,19.8802,15.62123355131597,0.0640154310935167,1.913360424280797e-07,nan,18.11236568544042,0.0552108994135342
nan,nan,nan,nan,1.249839937210942e-07,nan,17.907070801698964,0.0558438625207827
nan,nan,nan,nan,7.64286730589277e-08,nan,17.69127225104053,0.056525047255501
nan,nan,nan,nan,5.072079300771088e-08,nan,17.53995184308049,0.0570126992905342
Name:	183.29807108324357_8_210_0.025
Lambda:	183.2980710832436	Maximal Depth:	20	Filter time:	8 to 210 [us]
Chi2:	0.2701054651990177	RelRMS:	4.481041418950592	AbsRMS:	4.702856528334388e-07	Phi model:	0.0289510389754394
depth_vector,start_model,resistivity_model,conductivity_model,E/I[V/A],modelled_thickness,rhoa,sigma
0.0,19.8802,27.691566204316164,0.0361120780464968,9.807981878733968e-05,1.0,22.977483901760536,0.0435208660911467
1.0,19.8802,27.38395215717531,0.0365177383549428,5.899526148558701e-05,1.0,22.6549370302152,0.0441404890539437
2.0,19.8802,26.77918323368334,0.0373424383885682,3.8818125656060616e-05,1.0,22.3524765318987,0.0447377720572896
3.0,19.8802,25.90811745265906,0.0385979414300272,2.7408142803738103e-05,1.0,22.007271487591893,0.045439526683888
4.0,19.8802,24.8179047666886,0.0402934900992219,1.7927135477046434e-05,1.0,21.619061168085924,0.0462554776188061
5.0,19.8802,23.56730936381727,0.0424316575372534,1.101160588194428e-05,1.0,21.174098522751056,0.0472275123744004
6.0,19.8802,22.220681875431666,0.0450031194184752,7.3649355855116064e-06,1.5,20.782248681464967,0.0481179883528132
7.5,19.8802,20.80744452213981,0.0480597220353497,5.228426773902735e-06,1.5,20.47092741436133,0.0488497653163701
9.0,19.8802,19.45423481575173,0.0514026899269417,3.435274628607049e-06,1.5,20.101708132035537,0.0497470161954211
10.5,19.8802,18.258130713651763,0.0547701194434045,2.1232529465441266e-06,1.5,19.69127847676133,0.0507839042132358
12.0,19.8802,17.278804475967814,0.0578743744331876,1.4167773813417532e-06,1.5,19.37679554362882,0.0516081205351214
13.5,19.8802,16.538496204976802,0.0604649895375056,1.006220407186539e-06,1.5,19.12171746721064,0.0522965576557006
15.0,19.8802,16.029276041685343,0.0623858493296531,6.606817242620459e-07,1.5,18.82952522178228,0.053108083619824
16.5,19.8802,15.724252468017532,0.0635960279850478,4.058514434850042e-07,1.5,18.523764922134536,0.0539847058199855
18.0,19.8802,15.585072841942528,0.0641639606142103,2.708277807539396e-07,1.5,18.285515226184987,0.0546880953383251
19.5,19.8802,15.570532225667264,0.0642238804368901,1.91494363109222e-07,nan,18.1023812058138,0.0552413513244786
nan,nan,nan,nan,1.2512154344945536e-07,nan,17.893944555690986,0.0558848272323477
nan,nan,nan,nan,7.653595926005378e-08,nan,17.6747355962637,0.0565779326402705
nan,nan,nan,nan,5.080428284098343e-08,nan,17.52073024786167,0.0570752466280362
Name:	233.57214690901213_8_210_0.025
Lambda:	233.57214690901213	Maximal Depth:	20	Filter time:	8 to 210 [us]
Chi2:	0.2821357056785598	RelRMS:	4.49718001855563	AbsRMS:	5.219810461730137e-07	Phi model:	0.027829004869331
depth_vector,start_model,resistivity_model,conductivity_model,E/I[V/A],modelled_thickness,rhoa,sigma
0.0,19.8802,27.4723468120086,0.0364002393695351,9.829912456717998e-05,1.0,22.94329593643498,0.0435857168373073
1.0,19.8802,27.18002079779413,0.0367917304934938,5.906744004632221e-05,1.0,22.63647752070714,0.0441764845738579
2.0,19.8802,26.6047310285627,0.0375872997523036,3.883755656124055e-05,1.0,22.3450204315804,0.0447527001849007
3.0,19.8802,25.77630591290949,0.0387953185913724,2.740922329499773e-05,1.0,22.006693122164403,0.0454407208956275
4.0,19.8802,24.73568348566132,0.0404274254471147,1.791975485368131e-05,1.0,21.624996933693293,0.0462427811234473
5.0,19.8802,23.53828158099604,0.0424839849314813,1.1003337177826849e-05,1.0,21.18470502826661,0.0472038670666269
6.0,19.8802,22.243337708209825,0.0449572817316399,7.358472428529454e-06,1.5,20.794415996710736,0.0480898333551747
7.5,19.8802,20.87529807071685,0.0479035076104022,5.22366921695222e-06,1.5,20.48335505495843,0.0488201272358421
9.0,19.8802,19.553943639362465,0.0511405790281087,3.432316106584884e-06,1.5,20.11325772982992,0.0497184500607727
10.5,19.8802,18.372000421233523,0.0544306540971034,2.121753481311873e-06,1.5,19.70055473844425,0.0507599919533519
12.0,19.8802,17.389200633268285,0.0575069562477094,1.4160401845321948e-06,1.5,19.3835200574606,0.0515902166910651
13.5,19.8802,16.629859556129087,0.0601327988745064,1.0058845024751604e-06,1.5,19.125974229981825,0.0522849182988233
15.0,19.8802,16.090951535024256,0.0621467287265987,6.606294719504878e-07,1.5,18.830518086204847,0.0531052834246018
16.5,19.8802,15.749515393991755,0.063494017116329,4.059476599444452e-07,1.5,18.520837842833217,0.0539932376972328
18.0,19.8802,15.571561139283723,0.0642196367503071,2.7096463271648146e-07,1.5,18.279357917488248,0.0547065167449497
19.5,19.8802,15.519671674733171,0.0644343527980718,1.916353439227801e-07,nan,18.093501836637472,0.0552684609661963
nan,nan,nan,nan,1.252485386827656e-07,nan,17.88184685042138,0.0559226353052249
nan,nan,nan,nan,7.663739160826009e-08,nan,17.659136721258715,0.0566279097208734
nan,nan,nan,nan,5.0884237681688047e-08,nan,17.50237178845057,0.0571351135769997
Name:	297.63514416313194_8_210_0.025
Lambda:	297.63514416313194	Maximal Depth:	20	Filter time:	8 to 210 [us]
Chi2:	0.2971618448428074	RelRMS:	4.514243692427982	AbsRMS:	5.796208543936077e-07	Phi model:	0.0267305800232274
depth_vector,start_model,resistivity_model,conductivity_model,E/I[V/A],modelled_thickness,rhoa,sigma
0.0,19.8802,27.25046088750525,0.0366966270452517,9.854217117239836e-05,1.0,22.90555517436617,0.0436575316506237
1.0,19.8802,26.97275910708301,0.0370744422559797,5.915100405496072e-05,1.0,22.61515310988695,0.0442181397199038
2.0,19.8802,26.42746324821368,0.0378394244883717,3.886277378673368e-05,1.0,22.335353247626205,0.0447720700413045
3.0,19.8802,25.639810259013103,0.0390018486836684,2.7413391387646752e-05,1.0,22.00446238125591,0.0454453275282849
4.0,19.8802,24.64908207146583,0.0405694620635636,1.7913610514906685e-05,1.0,21.62994154317277,0.0462322100133293
5.0,19.8802,23.50478863068485,0.0425445221274837,1.0995310704501546e-05,1.0,21.19501353118784,0.0471809087797245
6.0,19.8802,22.262224485738624,0.0449191409708678,7.351916673627199e-06,1.5,20.80677584323286,0.0480612665573189
7.5,19.8802,20.94103012423732,0.0477531427091827,5.218705085294347e-06,1.5,20.4963424347927,0.0487891926660286
9.0,19.8802,19.65335575069772,0.0508818958291384,3.4291209424425195e-06,1.5,20.125749791206164,0.049687589797869
10.5,19.8802,18.48856716176501,0.0540874796435298,2.1200464621309896e-06,1.5,19.711128315988294,0.0507327629331533
12.0,19.8802,17.504749718584346,0.0571273520659553,1.4151346349587143e-06,1.5,19.39178823040072,0.051568219914463
13.5,19.8802,16.728809952348513,0.0597771152191021,1.0054133979218352e-06,1.5,19.13194830993251,0.0522685919802972
15.0,19.8802,16.161233927354512,0.0618764634244542,6.604773829995741e-07,1.5,18.83340872653362,0.0530971325754291
16.5,19.8802,15.783166608262857,0.0633586418251757,4.059758306145657e-07,1.5,18.51998105874569,0.0539957355694902
18.0,19.8802,15.564723049103874,0.0642478505300211,2.710529247299222e-07,1.5,18.27538819103904,0.0547183999347455
19.5,19.8802,15.471924070588075,0.0646332024018258,1.9174030358566122e-07,nan,18.086898247923774,0.0552886396712488
nan,nan,nan,nan,1.2535082603150322e-07,nan,17.872117700049614,0.0559530782408188
nan,nan,nan,nan,7.672300674677496e-08,nan,17.645997066230983,0.0566700762924693
nan,nan,nan,nan,5.0953357802509214e-08,nan,17.486539796405033,0.057186842659723
Name:	379.26901907322497_8_210_0.025
Lambda:	379.26901907322497	Maximal Depth:	20	Filter time:	8 to 210 [us]
Chi2:	0.3156993457836248	RelRMS:	4.531091844832957	AbsRMS:	6.434188859898116e-07	Phi model:	0.0256690050716987
depth_vector,start_model,resistivity_model,conductivity_model,E/I[V/A],modelled_thickness,rhoa,sigma
0.0,19.8802,27.027244761659603,0.0369997019236893,9.880943160050126e-05,1.0,22.86423313053148,0.0437364329820737
1.0,19.8802,26.764657802721903,0.0373627044803204,5.924714770853438e-05,1.0,22.5906805739045,0.0442660413318908
2.0,19.8802,26.24808833318686,0.0380980125983364,3.8894946697192126e-05,1.0,22.32303472496317,0.0447967766175505
3.0,19.8802,25.50085812450362,0.0392143666349449,2.7421604709014247e-05,1.0,22.00006830959342,0.04545440431946
4.0,19.8802,24.55889089116689,0.040718451188676,1.790936860876994e-05,1.0,21.63335683424848,0.0462249112637418
5.0,19.8802,23.467297784739976,0.0426124903332614,1.09879025541072e-05,1.0,21.20453905004884,0.0471597141366624
6.0,19.8802,22.277173803218947,0.0448889975377174,7.34546840153414e-06,1.5,20.818950980548166,0.0480331598328048
7.5,19.8802,21.00347716115472,0.0476111642052045,5.213632259089306e-06,1.5,20.50963547428085,0.0487575706186491
9.0,19.8802,19.751314510525944,0.0506295416169428,3.425708447636384e-06,1.5,20.139112987048343,0.049654619875419
10.5,19.8802,18.60556770298765,0.0537473521885291,2.11810590516456e-06,1.5,19.723165715046072,0.0507017998250218
12.0,19.8802,17.623559294615873,0.0567422268840725,1.414019842496257e-06,1.5,19.4019790255459,0.0515411339576924
13.5,19.8802,16.833533853509728,0.0594052329535966,1.0047632116456032e-06,1.5,19.14020099333772,0.0522460553234565
15.0,19.8802,16.239037867925514,0.0615800029615761,6.601843464683927e-07,1.5,18.838981380692594,0.0530814262083652
16.5,19.8802,15.825151895838552,0.0631905467057769,4.059018799654503e-07,1.5,18.522230408659016,0.0539891782974747
18.0,19.8802,15.566020613542396,0.0642424949077866,2.7106511892373e-07,1.5,18.27484009323061,0.0547200410454163
19.5,19.8802,15.430975493605729,0.0648047170066713,1.917869180686152e-07,nan,18.083967406495585,0.0552976002180146
nan,nan,nan,nan,1.2541161215661362e-07,nan,17.86634224038474,0.0559711655886462
nan,nan,nan,nan,7.678105270992741e-08,nan,17.637102441314006,0.0566986557643137
nan,nan,nan,nan,5.10030648213752e-08,nan,17.475176492208238,0.057224028635469
Name:	483.2930238571752_8_210_0.025
Lambda:	483.2930238571752	Maximal Depth:	20	Filter time:	8 to 210 [us]
Chi2:	0.3385246652247159	RelRMS:	4.546656584993999	AbsRMS:	7.138078201659398e-07	Phi model:	0.0246462188785695
depth_vector,start_model,resistivity_model,conductivity_model,E/I[V/A],modelled_thickness,rhoa,sigma
0.0,19.8802,26.805034907950287,0.0373064240891327,9.910216728311032e-05,1.0,22.81918550242882,0.0438227735995906
1.0,19.8802,26.55667273482312,0.0376553196247632,5.9357495873919686e-05,1.0,22.562673853592504,0.0443209881279552
2.0,19.8802,26.06852371655023,0.0383604384687547,3.893548453067479e-05,1.0,22.307537557854403,0.0448278971807851
3.0,19.8802,25.3606743929454,0.039431128072768,2.7434955629312707e-05,1.0,21.99293033592261,0.0454691568938691
4.0,19.8802,24.465873955002845,0.0408732588845663,1.790775233075349e-05,1.0,21.63465850488717,0.0462221300962113
5.0,19.8802,23.42591180429352,0.0426877727686449,1.0981500147336526e-05,1.0,21.212779994317405,0.0471413930785067
6.0,19.8802,22.28754637148529,0.0448681063106794,7.339321934727137e-06,1.5,20.83057286588181,0.0480063609598509
7.5,19.8802,21.061562373996523,0.047479858437978,5.208536638018895e-06,1.5,20.523009966289283,0.0487257961499108
9.0,19.8802,19.84575652599757,0.0503886056795072,3.422084007492526e-06,1.5,20.153330469844683,0.0496195902457062
10.5,19.8802,18.721208568088823,0.0534153549095407,2.1158932424487464e-06,1.5,19.73691345050916,0.050666483516155
12.0,19.8802,17.743647786926534,0.0563581971423484,1.4126444587059566e-06,1.5,19.41457046422072,0.0515077066393464
13.5,19.8802,16.94224985106238,0.0590240380581622,1.0038814944040214e-06,1.5,19.15140668236064,0.0522154856082215
15.0,19.8802,16.32347701256724,0.0612614579130483,6.597027722746013e-07,1.5,18.848148401786545,0.0530556094255504
16.5,19.8802,15.87599248573184,0.0629881880391871,4.056871965913135e-07,1.5,18.52876428389921,0.0539701398689043
18.0,19.8802,15.57738501386769,0.0641956271293131,2.7097036963005965e-07,1.5,18.27909991273096,0.0547072889132535
19.5,19.8802,15.400707705984036,0.0649320809855669,1.917503641234984e-07,nan,18.08626560065788,0.0552905736363633
nan,nan,nan,nan,1.2541235077336634e-07,nan,17.8662720910331,0.0559713853513901
nan,nan,nan,nan,7.679862673600232e-08,nan,17.63441170986163,0.0567073070796443
nan,nan,nan,nan,5.1023975627392185e-08,nan,17.470401678206365,0.0572396684643754
Name:	615.8482110660261_8_210_0.025
Lambda:	615.8482110660261	Maximal Depth:	20	Filter time:	8 to 210 [us]
Chi2:	0.3668969091026421	RelRMS:	4.560403203810752	AbsRMS:	7.91475670221351e-07	Phi model:	0.0236528730553933
depth_vector,start_model,resistivity_model,conductivity_model,E/I[V/A],modelled_thickness,rhoa,sigma
0.0,19.8802,26.58605099754588,0.0376137095385963,9.942252594686149e-05,1.0,22.77014057879755,0.04391716408335
1.0,19.8802,26.35186463860811,0.0379479787754715,5.948418615043798e-05,1.0,22.530626265764035,0.0443840303507022
2.0,19.8802,25.88998673550645,0.0386249715079445,3.898609500319837e-05,1.0,22.28822743496196,0.0448667352717054
3.0,19.8802,25.219721299634365,0.0396515087585245,2.745471072395838e-05,1.0,21.982379030887508,0.0454909815991661
4.0,19.8802,24.370475501656124,0.0410332576371783,1.7909564275270702e-05,1.0,21.63319926737996,0.0462252479460062
5.0,19.8802,23.380225793318992,0.04277118659332,1.0976511851711296e-05,1.0,21.219206298411663,0.0471271161577261
6.0,19.8802,22.29230564537237,0.0448585272384146,7.333669151591656e-06,1.5,20.84127561114503,0.047981707965382
7.5,19.8802,21.11329515582258,0.0473635210714241,5.203492346834978e-06,1.5,20.53627122910081,0.0486943315485118
9.0,19.8802,19.93481512513308,0.0501634950574102,3.418237318349092e-06,1.5,20.16844724055935,0.0495823990846935
10.5,19.8802,18.83328409147466,0.0530974839620602,2.1133547900592907e-06,1.5,19.752714927498594,0.0506259521119224
12.0,19.8802,17.86285385858676,0.0559820960254508,1.4109441539288844e-06,1.5,19.4301647787365,0.0514663674440041
13.5,19.8802,17.05370736607178,0.0586382760378246,1.0027049385219443e-06,1.5,19.166385030783232,0.0521746797006266
15.0,19.8802,16.414212123740317,0.0609228144769539,6.589766889901075e-07,1.5,18.8619908879685,0.0530166728390198
16.5,19.8802,15.936325805748789,0.0627497211207407,4.05287190136161e-07,1.5,18.54095384043857,0.0539346577638826
18.0,19.8802,15.601392487508656,0.0640968426889238,2.707334161620341e-07,1.5,18.28976394431301,0.0546753912759458
19.5,19.8802,15.385353579807502,0.0649968812749581,1.9160245296358057e-07,nan,18.0955724281021,0.0552621368554784
nan,nan,nan,nan,1.2533211361917048e-07,nan,17.87389655839468,0.0559475096397119
nan,nan,nan,nan,7.676124926094692e-08,nan,17.640135746489236,0.0566889061609983
nan,nan,nan,nan,5.100559853248033e-08,nan,17.47459776599514,0.0572259237889846
Name:	784.7599703514607_8_210_0.025
Lambda:	784.7599703514607	Maximal Depth:	20	Filter time:	8 to 210 [us]
Chi2:	0.4030355323003189	RelRMS:	4.573469681618589	AbsRMS:	8.777577515861721e-07	Phi model:	0.022665420774312
depth_vector,start_model,resistivity_model,conductivity_model,E/I[V/A],modelled_thickness,rhoa,sigma
0.0,19.8802,26.37024160391861,0.0379215334853587,9.977517324449947e-05,1.0,22.716456107624115,0.0440209509468503
1.0,19.8802,26.148776358288607,0.0382427072799917,5.963013839806253e-05,1.0,22.493846894864685,0.0444566020509501
2.0,19.8802,25.711918811824884,0.0388924687931147,3.904867832117124e-05,1.0,22.26440684070867,0.0449147380010852
3.0,19.8802,25.07723040796297,0.039876811901942,2.7482139318933657e-05,1.0,21.96775023013029,0.0455212750292668
4.0,19.8802,24.27162997391249,0.0412003644203053,1.7915527055980565e-05,1.0,21.62839891814843,0.0462355074818274
5.0,19.8802,23.32967282825323,0.0428638672887412,1.0973262100443937e-05,1.0,21.22339549567723,0.0471178139333868
6.0,19.8802,22.290953477800336,0.0448612483533243,7.328639166461031e-06,1.5,20.85081074365172,0.0479597657997285
7.5,19.8802,21.158644511316336,0.0472620067634846,5.198528846421875e-06,1.5,20.549341026352216,0.0486633609670311
9.0,19.8802,20.01798743844376,0.0499550718110422,3.4141315690471494e-06,1.5,20.18461338188767,0.0495426878424797
10.5,19.8802,18.94120549640275,0.0527949501519275,2.110424504263921e-06,1.5,19.77099488764865,0.050579144129197
12.0,19.8802,17.980684451091165,0.0556152354889535,1.4088493040126317e-06,1.5,19.449420776521105,0.0514154129056211
13.5,19.8802,17.16705807908717,0.0582510990172623,1.001168494658737e-06,1.5,19.185989155274346,0.0521213679371383
15.0,19.8802,16.510852682731983,0.0605662238780592,6.579507496731323e-07,1.5,18.88159340126376,0.0529616319316075
16.5,19.8802,16.006994900091396,0.0624726881117635,4.046589734022779e-07,1.5,18.560138267382264,0.0538789089603609
18.0,19.8802,15.639974873187748,0.0639387216480981,2.703208691738718e-07,1.5,18.3083676852079,0.0546198337936998
19.5,19.8802,15.388696458751587,0.0649827620344865,1.913167619230062e-07,nan,18.11358254934615,0.055207190365337
nan,nan,nan,nan,1.251514727600127e-07,nan,17.89109161405179,0.0558937387148916
nan,nan,nan,nan,7.66555923051478e-08,nan,17.656341349515543,0.0566368751149817
nan,nan,nan,nan,5.093832969573028e-08,nan,17.489978944212623,0.0571755977059593
Name:	1000.0_8_210_0.025
Lambda:	1000	Maximal Depth:	20	Filter time:	8 to 210 [us]
Chi2:	0.4505876310947444	RelRMS:	4.58945300575606	AbsRMS:	9.745014567410667e-07	Phi model:	0.0216524758073356
depth_vector,start_model,resistivity_model,conductivity_model,E/I[V/A],modelled_thickness,rhoa,sigma
0.0,19.8802,26.15620406844608,0.0382318473041111,0.0001001666265514,1.0,22.657233229220505,0.0441360156327615
1.0,19.8802,25.94709653593851,0.0385399575869666,5.979921489503245e-05,1.0,22.4514274385052,0.0445405978189589
2.0,19.8802,25.53422103521588,0.0391631293009031,3.912560140145041e-05,1.0,22.235215239348463,0.0449737045149153
3.0,19.8802,24.93330616342884,0.0401069955763331,2.7518727629645128e-05,1.0,21.948274012620388,0.0455616691966299
4.0,19.8802,24.16908213911174,0.0413751748719387,1.7926413826636608e-05,1.0,21.619641365918724,0.0462542362787018
5.0,19.8802,23.27326082282012,0.042967764921857,1.09720453339789e-05,1.0,21.224964540029,0.047114330773748
6.0,19.8802,22.28213465594889,0.0448790035353735,7.324311475080077e-06,1.5,20.85902330081862,0.0479408832129141
7.5,19.8802,21.195913044956363,0.0471789065127323,5.193625286357719e-06,1.5,20.56227342878783,0.0486327547128115
9.0,19.8802,20.09373609443708,0.0497667529472952,3.409687308733699e-06,1.5,20.202148948831336,0.0494996845401364
10.5,19.8802,19.043743679491943,0.0525106836570632,2.1070051950619306e-06,1.5,19.79237906944419,0.0505244971557672
12.0,19.8802,18.09656028121836,0.0552591202118038,1.406267771597897e-06,1.5,19.473216131336656,0.0513525856877222
13.5,19.8802,17.282938048086887,0.057860532579453,9.991905356364718e-07,1.5,19.211300704687925,0.0520526962422685
15.0,19.8802,16.615090747311402,0.0601862496695551,6.565585315488973e-07,1.5,18.908275982994542,0.0528868946539264
16.5,19.8802,16.090446030258054,0.0621486811564764,4.037529176313034e-07,1.5,18.587894908142577,0.0537984535065313
18.0,19.8802,15.696360142561412,0.0637090376952076,2.696949586775136e-07,1.5,18.336683556379224,0.05453548876084
19.5,19.8802,15.414629612178915,0.0648734368038212,1.9086387200354205e-07,nan,18.142225015902,0.0551200307086634
nan,nan,nan,nan,1.2484914249166564e-07,nan,17.919962926095476,0.0558036868783794
nan,nan,nan,nan,7.646727214029695e-08,nan,17.68531829365539,0.0565440770358512
nan,nan,nan,nan,5.081191238063945e-08,nan,17.5189763487533,0.0570809606733194
