Name:	10.0_8_150_1
Lambda:	10	Maximal Depth:	30	Filter time:	8 to 150 [us]
Chi2:	1.2372802842648285	RelRMS:	4.75143841245837	AbsRMS:	4.314391686332009e-07	Phi model:	0.0655418103917786
depth_vector,start_model,resistivity_model,conductivity_model,E/I[V/A],modelled_thickness,rhoa,sigma
0.0,17.9753,23.31994954109781,0.042881739441059,0.0001338878504249,1.0,18.67217006951217,0.05355563902199
1.0,17.9753,22.85729822936088,0.0437497026098854,8.021733877635466e-05,1.0,18.458459213628284,0.0541757027727253
2.0,17.9753,21.982373453031293,0.0454909931421487,5.226722784192095e-05,1.0,18.33140324534893,0.054551197560597
3.0,17.9753,20.80166784723116,0.0480730683397152,3.658256485029027e-05,1.0,18.1538958371969,0.0550845950074817
4.0,17.9753,19.44638025342924,0.0514234519210153,2.362854062502802e-05,1.0,17.983994646817127,0.0556049987579919
5.0,17.9753,18.06463352413526,0.0553567831123697,1.4213597024917016e-05,1.0,17.860873858124517,0.0559883020250502
6.0,17.9753,16.794254488325958,0.0595441733180309,9.305918736001186e-06,1.5,17.781388412592957,0.0562385780455585
7.5,17.9753,15.85323224581052,0.0630786192048796,6.484079998890775e-06,1.5,17.734514159383885,0.0563872227348764
9.0,17.9753,15.393851823547,0.0649609994602106,4.144764725425048e-06,1.5,17.736748805038037,0.05638011853198
10.5,17.9753,15.433808312976248,0.0647928223366123,2.468736396783445e-06,1.5,17.80841459098582,0.056153229974002
12.0,17.9753,15.87074385468108,0.063009018931715,1.5961092308346064e-06,1.5,17.89676877686332,0.0558760082598142
13.5,17.9753,16.528972622969867,0.0604998279572637,1.0994518144172676e-06,1.5,18.0248438370992,0.0554789827328087
15.0,17.9753,17.216947569788786,0.0580823050047928,6.950815637694728e-07,1.5,18.20303143055364,0.0549359047043949
16.5,17.9753,17.78389205163284,0.056230660706703,4.076151364185186e-07,2.0,18.470293177658952,0.0541409922615395
18.5,17.9753,18.109568786592188,0.055219426358753,2.61464705634217e-07,2.0,18.71948775946237,0.0534202651722944
20.5,17.9753,18.33156753088724,0.0545507086786265,1.7878272930454012e-07,2.0,18.95058672057256,0.052768814746744
22.5,17.9753,18.76165291628008,0.0533002078474796,1.1206121622998428e-07,2.0,19.25856520156232,0.0519249481741701
24.5,17.9753,19.79556808738822,0.0505163577819775,nan,2.0,nan,nan
26.5,17.9753,21.851003387259432,0.0457644888098395,nan,2.0,nan,nan
28.5,17.9753,25.36928338211962,0.0394177472393565,nan,nan,nan,nan
Name:	12.742749857031335_8_150_1
Lambda:	12.742749857031336	Maximal Depth:	30	Filter time:	8 to 150 [us]
Chi2:	1.2435364087362475	RelRMS:	4.753227636748236	AbsRMS:	4.454287045583274e-07	Phi model:	0.0565468075106195
depth_vector,start_model,resistivity_model,conductivity_model,E/I[V/A],modelled_thickness,rhoa,sigma
0.0,17.9753,22.97071546620608,0.0435336897307867,0.0001339495128081,1.0,18.66643925927233,0.0535720812153963
1.0,17.9753,22.555375899854155,0.0443353285017283,8.021437790795062e-05,1.0,18.45891343587521,0.0541743696601601
2.0,17.9753,21.76731317858366,0.0459404425247979,5.225687000557615e-05,1.0,18.333825477460422,0.0545439903542988
3.0,17.9753,20.697168400848103,0.0483157879683204,3.65784928806e-05,1.0,18.15524309048404,0.0550805073232064
4.0,17.9753,19.45872082691057,0.0513908395569889,2.362916719974228e-05,1.0,17.983676724310232,0.0556059817650194
5.0,17.9753,18.18122069257553,0.0550018074643557,1.4214871662818872e-05,1.0,17.859806127202944,0.0559916492305514
6.0,17.9753,16.98681387158529,0.0588691915717491,9.306917365341736e-06,1.5,17.780116431545146,0.0562426013266043
7.5,17.9753,16.06404819916938,0.0622508092357259,6.484624351314721e-06,1.5,17.73352166181657,0.0563903785762518
9.0,17.9753,15.555920835156362,0.0642842047473011,4.144740722683899e-06,1.5,17.736817282209138,0.05637990086322
10.5,17.9753,15.4915725842454,0.0645512258075709,2.468411340386806e-06,1.5,17.80997797494315,0.0561483007675191
12.0,17.9753,15.7983191865119,0.0632978729062372,1.5957784704861002e-06,1.5,17.89924169195918,0.0558682885682932
13.5,17.9753,16.340540424712646,0.0611974863749088,1.099182263152343e-06,1.5,18.027790525173213,0.0554699145524041
15.0,17.9753,16.96637973606821,0.0589400930284577,6.949140089845521e-07,1.5,18.205957339296805,0.0549270758666198
16.5,17.9753,17.553265063691427,0.0569694581817988,4.075545078516965e-07,2.0,18.472124915696128,0.0541356235172641
18.5,17.9753,18.01196342934937,0.0555186559156878,2.614657867444109e-07,2.0,18.71943615846519,0.0534204124277421
20.5,17.9753,18.43500125657775,0.0542446396440137,1.788154989310376e-07,2.0,18.948271400698303,0.0527752626534126
22.5,17.9753,19.05546156552159,0.0524783929563465,1.1211304906521584e-07,2.0,19.252628913867305,0.0519409585295501
24.5,17.9753,20.17747451450529,0.0495602162342524,nan,2.0,nan,nan
26.5,17.9753,22.12085689394153,0.0452062053832046,nan,2.0,nan,nan
28.5,17.9753,25.20932082628961,0.0396678675673462,nan,nan,nan,nan
Name:	16.237767391887218_8_150_1
Lambda:	16.237767391887218	Maximal Depth:	30	Filter time:	8 to 150 [us]
Chi2:	1.2487725137209176	RelRMS:	4.753467973251986	AbsRMS:	4.594571119491064e-07	Phi model:	0.0506469557163666
depth_vector,start_model,resistivity_model,conductivity_model,E/I[V/A],modelled_thickness,rhoa,sigma
0.0,17.9753,22.688580171503947,0.0440750365356032,0.0001340121256378,1.0,18.66062461323805,0.0535887742627108
1.0,17.9753,22.31167384953271,0.0448195866766376,8.021695424578763e-05,1.0,18.45851820228959,0.0541755296411583
2.0,17.9753,21.594211973935675,0.0463087053700781,5.225021583776572e-05,1.0,18.33538201025953,0.0545393599893611
3.0,17.9753,20.613979780575185,0.0485107684515298,3.657557905135027e-05,1.0,18.156207314470727,0.0550775821557725
4.0,17.9753,19.4705126838705,0.0513597159066287,2.362930771525887e-05,1.0,17.983605429003006,0.0556062022127805
5.0,17.9753,18.27790043997008,0.0547108790358219,1.4215319498508391e-05,1.0,17.85943102480777,0.0559928252255597
6.0,17.9753,17.14540769895141,0.0583246556488218,9.307206618155323e-06,1.5,17.77974804494222,0.0562437666423776
7.5,17.9753,16.237485383925048,0.0615858906940104,6.484658165629036e-06,1.5,17.73346001401328,0.0563905746092292
9.0,17.9753,15.689839912919926,0.0637355132716517,4.144452126752825e-06,1.5,17.73764066629564,0.0563772836993005
10.5,17.9753,15.541533370861506,0.0643437153939314,2.4680037262196e-06,1.5,17.811938911886056,0.0561421193361881
12.0,17.9753,15.744266736006162,0.0635151840836805,1.5954371927803071e-06,1.5,17.90179413522579,0.0558603228506731
13.5,17.9753,16.194360314302987,0.061749891974232,1.0989294413532394e-06,1.5,18.03055542436656,0.0554614085070611
15.0,17.9753,16.771510657839496,0.0596249211177986,6.947720017509795e-07,1.5,18.20843804717907,0.0549195926311166
16.5,17.9753,17.37517483828074,0.0575533776959075,4.0751430070567883e-07,2.0,18.473339922891043,0.0541320629715074
18.5,17.9753,17.94044034732404,0.0557399919199395,2.614799026048504e-07,2.0,18.718762446200937,0.0534223350968885
20.5,17.9753,18.52384714605262,0.0539844661918999,1.7885577713167628e-07,2.0,18.945426535269927,0.0527831874430665
22.5,17.9753,19.295075714399378,0.0518266947899938,1.1216741152498285e-07,2.0,19.246407826950342,0.0519577475958771
24.5,17.9753,20.48301598717292,0.048820935385015,nan,2.0,nan,nan
26.5,17.9753,22.32920098758779,0.0447844058798106,nan,2.0,nan,nan
28.5,17.9753,25.06952245586577,0.0398890725485686,nan,nan,nan,nan
Name:	20.6913808111479_8_150_1
Lambda:	20.6913808111479	Maximal Depth:	30	Filter time:	8 to 150 [us]
Chi2:	1.253252893207928	RelRMS:	4.7520998410810735	AbsRMS:	4.744277611616138e-07	Phi model:	0.0466901695149057
depth_vector,start_model,resistivity_model,conductivity_model,E/I[V/A],modelled_thickness,rhoa,sigma
0.0,17.9753,22.45867596121944,0.0445262223706665,0.000134079741811,1.0,18.65435040613975,0.0536067983193275
1.0,17.9753,22.11287549448532,0.0452225220663584,8.02257059461388e-05,1.0,18.45717577008071,0.0541794699501649
2.0,17.9753,21.452630965796462,0.0466143291046387,5.2247185162525554e-05,1.0,18.33609105070379,0.0545372510004861
3.0,17.9753,20.545358880857904,0.0486727930039566,3.657378737761806e-05,1.0,18.15680026617128,0.0550757834717796
4.0,17.9753,19.47971968461613,0.0513354409709364,2.362900230278108e-05,1.0,17.98376039127046,0.0556057230658729
5.0,17.9753,18.35672124511901,0.0544759593310214,1.4214977619960305e-05,1.0,17.859717376853123,0.0559919274700303
6.0,17.9753,17.275435266181304,0.0578856616109475,9.306812595486967e-06,1.5,17.780249869046052,0.0562421792362388
7.5,17.9753,16.38010294329376,0.0610496773714974,6.484194189219968e-06,1.5,17.73430594888568,0.0563878847518605
9.0,17.9753,15.801232952883591,0.0632862007023008,4.1438947323857526e-06,1.5,17.739231221397013,0.0563722287352454
10.5,17.9753,15.585731069603543,0.0641612507962667,2.4675013553398915e-06,1.5,17.814356444043657,0.0561345004598443
12.0,17.9753,15.705695772295655,0.063671168377269,1.5950743949748852e-06,1.5,17.90450852709262,0.0558518542124083
13.5,17.9753,16.08324044774871,0.0621765248892972,1.0986852147500266e-06,1.5,18.03322733203617,0.0554531910227456
15.0,17.9753,16.621910416828804,0.0601615563387679,6.946514291164858e-07,1.5,18.2105449799963,0.0549132385163908
16.5,17.9753,17.238625191159997,0.0580092663371323,4.074942444745399e-07,2.0,18.473946070570765,0.0541302868472163
18.5,17.9753,17.887984221129262,0.0559034482386674,2.615088139997908e-07,2.0,18.717382771846346,0.0534262729030762
20.5,17.9753,18.59771911965478,0.0537700345706996,1.789062427840275e-07,2.0,18.94186363271691,0.0527931157878664
22.5,17.9753,19.486920739884766,0.0513164708446345,1.122273788506667e-07,2.0,19.23955116132821,0.0519762644988317
24.5,17.9753,20.723046370931304,0.048255453474385,nan,2.0,nan,nan
26.5,17.9753,22.485122936562743,0.044473850679905,nan,2.0,nan,nan
28.5,17.9753,24.94268290018452,0.0400919180988586,nan,nan,nan,nan
Name:	26.366508987303583_8_150_1
Lambda:	26.366508987303583	Maximal Depth:	30	Filter time:	8 to 150 [us]
Chi2:	1.2572512374700078	RelRMS:	4.749101452972828	AbsRMS:	4.911870656030931e-07	Phi model:	0.0439234361180197
depth_vector,start_model,resistivity_model,conductivity_model,E/I[V/A],modelled_thickness,rhoa,sigma
0.0,17.9753,22.26875372609788,0.0449059705944859,0.0001341559040298,1.0,18.647289510881382,0.0536270968183586
1.0,17.9753,21.948334724785543,0.0455615431666773,8.024115151002875e-05,1.0,18.454807154735104,0.054186423711473
2.0,17.9753,21.33468479536532,0.0468720306670402,5.2247637562523226e-05,1.0,18.335985205286253,0.0545375658195721
3.0,17.9753,20.48720099746135,0.0488109625186922,3.657299977830758e-05,1.0,18.1570609362855,0.0550749927815451
4.0,17.9753,19.48521752566058,0.0513209564472695,2.3628198785346224e-05,1.0,17.984168101375666,0.0556044624562593
5.0,17.9753,18.41973692972441,0.0542895918554772,1.4213807166804018e-05,1.0,17.860697816761334,0.0559888538655836
6.0,17.9753,17.38105242147364,0.0575339154241625,9.305704313226549e-06,1.5,17.781661558315907,0.0562377141596383
7.5,17.9753,16.49748013858271,0.0606153177091146,6.483203972305067e-06,1.5,17.736111677740606,0.0563821438525915
9.0,17.9753,15.89482779849967,0.0629135472668908,4.14303967312523e-06,1.5,17.74167187261474,0.0563644738320042
10.5,17.9753,15.62679681931236,0.0639926410743468,2.4668798757277207e-06,1.5,17.817348292067887,0.0561250744840179
12.0,17.9753,15.681379251273109,0.0637699008471346,1.5946728154692534e-06,1.5,17.90751427718436,0.0558424795603308
13.5,17.9753,16.00107719073895,0.062495792506943,1.098438069491784e-06,1.5,18.03593217851327,0.0554448747146725
15.0,17.9753,16.508953353227355,0.0605731919282762,6.945466543430575e-07,1.5,18.212376349896868,0.0549077166421318
16.5,17.9753,17.135322282023093,0.058358984064695,4.074934332696342e-07,2.0,18.473970588185832,0.054130215008543
18.5,17.9753,17.849771900642132,0.0560231248649191,2.615539082616329e-07,2.0,18.71523134585357,0.0534324145675898
20.5,17.9753,18.65763942530896,0.053597348367849,1.78969290058524e-07,2.0,18.937414813578243,0.0528055180627396
22.5,17.9753,19.6370822964914,0.0509240621850768,1.1229578571464425e-07,2.0,19.23173697067927,0.0519973833629589
24.5,17.9753,20.906646182466297,0.0478316795181939,nan,2.0,nan,nan
26.5,17.9753,22.595259643985507,0.0442570705429439,nan,2.0,nan,nan
28.5,17.9753,24.82256996097266,0.040285917274974,nan,nan,nan,nan
Name:	33.59818286283781_8_150_1
Lambda:	33.59818286283781	Maximal Depth:	30	Filter time:	8 to 150 [us]
Chi2:	1.261073905895402	RelRMS:	4.744510904927704	AbsRMS:	5.105037969107273e-07	Phi model:	0.0418512356552155
depth_vector,start_model,resistivity_model,conductivity_model,E/I[V/A],modelled_thickness,rhoa,sigma
0.0,17.9753,22.108865053431018,0.0452307252128626,0.0001342435087772,1.0,18.639176051838863,0.0536504401921427
1.0,17.9753,21.809260755615306,0.0458520814256634,8.026351014518009e-05,1.0,18.451379748692784,0.0541964890224996
2.0,17.9753,21.233896199250623,0.0470945129719194,5.225122558605577e-05,1.0,18.335145790214856,0.0545400626448076
3.0,17.9753,20.435771102647333,0.0489338031326087,3.657291303093161e-05,1.0,18.157089647457024,0.0550749056933832
4.0,17.9753,19.48646056491573,0.0513176826888944,2.3626691975793493e-05,1.0,17.984932728893533,0.0556020984384033
5.0,17.9753,18.46912379812138,0.0541444202188799,1.4211662775524206e-05,1.0,17.862494433250795,0.0559832224853497
6.0,17.9753,17.466641347866346,0.0572519913865498,9.303777524307703e-06,1.5,17.78411649850121,0.0562299510399786
7.5,17.9753,16.594722030582393,0.0602601235595933,6.481608658491793e-06,1.5,17.739021809559215,0.0563728942179393
9.0,17.9753,15.974948908643285,0.0625980092780733,4.14182861178704e-06,1.5,17.74513012064011,0.0563534892785518
10.5,17.9753,15.666624570438795,0.063829958744712,2.4661003468764883e-06,1.5,17.8211027771454,0.0561132502575792
12.0,17.9753,15.670201197145351,0.0638153899505879,1.5942075035372623e-06,1.5,17.910998631114442,0.0558316161256821
13.5,17.9753,15.943900403810488,0.0627199101018598,1.098172192985444e-06,1.5,18.03884315925594,0.0554359274134987
15.0,17.9753,16.426483816289725,0.0608773010209479,6.944499871133892e-07,1.5,18.2140664155682,0.0549026218080145
16.5,17.9753,17.058878282809868,0.0586205015020063,4.075100731172826e-07,2.0,18.473467686673445,0.0541316885904095
18.5,17.9753,17.82222433639533,0.0561097190297323,2.616160839259792e-07,2.0,18.71226598780887,0.0534408820744374
20.5,17.9753,18.70442123138149,0.0534632955294142,1.790469850145993e-07,2.0,18.93193599826836,0.0528207997370932
22.5,17.9753,19.75092477439608,0.0506305406669535,1.1237523308877277e-07,2.0,19.222671562158503,0.0520219053197884
24.5,17.9753,21.04140970697028,0.0475253328520443,nan,2.0,nan,nan
26.5,17.9753,22.665002348550072,0.0441208866701914,nan,2.0,nan,nan
28.5,17.9753,24.70367106620274,0.0404798136001781,nan,nan,nan,nan
Name:	42.81332398719393_8_150_1
Lambda:	42.81332398719393	Maximal Depth:	30	Filter time:	8 to 150 [us]
Chi2:	1.2651073904858476	RelRMS:	4.7381967962241225	AbsRMS:	5.336156362454733e-07	Phi model:	0.0401379292684435
depth_vector,start_model,resistivity_model,conductivity_model,E/I[V/A],modelled_thickness,rhoa,sigma
0.0,17.9753,21.969839321521047,0.04551694645397,0.0001343476747949,1.0,18.62954025809382,0.0536781899148336
1.0,17.9753,21.68757154974641,0.0461093579659772,8.029430192741733e-05,1.0,18.44666221023088,0.0542103492004846
2.0,17.9753,21.14422837393768,0.0472942300052243,5.225838465922074e-05,1.0,18.333471218140367,0.0545450443127503
3.0,17.9753,20.387586450245745,0.0490494547964477,3.657370862869449e-05,1.0,18.156826329118623,0.0550757044140622
4.0,17.9753,19.483004615248383,0.0513267855624973,2.3624534265967285e-05,1.0,17.98602779599458,0.0555987131423591
5.0,17.9753,18.50693440993457,0.0540338004041986,1.4208518662250684e-05,1.0,17.865129455057374,0.0559749652257299
6.0,17.9753,17.5363982526092,0.0570242523918052,9.300990678502712e-06,1.5,17.787668744886396,0.056218721764058
7.5,17.9753,16.67662480399721,0.0599641721123515,6.479366643825664e-06,1.5,17.74311365535956,0.0563598937268789
9.0,17.9753,16.045736105852537,0.0623218525721147,4.14022449118094e-06,1.5,17.749713365038836,0.0563389379554531
10.5,17.9753,15.707060073885378,0.0636656379549094,2.465136600801757e-06,1.5,17.82574725240925,0.0560986300232011
12.0,17.9753,15.670880519450568,0.0638126235956434,1.5936626333746803e-06,1.5,17.91508088897314,0.055818893936198
13.5,17.9753,15.90812144245332,0.0628609734730427,1.097878860888385e-06,1.5,18.04205610395227,0.0554260553363949
15.0,17.9753,16.36968589071947,0.0610885270906104,6.943590326822556e-07,1.5,18.215656960522622,0.0548978278503609
16.5,17.9753,17.00462484685033,0.0588075308338968,4.075461236367392e-07,2.0,18.472378259184563,0.0541348810623664
18.5,17.9753,17.803185916806637,0.0561697217943433,2.616990228325503e-07,2.0,18.70831219169658,0.0534521762173626
20.5,17.9753,18.73952022329959,0.0533631591462336,1.791435235364027e-07,2.0,18.92513390919269,0.0528397846376273
22.5,17.9753,19.83346718359841,0.0504198277962697,1.124698332112752e-07,2.0,19.21189105891005,0.0520510967365818
24.5,17.9753,21.133651152765143,0.0473179003841538,nan,2.0,nan,nan
26.5,17.9753,22.69812021548101,0.0440565117510462,nan,2.0,nan,nan
28.5,17.9753,24.580121256369445,0.0406832818101281,nan,nan,nan,nan
Name:	54.5559478116852_8_150_1
Lambda:	54.5559478116852	Maximal Depth:	30	Filter time:	8 to 150 [us]
Chi2:	1.2698424635423182	RelRMS:	4.730129483072798	AbsRMS:	5.61769067165001e-07	Phi model:	0.0385613334062782
depth_vector,start_model,resistivity_model,conductivity_model,E/I[V/A],modelled_thickness,rhoa,sigma
0.0,17.9753,21.844247027030946,0.0457786436292612,0.000134473139654,1.0,18.617950750270857,0.0537116041079575
1.0,17.9753,21.576752466612515,0.0463461775143123,8.033480478019612e-05,1.0,18.44046145045047,0.0542285778849407
2.0,17.9753,21.060823647503483,0.0474815238348258,5.2269337341609423e-05,1.0,18.33091002629653,0.0545526653376975
3.0,17.9753,20.339940709035304,0.0491643517700022,3.657536550642632e-05,1.0,18.156277984297883,0.0550773677768555
4.0,17.9753,19.4743515931158,0.0513495915496103,2.3621610229564355e-05,1.0,17.987512050300772,0.0555941253689544
5.0,17.9753,18.53488151206979,0.0539523276341856,1.4204235329426605e-05,1.0,17.868720799386164,0.0559637150989763
6.0,17.9753,17.593662190048803,0.0568386495772103,9.297226294650266e-06,1.5,17.792469825201806,0.0562035518297504
7.5,17.9753,16.747285786150957,0.0597111682913384,6.476385424200887e-06,1.5,17.748558262476642,0.056342604577306
9.0,17.9753,16.110721970345168,0.0620704647402325,4.13816132004552e-06,1.5,17.755612547648404,0.0563202197229992
10.5,17.9753,15.750075783956586,0.0634917579900551,2.463948600531253e-06,1.5,17.831476617369567,0.0560806051825177
12.0,17.9753,15.683449113748187,0.0637614846547622,1.593015279956258e-06,1.5,17.91993399309209,0.0558037769773866
13.5,17.9753,15.891604949696866,0.0629263062582659,1.097545499128378e-06,1.5,18.04570924158427,0.0554148349955464
15.0,17.9753,16.33495702708326,0.0612184040853003,6.94269640173454e-07,1.5,18.21722053010169,0.054893116013369
16.5,17.9753,16.968953800115205,0.0589311522548438,4.076028368356119e-07,2.0,18.4706647415756,0.0541399031378172
18.5,17.9753,17.79076391829288,0.0562089410321372,2.618060376480184e-07,2.0,18.70321375314132,0.0534667471162299
20.5,17.9753,18.76396651237662,0.0532936359346199,1.79262858739571e-07,2.0,18.91673400838689,0.0528632479346932
22.5,17.9753,19.888346735875324,0.0502807002150743,1.1258352240529385e-07,2.0,19.198955168385897,0.0520861677747264
24.5,17.9753,21.18815633388916,0.0471961781026016,nan,2.0,nan,nan
26.5,17.9753,22.697118468504417,0.0440584562039294,nan,2.0,nan,nan
28.5,17.9753,24.44671223596849,0.040905295990219,nan,nan,nan,nan
Name:	69.51927961775606_8_150_1
Lambda:	69.51927961775606	Maximal Depth:	30	Filter time:	8 to 150 [us]
Chi2:	1.275933074005481	RelRMS:	4.720438110086682	AbsRMS:	5.961685566807259e-07	Phi model:	0.0369706975506208
depth_vector,start_model,resistivity_model,conductivity_model,E/I[V/A],modelled_thickness,rhoa,sigma
0.0,17.9753,21.72593595049611,0.0460279364846956,0.0001346241378944,1.0,18.604026533085413,0.0537518046548471
1.0,17.9753,21.471439459667724,0.0465734960098234,8.038605588718413e-05,1.0,18.432622657127624,0.0542516395307053
2.0,17.9753,20.979698244348548,0.0476651278942668,5.2284136671205226e-05,1.0,18.327450749145505,0.0545629620664305
3.0,17.9753,20.29063652778508,0.0492838161400528,3.6577711103554064e-05,1.0,18.155501778107816,0.055079722511763
4.0,17.9753,19.460207218220123,0.0513869142700455,2.361767859418989e-05,1.0,17.989508249218815,0.0555879563880477
5.0,17.9753,18.55441854972463,0.053895518057872,1.4198583659800683e-05,1.0,17.873462183483426,0.0559488693200181
6.0,17.9753,17.64124172300586,0.0566853521822052,9.292303220798278e-06,1.5,17.79875358558294,0.0561837094486213
7.5,17.9753,16.810153165857525,0.0594878577329719,6.47252699010117e-06,1.5,17.75561113279997,0.0563202242108523
9.0,17.9753,16.173039446050215,0.0618312966672581,4.135544781205342e-06,1.5,17.76310101727977,0.0562964765570611
10.5,17.9753,15.797889771963478,0.0632995934542283,2.462480902014942e-06,1.5,17.838561242922108,0.056058332641416
12.0,17.9753,15.708272382765688,0.0636607244662467,1.592233621245785e-06,1.5,17.92579834469048,0.0557855210000281
13.5,17.9753,15.892978129819191,0.0629208693192467,1.0971541156202544e-06,1.5,18.05000057011736,0.0554016602999751
15.0,17.9753,16.319789784291473,0.0612752990827458,6.941748087185459e-07,1.5,18.21887959942549,0.0548881172710276
16.5,17.9753,16.949244440144255,0.0589996801055923,4.076801672848915e-07,2.0,18.468328940005144,0.0541467505397227
18.5,17.9753,17.783676381041506,0.056231342641056,2.6193978779167585e-07,2.0,18.69684646167541,0.0534849554468872
20.5,17.9753,18.778702003497283,0.0532518168621965,1.7940859103593377e-07,2.0,18.906488670545794,0.0528918942816647
22.5,17.9753,19.9185611729577,0.0502044294925098,1.127200784241873e-07,2.0,19.183446174417444,0.0521282772087934
24.5,17.9753,21.20852254008435,0.0471508563649348,nan,2.0,nan,nan
26.5,17.9753,22.66349068026081,0.0441238295595377,nan,2.0,nan,nan
28.5,17.9753,24.29849213024244,0.0411548171236262,nan,nan,nan,nan
Name:	88.58667904100822_8_150_1
Lambda:	88.58667904100822	Maximal Depth:	30	Filter time:	8 to 150 [us]
Chi2:	1.2842829721071052	RelRMS:	4.709216637911986	AbsRMS:	6.385024673768976e-07	Phi model:	0.0352591517336971
depth_vector,start_model,resistivity_model,conductivity_model,E/I[V/A],modelled_thickness,rhoa,sigma
0.0,17.9753,21.60907635447964,0.0462768506897656,0.00013480696762,1.0,18.587201792592257,0.0538004596473762
1.0,17.9753,21.366444980185733,0.0468023576653652,8.045024747211331e-05,1.0,18.422816375564143,0.0542805171377809
2.0,17.9753,20.89690919170081,0.0478539668630588,5.230351362624505e-05,1.0,18.3229239389213,0.0545764422388838
3.0,17.9753,20.23737345872987,0.0494135270092881,3.6580990883253696e-05,1.0,18.15441657083553,0.0550830149841591
4.0,17.9753,19.440043188345705,0.0514402149373567,2.3612723569120527e-05,1.0,17.992024840096565,0.0555801811573439
5.0,17.9753,18.566772896388112,0.0538596559337748,1.4191444607773726e-05,1.0,17.87945588293252,0.055930113676143
6.0,17.9753,17.68177242974559,0.0565554162611959,9.286102183998536e-06,1.5,17.80667642508436,0.0561587112680553
7.5,17.9753,16.868513822285383,0.0592820452670155,6.46769274637304e-06,1.5,17.764457591226318,0.0562921775046984
9.0,17.9753,16.235667920194874,0.061592784781964,4.132304669799625e-06,1.5,17.772385087080615,0.0562670679877928
10.5,17.9753,15.8521578750775,0.0630828943214212,2.4606929576713966e-06,1.5,17.847201219289158,0.0560311943431895
12.0,17.9753,15.7458394276019,0.0635088401985756,1.5912962915125355e-06,1.5,17.932836939480183,0.0557636253190058
13.5,17.9753,15.911438275647496,0.0628478697322103,1.0966945921646345e-06,1.5,18.05504227730239,0.0553861898876378
15.0,17.9753,16.322551511627204,0.0612649314837609,6.94073150992725e-07,1.5,18.220658513416705,0.0548827584504508
16.5,17.9753,16.9437580112223,0.0590187843415654,4.077818495233842e-07,2.0,18.465258705135643,0.0541557535677458
18.5,17.9753,17.781183590234757,0.0562392258605996,2.621056337170452e-07,2.0,18.68895874390577,0.0535075288946253
20.5,17.9753,18.784566588439496,0.0532351915223546,1.795863329044382e-07,2.0,18.89401174040856,0.0529268221984483
22.5,17.9753,19.92635340434439,0.0501847969725347,1.1288466813599185e-07,2.0,19.164794892581185,0.0521790087295484
24.5,17.9753,21.197229564855647,0.0471759763199417,nan,2.0,nan,nan
26.5,17.9753,22.59767712996123,0.0442523359480229,nan,2.0,nan,nan
28.5,17.9753,24.13036343676917,0.041441563970654,nan,nan,nan,nan
Name:	112.88378916846884_8_150_1
Lambda:	112.88378916846884	Maximal Depth:	30	Filter time:	8 to 150 [us]
Chi2:	1.2961099470650428	RelRMS:	4.696871590727956	AbsRMS:	6.903582762614661e-07	Phi model:	0.0333558915413434
depth_vector,start_model,resistivity_model,conductivity_model,E/I[V/A],modelled_thickness,rhoa,sigma
0.0,17.9753,21.48893561178656,0.0465355761711857,0.0001350271660051,1.0,18.566988649954723,0.0538590300696089
1.0,17.9753,21.25757101361061,0.0470420632423021,8.05291714705382e-05,1.0,18.41077734332368,0.0543160118311153
2.0,17.9753,20.80927141928097,0.0480555027540965,5.232794091878192e-05,1.0,18.317221258924057,0.054593433461574
3.0,17.9753,20.17827929446962,0.0495582396004438,3.658525577159665e-05,1.0,18.15300565520169,0.0550872962303877
4.0,17.9753,19.413446716399303,0.051510688164161,2.360659342481504e-05,1.0,17.99513947657925,0.0555705612230182
5.0,17.9753,18.572894635569345,0.0538419034631725,1.4182615090574227e-05,1.0,17.886875792754232,0.0559069125087282
6.0,17.9753,17.71735258643712,0.0564418411340706,9.278449165255743e-06,1.5,17.816466574224034,0.0561278520538269
7.5,17.9753,16.925061044544297,0.0590839818756426,6.461746981383547e-06,1.5,17.775353210088927,0.0562576725300974
9.0,17.9753,16.301264503408085,0.0613449343019329,4.128348571296278e-06,1.5,17.783737177845204,0.0562311504044149
10.5,17.9753,15.914979864557807,0.0628338840834458,2.4585322333867694e-06,1.5,17.857656572597868,0.0559983890346774
12.0,17.9753,15.797049528170133,0.0633029603545109,1.5901747587319107e-06,1.5,17.94126783717354,0.0557374210716615
13.5,17.9753,15.946745805210208,0.0627087188956931,1.0961521557535857e-06,1.5,18.060998205175967,0.0553679253294769
15.0,17.9753,16.34220709278724,0.0611912451189874,6.939604746530084e-07,1.5,18.222630750193776,0.0548768184851337
16.5,17.9753,16.95125107423092,0.0589926959149456,4.079099885310777e-07,2.0,18.46139144047516,0.0541670980339855
18.5,17.9753,17.782721578539164,0.0562343618541965,2.623078551079146e-07,2.0,18.679352237856264,0.0535350470008999
20.5,17.9753,18.78219104207008,0.0532419246380844,1.7980091897015358e-07,2.0,18.87897585680081,0.0529689749902279
22.5,17.9753,19.91340046937638,0.05021744033812,1.1308192763515477e-07,2.0,19.14250109863314,0.0522397775947576
24.5,17.9753,21.15601730762493,0.0472678758699817,nan,2.0,nan,nan
26.5,17.9753,22.49967624169409,0.0444450839762264,nan,2.0,nan,nan
28.5,17.9753,23.93789484183661,0.0417747678568745,nan,nan,nan,nan
Name:	143.8449888287663_8_150_1
Lambda:	143.8449888287663	Maximal Depth:	30	Filter time:	8 to 150 [us]
Chi2:	1.3130268096136724	RelRMS:	4.684120226399291	AbsRMS:	7.532740416377054e-07	Phi model:	0.0312183083771349
depth_vector,start_model,resistivity_model,conductivity_model,E/I[V/A],modelled_thickness,rhoa,sigma
0.0,17.9753,21.361552739605017,0.0468130763802561,0.0001352899781448,1.0,18.54293556883901,0.0539288936364788
1.0,17.9753,21.141306731710124,0.0473007658746129,8.06245703511234e-05,1.0,18.39625146456088,0.0543589003404542
2.0,17.9753,20.71410939205225,0.0482762730018065,5.235790012204117e-05,1.0,18.31023318006424,0.054614268980953
3.0,17.9753,20.1118153546442,0.0497220157587157,3.659056809418262e-05,1.0,18.151248609409823,0.0550926286956142
4.0,17.9753,19.38010138012801,0.0515993172783596,2.359914393157627e-05,1.0,17.998926269819037,0.0555588697352919
5.0,17.9753,18.573622848480408,0.0538397924927077,1.4171897029323751e-05,1.0,17.895893097588697,0.0558787423766372
6.0,17.9753,17.749818786757512,0.0563386033409007,9.269173170197636e-06,1.5,17.82835097862556,0.0560904371469297
7.5,17.9753,16.982169864290757,0.0588852901596956,6.454555935890001e-06,1.5,17.788553152564706,0.0562159266930499
9.0,17.9753,16.37216691459768,0.061079269788557,4.12358545783728e-06,1.5,17.797429090698497,0.0561878906725147
10.5,17.9753,15.988112985106095,0.0625464681749222,2.4559470922887144e-06,1.5,17.870185742305736,0.0559591273655655
12.0,17.9753,15.86287849698353,0.0630402609583222,1.588840986856603e-06,1.5,17.951307109784583,0.0557062499061663
13.5,17.9753,15.999023320920571,0.0625038153855544,1.095512270253365e-06,1.5,18.068030438047767,0.0553463756566512
15.0,17.9753,16.378243877178612,0.0610566070147115,6.938326007274585e-07,1.5,18.224869645430672,0.0548700769583128
16.5,17.9753,16.97104693123419,0.0589238839567145,4.0806654953279204e-07,2.0,18.456669140820907,0.0541809571580976
18.5,17.9753,17.78802796974028,0.0562175864407863,2.625505363983784e-07,2.0,18.667839970540182,0.0535680615206743
20.5,17.9753,18.77217977806552,0.0532703187281669,1.8005697878131305e-07,2.0,18.86107302949509,0.0530192528514253
22.5,17.9753,19.88099802861118,0.0502992857079346,1.1331630278911349e-07,2.0,19.11609669164302,0.0523119346031122
24.5,17.9753,21.086131248831595,0.0474245364500143,nan,2.0,nan,nan
26.5,17.9753,22.36927876217377,0.0447041681867271,nan,2.0,nan,nan
28.5,17.9753,23.71729892126039,0.0421633173035396,nan,nan,nan,nan
Name:	183.29807108324357_8_150_1
Lambda:	183.2980710832436	Maximal Depth:	30	Filter time:	8 to 150 [us]
Chi2:	1.3370887673255631	RelRMS:	4.6721044045261895	AbsRMS:	8.286048406311376e-07	Phi model:	0.0288308184178646
depth_vector,start_model,resistivity_model,conductivity_model,E/I[V/A],modelled_thickness,rhoa,sigma
0.0,17.9753,21.22383763603364,0.0471168323631636,0.0001355999312985,1.0,18.51466793819023,0.0540112306274366
1.0,17.9753,21.014945336523617,0.0475851820685927,8.073795244600212e-05,1.0,18.379024588713804,0.0544098515768938
2.0,17.9753,20.609384172235497,0.0485215856836313,5.239381027297678e-05,1.0,18.30186580019613,0.0546392379289156
3.0,17.9753,20.03675026028905,0.0499082928623363,3.65969831524253e-05,1.0,18.14912740142927,0.0550990677337605
4.0,17.9753,19.339774380774223,0.0517069113791785,2.3590250519409185e-05,1.0,18.00344965865753,0.0555449105010338
5.0,17.9753,18.56973565916407,0.0538510627374765,1.4159118439750443e-05,1.0,17.906658828511784,0.0558451473039602
6.0,17.9753,17.780701463709963,0.0562407507960796,9.258125146063614e-06,1.5,17.842531596176734,0.0560458584371669
7.5,17.9753,17.041810704959442,0.0586792106374579,6.446002532252584e-06,1.5,17.804285801850877,0.0561662518299971
9.0,17.9753,16.450382301101396,0.0607888608116449,4.117935149207407e-06,1.5,17.813705530316614,0.0561365516174122
10.5,17.9753,16.073294564280417,0.0622149986737811,2.4528915256513424e-06,1.5,17.885023254810037,0.0559127033693432
12.0,17.9753,15.94428997135172,0.0627183776635255,1.587269542037363e-06,1.5,17.963153380019317,0.0556695129660427
13.5,17.9753,16.068463339666945,0.0622337045466805,1.0947613417859186e-06,1.5,18.076291750214228,0.0553210809948422
15.0,17.9753,16.430337411037282,0.060863022772024,6.936851002632158e-07,1.5,18.22745302846285,0.0548623002038991
16.5,17.9753,17.002663595625876,0.0588143142617525,4.082526363496622e-07,2.0,18.45106018944189,0.0541974276671766
18.5,17.9753,17.797021508212826,0.0561891774721139,2.628367680455215e-07,2.0,18.654284543687904,0.0536069875881877
20.5,17.9753,18.755151343720584,0.0533186846468615,1.803581829296617e-07,2.0,18.84006810187948,0.0530783643982815
22.5,17.9753,19.830408809692624,0.050427603868218,1.1359141049136224e-07,2.0,19.085219295210404,0.0523965684927161
24.5,17.9753,20.98888322436029,0.0476442690785649,nan,2.0,nan,nan
26.5,17.9753,22.20660336489357,0.0450316504315513,nan,2.0,nan,nan
28.5,17.9753,23.46594414950429,0.0426149484388474,nan,nan,nan,nan
Name:	233.57214690901213_8_150_1
Lambda:	233.57214690901213	Maximal Depth:	30	Filter time:	8 to 150 [us]
Chi2:	1.3707781518218147	RelRMS:	4.662421919615175	AbsRMS:	9.173043353738984e-07	Phi model:	0.0262058308659388
depth_vector,start_model,resistivity_model,conductivity_model,E/I[V/A],modelled_thickness,rhoa,sigma
0.0,17.9753,21.07369124541665,0.0474525316117787,0.0001359600724468,1.0,18.48195813421309,0.0541068209730893
1.0,17.9753,20.87666160089641,0.0479003788592837,8.08703159598659e-05,1.0,18.35896468293324,0.0544693024508955
2.0,17.9753,20.493790467767163,0.0487952680873169,5.243594119364709e-05,1.0,18.292061103495428,0.0546685250143249
3.0,17.9753,19.95250020979328,0.0501190321756854,3.660453298193292e-05,1.0,18.14663176282732,0.0551066453030948
4.0,17.9753,19.292586298182748,0.0518333822404202,2.357982737425704e-05,1.0,18.00875472285179,0.0555285479418004
5.0,17.9753,18.5619457082552,0.0538736625845889,1.4144160813132984e-05,1.0,17.91928094798008,0.0558058106741567
6.0,17.9753,17.81132382705683,0.0561440581121162,9.24520132158933e-06,1.5,17.85915571987323,0.055993688373926
7.5,17.9753,17.105607235021104,0.0584603625150853,6.43600424316118e-06,1.5,17.82272025604606,0.0561081577690569
9.0,17.9753,16.53743622078087,0.0604688651039757,4.111340052122964e-06,1.5,17.832750696242783,0.0560765984470747
10.5,17.9753,16.171572506196437,0.0618369054473108,2.449331564760761e-06,1.5,17.902348953175764,0.0558585916638948
12.0,17.9753,16.04192527693215,0.0623366573984715,1.5854410151978505e-06,1.5,17.976962281263983,0.0556267507465498
13.5,17.9753,16.155246363677822,0.0618993964863526,1.0938885011916096e-06,1.5,18.08590615102501,0.055291672512816
15.0,17.9753,16.49831513666921,0.0606122499004396,6.935138689732582e-07,1.5,18.230453191365324,0.0548532715837059
16.5,17.9753,17.0458583269974,0.0586652769732451,4.084683783672481e-07,2.0,18.444562714714813,0.0542165198203486
18.5,17.9753,17.809833046427837,0.0561487576774658,2.631683038329796e-07,2.0,18.638614312658422,0.0536520571339281
20.5,17.9753,18.73186014676509,0.0533849811051838,1.8070684045461442e-07,2.0,18.815826829452245,0.0531467476324085
22.5,17.9753,19.76296826166302,0.0505996865835097,1.1390965043727057e-07,2.0,19.04965595912067,0.0524943863629839
24.5,17.9753,20.86570805531055,0.0479255243746923,nan,2.0,nan,nan
26.5,17.9753,22.012483211203755,0.0454287683222866,nan,2.0,nan,nan
28.5,17.9753,23.18271607714445,0.0431355841426142,nan,nan,nan,nan
Name:	297.63514416313194_8_150_1
Lambda:	297.63514416313194	Maximal Depth:	30	Filter time:	8 to 150 [us]
Chi2:	1.4168889402778408	RelRMS:	4.65708653285702	AbsRMS:	1.0198911005599825e-06	Phi model:	0.0233844068055283
depth_vector,start_model,resistivity_model,conductivity_model,E/I[V/A],modelled_thickness,rhoa,sigma
0.0,17.9753,20.910126392602283,0.0478237185765546,0.0001363719473175,1.0,18.44472618040084,0.0542160393284986
1.0,17.9753,20.72559843360673,0.0482495115016071,8.102220241560332e-05,1.0,18.336013360567023,0.0545374820761515
2.0,17.9753,20.36676633101091,0.0490995960648587,5.248449959389736e-05,1.0,18.280776879867204,0.0547022703997503
3.0,17.9753,19.85889383874646,0.050355271956231,3.661332245666668e-05,1.0,18.14372743305537,0.0551154664161311
4.0,17.9753,19.238821056710325,0.051978236974724,2.3567918002667145e-05,1.0,18.0148210172366,0.0555098493092548
5.0,17.9753,18.55100178413109,0.0539054446566557,1.4127030579289525e-05,1.0,17.933763796703104,0.0557607433295088
6.0,17.9753,17.842727346450225,0.0560452435652416,9.230396631706087e-06,1.5,17.878246891812474,0.0559338958708507
7.5,17.9753,17.174706014522634,0.0582251596711127,6.424552495620067e-06,1.5,17.84389326962615,0.0560415815590086
9.0,17.9753,16.63437544949569,0.0601164740471405,4.1037905594549e-06,1.5,17.854614543745285,0.0560079299135759
10.5,17.9753,16.28367038634222,0.0614112160387833,2.445259315878363e-06,1.5,17.92221940209996,0.0557966609806612
12.0,17.9753,16.155983221902773,0.0618965733168312,1.5833498652666774e-06,1.5,17.992787064863997,0.0555778266254694
13.5,17.9753,16.259134552763708,0.0615038885836651,1.0928900147759723e-06,1.5,18.096920240704588,0.0552580210720465
15.0,17.9753,16.581699742796605,0.060307448302121,6.933169482689221e-07,1.5,18.2339049880966,0.0548428875028589
16.5,17.9753,17.100207442519142,0.0584788227488709,4.087132076069218e-07,2.0,18.437196148714925,0.0542381819846126
18.5,17.9753,17.826513295786786,0.0560962193451674,2.63545260738342e-07,2.0,18.620837150274035,0.0537032783182513
20.5,17.9753,18.703161767885767,0.0534668957265315,1.8110339316584577e-07,2.0,18.788350102248284,0.0532244712578746
22.5,17.9753,19.68037693030121,0.0508120349290837,1.1427164379692734e-07,2.0,19.0094039497726,0.052605542111801
24.5,17.9753,20.71885489309517,0.0482652156772072,nan,2.0,nan,nan
26.5,17.9753,21.7889759685582,0.0458947681360984,nan,2.0,nan,nan
28.5,17.9753,22.868573800938623,0.0437281313957128,nan,nan,nan,nan
Name:	379.26901907322497_8_150_1
Lambda:	379.26901907322497	Maximal Depth:	30	Filter time:	8 to 150 [us]
Chi2:	1.478243014194241	RelRMS:	4.65837967385703	AbsRMS:	1.136239801199235e-06	Phi model:	0.0204362323093785
depth_vector,start_model,resistivity_model,conductivity_model,E/I[V/A],modelled_thickness,rhoa,sigma
0.0,17.9753,20.73336420590297,0.0482314394359257,0.0001368347836853,1.0,18.403110495238508,0.0543386402129538
1.0,17.9753,20.562065248076287,0.0486332470953303,8.119341278560963e-05,1.0,18.31022785360805,0.0546142848682764
2.0,17.9753,20.228716571143377,0.0494346735485195,5.253955244966336e-05,1.0,18.26800447296628,0.0547405164849745
3.0,17.9753,19.7564326611293,0.0506164254019145,3.662352918074082e-05,1.0,18.14035625562629,0.0551257089942677
4.0,17.9753,19.17907244488127,0.0521401649049452,2.3554732007553773e-05,1.0,18.02154354994466,0.0554891426047171
5.0,17.9753,18.537592627721832,0.0539444371274272,1.4107901780033958e-05,1.0,17.949970973651386,0.0557103964941164
6.0,17.9753,17.875698160566145,0.0559418709701646,9.21383996461092e-06,1.5,17.899657841997016,0.055866989683666
7.5,17.9753,17.249782856307043,0.0579717442433989,6.411739506355152e-06,1.5,17.867657754690104,0.0559670446865095
9.0,17.9753,16.74152655681285,0.0597317094475507,4.0953426440930445e-06,1.5,17.87915989944801,0.0559310395803817
10.5,17.9753,16.4094851635001,0.0609403640660413,2.440702564383349e-06,1.5,17.944519459046344,0.0557273212181712
12.0,17.9753,16.28592640449341,0.0614027090116342,1.5810095255739069e-06,1.5,18.010538951017395,0.0555230469626513
13.5,17.9753,16.37924742333357,0.0610528661149241,1.0917719043496993e-06,1.5,18.109273799749303,0.0552203258428752
15.0,17.9753,16.67952745093049,0.059953736875454,6.930953004345192e-07,1.5,18.23779217857202,0.0548311983275542
16.5,17.9753,17.164998745385137,0.0582580875672276,4.089855807862264e-07,2.0,18.42900946189748,0.0542622761178526
18.5,17.9753,17.847057921330574,0.0560316442299889,2.639654919081852e-07,2.0,18.60106907672312,0.0537603508634551
20.5,17.9753,18.670089230792737,0.0535616079622528,1.8154570232887762e-07,2.0,18.75782101264617,0.0533110961729413
22.5,17.9753,19.58479763859737,0.0510600118751912,1.146755520309728e-07,2.0,18.964741311191435,0.0527294300297089
24.5,17.9753,20.5514735579046,0.0486583113946773,nan,2.0,nan,nan
26.5,17.9753,21.53976015443311,0.0464257722848501,nan,2.0,nan,nan
28.5,17.9753,22.526975645033943,0.0443912230277768,nan,nan,nan,nan
Name:	483.2930238571752_8_150_1
Lambda:	483.2930238571752	Maximal Depth:	30	Filter time:	8 to 150 [us]
Chi2:	1.556098916124149	RelRMS:	4.667535032211133	AbsRMS:	1.2655608246049003e-06	Phi model:	0.0174933051638464
depth_vector,start_model,resistivity_model,conductivity_model,E/I[V/A],modelled_thickness,rhoa,sigma
0.0,17.9753,20.55473189865624,0.0486505980681448,0.0001373451138361,1.0,18.35749553507871,0.0544736616217138
1.0,17.9753,20.39608240924268,0.049029023316107,8.138660975825869e-05,1.0,18.28123961557872,0.0547008857729664
2.0,17.9753,20.0871720195116,0.0497830156992061,5.260496708474298e-05,1.0,18.25285707385824,0.0547859436993127
3.0,17.9753,19.649248737598867,0.0508925309743012,3.663866989596454e-05,1.0,18.135358314213075,0.0551409011431705
4.0,17.9753,19.11357879146499,0.0523188258415813,2.354298741753549e-05,1.0,18.02753650354281,0.0554706961654731
5.0,17.9753,18.518105286488083,0.05400120501149,1.4088592991707878e-05,1.0,17.96636783549189,0.0556595528465434
6.0,17.9753,17.90336954265399,0.0558554074202369,9.196736190698012e-06,1.5,17.921843747792636,0.0557978305174748
7.5,17.9753,17.322318817289016,0.0577289917445649,6.398377298601981e-06,1.5,17.89252534434161,0.0558892599426298
9.0,17.9753,16.85068978981756,0.059344751607989,4.086478285174073e-06,1.5,17.905006123080685,0.0558503020398823
10.5,17.9753,16.54263257131628,0.0604498707015911,2.435910134338329e-06,1.5,17.9680478803947,0.0556543485779064
12.0,17.9753,16.427877419575484,0.060872136701507,1.57855420574063e-06,1.5,18.029210119592204,0.0554655469300514
13.5,17.9753,16.514163025708562,0.0605540830887548,1.090609225938371e-06,1.5,18.1221421561738,0.0551811144279829
15.0,17.9753,16.792378553503532,0.0595508252040543,6.928820750045121e-07,1.5,18.241533615289384,0.0548199521536849
16.5,17.9753,17.242380171555773,0.0579966332983232,4.092945250301042e-07,2.0,18.41973455503062,0.0542895988545551
18.5,17.9753,17.87482825317517,0.0559445934716808,2.64429082923417e-07,2.0,18.579322073557805,0.0538232770841087
20.5,17.9753,18.637136408190244,0.0536563116831908,1.820304888005649e-07,2.0,18.72450212908062,0.0534059593737833
22.5,17.9753,19.48187124397709,0.0513297715335817,1.1511677144241209e-07,2.0,18.916251612432745,0.0528645960356515
24.5,17.9753,20.3702244725828,0.0490912606950377,nan,2.0,nan,nan
26.5,17.9753,21.272167923368738,0.0470097830932145,nan,2.0,nan,nan
28.5,17.9753,22.1653140564507,0.0451155349052666,nan,nan,nan,nan
Name:	615.8482110660261_8_150_1
Lambda:	615.8482110660261	Maximal Depth:	30	Filter time:	8 to 150 [us]
Chi2:	1.653778230103893	RelRMS:	4.688537996797625	AbsRMS:	1.405341875210165e-06	Phi model:	0.0145877894581402
depth_vector,start_model,resistivity_model,conductivity_model,E/I[V/A],modelled_thickness,rhoa,sigma
0.0,17.9753,20.35898912638424,0.0491183522812559,0.0001378935652583,1.0,18.30878704764009,0.0546185827274065
1.0,17.9753,20.21450630604664,0.04946942482097,8.159128031529257e-05,1.0,18.25065466800158,0.0547925550173975
2.0,17.9753,19.93312302503032,0.0501677533793518,5.267216156708662e-05,1.0,18.237330184907456,0.0548325873283559
3.0,17.9753,19.53400906242609,0.0511927683049718,3.665243381490465e-05,1.0,18.13081783852257,0.0551547100029486
4.0,17.9753,19.04543891898728,0.0525060096673883,2.35286218133156e-05,1.0,18.034873669606224,0.0554481289040176
5.0,17.9753,18.501720703073445,0.0540490269012591,1.4066775755146036e-05,1.0,17.984939977843368,0.0556020760276072
6.0,17.9753,17.939620919162973,0.0557425379558498,9.17768779352659e-06,1.5,17.946633173605274,0.0557207577781627
7.5,17.9753,17.4076405948354,0.0574460389707658,6.38358169563805e-06,1.5,17.92016171476615,0.0558030678470944
9.0,17.9753,16.974822981093137,0.0589107763370385,4.076694599370018e-06,1.5,17.933641570506722,0.055761123365183
10.5,17.9753,16.690900279347872,0.059912885660058,2.4306189527269235e-06,1.5,17.99411469606313,0.0555737260149167
12.0,17.9753,16.583597439015904,0.0603005471929341,1.5758295389729097e-06,1.5,18.04998624341955,0.0554017042735735
13.5,17.9753,16.6605379899752,0.0600220713521801,1.0893021716546786e-06,1.5,18.136635770981155,0.0551370172852019
15.0,17.9753,16.913722606733618,0.0591235899542235,6.926166166163238e-07,1.5,18.24619425892842,0.0548059494385065
16.5,17.9753,17.32471260525162,0.05772101522174,4.096046538476935e-07,2.0,18.410435813674702,0.05431701944053
18.5,17.9753,17.903250242099638,0.0558557796197526,2.649126545243686e-07,2.0,18.556705391039458,0.0538888762270738
20.5,17.9753,18.6000867375344,0.0537631901458841,1.825410282551518e-07,2.0,18.68957278062353,0.0535057709310912
22.5,17.9753,19.37026189818976,0.0516255281036471,1.1558403076397633e-07,2.0,18.865236716814422,0.0530075511381581
24.5,17.9753,20.176622692663013,0.0495623085801985,nan,2.0,nan,nan
26.5,17.9753,20.990347052465392,0.0476409464550776,nan,2.0,nan,nan
28.5,17.9753,21.789951807190896,0.0458927127902132,nan,nan,nan,nan
Name:	784.7599703514607_8_150_1
Lambda:	784.7599703514607	Maximal Depth:	30	Filter time:	8 to 150 [us]
Chi2:	1.7703547305725595	RelRMS:	4.721907522970499	AbsRMS:	1.551364130564704e-06	Phi model:	0.01186056664244
depth_vector,start_model,resistivity_model,conductivity_model,E/I[V/A],modelled_thickness,rhoa,sigma
0.0,17.9753,20.16030436088321,0.0496024257421573,0.0001384638779414,1.0,18.25847830877135,0.054769076759239
1.0,17.9753,20.030183226091285,0.049924655641562,8.180397588732055e-05,1.0,18.21900569651468,0.0548877373802732
2.0,17.9753,19.77665676739663,0.0505646637731296,5.274183749130112e-05,1.0,18.221264725391325,0.0548809325296997
3.0,17.9753,19.416905498427514,0.051501512436211,3.666652579153051e-05,1.0,18.12617208558434,0.0551688462008641
4.0,17.9753,18.976274899373003,0.0526973816148205,2.351346687826727e-05,1.0,18.042622080026305,0.0554243166854904
5.0,17.9753,18.48551677691349,0.0540964048810849,1.404390133696403e-05,1.0,18.004463680946415,0.0555417821780645
6.0,17.9753,17.977597284944714,0.0556247859015869,9.157722942748674e-06,1.5,17.97270747117741,0.0556399196728532
7.5,17.9753,17.496512526075833,0.0571542470826489,6.36806526079369e-06,1.5,17.94925943004465,0.0557126049627504
9.0,17.9753,17.104445105196465,0.0584643344960774,4.06641946836447e-06,1.5,17.963838979926287,0.0556673883081145
10.5,17.9753,16.8463997931469,0.0593598639637413,2.425043929161604e-06,1.5,18.02168236584643,0.0554887151876085
12.0,17.9753,16.747737699034627,0.0597095570739468,1.5729423918285913e-06,1.5,18.072066745630792,0.0553340143147582
13.5,17.9753,16.815687155810867,0.059468280465389,1.0879020206708936e-06,1.5,18.15219390271681,0.0550897596929223
15.0,17.9753,17.043222944412623,0.0586743483472318,6.923118684878792e-07,1.5,18.251548383218115,0.0547898720154328
16.5,17.9753,17.4135964946366,0.0574263909415841,4.0990866231014213e-07,2.0,18.4013319638762,0.0543438921684097
18.5,17.9753,17.935556356864012,0.0557551703500569,2.654029948663972e-07,2.0,18.53384228459391,0.053955352842904
20.5,17.9753,18.563771174396347,0.0538683649246456,1.8306313442988697e-07,2.0,18.65402007131268,0.0536077476156393
22.5,17.9753,19.25644190323186,0.0519306736428897,1.1606437930279859e-07,2.0,18.813149814018992,0.0531543101440052
24.5,17.9753,19.97879156134407,0.0500530773810588,nan,2.0,nan,nan
26.5,17.9753,20.703783598273304,0.0483003502839645,nan,2.0,nan,nan
28.5,17.9753,21.411350912005847,0.0467041992870835,nan,nan,nan,nan
Name:	1000.0_8_150_1
Lambda:	1000.0	Maximal Depth:	30	Filter time:	8.0 to 150.0 [us]
Chi2:	1.9037930493172046	RelRMS:	4.767553298236458	AbsRMS:	1.6998582413325308e-06	Phi model:	0.009402494931786996
depth_vector,start_model,resistivity_model,conductivity_model,E/I[V/A],modelled_thickness,rhoa,sigma
0.0,17.9753,19.9639039038568,0.05009040340085044,0.00013904180754140003,1.0,18.207848747316774,0.054921370112291076
1.0,17.9753,19.847917530536606,0.05038311946134755,8.201956837502897e-05,1.0,18.187065322411705,0.054984131979100105
2.0,17.9753,19.621857108508323,0.05096357569367812,5.281247597721657e-05,1.0,18.205013393019286,0.05492992388478275
3.0,17.9753,19.301003214852713,0.05181077837604158,3.6680798383149584e-05,1.0,18.1214698209411,0.055183161734728814
4.0,17.9753,18.907917741851474,0.052887896681852155,2.349805983886096e-05,1.0,18.050507923153855,0.055400103102765
5.0,17.9753,18.469943052747908,0.054142018583604824,1.402064077187398e-05,1.0,18.024371391458402,0.055480436919641565
6.0,17.9753,18.016375294567446,0.05550506046027662,9.137399279052826e-06,1.5,17.999347873410745,0.05555756836486473
7.5,17.9753,17.58675699346627,0.056860966485834434,6.3522485285707424e-06,1.5,17.97904215907551,0.05562031565153304
9.0,17.9753,17.23633126615635,0.05801698659409654,4.055921207383371e-06,1.5,17.9948237709653,0.05557153616661158
10.5,17.9753,17.005187868243883,0.05880558378701813,2.419322608738371e-06,1.5,18.050083490105813,0.0554014057911783
12.0,17.9753,16.916051700624823,0.05911544949718162,1.5699581613117674e-06,1.5,18.094960834196783,0.05526400466753975
13.5,17.9753,16.975531462957505,0.058908317667821536,1.08643545803087e-06,1.5,18.16852580936203,0.055040238844513825
15.0,17.9753,17.177453041180478,0.0582158482752154,6.919671761673007e-07,1.5,18.257609023656197,0.05477168443602392
16.5,17.9753,17.50680947176674,0.0571206307815654,4.101919287667272e-07,2.0,18.39285937685645,0.05436892543517676
18.5,17.9753,17.971366096633165,0.05564407261100448,2.65882161138528e-07,2.0,18.51156810199127,0.0540202750242661
20.5,17.9753,18.530059556136308,0.053966367294747616,1.835791766231196e-07,2.0,18.61904596308555,0.05370844467448105
22.5,17.9753,19.144759499633704,0.05223361515819162,1.1654241335043897e-07,2.0,18.761669354254927,0.05330016114867794
24.5,17.9753,19.78356274117874,0.05054701284508971,nan,2.0,nan,nan
26.5,17.9753,20.421600235814427,0.048967759061615934,nan,2.0,nan,nan
28.5,17.9753,21.040477241769835,0.0475274390646799,nan,nan,nan,nan
