Name:	5.000000000000001_8_210_0.015
Lambda:	5.000000000000001	Maximal Depth:	20	Filter time:	8.0 to 210.0 [us]
Chi2:	6.65495336334272	RelRMS:	3.8695794432368382	AbsRMS:	8.817099272163238e-08	Phi model:	0.058341859254208275
depth_vector,start_model,resistivity_model,conductivity_model,E/I[V/A],modelled_thickness,rhoa,sigma,rel_err
0.0,18.9864,26.549365965450896,0.037665682913155654,0.00011736488726845769,1.0,20.385910649288395,0.04905348685195511,0.015
1.0,18.9864,26.044152702742117,0.038396334540563216,7.099009458584771e-05,1.0,20.025149933354587,0.04993720413220803,0.015
2.0,18.9864,25.076016813156482,0.039878741805410504,4.669108530356009e-05,1.0,19.76329603381817,0.05059884739310891,0.015
3.0,18.9864,23.72509769879077,0.04214945762060944,3.2811478134996014e-05,1.0,19.51950243421672,0.05123081407275268,0.015
4.0,18.9864,22.098668610207234,0.045251594910025776,2.1253129631387135e-05,1.0,19.300216016903107,0.0518128915823637,0.015
5.0,18.9864,20.336513797423702,0.0491726364686303,1.2839858504128007e-05,1.0,19.1131327869693,0.05232004670012898,0.015
6.0,18.9864,18.566897909381026,0.05385929329070876,8.437882773648091e-06,1.5,18.980872890939885,0.05268461602086428,0.015
7.5,18.9864,16.950850473521662,0.05899409009371332,5.889037719965832e-06,1.5,18.90987454746754,0.052882423809306696,0.015
9.0,18.9864,15.73168770560231,0.06356597071551857,3.7818643827466806e-06,1.5,18.853991350503055,0.0530391672198003,0.015
10.5,18.9864,15.095506506109427,0.06624487887142322,2.2728282936590464e-06,1.5,18.817589326224468,0.053141769791223224,0.015
12.0,18.9864,15.117584036321848,0.06614813568076602,1.479881878358452e-06,1.5,18.82196660568192,0.05312941102010685,0.015
13.5,18.9864,15.789292960005072,0.06333405824649914,1.029349413591397e-06,1.5,18.83419648000734,0.05309491175062916,0.015
15.0,18.9864,16.959220783493404,0.058964973259461956,6.588142139399823e-07,1.5,18.86509189064865,0.053007958073911954,0.015
16.5,18.9864,18.33744863340394,0.0545332134252513,3.931207840106273e-07,1.5,18.921547574180348,0.052849799736495305,0.015
18.0,18.9864,19.521306428302996,0.051226079754075705,2.563265141575006e-07,1.5,18.968820266612237,0.052718091370191275,0.015
19.5,18.9864,20.024017875343034,0.04994002733244508,1.777902332899079e-07,nan,19.021047755498607,0.05257333943188907,0.015
nan,nan,nan,nan,1.1358755659989925e-07,nan,19.085650985382546,0.05239538335715596,0.015
nan,nan,nan,nan,6.781203524921678e-08,nan,19.159849476270917,0.05219247683748662,0.015
nan,nan,nan,nan,4.4163579116578255e-08,nan,19.235770124265606,0.05198648109952803,0.015
Name:	5.8538995686138975_8_210_0.015
Lambda:	5.8538995686138975	Maximal Depth:	20	Filter time:	8.0 to 210.0 [us]
Chi2:	6.655263149293193	RelRMS:	3.869669506031449	AbsRMS:	8.829276242539313e-08	Phi model:	0.057321842969715125
depth_vector,start_model,resistivity_model,conductivity_model,E/I[V/A],modelled_thickness,rhoa,sigma,rel_err
0.0,18.9864,26.522796390560345,0.03770341502738027,0.00011738507192980552,1.0,20.383573642890322,0.04905911090564801,0.015
1.0,18.9864,26.020146539636528,0.038431758963259434,7.09915733563083e-05,1.0,20.024871846800583,0.04993789761305125,0.015
2.0,18.9864,25.052041192411828,0.039916907062363303,4.668849621862862e-05,1.0,19.764026668888043,0.050596976858676826,0.015
3.0,18.9864,23.700374451392555,0.04219342618619443,3.280890055825862e-05,1.0,19.520524765672995,0.05122813100590965,0.015
4.0,18.9864,22.08026898766322,0.04528930333949845,2.1251312151305835e-05,1.0,19.301316411957966,0.05180993765691849,0.015
5.0,18.9864,20.321150782397623,0.04920981152633391,1.2838965211073146e-05,1.0,19.11401932938207,0.05231762000275891,0.015
6.0,18.9864,18.56425186556836,0.05386697009076505,8.43752180701242e-06,1.5,18.98141423575139,0.052683113469833315,0.015
7.5,18.9864,16.960859053880313,0.05895927775964977,5.888922750951791e-06,1.5,18.910120664077816,0.05288173554067412,0.015
9.0,18.9864,15.761981294364784,0.06344380070781581,3.781889322820592e-06,1.5,18.853908460636024,0.053039400402725076,0.015
10.5,18.9864,15.132366269625695,0.06608351808185088,2.2728986181852357e-06,1.5,18.81720117432392,0.05314286597331491,0.015
12.0,18.9864,15.1515038967035,0.06600004902599597,1.4799471417945762e-06,1.5,18.821413254728085,0.05313097302875448,0.015
13.5,18.9864,15.793396100919086,0.06331760399156998,1.0294001020881173e-06,1.5,18.83357820085,0.05309665477985845,0.015
15.0,18.9864,16.919347375234768,0.05910393455623014,6.588466353677494e-07,1.5,18.864472992716337,0.05300969713737059,0.015
16.5,18.9864,18.27023691190663,0.054733827745184004,3.931368315219429e-07,1.5,18.92103266301755,0.05285123797468879,0.015
18.0,18.9864,19.455021336391656,0.05140061183738959,2.563336702913822e-07,1.5,18.968467226636765,0.052719072556149105,0.015
19.5,18.9864,20.030462148569185,0.04992396044498813,1.7779267343508402e-07,nan,19.020873716740624,0.05257382047176316,0.015
nan,nan,nan,nan,1.1358677177448696e-07,nan,19.085738899884213,0.05239514200867888,0.015
nan,nan,nan,nan,6.780974976835934e-08,nan,19.160279986862495,0.0521913041294628,0.015
nan,nan,nan,nan,4.416103763748178e-08,nan,19.23650813287214,0.051984486638256285,0.015
Name:	6.853628031883595_8_210_0.015
Lambda:	6.853628031883595	Maximal Depth:	20	Filter time:	8.0 to 210.0 [us]
Chi2:	6.655620735656802	RelRMS:	3.8697734630373133	AbsRMS:	8.872749058881137e-08	Phi model:	0.05631770019620604
depth_vector,start_model,resistivity_model,conductivity_model,E/I[V/A],modelled_thickness,rhoa,sigma,rel_err
0.0,18.9864,26.482530078426702,0.03776074253625124,0.00011740717789605308,1.0,20.381014953604346,0.04906526992283825,0.015
1.0,18.9864,25.982212550667178,0.03848786927017583,7.099334833144559e-05,1.0,20.024538070950655,0.04993872999500984,0.015
2.0,18.9864,25.018950993112746,0.03996970137857824,4.668580375381662e-05,1.0,19.7647865492027,0.05059503159877734,0.015
3.0,18.9864,23.675700197240403,0.04223739917590941,3.2806169217368054e-05,1.0,19.521608229931076,0.051225287805272725,0.015
4.0,18.9864,22.06319358869988,0.045324354154793384,2.1249350018303484e-05,1.0,19.30250456334692,0.05180674853453354,0.015
5.0,18.9864,20.31500731780145,0.049224693073269495,1.28379701571413e-05,1.0,19.115006984708007,0.05231491679809478,0.015
6.0,18.9864,18.567179466986403,0.05385847655418326,8.437095386348126e-06,1.5,18.982053792274733,0.05268133843383045,0.015
7.5,18.9864,16.980240274768033,0.058891981728077226,5.888763913068541e-06,1.5,18.910460704883192,0.05288078464115752,0.015
9.0,18.9864,15.791101836954466,0.06332680330512415,3.7818881554026753e-06,1.5,18.85391234060083,0.05303938948769571,0.015
10.5,18.9864,15.168061010643873,0.06592800485825252,2.2729552406513314e-06,1.5,18.81688866464775,0.05314374856661352,0.015
12.0,18.9864,15.17877709798509,0.06588146024838491,1.4800045367013398e-06,1.5,18.82092665250747,0.05313234669382085,0.015
13.5,18.9864,15.797133974729485,0.06330262195659604,1.0294458711059993e-06,1.5,18.833019971230787,0.053098228618012104,0.015
15.0,18.9864,16.88889328651529,0.059210510898214774,6.588763118913142e-07,1.5,18.863906537202244,0.05301128894101872,0.015
16.5,18.9864,18.201031581795352,0.05494194081835442,3.9315147095755654e-07,1.5,18.920562962865603,0.05285254999878426,0.015
18.0,18.9864,19.384353190695652,0.05158799936022589,2.563400004947547e-07,1.5,18.9681549467242,0.05271994049018985,0.015
19.5,18.9864,20.03697694364348,0.0499077282372798,1.777945841949146e-07,nan,19.020737438174343,0.052574197149318436,0.015
nan,nan,nan,nan,1.1358567315574969e-07,nan,19.08586196655854,0.052394804161958144,0.015
nan,nan,nan,nan,6.780728665688547e-08,nan,19.160743984387327,0.052190040262258396,0.015
nan,nan,nan,nan,4.4158382984688454e-08,nan,19.237279081065974,0.051982403321488235,0.015
Name:	8.024090035856696_8_210_0.015
Lambda:	8.024090035856696	Maximal Depth:	20	Filter time:	8.0 to 210.0 [us]
Chi2:	6.656032891146189	RelRMS:	3.869893280838494	AbsRMS:	8.956138526876847e-08	Phi model:	0.05533012412318152
depth_vector,start_model,resistivity_model,conductivity_model,E/I[V/A],modelled_thickness,rhoa,sigma,rel_err
0.0,18.9864,26.43001545885629,0.037835770529786636,0.00011743169816979023,1.0,20.378177755660243,0.049072101146150814,0.015
1.0,18.9864,25.933807176574756,0.038559706763890436,7.099541308087118e-05,1.0,20.024149821887825,0.049939698259095555,0.015
2.0,18.9864,24.977622766652978,0.04003583564946284,4.668297753231114e-05,1.0,19.765584257548564,0.05059298966171949,0.015
3.0,18.9864,23.64454982313682,0.04229304459082885,3.2803311945719104e-05,1.0,19.522741809128064,0.051222313432042595,0.015
4.0,18.9864,22.04483959023926,0.045362090112135246,2.1247305334041398e-05,1.0,19.303742897453933,0.051803425134298434,0.015
5.0,18.9864,20.311063732752135,0.04923425051281156,1.2836942238744104e-05,1.0,19.116027394125243,0.05231212423912517,0.015
6.0,18.9864,18.578364435091636,0.05382605145322458,8.436664886690366e-06,1.5,18.982699521226902,0.05267954638810863,0.015
7.5,18.9864,17.00599406129152,0.05880279602567702,5.888611132730971e-06,1.5,18.910787792092943,0.052879869997701744,0.015
9.0,18.9864,15.826775070438002,0.0631840659609706,3.781896501341127e-06,1.5,18.853884602551098,0.053039467519849524,0.015
10.5,18.9864,15.20486417097653,0.065768427047762,2.273020786537297e-06,1.5,18.816526921199358,0.05314477024308694,0.015
12.0,18.9864,15.20357968623167,0.06577398353794257,1.4800688061161462e-06,1.5,18.820381804551104,0.053133884869337886,0.015
13.5,18.9864,15.795173458509861,0.06331047915534202,1.0294966933496686e-06,1.5,18.832400157548125,0.053099976191786406,0.015
15.0,18.9864,16.85046401629249,0.059345546747740195,6.589092566672208e-07,1.5,18.863277748188473,0.053013056020766836,0.015
16.5,18.9864,18.132820494587534,0.055148618511857546,3.931679350508697e-07,1.5,18.92003475416133,0.052854025533967744,0.015
18.0,18.9864,19.31930890282409,0.05176168593969841,2.563473834982779e-07,1.5,18.967790746590467,0.05272095276460986,0.015
19.5,18.9864,20.043705964551837,0.0498909733443777,1.7779712257222095e-07,nan,19.020556400662038,0.052574697550130216,0.015
nan,nan,nan,nan,1.1358488115261771e-07,nan,19.08595068754989,0.05239456060484941,0.015
nan,nan,nan,nan,6.780493366556628e-08,nan,19.16118726386638,0.052188832885411617,0.015
nan,nan,nan,nan,4.4155758238107166e-08,nan,19.23804142002678,0.051980343433453736,0.015
Name:	9.394443439884116_8_210_0.015
Lambda:	9.394443439884116	Maximal Depth:	20	Filter time:	8.0 to 210.0 [us]
Chi2:	6.656512910141835	RelRMS:	3.870032822576461	AbsRMS:	9.088212310212912e-08	Phi model:	0.054347833018803984
depth_vector,start_model,resistivity_model,conductivity_model,E/I[V/A],modelled_thickness,rhoa,sigma,rel_err
0.0,18.9864,26.366245358839475,0.03792728112744892,0.00011745846456974133,1.0,20.375081789346478,0.0490795575860152,0.015
1.0,18.9864,25.874922932751502,0.038647458104473724,7.09977425637258e-05,1.0,20.02371181576643,0.04994079065863363,0.015
2.0,18.9864,24.929398966585055,0.04011328156528696,4.6679978846833054e-05,1.0,19.766430732309644,0.05059082307487252,0.015
3.0,18.9864,23.610875230919092,0.042353364295893293,3.280026330166979e-05,1.0,19.52395149390294,0.05121913974803135,0.015
4.0,18.9864,22.027093616286553,0.04539863576285038,2.124510955446071e-05,1.0,19.30507296149418,0.05179985602720052,0.015
5.0,18.9864,20.311885660935182,0.049232258230128244,1.2835825782298356e-05,1.0,19.11713584911081,0.052309091063267865,0.015
6.0,18.9864,18.595399962394875,0.05377674059295745,8.436187842038292e-06,1.5,18.98341512959687,0.05267756055341744,0.015
7.5,18.9864,17.035454116122754,0.05870110612746017,5.88843289465623e-06,1.5,18.91116939961219,0.05287880293751199,0.015
9.0,18.9864,15.865843269360798,0.0630284809337013,3.781893791735469e-06,1.5,18.853893608019277,0.053039442185812594,0.015
10.5,18.9864,15.243541934560255,0.06560155141718038,2.2730832476427707e-06,1.5,18.816182218629528,0.053145743827348775,0.015
12.0,18.9864,15.227557642962207,0.06567041303975459,1.4801326041369355e-06,1.5,18.819840991864424,0.05313541174084771,0.015
13.5,18.9864,15.790032230664417,0.06333109302069624,1.0295478439709944e-06,1.5,18.831776390554108,0.053101735028119455,0.015
15.0,18.9864,16.808719663176483,0.05949293105237152,6.589427903578675e-07,1.5,18.862637772867295,0.05301485465826187,0.015
16.5,18.9864,18.063265702397427,0.05536097494636732,3.931848874225594e-07,1.5,18.919490918802705,0.05285554480782423,0.015
18.0,18.9864,19.255723781710422,0.05193261034154559,2.5635509514157954e-07,1.5,18.967410353475344,0.05272201008804414,0.015
19.5,18.9864,20.050575832723194,0.04987387935103427,1.7779987343215582e-07,nan,19.020360213715243,0.052575239835832226,0.015
nan,nan,nan,nan,1.1358419698614105e-07,nan,19.086027329400153,0.052394350209254814,0.015
nan,nan,nan,nan,6.780261578577098e-08,nan,19.16162395376152,0.05218764351148302,0.015
nan,nan,nan,nan,4.415313696345453e-08,nan,19.238802825970627,0.051978286229436864,0.015
Name:	10.998825680021056_8_210_0.015
Lambda:	10.998825680021056	Maximal Depth:	20	Filter time:	8.0 to 210.0 [us]
Chi2:	6.6570599779824775	RelRMS:	3.870191849309356	AbsRMS:	9.275576559379529e-08	Phi model:	0.053391088633374294
depth_vector,start_model,resistivity_model,conductivity_model,E/I[V/A],modelled_thickness,rhoa,sigma,rel_err
0.0,18.9864,26.298296521147062,0.03802527662565053,0.00011748709127112353,1.0,20.371771950141966,0.04908753163187806,0.015
1.0,18.9864,25.813120797881133,0.03873998838924137,7.100045515707566e-05,1.0,20.02320180463802,0.049942062700899695,0.015
2.0,18.9864,24.877964928725675,0.04019621391319419,4.6676978123796895e-05,1.0,19.76727787296196,0.05058865496942389,0.015
3.0,18.9864,23.57439339559684,0.04241890695634091,3.27971467829997e-05,1.0,19.525188304656364,0.051215895303889085,0.015
4.0,18.9864,22.008498846868115,0.04543699263442965,2.124283640381207e-05,1.0,19.306450133408628,0.05179616102856534,0.015
5.0,18.9864,20.31144135355789,0.049233335172682524,1.2834654652270484e-05,1.0,19.11829875853977,0.05230590925635157,0.015
6.0,18.9864,18.613524960822044,0.053724375265018914,8.435678145625041e-06,1.5,18.984179792970767,0.052675438755076895,0.015
7.5,18.9864,17.069682376740637,0.0585833982103037,5.888234544857065e-06,1.5,18.9115940889442,0.05287761546154401,0.015
9.0,18.9864,15.908643879694669,0.06285890912904091,3.781880708184098e-06,1.5,18.85393709180638,0.05303931985826897,0.015
10.5,18.9864,15.283090068563032,0.06543179393131872,2.2731416213987903e-06,1.5,18.815860087085312,0.053146653693836324,0.015
12.0,18.9864,15.250384883210057,0.06557211556679807,1.4801948753327577e-06,1.5,18.819313159464084,0.053136902049855515,0.015
13.5,18.9864,15.782613243799444,0.06336086328370699,1.0295985443788199e-06,1.5,18.83115816475178,0.05310347835492153,0.015
15.0,18.9864,16.765728401832764,0.05964548488634015,6.589764946715934e-07,1.5,18.86199459597518,0.053016662416676893,0.015
16.5,18.9864,17.993570296272356,0.055575407411344334,3.932022231280035e-07,1.5,18.918934826436793,0.052857098413523144,0.015
18.0,18.9864,19.193419497863925,0.05210119020799249,2.5636318537088054e-07,1.5,18.967011306303554,0.05272311930702846,0.015
19.5,18.9864,20.05738638074012,0.04985694451996192,1.7780295547704077e-07,nan,19.020140413194646,0.05257584740574682,0.015
nan,nan,nan,nan,1.13583770973283e-07,nan,19.086075052696646,0.05239421920111916,0.015
nan,nan,nan,nan,6.780047859444992e-08,nan,19.162026623891254,0.05218654684224256,0.015
nan,nan,nan,nan,4.415064561380685e-08,nan,19.239526562218238,0.0519763309542012,0.015
Name:	12.87720418070694_8_210_0.015
Lambda:	12.87720418070694	Maximal Depth:	20	Filter time:	8.0 to 210.0 [us]
Chi2:	6.657689868309032	RelRMS:	3.870374943554606	AbsRMS:	9.531600216635604e-08	Phi model:	0.052449654756993064
depth_vector,start_model,resistivity_model,conductivity_model,E/I[V/A],modelled_thickness,rhoa,sigma,rel_err
0.0,18.9864,26.219896074702792,0.03813897649139844,0.00011751833589791312,1.0,20.368160958348685,0.04909623416885416,0.015
1.0,18.9864,25.74189806187718,0.038847174268045286,7.100376797565042e-05,1.0,20.022578985571894,0.04994361619053129,0.015
2.0,18.9864,24.821666647878747,0.0402873833649466,4.667402333917234e-05,1.0,19.768112133339155,0.05058652001034981,0.015
3.0,18.9864,23.534829934102657,0.04249021568458291,3.2793962188752125e-05,1.0,19.52645233400567,0.05121257988367308,0.015
4.0,18.9864,21.991136432222987,0.04547286599226079,2.124046503669805e-05,1.0,19.30788707084559,0.051792306238934556,0.015
5.0,18.9864,20.315505609129918,0.04922348570791138,1.2833407612417896e-05,1.0,19.11953723939055,0.052302521105990735,0.015
6.0,18.9864,18.63733127581308,0.05365575066521286,8.435120366633412e-06,1.5,18.9850166796623,0.05267311674638927,0.015
7.5,18.9864,17.10814161913671,0.05845170225160088,5.888005141695261e-06,1.5,18.912085296770222,0.05287624205939778,0.015
9.0,18.9864,15.9536226367769,0.0626816882138582,3.781850601481522e-06,1.5,18.854037153774815,0.05303903836849008,0.015
10.5,18.9864,15.321451619069878,0.06526796708709688,2.27319253541495e-06,1.5,18.81557913285736,0.053147447279670246,0.015
12.0,18.9864,15.271954721561677,0.0654795026721859,1.480253850482653e-06,1.5,18.818813299621773,0.05313831345678414,0.015
13.5,18.9864,15.776093818068947,0.06338704697956746,1.0296478354117398e-06,1.5,18.830557173091613,0.053105173193121157,0.015
15.0,18.9864,16.72202484180618,0.05980137031610748,6.590099803986198e-07,1.5,18.861355644649183,0.05301845842049493,0.015
16.5,18.9864,17.922434291523906,0.05579599198044945,3.932198637677943e-07,1.5,18.91836899437405,0.05285867932364467,0.015
18.0,18.9864,19.131090270259314,0.05227093625471903,2.563716810312019e-07,1.5,18.966592284008275,0.052724284100478726,0.015
19.5,18.9864,20.064096285686837,0.049840271186964547,1.778064313381102e-07,nan,19.01989253471804,0.05257653260525241,0.015
nan,nan,nan,nan,1.1358367495959393e-07,nan,19.086085808492427,0.05239418967481777,0.015
nan,nan,nan,nan,6.779858458931474e-08,nan,19.162383492775454,0.05218557495089361,0.015
nan,nan,nan,nan,4.41483344636319e-08,nan,19.240198011440068,0.051974517071259246,0.015
Name:	15.076371999678692_8_210_0.015
Lambda:	15.076371999678692	Maximal Depth:	20	Filter time:	8.0 to 210.0 [us]
Chi2:	6.658402521174937	RelRMS:	3.8705820844730328	AbsRMS:	9.857416361218185e-08	Phi model:	0.05154000199387592
depth_vector,start_model,resistivity_model,conductivity_model,E/I[V/A],modelled_thickness,rhoa,sigma,rel_err
0.0,18.9864,26.13553063827269,0.03826208902510695,0.00011755159982057438,1.0,20.364318351417136,0.049105498290857884,0.015
1.0,18.9864,25.665947238388785,0.03896213105683827,7.100747748992658e-05,1.0,20.021881644090623,0.04994535567515683,0.015
2.0,18.9864,24.76047838721184,0.04038694181758922,4.667104646031084e-05,1.0,19.768952720870168,0.05058436904167896,0.015
3.0,18.9864,23.4933439706629,0.04256524746961271,3.279068579298533e-05,1.0,19.52775301475009,0.051209168778643406,0.015
4.0,18.9864,21.97306527603941,0.04551026392710228,2.1237991912777152e-05,1.0,19.309385953002085,0.051788285885110044,0.015
5.0,18.9864,20.320663466122465,0.04921099164243073,1.2832085143670518e-05,1.0,19.120850850591967,0.05229892789886182,0.015
6.0,18.9864,18.663857873187325,0.05357949073522519,8.434513847314619e-06,1.5,18.985926800592686,0.05267059177584014,0.015
7.5,18.9864,17.15057969670725,0.058307067031208894,5.887743211279294e-06,1.5,18.912646192341736,0.05287467389967503,0.015
9.0,18.9864,16.001885026874454,0.06249263748118078,3.7818015856083036e-06,1.5,18.85420006468338,0.05303858008132328,0.015
10.5,18.9864,15.362618016887733,0.06509307195562147,2.273234268253271e-06,1.5,18.815348850117196,0.05314809775603875,0.015
12.0,18.9864,15.292205740636689,0.06539279008931023,1.4803082045969703e-06,1.5,18.818352636008605,0.05313961425542194,0.015
13.5,18.9864,15.764649491207425,0.06343306272415,1.0296947553626724e-06,1.5,18.829985135909993,0.05310678647817601,0.015
15.0,18.9864,16.676221575218765,0.059965622037909484,6.59042663529537e-07,1.5,18.860732060082086,0.053020211347811694,0.015
16.5,18.9864,17.85363090194818,0.05601101565793435,3.932375345267388e-07,1.5,18.91780223863898,0.05286026290926825,0.015
18.0,18.9864,19.07145309185844,0.052434389513135615,2.5638046801862316e-07,1.5,18.966158917246453,0.05272548882265625,0.015
19.5,18.9864,20.070578399270477,0.049824174476025454,1.778102704359173e-07,nan,19.01961876166656,0.05257728940474182,0.015
nan,nan,nan,nan,1.1358393403902443e-07,nan,19.086056785525617,0.05239426934736853,0.015
nan,nan,nan,nan,6.779698320161422e-08,nan,19.162685239578792,0.052184753206434266,0.015
nan,nan,nan,nan,4.414625570179018e-08,nan,19.2408019958541,0.05197288554892226,0.015
Name:	17.651113509036346_8_210_0.015
Lambda:	17.651113509036346	Maximal Depth:	20	Filter time:	8.0 to 210.0 [us]
Chi2:	6.659201723208438	RelRMS:	3.8708143687367635	AbsRMS:	1.0257927216745393e-07	Phi model:	0.050668274863405936
depth_vector,start_model,resistivity_model,conductivity_model,E/I[V/A],modelled_thickness,rhoa,sigma,rel_err
0.0,18.9864,26.046518670595187,0.03839284676185668,0.00011758686527747799,1.0,20.360246508351214,0.049115318893110035,0.015
1.0,18.9864,25.585301132042048,0.03908494157794525,7.1011770438767e-05,1.0,20.02107470012333,0.04994736870912529,0.015
2.0,18.9864,24.696792943746328,0.040491087335824225,4.666819641896859e-05,1.0,19.769757576759368,0.05058230967766468,0.015
3.0,18.9864,23.4516828869258,0.04264086312362236,3.2787399243617736e-05,1.0,19.529057943953642,0.051205746988405465,0.015
4.0,18.9864,21.955463208007693,0.04554675027923235,2.123544780577443e-05,1.0,19.31092815933616,0.05178414997709651,0.015
5.0,18.9864,20.327609557747465,0.049194175889652005,1.2830688942308505e-05,1.0,19.12223794544292,0.05229513422294346,0.015
6.0,18.9864,18.692638103692246,0.05349699675630461,8.433850472749383e-06,1.5,18.986922361349016,0.05266783004472928,0.015
7.5,18.9864,17.19485833923143,0.058156919950798365,5.887438904257034e-06,1.5,18.913297885045644,0.05287285200486793,0.015
9.0,18.9864,16.05162555436534,0.06229898626859282,3.7817251723994023e-06,1.5,18.854454041375813,0.05303786563140546,0.015
10.5,18.9864,15.404366501927344,0.06491665852502816,2.2732609813017366e-06,1.5,18.815201450613653,0.0531485141216697,0.015
12.0,18.9864,15.312178708244659,0.06530749275160706,1.4803541653794226e-06,1.5,18.817963129809172,0.053140714173040296,0.015
13.5,18.9864,15.752359573349395,0.06348255290539764,1.0297369000841691e-06,1.5,18.829471354255265,0.053108235551924315,0.015
15.0,18.9864,16.630141252018564,0.06013178029252278,6.590732934303689e-07,1.5,18.86014769732792,0.05302185412586555,0.015
16.5,18.9864,17.78620164568349,0.05622335897910438,3.932547703425449e-07,1.5,18.917249473762713,0.05286180749410481,0.015
18.0,18.9864,19.013557252409246,0.052594051009223326,2.563894281709219e-07,1.5,18.96571703563047,0.05272671727208216,0.015
19.5,18.9864,20.0766150566157,0.04980919329179832,1.778145112272286e-07,nan,19.019316354571863,0.05257812538354566,0.015
nan,nan,nan,nan,1.1358467262005412e-07,nan,19.08597404774991,0.05239449647674085,0.015
nan,nan,nan,nan,6.779581958588951e-08,nan,19.162904505193534,0.05218415609851731,0.015
nan,nan,nan,nan,4.4144542572802525e-08,nan,19.24129978124324,0.051971540975356445,0.015
Name:	20.665569151220556_8_210_0.015
Lambda:	20.665569151220556	Maximal Depth:	20	Filter time:	8.0 to 210.0 [us]
Chi2:	6.660094628711543	RelRMS:	3.8710738709821815	AbsRMS:	1.0738598158503307e-07	Phi model:	0.049835883878543215
depth_vector,start_model,resistivity_model,conductivity_model,E/I[V/A],modelled_thickness,rhoa,sigma,rel_err
0.0,18.9864,25.955085718781607,0.03852809467997174,0.00011762430859960091,1.0,20.35592543033569,0.04912574490520272,0.015
1.0,18.9864,25.5028057715423,0.03921137183720646,7.101680486298493e-05,1.0,20.02012848488625,0.04994972938135376,0.015
2.0,18.9864,24.630986075436496,0.04059926780589837,4.666557186923587e-05,1.0,19.77049882594346,0.05058041321080726,0.015
3.0,18.9864,23.408315588094677,0.04271986150548114,3.278415359690531e-05,1.0,19.530346846669467,0.05120236767175137,0.015
4.0,18.9864,21.937538590911355,0.04558396539593081,2.12328498378691e-05,1.0,19.312503333305898,0.05177992633795035,0.015
5.0,18.9864,20.335290248800042,0.049175595123802505,1.2829218144067128e-05,1.0,19.123699422739413,0.052291137707954675,0.015
6.0,18.9864,18.723143863997958,0.053409833693734685,8.433124073554454e-06,1.5,18.98801265615986,0.05266480584926259,0.015
7.5,18.9864,17.241189988656917,0.05800063688515155,5.8870853773629915e-06,1.5,18.914055055712154,0.05287073538987052,0.015
9.0,18.9864,16.10243458180283,0.06210241034794131,3.781615687376285e-06,1.5,18.85481795467752,0.05303684195751776,0.015
10.5,18.9864,15.446199725952807,0.06474084355647644,2.27326890986026e-06,1.5,18.81515770230275,0.05314863770063495,0.015
12.0,18.9864,15.331770594242156,0.06522403879272429,1.480389370466198e-06,1.5,18.817664789087047,0.053141556681354604,0.015
13.5,18.9864,15.740128175562706,0.06353188416550173,1.029772811739012e-06,1.5,18.8290335868832,0.053109470296798786,0.015
15.0,18.9864,16.584868361856685,0.06029592627336654,6.591011638490244e-07,1.5,18.859616019799372,0.053023348882085986,0.015
16.5,18.9864,17.72021044553653,0.056432738373707395,3.9327136305503543e-07,1.5,18.91671737181242,0.052863294426023846,0.015
18.0,18.9864,18.95742765226712,0.052749772719317745,2.5639856359619104e-07,1.5,18.965266536696024,0.0527279697369448,0.015
19.5,18.9864,20.082039187122916,0.04979573989882581,1.778192446243998e-07,nan,19.018978834382647,0.05257905846091972,0.015
nan,nan,nan,nan,1.1358602280398108e-07,nan,19.085822798938324,0.05239491168573704,0.015
nan,nan,nan,nan,6.779522502669043e-08,nan,19.16301654321683,0.05218385099990804,0.015
nan,nan,nan,nan,4.414330918305916e-08,nan,19.241658188315192,0.051970572921166754,0.015
Name:	24.19483326789813_8_210_0.015
Lambda:	24.19483326789813	Maximal Depth:	20	Filter time:	8.0 to 210.0 [us]
Chi2:	6.661081474681717	RelRMS:	3.8713606546063186	AbsRMS:	1.1282793113777484e-07	Phi model:	0.04904953018521674
depth_vector,start_model,resistivity_model,conductivity_model,E/I[V/A],modelled_thickness,rhoa,sigma,rel_err
0.0,18.9864,25.863045711910445,0.03866520637743296,0.00011766274870249745,1.0,20.35149170491391,0.04913644731794023,0.015
1.0,18.9864,25.41970540867129,0.03933955897297202,7.102208614643272e-05,1.0,20.019135992838006,0.04995220574742873,0.015
2.0,18.9864,24.564874926665993,0.04070853212097842,4.6662901820265154e-05,1.0,19.771252996738266,0.05057848383028499,0.015
3.0,18.9864,23.364857299449586,0.042799319815386046,3.2780756832321045e-05,1.0,19.531695988691624,0.05119883089410032,0.015
4.0,18.9864,21.919877175200003,0.04562069358360242,2.1230065935511637e-05,1.0,19.31419159776296,0.05177540022518072,0.015
5.0,18.9864,20.34351639482388,0.04915571037927523,1.282758400193165e-05,1.0,19.12532353629156,0.05228669716893595,0.015
6.0,18.9864,18.75438200543908,0.0533208718746362,8.432270539777844e-06,1.5,18.9892939746906,0.05266125224733603,0.015
7.5,18.9864,17.288162003748116,0.05784304888993969,5.886635285511105e-06,1.5,18.915019155255475,0.05286804056564507,0.015
9.0,18.9864,16.153570771225812,0.06190581724390558,3.781441529008373e-06,1.5,18.85539686955107,0.053035213574043914,0.015
10.5,18.9864,15.487964979046698,0.06456626169757462,2.273238897306926e-06,1.5,18.815323307329173,0.05314816990736842,0.015
12.0,18.9864,15.351277361061431,0.06514115903713026,1.4804016635206591e-06,1.5,18.817560616053495,0.05314185087023913,0.015
13.5,18.9864,15.728424192246512,0.06357916011020101,1.0297944195596125e-06,1.5,18.828770197223463,0.05311021322823636,0.015
15.0,18.9864,16.54130673269293,0.060454715952008686,6.591215344829183e-07,1.5,18.859227437631386,0.053024441393851415,0.015
16.5,18.9864,17.65689092102763,0.05663511228973487,3.9328486644730037e-07,1.5,18.91628436707277,0.05286450449754719,0.015
18.0,18.9864,18.90365523931293,0.05289982214235229,2.5640652217582894e-07,1.5,18.9648740938319,0.0527290608443975,0.015
19.5,18.9864,20.08663070636019,0.049784357298078966,1.7782368930268662e-07,nan,19.01866191524869,0.05257993461665276,0.015
nan,nan,nan,nan,1.1358761434569957e-07,nan,19.08564451685873,0.05239540111504645,0.015
nan,nan,nan,nan,6.779506964209411e-08,nan,19.163045823973953,0.05218377126401006,0.015
nan,nan,nan,nan,4.414252072737722e-08,nan,19.241887312061266,0.05196995407894196,0.015
Name:	28.326824805926805_8_210_0.015
Lambda:	28.326824805926805	Maximal Depth:	20	Filter time:	8.0 to 210.0 [us]
Chi2:	6.66218436026521	RelRMS:	3.8716811349330826	AbsRMS:	1.193364533601422e-07	Phi model:	0.048297709671649855
depth_vector,start_model,resistivity_model,conductivity_model,E/I[V/A],modelled_thickness,rhoa,sigma,rel_err
0.0,18.9864,25.769607107680212,0.03880540342821006,0.00011770489482069825,1.0,20.346633297101647,0.04914818021232283,0.015
1.0,18.9864,25.335265730039087,0.03947067343423744,7.102905263385939e-05,1.0,20.01782699476978,0.04995547220291584,0.015
2.0,18.9864,24.49750558336455,0.040820482583298894,4.6661032826700274e-05,1.0,19.771780947588624,0.05057713327144465,0.015
3.0,18.9864,23.320975313749898,0.04287985328857179,3.277775477314818e-05,1.0,19.532888553842294,0.05119570498974106,0.015
4.0,18.9864,21.902171123190723,0.04565757405397896,2.122741509081891e-05,1.0,19.31579951395766,0.05177109025579794,0.015
5.0,18.9864,20.35194215282622,0.04913535978487108,1.2825959534372502e-05,1.0,19.126938376453236,0.05228228273224734,0.015
6.0,18.9864,18.785995156575524,0.0532311432886736,8.431395448345994e-06,1.5,18.990607879853545,0.052657608767798535,0.015
7.5,18.9864,17.335593264912198,0.05768478671128218,5.8861583334315735e-06,1.5,18.916040923657267,0.05286518484686477,0.015
9.0,18.9864,16.20504266274603,0.06170918650519274,3.7812450302547684e-06,1.5,18.856050098820738,0.05303337627759804,0.015
10.5,18.9864,15.529869510288563,0.06439204137146796,2.2731952293633518e-06,1.5,18.81556426737676,0.05314748926950032,0.015
12.0,18.9864,15.370873251316688,0.06505811242144871,1.4804064268568442e-06,1.5,18.817520251275358,0.05314196486289021,0.015
13.5,18.9864,15.717509781125942,0.06362331017607065,1.0298122598526132e-06,1.5,18.828552738980417,0.05311082661864488,0.015
15.0,18.9864,16.499409861087194,0.0606082283196344,6.591410773882343e-07,1.5,18.858854663698686,0.05302548950254624,0.015
16.5,18.9864,17.596082629101744,0.05683083110476668,3.9329924907510237e-07,1.5,18.91582319569361,0.05286579334425481,0.015
18.0,18.9864,18.85210691436097,0.053044468957378445,2.564158992210973e-07,1.5,18.96441173153342,0.05273034640653956,0.015
19.5,18.9864,20.09021734677058,0.049775469460550455,1.7782965515590583e-07,nan,19.01823655244955,0.05258111062201505,0.015
nan,nan,nan,nan,1.1359061450688747e-07,nan,19.085308454692345,0.0523963237153832,0.015
nan,nan,nan,nan,6.77960594572777e-08,nan,19.162859304580078,0.05218427918849208,0.015
nan,nan,nan,nan,4.414264249942658e-08,nan,19.241851924886173,0.05197004965549414,0.015
Name:	33.164477502323265_8_210_0.015
Lambda:	33.164477502323265	Maximal Depth:	20	Filter time:	8.0 to 210.0 [us]
Chi2:	6.663413607924424	RelRMS:	3.8720383027328062	AbsRMS:	1.267486349146243e-07	Phi model:	0.04758150078065386
depth_vector,start_model,resistivity_model,conductivity_model,E/I[V/A],modelled_thickness,rhoa,sigma,rel_err
0.0,18.9864,25.676283644625208,0.03894644621630549,0.00011774958881685954,1.0,20.341484348402098,0.04916062087074555,0.015
1.0,18.9864,25.251114218761465,0.03960221285035432,7.103717790210138e-05,1.0,20.01630053290306,0.04995928185411619,0.015
2.0,18.9864,24.430535417598115,0.04093238166526908,4.6659656711469155e-05,1.0,19.77216969334298,0.05057613886131507,0.015
3.0,18.9864,23.27714073504115,0.04296060291007353,3.277492468622516e-05,1.0,19.534012969890323,0.05119275806468427,0.015
4.0,18.9864,21.88449552355764,0.04569445061795217,2.122474317425663e-05,1.0,19.31742055035625,0.051766745844416484,0.015
5.0,18.9864,20.360393787678195,0.04911496361161664,1.2824242390597189e-05,1.0,19.128645714231414,0.05227761624839,0.015
6.0,18.9864,18.817544151616616,0.053141897366776734,8.43042621283708e-06,1.5,18.992063402848743,0.0526535731683585,0.015
7.5,18.9864,17.382692348422513,0.057528487529766956,5.885601645181223e-06,1.5,18.917233684382573,0.05286185161552273,0.015
9.0,18.9864,16.256007697341545,0.061515718903328076,3.780991406273084e-06,1.5,18.856893315590636,0.053031004803596835,0.015
10.5,18.9864,15.571438816981212,0.06422014123123061,2.2731171291137054e-06,1.5,18.815995244391523,0.0531462719357388,0.015
12.0,18.9864,15.390843517812693,0.06497369678553638,1.4803906097557899e-06,1.5,18.81765428711132,0.05314158633921364,0.015
13.5,18.9864,15.707960222635972,0.06366198957894921,1.0298177297000502e-06,1.5,18.828486067374918,0.05311101468390234,0.015
15.0,18.9864,16.460235017903535,0.06075247400248635,6.591547790727927e-07,1.5,18.858593319948422,0.05302622433361509,0.015
16.5,18.9864,17.538822813260946,0.057016369379358174,3.933119439976174e-07,1.5,18.91541616304812,0.05286693094035819,0.015
18.0,18.9864,18.80314331869142,0.053182597348281756,2.564252839233643e-07,1.5,18.96394901989891,0.052731633002741043,0.015
19.5,18.9864,20.092573847717453,0.049769631684773004,1.7783633094954258e-07,nan,19.017760599396798,0.0525824265571898,0.015
nan,nan,nan,nan,1.135946414002307e-07,nan,19.084857406681003,0.052397562040465216,0.015
nan,nan,nan,nan,6.779806203207736e-08,nan,19.16248195605515,0.05218530680385117,0.015
nan,nan,nan,nan,4.414364007815004e-08,nan,19.24156203285274,0.05197083263264259,0.015
Name:	38.82830410883109_8_210_0.015
Lambda:	38.82830410883109	Maximal Depth:	20	Filter time:	8.0 to 210.0 [us]
Chi2:	6.664795146902441	RelRMS:	3.872439680683289	AbsRMS:	1.3513881683809688e-07	Phi model:	0.046893446500429765
depth_vector,start_model,resistivity_model,conductivity_model,E/I[V/A],modelled_thickness,rhoa,sigma,rel_err
0.0,18.9864,25.583947374829183,0.03908700973110396,0.00011779723363703685,1.0,20.33599903731286,0.0491738811634079,0.015
1.0,18.9864,25.167825351717234,0.03973326999949833,7.104669867443952e-05,1.0,20.014512273438577,0.04996374562307512,0.015
2.0,18.9864,24.36419055450697,0.04104384250988452,4.6658897798798304e-05,1.0,19.77238409059826,0.05057559045069829,0.015
3.0,18.9864,23.233625531442264,0.04304106557311477,3.27723242065799e-05,1.0,19.535046303809963,0.051190050151300015,0.015
4.0,18.9864,21.8668019114381,0.04573142446938797,2.1222063709114604e-05,1.0,19.319046508025338,0.051762388976318754,0.015
5.0,18.9864,20.368481910352784,0.049095460545428536,1.2822425432069393e-05,1.0,19.13045271168611,0.05227267828268046,0.015
6.0,18.9864,18.848435022899235,0.05305480262871085,8.429351205474948e-06,1.5,18.993678092089322,0.05264909698645941,0.015
7.5,18.9864,17.42894555297432,0.05737581754217747,5.884954076447484e-06,1.5,18.91862140230978,0.052857974095190136,0.015
9.0,18.9864,16.306176880998716,0.06132645360699364,3.7806720919746877e-06,1.5,18.85795506524018,0.053028019026476754,0.015
10.5,18.9864,15.61262126201862,0.06405074351177246,2.272999209449567e-06,1.5,18.816646001812646,0.053144433917908004,0.015
12.0,18.9864,15.411329601796051,0.06488732807865319,1.4803509390517337e-06,1.5,18.817990471476087,0.05314063696204857,0.015
13.5,18.9864,15.700297123799267,0.06369306211945198,1.029808858743444e-06,1.5,18.82859419517077,0.05311070968094282,0.015
15.0,18.9864,16.424359015741793,0.060885176647780176,6.591617235284981e-07,1.5,18.858460865963046,0.05302659676775976,0.015
16.5,18.9864,17.48555733310811,0.0571900558243314,3.9332271382804625e-07,1.5,18.915070871091334,0.05286789601874241,0.015
18.0,18.9864,18.757042625960597,0.05331330849650865,2.564347159627904e-07,1.5,18.963484002748412,0.052732926072818063,0.015
19.5,18.9864,20.09347361452477,0.04976740304758158,1.7784386893603275e-07,nan,19.017223211795542,0.052583912428379356,0.015
nan,nan,nan,nan,1.1359989452853089e-07,nan,19.084269049460815,0.052399177427665374,0.015
nan,nan,nan,nan,6.780126827700037e-08,nan,19.161877836630932,0.052186952057921135,0.015
nan,nan,nan,nan,4.414567677530756e-08,nan,19.24097021142717,0.051972431172213035,0.015
Name:	45.4593985345391_8_210_0.015
Lambda:	45.4593985345391	Maximal Depth:	20	Filter time:	8.0 to 210.0 [us]
Chi2:	6.666356204687298	RelRMS:	3.8728931641017956	AbsRMS:	1.4432178323274228e-07	Phi model:	0.04622872619090966
depth_vector,start_model,resistivity_model,conductivity_model,E/I[V/A],modelled_thickness,rhoa,sigma,rel_err
0.0,18.9864,25.494547088472725,0.039224073937447854,0.00011784687808440587,1.0,20.33028744304835,0.04918769608158864,0.015
1.0,18.9864,25.08693594552648,0.03986138451389161,7.10571765572488e-05,1.0,20.01254470423635,0.04996865789827894,0.015
2.0,18.9864,24.29969472992329,0.04115278035853567,4.665848750052121e-05,1.0,19.77250000467479,0.05057529395693874,0.015
3.0,18.9864,23.190994718529,0.04312018575042088,3.27697496820688e-05,1.0,19.536069458752205,0.05118736919477923,0.015
4.0,18.9864,21.84906221473345,0.04576855474033441,2.1219229268214786e-05,1.0,19.32076688080128,0.051757779914713586,0.015
5.0,18.9864,20.375726153039086,0.04907800548992202,1.2820407577757939e-05,1.0,19.13246000376783,0.05226719406720653,0.015
6.0,18.9864,18.877919791335437,0.05297193817186249,8.428097791057444e-06,1.5,18.995561186828063,0.052643877701987654,0.015
7.5,18.9864,17.47353413581724,0.05722940718387362,5.88416241479191e-06,1.5,18.92031825229052,0.05285323358019829,0.015
9.0,18.9864,16.3548858621714,0.06114380793772365,3.7802520180041503e-06,1.5,18.859352077805323,0.05302409095892815,0.015
10.5,18.9864,15.653135040531575,0.06388496600908647,2.2728205893567975e-06,1.5,18.817631850863837,0.05314164969988475,0.015
12.0,18.9864,15.432637160857741,0.06479773933494205,1.4802743765865623e-06,1.5,18.81863933285991,0.05313880468785348,0.015
13.5,18.9864,15.695188819621182,0.06371379226415295,1.029777117201966e-06,1.5,18.828981104482427,0.05310961832990209,0.015
15.0,18.9864,16.39270517266661,0.06100274417595284,6.591570046363825e-07,1.5,18.85855087075754,0.05302634369168952,0.015
16.5,18.9864,17.43716444193984,0.05734877384047613,3.9332910322436364e-07,1.5,18.914866027852117,0.052868468564752254,0.015
18.0,18.9864,18.714236083213006,0.0534352562163634,2.5644288461452205e-07,1.5,18.963081296003867,0.05273404592800708,0.015
19.5,18.9864,20.092661579073685,0.049769414373727894,1.778515440006267e-07,nan,19.016676090816343,0.05258542529853188,0.015
nan,nan,nan,nan,1.1360606014722949e-07,nan,19.083578549967488,0.05240107338262842,0.015
nan,nan,nan,nan,6.780559530689882e-08,nan,19.161062614820967,0.05218917239101896,0.015
nan,nan,nan,nan,4.414875514146896e-08,nan,19.240075789228484,0.05197484723837979,0.015
Name:	53.22295069415713_8_210_0.015
Lambda:	53.22295069415713	Maximal Depth:	20	Filter time:	8.0 to 210.0 [us]
Chi2:	6.668175721346693	RelRMS:	3.873421662178036	AbsRMS:	1.5491712254655082e-07	Phi model:	0.04556577624439292
depth_vector,start_model,resistivity_model,conductivity_model,E/I[V/A],modelled_thickness,rhoa,sigma,rel_err
0.0,18.9864,25.40467510040744,0.039362833653557014,0.00011790171852415796,1.0,20.32398270965187,0.049202954671138326,0.015
1.0,18.9864,25.006866891279483,0.03998901599099265,7.107011573249791e-05,1.0,20.01011561311091,0.04997472375146028,0.015
2.0,18.9864,24.235059794412212,0.04126253487645887,4.6659234216495755e-05,1.0,19.772289049919692,0.05057583355550133,0.015
3.0,18.9864,23.148729760396662,0.043198914599228734,3.2767697205386137e-05,1.0,19.536885239981256,0.05118523181748287,0.015
4.0,18.9864,21.831151516052916,0.04580610414730888,2.1216515748346633e-05,1.0,19.32241421906484,0.05175336728954555,0.015
5.0,18.9864,20.3823984556115,0.04906193950519542,1.281833389751714e-05,1.0,19.134523378250982,0.05226155782571713,0.015
6.0,18.9864,18.906310085656337,0.052892393886984364,8.426754782829362e-06,1.5,18.997579402858488,0.05263828505696542,0.015
7.5,18.9864,17.516920136370935,0.057087661085105275,5.8832859590773185e-06,1.5,18.922197293975987,0.05284798506557993,0.015
9.0,18.9864,16.402469152771886,0.06096643076637081,3.7797680178009295e-06,1.5,18.860962006492436,0.05301956494349407,0.015
10.5,18.9864,15.693511580956086,0.06372060165383825,2.2726031476508293e-06,1.5,18.818832140417143,0.0531382602564536,0.015
12.0,18.9864,15.455022031747179,0.06470388705663661,1.48017518578645e-06,1.5,18.819480050932963,0.05313643083090522,0.015
13.5,18.9864,15.69307623646469,0.06372236933867584,1.0297324890503784e-06,1.5,18.829525127039936,0.05310808388704189,0.015
15.0,18.9864,16.36464646073327,0.06110733906775716,6.591470939942959e-07,1.5,18.858739902797378,0.05302581217802716,0.015
16.5,18.9864,17.392887459223715,0.057494766314358264,3.9333504211769127e-07,1.5,18.914675632654973,0.052869000738958706,0.015
18.0,18.9864,18.67414502428339,0.05354997504301402,2.564523899653697e-07,1.5,18.962612718179592,0.05273534901871897,0.015
19.5,18.9864,20.089981000068857,0.0497760550394036,1.7786118212049335e-07,nan,19.015989088151976,0.05258732508544906,0.015
nan,nan,nan,nan,1.1361432180318991e-07,nan,19.082653409141297,0.05240361382453045,0.015
nan,nan,nan,nan,6.781176029259814e-08,nan,19.159901267915345,0.05219233575459875,0.015
nan,nan,nan,nan,4.415334747051526e-08,nan,19.238741676857597,0.05197845143910354,0.015
Name:	62.312361621777015_8_210_0.015
Lambda:	62.312361621777015	Maximal Depth:	20	Filter time:	8.0 to 210.0 [us]
Chi2:	6.670327889603453	RelRMS:	3.874046689394407	AbsRMS:	1.6681006575148657e-07	Phi model:	0.044895571570102405
depth_vector,start_model,resistivity_model,conductivity_model,E/I[V/A],modelled_thickness,rhoa,sigma,rel_err
0.0,18.9864,25.316726016764566,0.03949957823684653,0.00011796106561750743,1.0,20.317165372907706,0.049219464509230614,0.015
1.0,18.9864,24.926964287623157,0.04011719952984906,7.10850708444565e-05,1.0,20.007308985223922,0.04998173421215887,0.015
2.0,18.9864,24.171338462991056,0.04137131262015584,4.666081313594329e-05,1.0,19.771843007860372,0.050576974518887596,0.015
3.0,18.9864,23.10618506809617,0.043278455402867365,3.2765914120528895e-05,1.0,19.537594017364025,0.05118337493916859,0.015
4.0,18.9864,21.813054109965382,0.045844107613667265,2.121374146539478e-05,1.0,19.324098808779308,0.051748855659218676,0.015
5.0,18.9864,20.388172696738017,0.049048044416456896,1.2816084474324288e-05,1.0,19.136762251430252,0.052255443573024564,0.015
6.0,18.9864,18.93324634542884,0.05281714407320515,8.425239739846656e-06,1.5,18.99985678903859,0.052631975656622886,0.015
7.5,18.9864,17.558604528704866,0.05695213411550996,5.8822661815338125e-06,1.5,18.924384191992065,0.052841877963096646,0.015
9.0,18.9864,16.449201318120494,0.060793225194368354,3.779182733045265e-06,1.5,18.86290929675804,0.05301409153103809,0.015
10.5,18.9864,15.73411356212216,0.06355617023175493,2.27232533602039e-06,1.5,18.820365953623924,0.053133929619867286,0.015
12.0,18.9864,15.47911767093027,0.06460316545548307,1.4800401908822641e-06,1.5,18.82062438710394,0.053133200016743806,0.015
13.5,18.9864,15.69313660053478,0.06372212422887612,1.029666470573e-06,1.5,18.83032997231799,0.05310581394325408,0.015
15.0,18.9864,16.341028817218323,0.06119565733500901,6.591271662653936e-07,1.5,18.85912001150457,0.053024743433944595,0.015
16.5,18.9864,17.353281728009765,0.05762598773383075,3.933381410252749e-07,1.5,18.914576286566348,0.05286927842577301,0.015
18.0,18.9864,18.63716284805916,0.05365623556292197,2.5646196072467615e-07,1.5,18.962140945210603,0.052736661060025336,0.015
19.5,18.9864,20.085212415739946,0.04978787275440222,1.778720788784238e-07,nan,19.015212444821298,0.05258947292341954,0.015
nan,nan,nan,nan,1.136243705652142e-07,nan,19.081528299164113,0.05240670371480706,0.015
nan,nan,nan,nan,6.781967552429471e-08,nan,19.15841047136069,0.052196397059916265,0.015
nan,nan,nan,nan,4.415944832402772e-08,nan,19.236969682385098,0.051983239382847275,0.015
Name:	72.95406136340671_8_210_0.015
Lambda:	72.95406136340671	Maximal Depth:	20	Filter time:	8.0 to 210.0 [us]
Chi2:	6.672924720201488	RelRMS:	3.8748007200955956	AbsRMS:	1.8023969839656078e-07	Phi model:	0.04420442711252466
depth_vector,start_model,resistivity_model,conductivity_model,E/I[V/A],modelled_thickness,rhoa,sigma,rel_err
0.0,18.9864,25.23017903552465,0.0396350734805321,0.00011802599048611699,1.0,20.30971384886789,0.04923752286424962,0.015
1.0,18.9864,24.848378875442364,0.040244074070695184,7.11025402680065e-05,1.0,20.004031742082724,0.0499899226762517,0.015
2.0,18.9864,24.10799801441681,0.04148001005317781,4.6663456457257914e-05,1.0,19.771096330389323,0.050578884614655484,0.015
3.0,18.9864,23.06334969190239,0.04335883613433234,3.276450563347954e-05,1.0,19.538153937323326,0.05118190813768342,0.015
4.0,18.9864,21.79371402266028,0.04588479040150008,2.1210931899923943e-05,1.0,19.325805196866234,0.05174428645085145,0.015
5.0,18.9864,20.392390088451723,0.049037900690527846,1.2813649785697018e-05,1.0,19.13918625930973,0.052248825339352004,0.015
6.0,18.9864,18.958672402538774,0.05274630938114048,8.423536329256094e-06,1.5,19.002418141366253,0.0526248813472379,0.015
7.5,18.9864,17.599064795688275,0.056821201104106246,5.881087437999987e-06,1.5,18.926912777692817,0.05283481842736635,0.015
9.0,18.9864,16.49500900587364,0.06062439854648846,3.7784842756203544e-06,1.5,18.865233779668028,0.05300755939095482,0.015
10.5,18.9864,15.774502687992866,0.06339344065414966,2.2719798598725806e-06,1.5,18.822273782378474,0.053128543956055194,0.015
12.0,18.9864,15.504399779363006,0.06449782089152792,1.479865071135682e-06,1.5,18.822109116145914,0.05312900875397559,0.015
13.5,18.9864,15.696889363530408,0.06370688974360514,1.0295765364169855e-06,1.5,18.8314265171077,0.05310272161758614,0.015
15.0,18.9864,16.32239027899396,0.06126553665898715,6.590961240733629e-07,1.5,18.85971215965839,0.053023078588603084,0.015
16.5,18.9864,17.318996501357343,0.05774006593982665,3.9333819586122415e-07,1.5,18.914574528624065,0.052869283339504476,0.015
18.0,18.9864,18.603254136364622,0.05375403639975303,2.564717413804321e-07,1.5,18.96165885609679,0.05273800185886519,0.015
19.5,18.9864,20.078046888389437,0.04980564123387278,1.778845108337383e-07,nan,19.01432648038695,0.052591923307485446,0.015
nan,nan,nan,nan,1.1363652636996145e-07,nan,19.08016749570164,0.0524104413771671,0.015
nan,nan,nan,nan,6.782963172327065e-08,nan,19.1565356799801,0.052201505361173885,0.015
nan,nan,nan,nan,4.4167300879546026e-08,nan,19.23468950608649,0.05198940173604399,0.015
Name:	85.41314966877566_8_210_0.015
Lambda:	85.41314966877566	Maximal Depth:	20	Filter time:	8.0 to 210.0 [us]
Chi2:	6.676122638563916	RelRMS:	3.8757290845425216	AbsRMS:	1.953757713744909e-07	Phi model:	0.04347714624114646
depth_vector,start_model,resistivity_model,conductivity_model,E/I[V/A],modelled_thickness,rhoa,sigma,rel_err
0.0,18.9864,25.144341142505404,0.03977037991699627,0.00011809722285914053,1.0,20.301546258631976,0.04925733179436083,0.015
1.0,18.9864,24.77010769756962,0.04037124150647586,7.112268240508917e-05,1.0,20.000254766332127,0.04999936309228282,0.015
2.0,18.9864,24.044330637579296,0.041589845651061,4.6667145365634066e-05,1.0,19.77005441645194,0.05058155020392029,0.015
3.0,18.9864,23.020008022821152,0.043440471393782244,3.27634081101568e-05,1.0,19.538590266776357,0.051180765159931293,0.015
4.0,18.9864,21.773134320990405,0.045928160147156644,2.1208015127644035e-05,1.0,19.327577095541933,0.05173954267814864,0.015
5.0,18.9864,20.395198388083077,0.04903114845817339,1.2810973287963917e-05,1.0,19.14185190143503,0.052241549310337726,0.015
6.0,18.9864,18.982387216054274,0.05268041309126042,8.42160473864035e-06,1.5,19.0053236437993,0.052616836142449025,0.015
7.5,18.9864,17.638289834453204,0.0566948388639516,5.879721720293187e-06,1.5,18.929843508156164,0.05282663850702925,0.015
9.0,18.9864,16.540672529989155,0.060457033907596235,3.77765550604666e-06,1.5,18.867992873697595,0.052999808018478874,0.015
10.5,18.9864,15.815583643732479,0.06322877628333923,2.271557710505141e-06,1.5,18.82460568142277,0.05312196265480657,0.015
12.0,18.9864,15.531296079248905,0.06438612688197237,1.4796449189161484e-06,1.5,18.82397606241859,0.05312373946312357,0.015
13.5,18.9864,15.704124150781341,0.06367754039630705,1.0294599280868134e-06,1.5,18.832848531173937,0.05309871198426006,0.015
15.0,18.9864,16.308626103063922,0.061317243628028775,6.590527716683982e-07,1.5,18.860539210187792,0.053020753481949,0.015
16.5,18.9864,17.28977029077592,0.05783766835430424,3.933349137971873e-07,1.5,18.91467974643603,0.052868989240403265,0.015
18.0,18.9864,18.572209123525763,0.05384389080205226,2.564817729826949e-07,1.5,18.96116442964389,0.052739377041454254,0.015
19.5,18.9864,20.068293081947573,0.04982984830431591,1.7789864517679897e-07,nan,19.013319320487035,0.05259470916908708,0.015
nan,nan,nan,nan,1.1365100292671906e-07,nan,19.078547207950322,0.05241489244963499,0.015
nan,nan,nan,nan,6.784182745607448e-08,nan,19.15423980048418,0.05220776237617752,0.015
nan,nan,nan,nan,4.4177071492589766e-08,nan,19.231853319348634,0.051997068789721254,0.015
Name:	100.0_8_210_0.015
Lambda:	100.0	Maximal Depth:	20	Filter time:	8.0 to 210.0 [us]
Chi2:	6.680126100368708	RelRMS:	3.8768909870964374	AbsRMS:	2.1251804081699272e-07	Phi model:	0.042699157637327234
depth_vector,start_model,resistivity_model,conductivity_model,E/I[V/A],modelled_thickness,rhoa,sigma,rel_err
0.0,18.9864,25.05856557175861,0.03990651408742308,0.0001181760317915783,1.0,20.292519492692932,0.04927924304126389,0.015
1.0,18.9864,24.692034127419596,0.040498891052865374,7.114603867264924e-05,1.0,19.995877320795813,0.05001030882300898,0.015
2.0,18.9864,23.98059367661373,0.04170038546523627,4.667210808938209e-05,1.0,19.768652936190172,0.05058513613587273,0.015
3.0,18.9864,22.975514277944413,0.04352459700804001,3.276271159332504e-05,1.0,19.53886718542581,0.05118003978991718,0.015
4.0,18.9864,21.75110620074034,0.0459746732313763,2.120499994739103e-05,1.0,19.3294092026853,0.05173463862832791,0.015
5.0,18.9864,20.396130003335784,0.049028908907545216,1.2808032952397851e-05,1.0,19.144781381440744,0.05223355545701953,0.015
6.0,18.9864,19.004561067465595,0.05261894744372319,8.419420204987254e-06,1.5,19.008610962315455,0.052607736671685196,0.015
7.5,18.9864,17.676352495335422,0.056572757318790065,5.878147655371806e-06,1.5,18.93322274423471,0.052817209912375145,0.015
9.0,18.9864,16.585542536789415,0.060293475343470876,3.776681162060038e-06,1.5,18.871237896549108,0.052990694382739206,0.015
10.5,18.9864,15.85725841642743,0.06306260349292432,2.2710498821653424e-06,1.5,18.827411817353973,0.053114045079646066,0.015
12.0,18.9864,15.560914618872319,0.06426357476360658,1.4793744977531462e-06,1.5,18.82626993569037,0.053117266639432656,0.015
13.5,18.9864,15.715483216281681,0.06363151461763339,1.0293136046034757e-06,1.5,18.834633295117786,0.05309368036696603,0.015
15.0,18.9864,16.300197265475102,0.06134895079571008,6.589957784678314e-07,1.5,18.86162662939504,0.05301769670498846,0.015
16.5,18.9864,17.26582110326766,0.05791789420375403,3.933280169069428e-07,1.5,18.91490085466017,0.05286837122139207,0.015
18.0,18.9864,18.54410659482807,0.053925488126718324,2.5649218509210205e-07,1.5,18.960651283264255,0.05274080436691838,0.015
19.5,18.9864,20.055627329484953,0.04986131740341233,1.7791476693101768e-07,nan,19.012170707977116,0.05259788665690975,0.015
nan,nan,nan,nan,1.1366813932483872e-07,nan,19.076629662144065,0.05242016109294265,0.015
nan,nan,nan,nan,6.785657354532408e-08,nan,19.15146472804504,0.05221532734964231,0.015
nan,nan,nan,nan,4.418902080027803e-08,nan,19.22838612792146,0.052006444708737366,0.015
