Name:	5.000000000000001_8_210_0.015
Lambda:	5.000000000000001	Maximal Depth:	20	Filter time:	8.0 to 210.0 [us]
Chi2:	24.423733245889995	RelRMS:	7.413056036699876	AbsRMS:	8.302465164061981e-07	Phi model:	3.508314529665975
depth_vector,start_model,resistivity_model,conductivity_model,E/I[V/A],modelled_thickness,rhoa,sigma,rel_err
0.0,16.5714,77.02709137193634,0.012982445295400769,0.00015006856499461782,1.0,17.304634093038338,0.05778798873316255,0.015
1.0,16.5714,69.3136880095993,0.014427164802737221,9.476894451659377e-05,1.0,16.51696507619199,0.06054381028155273,0.015
2.0,16.5714,56.31829057193132,0.017756220756075178,6.349393570429113e-05,1.0,16.101284483496194,0.062106846259688125,0.015
3.0,16.5714,41.227747754159395,0.024255508837470068,4.471183696895694e-05,1.0,15.880747158742965,0.06296932946567702,0.015
4.0,16.5714,27.135529197511023,0.036852054467827515,2.8808571295232498e-05,1.0,15.757825375346272,0.06346053317512572,0.015
5.0,16.5714,16.183279675219108,0.06179217192490748,1.7132744785860112e-05,1.0,15.769602217262713,0.06341314043453278,0.015
6.0,16.5714,9.141317089938706,0.10939342658845512,1.1044714337638223e-05,1.5,15.862398179809071,0.06304216983235737,0.015
7.5,16.5714,6.022769853459299,0.16603656196917932,7.573468559693151e-06,1.5,15.99024018118022,0.06253814756184552,0.015
9.0,16.5714,6.909354846806219,0.14473131315035007,4.75861471710958e-06,1.5,16.176587402386026,0.06181773541757647,0.015
10.5,16.5714,13.235846045367495,0.07555240492918826,2.793352178855775e-06,1.5,16.400532221148797,0.060973631008784036,0.015
12.0,16.5714,27.439134777284156,0.03644429782923997,1.7880279942122501e-06,1.5,16.592054183141816,0.060269812824987015,0.015
13.5,16.5714,47.52845245766908,0.02104002862055405,1.2291467154270227e-06,1.5,16.73348868451071,0.05976040136362277,0.015
15.0,16.5714,63.69206137064024,0.015700543811586608,7.778111012481716e-07,1.5,16.88825613720469,0.05921274475444556,0.015
16.5,16.5714,63.75640878455299,0.015684697727866407,4.60045062581355e-07,1.5,17.038855042606848,0.05868938948652536,0.015
18.0,16.5714,44.206970653329066,0.02262086691807039,2.9876111711794594e-07,1.5,17.12721013200193,0.05838662527597038,0.015
19.5,16.5714,16.942091330032852,0.05902459032476842,2.0688347522955158e-07,nan,17.193165112361502,0.05816264739300516,0.015
nan,nan,nan,nan,1.3218004543509921e-07,nan,17.25110366076394,0.05796730572516405,0.015
nan,nan,nan,nan,7.908036172063546e-08,nan,17.29355107186082,0.05782502366602709,0.015
nan,nan,nan,nan,5.1655789921546275e-08,nan,17.32765325026135,0.057711219491590256,0.015
Name:	5.8538995686138975_8_210_0.015
Lambda:	5.8538995686138975	Maximal Depth:	20	Filter time:	8.0 to 210.0 [us]
Chi2:	23.590059278143805	RelRMS:	7.285439820341908	AbsRMS:	3.2320578937641394e-07	Phi model:	2.9794637462900666
depth_vector,start_model,resistivity_model,conductivity_model,E/I[V/A],modelled_thickness,rhoa,sigma,rel_err
0.0,16.5714,66.26814218629119,0.015090207255076314,0.00014845742862201454,1.0,17.429607917164432,0.05737363713243452,0.015
1.0,16.5714,60.445403447530005,0.01654385516457105,9.33959250650277e-05,1.0,16.678448987359484,0.05995761361010818,0.015
2.0,16.5714,50.34446645747094,0.019863156179135623,6.242686374158821e-05,1.0,16.284246854634592,0.06140904205928284,0.015
3.0,16.5714,38.21189899441717,0.026169858769544585,4.3904316493776335e-05,1.0,16.074881979898613,0.062208854861297534,0.015
4.0,16.5714,26.34603852910033,0.037956370514506656,2.826128538590622e-05,1.0,15.960610166807506,0.06265424626933441,0.015
5.0,16.5714,16.52928419342388,0.060498687559491934,1.6803089613009973e-05,1.0,15.975186607317845,0.06259707786711702,0.015
6.0,16.5714,9.679376197936607,0.10331244282179818,1.0837000589725185e-05,1.5,16.0644467948627,0.062249264650669024,0.015
7.5,16.5714,6.262961078279093,0.15966888305727348,7.436026481414581e-06,1.5,16.18667274814674,0.06177921896360652,0.015
9.0,16.5714,7.123886622728603,0.14037281233667057,4.677390937572678e-06,1.5,16.363322541168376,0.061112283124903674,0.015
10.5,16.5714,13.413183346442295,0.07455351754848258,2.7496293644286585e-06,1.5,16.573935062808527,0.06033570158265997,0.015
12.0,16.5714,26.072236645185527,0.03835497558605733,1.7621596461562655e-06,1.5,16.754039393251407,0.059687098527582784,0.015
13.5,16.5714,42.748590830775186,0.023392583955775422,1.2124887323977745e-06,1.5,16.886403793460897,0.05921924006029281,0.015
15.0,16.5714,55.89920473290065,0.017889342161095702,7.680291645238114e-07,1.5,17.03135065788019,0.058715249312144994,0.015
16.5,16.5714,56.30248784821191,0.017761204490571347,4.5466656409380515e-07,1.5,17.172966093586677,0.058231058895146515,0.015
18.0,16.5714,40.636749573950816,0.0246082674053494,2.954232471773022e-07,1.5,17.255977437056234,0.05795093344596966,0.015
19.5,16.5714,17.10735758305474,0.05845438111321907,2.046381890401561e-07,nan,17.318698296783747,0.057741060145710246,0.015
nan,nan,nan,nan,1.3077734318093342e-07,nan,17.374239715612656,0.057556475354797285,0.015
nan,nan,nan,nan,7.825040731367402e-08,nan,17.41561736542809,0.05741972730665923,0.015
nan,nan,nan,nan,5.1113723073227743e-08,nan,17.44994555241009,0.05730676906678861,0.015
Name:	6.853628031883595_8_210_0.015
Lambda:	6.853628031883595	Maximal Depth:	20	Filter time:	8.0 to 210.0 [us]
Chi2:	25.231131302088485	RelRMS:	7.53458993109108	AbsRMS:	1.0783986292748492e-06	Phi model:	2.821628494681774
depth_vector,start_model,resistivity_model,conductivity_model,E/I[V/A],modelled_thickness,rhoa,sigma,rel_err
0.0,16.5714,65.52540057375802,0.015261257332938543,0.00015132770315140265,1.0,17.2085104572314,0.05811078201598661,0.015
1.0,16.5714,59.34138334159395,0.0168516462490195,9.52444188978776e-05,1.0,16.461949131596587,0.06074614810226992,0.015
2.0,16.5714,48.738748593155016,0.020517555925521697,6.369830837807702e-05,1.0,16.066825957443033,0.06224004682995556,0.015
3.0,16.5714,36.298319492186,0.027549484769267944,4.482352165801331e-05,1.0,15.854356644603708,0.06307414563809288,0.015
4.0,16.5714,24.57631609711369,0.04068958081628201,2.887096918171558e-05,1.0,15.735112605459708,0.06355213496553078,0.015
5.0,16.5714,15.364684074994438,0.06508431902140246,1.7175017194067493e-05,1.0,15.743716059110755,0.06351740569033627,0.015
6.0,16.5714,9.285247890984344,0.1076977170389781,1.1079524829847972e-05,1.5,15.829155632739178,0.06317456364707898,0.015
7.5,16.5714,6.528525418016535,0.15317394602467752,7.6024562900784896e-06,1.5,15.949567726841035,0.06269762398118983,0.015
9.0,16.5714,7.266532430622555,0.13761722108137975,4.780723008764037e-06,1.5,16.126676830817484,0.0620090555847834,0.015
10.5,16.5714,12.550329286102725,0.07967918428302304,2.808414659418947e-06,1.5,16.341838598389653,0.06119262492890741,0.015
12.0,16.5714,24.202603714583276,0.0413178685976439,1.7982847883982364e-06,1.5,16.52890383257697,0.060500079746915264,0.015
13.5,16.5714,40.79725452261664,0.024511453324527838,1.236242720089058e-06,1.5,16.669394043779594,0.05999018304886513,0.015
15.0,16.5714,54.73330197636226,0.01827041241604373,7.821053971176773e-07,1.5,16.82638067615714,0.05943048711699438,0.015
16.5,16.5714,55.78661323338976,0.01792544737957804,4.622752970468597e-07,1.5,16.98400855722933,0.0588789152237176,0.015
18.0,16.5714,40.32698794454592,0.024797289630832605,2.9996579814687446e-07,1.5,17.081323433343155,0.058543473162505424,0.015
19.5,16.5714,17.163542147412134,0.05826303168724277,2.0754605121832417e-07,nan,17.1565536449664,0.058286764387170044,0.015
nan,nan,nan,nan,1.3245309741159659e-07,nan,17.22738674783926,0.05804710921262766,0.015
nan,nan,nan,nan,7.913293226155132e-08,nan,17.285891117075078,0.05785064786230174,0.015
nan,nan,nan,nan,5.162812633307864e-08,nan,17.333842412454235,0.05769061332192033,0.015
Name:	8.024090035856696_8_210_0.015
Lambda:	8.024090035856696	Maximal Depth:	20	Filter time:	8.0 to 210.0 [us]
Chi2:	23.85620571856331	RelRMS:	7.326422241910949	AbsRMS:	3.4750572730349114e-07	Phi model:	2.289342808857542
depth_vector,start_model,resistivity_model,conductivity_model,E/I[V/A],modelled_thickness,rhoa,sigma,rel_err
0.0,16.5714,55.742595003372045,0.01793960255957777,0.0001491735356568586,1.0,17.37378267819151,0.057557989444362787,0.015
1.0,16.5714,51.24265349749795,0.019514992525686194,9.346039523245689e-05,1.0,16.670778101343902,0.059985202485502806,0.015
2.0,16.5714,43.4781793195384,0.023000043140045102,6.233127468421913e-05,1.0,16.3008912355795,0.061346339015950734,0.015
3.0,16.5714,33.936239640047894,0.029467024355282655,4.3797510473870274e-05,1.0,16.10100518628132,0.062107923600449415,0.015
4.0,16.5714,24.273916934232226,0.041196482739452436,2.818035507515906e-05,1.0,15.991153421983208,0.06253457606286794,0.015
5.0,16.5714,15.963173273533307,0.06264418626952978,1.6760916702325924e-05,1.0,16.001972648348907,0.06249229529230451,0.015
6.0,16.5714,9.917178287084749,0.10083513385075582,1.0819018850689031e-05,1.5,16.082241799174522,0.06218038582477528,0.015
7.5,16.5714,6.8339222915582125,0.14632885147600772,7.430109497055163e-06,1.5,16.195265136731148,0.06174644203459086,0.015
9.0,16.5714,7.523933915836818,0.1329091950017186,4.6787583519565105e-06,1.5,16.360134154994576,0.06112419314695598,0.015
10.5,16.5714,12.895962783779622,0.07754364809875129,2.7533974146502756e-06,1.5,16.558810554628074,0.06039081108519034,0.015
12.0,16.5714,23.412824287260737,0.04271163477462712,1.7656560962002446e-06,1.5,16.73191390206539,0.059766025922268214,0.015
13.5,16.5714,36.75253616831859,0.027209006622569348,1.2151899445427099e-06,1.5,16.86137029980264,0.05930716081905305,0.015
15.0,16.5714,47.092497785903284,0.021234804841873157,7.697183571262799e-07,1.5,17.00642399547845,0.05880130945023322,0.015
16.5,16.5714,47.864456273866466,0.02089232967106722,4.554554575506981e-07,1.5,17.153130191818185,0.058298397366387776,0.015
18.0,16.5714,36.3337504749829,0.027522619793641623,2.9573291698854e-07,1.5,17.243929204831524,0.05799142342336995,0.015
19.5,16.5714,17.372783373445753,0.057561300253619524,2.047001331585386e-07,nan,17.315204257008507,0.05775271172993756,0.015
nan,nan,nan,nan,1.3067744843114256e-07,nan,17.383092935503395,0.057527161806607524,0.015
nan,nan,nan,nan,7.808450622902201e-08,nan,17.440276526874623,0.05733854038719216,0.015
nan,nan,nan,nan,5.094475373404133e-08,nan,17.488508610854577,0.05718040470182408,0.015
Name:	9.394443439884116_8_210_0.015
Lambda:	9.394443439884116	Maximal Depth:	20	Filter time:	8.0 to 210.0 [us]
Chi2:	23.976989035423905	RelRMS:	7.344945563426851	AbsRMS:	3.792836442127587e-07	Phi model:	2.0419281166564676
depth_vector,start_model,resistivity_model,conductivity_model,E/I[V/A],modelled_thickness,rhoa,sigma,rel_err
0.0,16.5714,52.25386151986988,0.019137341641626684,0.00014947912393426983,1.0,17.350095825625246,0.057636569276064094,0.015
1.0,16.5714,48.15640421156415,0.02076567003646553,9.348017921938507e-05,1.0,16.66842590152678,0.05999366742293301,0.015
2.0,16.5714,40.95447898410772,0.02441735372553628,6.228509302776231e-05,1.0,16.308947836014195,0.0613160339989409,0.015
3.0,16.5714,32.130459765356726,0.031123115178022027,4.374963401169723e-05,1.0,16.1127495685449,0.062062653909310865,0.015
4.0,16.5714,23.26181293365723,0.04298891074620897,2.8145415684627025e-05,1.0,16.004384839517066,0.06248287641339766,0.015
5.0,16.5714,15.646605460728601,0.06391162623163849,1.6743266211402178e-05,1.0,16.013216693894005,0.06244841490100547,0.015
6.0,16.5714,10.064748369458936,0.09935668168659424,1.08117861081551e-05,1.5,16.08941334006333,0.0621526701355827,0.015
7.5,16.5714,7.152050480216578,0.13982004220553518,7.4279171051319645e-06,1.5,16.198451729648593,0.06173429514684203,0.015
9.0,16.5714,7.73544776969885,0.12927499865194372,4.679505895262392e-06,1.5,16.358391772403237,0.061130703672656224,0.015
10.5,16.5714,12.586726605406744,0.07944877420078711,2.7550405032827387e-06,1.5,16.55222618717988,0.06041483415533105,0.015
12.0,16.5714,22.066733664023403,0.04531708295507071,1.7671260902708076e-06,1.5,16.722633588811608,0.059799193391946164,0.015
13.5,16.5714,34.36997779898358,0.029095159905211606,1.2162991122594774e-06,1.5,16.851117925185424,0.059343243839354735,0.015
15.0,16.5714,44.36646637306711,0.02253954578197048,7.703906115131437e-07,1.5,16.996529182530264,0.05883554161327487,0.015
16.5,16.5714,45.63677176977798,0.0219121546336507,4.5575049792794343e-07,1.5,17.145726415369996,0.058323571470472485,0.015
18.0,16.5714,35.19353430852593,0.028414310175086378,2.9583226958471637e-07,1.5,17.24006817676332,0.058004410988805134,0.015
19.5,16.5714,17.48952657762246,0.057177076552745704,2.047010318485438e-07,nan,17.315153578181118,0.05775288076336229,0.015
nan,nan,nan,nan,1.3061679420292358e-07,nan,17.388473951054426,0.057509359522568144,0.015
nan,nan,nan,nan,7.8002093450886e-08,nan,17.45255866443804,0.057298188719894456,0.015
nan,nan,nan,nan,5.086476519856364e-08,nan,17.50683844162475,0.05712053625984072,0.015
Name:	10.998825680021056_8_210_0.015
Lambda:	10.998825680021056	Maximal Depth:	20	Filter time:	8.0 to 210.0 [us]
Chi2:	24.125640575589763	RelRMS:	7.3676788268135684	AbsRMS:	4.284423412986962e-07	Phi model:	1.7790914787819796
depth_vector,start_model,resistivity_model,conductivity_model,E/I[V/A],modelled_thickness,rhoa,sigma,rel_err
0.0,16.5714,48.55160322676801,0.020596642202098673,0.0001498313930081127,1.0,17.322890580569435,0.057727086328286915,0.015
1.0,16.5714,44.89486916239534,0.022274260258622516,9.350317208541747e-05,1.0,16.665693227085516,0.06000350458718238,0.015
2.0,16.5714,38.44234163306921,0.026012983536355942,6.223202927562887e-05,1.0,16.31821735029176,0.061281203610277966,0.015
3.0,16.5714,30.488585998701225,0.0327991596606874,4.369451281058216e-05,1.0,16.126297684324893,0.06201051348394873,0.015
4.0,16.5714,22.428693178204394,0.04458574523511576,2.810503466374891e-05,1.0,16.019711126426273,0.062423098151276286,0.015
5.0,16.5714,15.43209312297322,0.06480002369291919,1.67227064560146e-05,1.0,16.026338987397338,0.06239728242278988,0.015
6.0,16.5714,10.229340565439474,0.09775801222011987,1.0803237466048925e-05,1.5,16.097899962922725,0.062119903981465704,0.015
7.5,16.5714,7.478645748407544,0.133714048457628,7.425219365084344e-06,1.5,16.202374986688966,0.0617193467514206,0.015
9.0,16.5714,7.977060847885901,0.125359454950757,4.680262454175611e-06,1.5,16.356628848396813,0.06113729236437462,0.015
10.5,16.5714,12.400959643779736,0.08063892059366513,2.7568950716477454e-06,1.5,16.54480221275218,0.06044194346604116,0.015
12.0,16.5714,20.992410282809754,0.04763626408440002,1.7688171835723707e-06,1.5,16.711973341962395,0.05983733814899537,0.015
13.5,16.5714,32.099884429526426,0.031152760135178877,1.2175919246125733e-06,1.5,16.83918771551218,0.059385287277176964,0.015
15.0,16.5714,41.211754349821476,0.024264921883975363,7.711891934847687e-07,1.5,16.984793657258322,0.05887619362232626,0.015
16.5,16.5714,42.66214137914747,0.02343998607835431,4.561150944775161e-07,1.5,17.13658821627559,0.05835467290100624,0.015
18.0,16.5714,33.624968090286025,0.02973980517438444,2.95968101278867e-07,1.5,17.234792998313228,0.058022164820770994,0.015
19.5,16.5714,17.62357582236663,0.05674217367004878,2.047197875941366e-07,nan,17.314095990870143,0.05775640845050806,0.015
nan,nan,nan,nan,1.3056025673784881e-07,nan,17.39349349438633,0.0574927630451436,0.015
nan,nan,nan,nan,7.791629734413429e-08,nan,17.465368025020858,0.057256165376383804,0.015
nan,nan,nan,nan,5.077912257040408e-08,nan,17.526517270765506,0.057056401140688405,0.015
Name:	12.87720418070694_8_210_0.015
Lambda:	12.87720418070694	Maximal Depth:	20	Filter time:	8.0 to 210.0 [us]
Chi2:	24.28352268187294	RelRMS:	7.391747157080937	AbsRMS:	4.886787032790388e-07	Phi model:	1.5406853195404866
depth_vector,start_model,resistivity_model,conductivity_model,E/I[V/A],modelled_thickness,rhoa,sigma,rel_err
0.0,16.5714,45.202208810560535,0.02212281271897428,0.00015019324203292128,1.0,17.295056258060193,0.0578199911627324,0.015
1.0,16.5714,41.945433111143366,0.02384049766157586,9.352639451972521e-05,1.0,16.66293440528702,0.06001343915047206,0.015
2.0,16.5714,36.17344454055252,0.027644588805441028,6.217803769749154e-05,1.0,16.327662473588358,0.061245754045785854,0.015
3.0,16.5714,29.013222684655663,0.03446704321229623,4.363899052349574e-05,1.0,16.139973209535523,0.06195797149212109,0.015
4.0,16.5714,21.694076384496057,0.04609553235991473,2.8064591837916282e-05,1.0,16.035097700460234,0.06236319969358829,0.015
5.0,16.5714,15.266566567870331,0.06550261288642184,1.670222879512072e-05,1.0,16.039435639139686,0.062346333281190026,0.015
6.0,16.5714,10.414792448603126,0.09601727590203912,1.0794802469267104e-05,1.5,16.106284742369883,0.062087564947200836,0.015
7.5,16.5714,7.813955620662118,0.12797615555375585,7.422610614788863e-06,1.5,16.20617108819547,0.061704889733540894,0.015
9.0,16.5714,8.235775959359954,0.12142146713734979,4.681069416667203e-06,1.5,16.354748998010077,0.061144319617602964,0.015
10.5,16.5714,12.265556034826187,0.08152912082914558,2.7587739219889833e-06,1.5,16.537289518674545,0.060469401522586966,0.015
12.0,16.5714,20.038162463804394,0.049904775540488486,1.7705201187302163e-06,1.5,16.70125559833246,0.05987573773194904,0.015
13.5,16.5714,30.04803174114104,0.033280050041707865,1.218890820770926e-06,1.5,16.827222606266957,0.05942751358311325,0.015
15.0,16.5714,38.34832509937557,0.0260767581741473,7.719906530321602e-07,1.5,16.973036190638926,0.05891697800959891,0.015
16.5,16.5714,39.94969398554528,0.025031480850937756,4.564810313016698e-07,1.5,17.127428658148375,0.05838588033027654,0.015
18.0,16.5714,32.17828317989639,0.031076859955808864,2.9610468198045133e-07,1.5,17.229492798165357,0.05804001381320306,0.015
19.5,16.5714,17.759494758696142,0.05630790816897189,2.0473901952359525e-07,nan,17.31301172047621,0.05776002558915232,0.015
nan,nan,nan,nan,1.305040000186259e-07,nan,17.398491709471944,0.05747624660220335,0.015
nan,nan,nan,nan,7.78306504838388e-08,nan,17.478178571285802,0.057214199747498855,0.015
nan,nan,nan,nan,5.06935709513971e-08,nan,17.546230493736175,0.056992298166662625,0.015
Name:	15.076371999678692_8_210_0.015
Lambda:	15.076371999678692	Maximal Depth:	20	Filter time:	8.0 to 210.0 [us]
Chi2:	24.46622969897444	RelRMS:	7.419502464632818	AbsRMS:	5.676623693312596e-07	Phi model:	1.306997612002804
depth_vector,start_model,resistivity_model,conductivity_model,E/I[V/A],modelled_thickness,rhoa,sigma,rel_err
0.0,16.5714,41.82774002363497,0.02390757902375182,0.00015061171789000074,1.0,17.263005103198797,0.057927341967517705,0.015
1.0,16.5714,39.0135746478952,0.025632103928573242,9.356117122551385e-05,1.0,16.65880507211276,0.060028315096502576,0.015
2.0,16.5714,34.001973808153515,0.02941005735849972,6.212352383310613e-05,1.0,16.337212842463558,0.06120995114912182,0.015
3.0,16.5714,27.679942728136943,0.036127242379858315,4.358085522988982e-05,1.0,16.15432344948618,0.06190293286666901,0.015
4.0,16.5714,21.097854642090702,0.047398184173900654,2.8021535749024573e-05,1.0,16.051519163165615,0.06229939919299103,0.015
5.0,16.5714,15.181110101033639,0.06587133571555566,1.668019609280824e-05,1.0,16.053556750414064,0.062291491882271344,0.015
6.0,16.5714,10.622493792870147,0.09413985260892346,1.078565697361314e-05,1.5,16.1153881376542,0.0620524924040435,0.015
7.5,16.5714,8.15475988937371,0.12262776753280968,7.419733046762639e-06,1.5,16.210360937582006,0.0616889410328678,0.015
9.0,16.5714,8.521445542269403,0.11735098171309599,4.681894805032608e-06,1.5,16.352826782501577,0.06115150691072292,0.015
10.5,16.5714,12.212511014070394,0.08188324242638312,2.7607902601692822e-06,1.5,16.52923655187581,0.06049886193240519,0.015
12.0,16.5714,19.276444853825932,0.05187678576537535,1.7723670742091531e-06,1.5,16.68965084071727,0.059917370923082955,0.015
13.5,16.5714,28.201030121020224,0.03545969759645869,1.220311695108248e-06,1.5,16.814158178495546,0.05947368814924967,0.015
15.0,16.5714,35.493517173532766,0.028174159103783947,7.728794932419231e-07,1.5,16.960020612491057,0.05896219249070369,0.015
16.5,16.5714,37.02479326838144,0.027008928659001685,4.5689883845537994e-07,1.5,17.11698571443451,0.05842150111492553,0.015
18.0,16.5714,30.5457652509025,0.03273776223270275,2.962715615109482e-07,1.5,17.223022338781753,0.05806181867094609,0.015
19.5,16.5714,17.905768954762625,0.05584792267377142,2.0477587654984694e-07,nan,17.310934245070495,0.0577669573370809,0.015
nan,nan,nan,nan,1.304554460544038e-07,nan,17.402808449407477,0.05746198970741688,0.015
nan,nan,nan,nan,7.774662424262548e-08,nan,17.490769567990245,0.05717301323494045,0.015
nan,nan,nan,nan,5.060727501076915e-08,nan,17.56617147997673,0.056927600936827735,0.015
Name:	17.651113509036346_8_210_0.015
Lambda:	17.651113509036346	Maximal Depth:	20	Filter time:	8.0 to 210.0 [us]
Chi2:	24.622302531640152	RelRMS:	7.443129764836183	AbsRMS:	6.269200690884444e-07	Phi model:	1.1364293902215665
depth_vector,start_model,resistivity_model,conductivity_model,E/I[V/A],modelled_thickness,rhoa,sigma,rel_err
0.0,16.5714,39.60604821276009,0.025248668956521256,0.00015092070556067504,1.0,17.239434767645644,0.0580065421794898,0.015
1.0,16.5714,37.00696240808858,0.02702194222191635,9.35649353037811e-05,1.0,16.658358284603693,0.06002992509317315,0.015
2.0,16.5714,32.36134238286104,0.03090106671624389,6.206425727242717e-05,1.0,16.347611703509255,0.06117101495537328,0.015
3.0,16.5714,26.53000374303213,0.0376931722168581,4.3525562885733874e-05,1.0,16.168001563304067,0.06185056304482702,0.015
4.0,16.5714,20.472495505365185,0.04884602366809323,2.798322625198728e-05,1.0,16.06616568505877,0.06224260471370472,0.015
5.0,16.5714,15.040213304058458,0.06648841873340716,1.666143561846499e-05,1.0,16.065605165912636,0.06224477632014512,0.015
6.0,16.5714,10.827816353307893,0.09235472484666776,1.0778160058691096e-05,1.5,16.12286014225146,0.06202373469576943,0.015
7.5,16.5714,8.512364823735885,0.11747616798702039,7.417526618292507e-06,1.5,16.21357541690385,0.06167671067526698,0.015
9.0,16.5714,8.795058669363597,0.1137002079910354,4.682699531992274e-06,1.5,16.350953228236335,0.0611585138824266,0.015
10.5,16.5714,12.115504611751303,0.08253886503662924,2.7624920177673652e-06,1.5,16.52244759888356,0.06052372047272047,0.015
12.0,16.5714,18.46249279696678,0.05416386676474646,1.7738768488186628e-06,1.5,16.680179613219934,0.05995139280199636,0.015
13.5,16.5714,26.586631541416864,0.03761288820820314,1.2214450936942168e-06,1.5,16.803755150335626,0.05951050768435094,0.015
15.0,16.5714,33.46799498195311,0.029879292157753347,7.735633726491087e-07,1.5,16.950023311766103,0.05899696900746063,0.015
16.5,16.5714,35.256178036428736,0.02836382318488243,4.5719664176218193e-07,1.5,17.109551934985635,0.05844688416154246,0.015
18.0,16.5714,29.612863073845396,0.033769108968163826,2.9636956498447236e-07,1.5,17.219225257359184,0.05807462211882141,0.015
19.5,16.5714,18.033365824019633,0.05545276515535691,2.0477364165734672e-07,nan,17.311060198803045,0.05776653702984315,0.015
nan,nan,nan,nan,1.3039082908945333e-07,nan,17.408557441692903,0.05744301349203318,0.015
nan,nan,nan,nan,7.766034474911201e-08,nan,17.503721827833427,0.05713070681972657,0.015
nan,nan,nan,nan,5.052392030948712e-08,nan,17.58548669605928,0.05686507386935667,0.015
Name:	20.665569151220556_8_210_0.015
Lambda:	20.665569151220556	Maximal Depth:	20	Filter time:	8.0 to 210.0 [us]
Chi2:	24.817244385766553	RelRMS:	7.472536374483214	AbsRMS:	7.166973990340858e-07	Phi model:	0.9544523638109796
depth_vector,start_model,resistivity_model,conductivity_model,E/I[V/A],modelled_thickness,rhoa,sigma,rel_err
0.0,16.5714,36.9320111394671,0.027076781608877994,0.00015134966862507109,1.0,17.206845428910306,0.058116405132566426,0.015
1.0,16.5714,34.691596434975594,0.028825424678116388,9.360186824164407e-05,1.0,16.653976017526354,0.06004572115077009,0.015
2.0,16.5714,30.64006953332145,0.032637001652770004,6.201164384707231e-05,1.0,16.3568570883601,0.06113643926812945,0.015
3.0,16.5714,25.47928542441814,0.039247568498983386,4.347005564836824e-05,1.0,16.18176199683919,0.061797967378047686,0.015
4.0,16.5714,20.016429961293483,0.04995895881202279,2.7942525719741582e-05,1.0,16.081763006990855,0.062182237082171465,0.015
5.0,16.5714,15.015833839529684,0.06659636825278838,1.6640938668203156e-05,1.0,16.078794660150685,0.06219371670181081,0.015
6.0,16.5714,11.063662147207031,0.09038598492023234,1.076993861629431e-05,1.5,16.131064231545142,0.061992190077852866,0.015
7.5,16.5714,8.869372874521842,0.11274754305037729,7.415168262691152e-06,1.5,16.217012996782287,0.06166363683610637,0.015
9.0,16.5714,9.102377336984198,0.10986140905594673,4.683727120842445e-06,1.5,16.348561589948257,0.06116746078840597,0.015
10.5,16.5714,12.127916069133445,0.08245439647666125,2.764546631249949e-06,1.5,16.51426025282964,0.060553726578740016,0.015
12.0,16.5714,17.87258351280866,0.05595161993694615,1.7757129276243054e-06,1.5,16.66867947935235,0.05999275474933149,0.015
13.5,16.5714,25.123156850561355,0.039803915007506546,1.2228448860375502e-06,1.5,16.790929180381482,0.0595559655607624,0.015
15.0,16.5714,31.219183645413345,0.03203158709586943,7.7443495409509e-07,1.5,16.937303415603807,0.059041275666038506,0.015
16.5,16.5714,32.937615348776866,0.030360424985566993,4.5760657241543126e-07,1.5,17.099332417743188,0.05848181528784984,0.015
18.0,16.5714,28.283132377282246,0.03535676270437521,2.9653483936723976e-07,1.5,17.212826546033114,0.05809621083008363,0.015
19.5,16.5714,18.176996559041218,0.05501458927782,2.0481232267160723e-07,nan,17.30888054334545,0.05777381139674332,0.015
nan,nan,nan,nan,1.3034627548789856e-07,nan,17.41252415650867,0.057429927505726244,0.015
nan,nan,nan,nan,7.75809359391238e-08,nan,17.515663874294003,0.057091755538172924,0.015
nan,nan,nan,nan,5.044194389087844e-08,nan,17.60453440276329,0.05680354714993402,0.015
Name:	24.19483326789813_8_210_0.015
Lambda:	24.19483326789813	Maximal Depth:	20	Filter time:	8.0 to 210.0 [us]
Chi2:	24.961058154240202	RelRMS:	7.494156446661654	AbsRMS:	7.594357337169302e-07	Phi model:	0.8388368781757302
depth_vector,start_model,resistivity_model,conductivity_model,E/I[V/A],modelled_thickness,rhoa,sigma,rel_err
0.0,16.5714,35.592421111397975,0.028095868973627196,0.00015156626718833697,1.0,17.190448349199073,0.05817183936605071,0.015
1.0,16.5714,33.506540023807815,0.02984491980638579,9.357379301870462e-05,1.0,16.657307012218922,0.06003371368892059,0.015
2.0,16.5714,29.69207811365102,0.033679016880271744,6.193996148071966e-05,1.0,16.36947438374754,0.061089316404248854,0.015
3.0,16.5714,24.808401030434172,0.04030892594703025,4.340816927856769e-05,1.0,16.1971384067055,0.06173930078821869,0.015
4.0,16.5714,19.62802125014035,0.05094757068254394,2.7900381835713635e-05,1.0,16.09795340536541,0.062119697754045085,0.015
5.0,16.5714,14.907298083831893,0.06708123728233331,1.661920841911358e-05,1.0,16.092807365888536,0.06213956193371652,0.015
6.0,16.5714,11.190360377859278,0.08936262696048226,1.0759751394848558e-05,1.5,16.141244442174763,0.0619530918810165,0.015
7.5,16.5714,9.162634784771399,0.10913891293168565,7.410615041998584e-06,1.5,16.223655007770102,0.06163839156596115,0.015
9.0,16.5714,9.376952515199296,0.10664445600839711,4.682684138900024e-06,1.5,16.350989061188272,0.06115837985444333,0.015
10.5,16.5714,12.134303311198048,0.08241099421646711,2.7649640200548404e-06,1.5,16.51259825633046,0.06055982132409892,0.015
12.0,16.5714,17.398384856035296,0.05747659959672129,1.776339228716055e-06,1.5,16.664761224119285,0.060006860377493886,0.015
13.5,16.5714,24.090626259531298,0.041509921295813414,1.2233631627604588e-06,1.5,16.786186537265724,0.05957279205613358,0.015
15.0,16.5714,29.775851376688255,0.033584262204603414,7.747435769672054e-07,1.5,16.932805078784373,0.059056960459134465,0.015
16.5,16.5714,31.533067815803836,0.031712740601116424,4.5770708861385606e-07,1.5,17.096828891145687,0.05849037890985106,0.015
18.0,16.5714,27.472586440739196,0.0363999218696459,2.9652454433425067e-07,1.5,17.213224951707833,0.05809486617444012,0.015
19.5,16.5714,18.288108270909532,0.05468034119147669,2.0474911429793354e-07,nan,17.312442658567804,0.05776192416759325,0.015
nan,nan,nan,nan,1.302549990528256e-07,nan,17.420657779408746,0.05740311374361547,0.015
nan,nan,nan,nan,7.748777560762398e-08,nan,17.529699965772508,0.057046041971770364,0.015
nan,nan,nan,nan,5.035916805776316e-08,nan,17.623820279779956,0.05674138660772167,0.015
Name:	28.326824805926805_8_210_0.015
Lambda:	28.326824805926805	Maximal Depth:	20	Filter time:	8.0 to 210.0 [us]
Chi2:	25.185156453922644	RelRMS:	7.527722233273883	AbsRMS:	8.706840253431416e-07	Phi model:	0.6841407103780579
depth_vector,start_model,resistivity_model,conductivity_model,E/I[V/A],modelled_thickness,rhoa,sigma,rel_err
0.0,16.5714,33.12185862516234,0.03019154242873044,0.00015207044724904403,1.0,17.15243141816828,0.058300772387334845,0.015
1.0,16.5714,31.311485341441575,0.03193716264480349,9.363175728867507e-05,1.0,16.650431650574774,0.06005850304580422,0.015
2.0,16.5714,28.01380507101454,0.03569668588272876,6.18952896704796e-05,1.0,16.37734968544845,0.06105994066234763,0.015
3.0,16.5714,23.76813559439897,0.042073135944060036,4.335845019962278e-05,1.0,16.20951819996263,0.061692148259058395,0.015
4.0,16.5714,19.212397994529848,0.05204972332369545,2.7864073741782398e-05,1.0,16.11193459007709,0.062065793180160575,0.015
5.0,16.5714,14.966017296179356,0.06681804385294196,1.6602081640955414e-05,1.0,16.103873069626342,0.06209686301403535,0.015
6.0,16.5714,11.533571284068774,0.08670341348488406,1.0754226362414247e-05,1.5,16.146772393799203,0.06193188184061026,0.015
7.5,16.5714,9.584232008926504,0.10433804180331048,7.410349086911353e-06,1.5,16.22404318001618,0.061636916821803146,0.015
9.0,16.5714,9.711037483999423,0.10297560910949723,4.685160125884245e-06,1.5,16.34522783471847,0.06117993643844634,0.015
10.5,16.5714,12.177645899817392,0.0821176776058988,2.7679298789310806e-06,1.5,16.50080056192103,0.06060312020907061,0.015
12.0,16.5714,16.8484206751134,0.05935274405138091,1.7787705376314018e-06,1.5,16.6495722991741,0.06006160290673682,0.015
13.5,16.5714,22.735560481722253,0.04398396075627552,1.2251688903424497e-06,1.5,16.769688822318372,0.05963139868577193,0.015
15.0,16.5714,27.804006399066356,0.0359660397730875,7.758642536842779e-07,1.5,16.916495720946344,0.05911389784834574,0.015
16.5,16.5714,29.578690213109322,0.03380812310468022,4.582548810993763e-07,1.5,17.083201276652204,0.058537037865772315,0.015
18.0,16.5714,26.351514696786914,0.03794848271556594,2.967724405579997e-07,1.5,17.203638060300385,0.05812724009275858,0.015
19.5,16.5714,18.439104747051836,0.054232567888627375,2.0484035763358366e-07,nan,17.307301216292885,0.05777908337659323,0.015
nan,nan,nan,nan,1.3024007428665587e-07,nan,17.42198862569304,0.057398728783765375,0.015
nan,nan,nan,nan,7.742323454140635e-08,nan,17.539440611040366,0.05701436107207094,0.015
nan,nan,nan,nan,5.0285340489478396e-08,nan,17.641065937075734,0.056685917028308816,0.015
Name:	33.164477502323265_8_210_0.015
Lambda:	33.164477502323265	Maximal Depth:	20	Filter time:	8.0 to 210.0 [us]
Chi2:	25.359173384967825	RelRMS:	7.553683877167325	AbsRMS:	9.343361704954125e-07	Phi model:	0.5826465028186683
depth_vector,start_model,resistivity_model,conductivity_model,E/I[V/A],modelled_thickness,rhoa,sigma,rel_err
0.0,16.5714,31.70066440451786,0.03154508016738866,0.00015236532825211818,1.0,17.130293577382673,0.05837611570885812,0.015
1.0,16.5714,30.042290627715293,0.033286409894372614,9.362416136423309e-05,1.0,16.651332228009494,0.06005525481726217,0.015
2.0,16.5714,27.0206924766411,0.03700867403248388,6.182889484721303e-05,1.0,16.389072108775817,0.06101626702005493,0.015
3.0,16.5714,23.115053530051032,0.043261850927575694,4.329893629480674e-05,1.0,16.2243680007151,0.061635682817101065,0.015
4.0,16.5714,18.903656435168884,0.052899818795879745,2.782319331471372e-05,1.0,16.1277128311523,0.0620050722919867,0.015
5.0,16.5714,14.95972880991987,0.06684613155132164,1.6581475869536463e-05,1.0,16.11721181140388,0.062045471121279235,0.015
6.0,16.5714,11.751153438907036,0.08509802932953696,1.0745205778941467e-05,1.5,16.155807923349332,0.061897244925445086,0.015
7.5,16.5714,9.915848762467641,0.1008486539029405,7.406853640837116e-06,1.5,16.229147084343218,0.06161753262836174,0.015
9.0,16.5714,10.001341189709064,0.09998658990145796,4.68496807295552e-06,1.5,16.3456745296771,0.06117826451177689,0.015
10.5,16.5714,12.23816622601885,0.08171158828305163,2.7689620550241703e-06,1.5,16.49669967746524,0.060618185428083914,0.015
12.0,16.5714,16.474960041662957,0.060698174530993375,1.7798371518342837e-06,1.5,16.642919838688975,0.060085610559473424,0.015
13.5,16.5714,21.814842212054153,0.045840349899365,1.2260075424714827e-06,1.5,16.76204039784926,0.05965860815657682,0.015
15.0,16.5714,26.461442398439967,0.03779083486616568,7.763831950180356e-07,1.5,16.908956791583073,0.05914025402784039,0.015
16.5,16.5714,28.232220776204695,0.03542052210227975,4.5847960376451945e-07,1.5,17.077618627437698,0.058556173540106664,0.015
18.0,16.5714,25.556047758600343,0.03912968114028787,2.968400154976545e-07,1.5,17.20102704908089,0.05813606345403855,0.015
19.5,16.5714,18.557024152065562,0.05388795055745461,2.0482844457937573e-07,nan,17.307972284608685,0.05777684315390669,0.015
nan,nan,nan,nan,1.3017885078144203e-07,nan,17.42745060673205,0.057380739304101654,0.015
nan,nan,nan,nan,7.734580316549929e-08,nan,17.551144555864898,0.05697634116208333,0.015
nan,nan,nan,nan,5.021150042745358e-08,nan,17.65835677460702,0.056630410901993715,0.015
Name:	38.82830410883109_8_210_0.015
Lambda:	38.82830410883109	Maximal Depth:	20	Filter time:	8.0 to 210.0 [us]
Chi2:	25.562066712164384	RelRMS:	7.583841381672605	AbsRMS:	1.024096253100368e-06	Phi model:	0.4814517945213527
depth_vector,start_model,resistivity_model,conductivity_model,E/I[V/A],modelled_thickness,rhoa,sigma,rel_err
0.0,16.5714,30.107668223053686,0.03321412978884535,0.00015276707294879693,1.0,17.100247728881634,0.05847868497899244,0.015
1.0,16.5714,28.631052379433154,0.03492711293834035,9.365271128604015e-05,1.0,16.64794796300363,0.06006746310249636,0.015
2.0,16.5714,25.930744342304006,0.038564261279942405,6.177720668062096e-05,1.0,16.398212513462358,0.06098225640014331,0.015
3.0,16.5714,22.419873521831775,0.044603284627196094,4.324797120307776e-05,1.0,16.23711178285512,0.06158730772894641,0.015
4.0,16.5714,18.607016676806673,0.05374316675098609,2.7787326605638486e-05,1.0,16.141587828300665,0.0619517739293729,0.015
5.0,16.5714,15.001415214576571,0.06666037741747993,1.656415922435872e-05,1.0,16.128442784165905,0.06200226602048337,0.015
6.0,16.5714,12.028564029086503,0.08313544306551311,1.0738739759839987e-05,1.5,16.162292438569995,0.06187241097145238,0.015
7.5,16.5714,10.30030521693708,0.09708450176366347,7.405359251268403e-06,1.5,16.231330354744255,0.06160924447623666,0.015
9.0,16.5714,10.330004906049771,0.09680537512759066,4.686200987347872e-06,1.5,16.342807430973036,0.061188997314181835,0.015
10.5,16.5714,12.314896458279478,0.0812024691712033,2.7709166183813384e-06,1.5,16.48894108080926,0.06064670830583871,0.015
12.0,16.5714,16.09172872587393,0.062143727192722154,1.7815143536797063e-06,1.5,16.632472577909077,0.060123351793658165,0.015
13.5,16.5714,20.864033792724346,0.0479293702231597,1.227262666680128e-06,1.5,16.75061006545068,0.059699318179614894,0.015
15.0,16.5714,25.086009776685394,0.039862856185657186,7.77153205102424e-07,1.5,16.89778591976214,0.05917935075923109,0.015
16.5,16.5714,26.851599909173725,0.03724172873804643,4.588364608748795e-07,1.5,17.068762807130888,0.05858655435660667,0.015
18.0,16.5714,24.74376672058762,0.04041421871181672,2.9698108950041757e-07,1.5,17.195579317486903,0.058154481540674714,0.015
19.5,16.5714,18.688091543549778,0.05351001185271652,2.0485892363857034e-07,nan,17.3062555135926,0.05778257458492882,0.015
nan,nan,nan,nan,1.3013734837117623e-07,nan,17.431155629543625,0.05736854292696035,0.015
nan,nan,nan,nan,7.72747718423703e-08,nan,17.561898303614797,0.0569414526101753,0.015
nan,nan,nan,nan,5.013883976138048e-08,nan,17.67541285686662,0.056575764769846146,0.015
Name:	45.4593985345391_8_210_0.015
Lambda:	45.4593985345391	Maximal Depth:	20	Filter time:	8.0 to 210.0 [us]
Chi2:	25.72394012681816	RelRMS:	7.607816065425138	AbsRMS:	1.0796818821512118e-06	Phi model:	0.4122065414185322
depth_vector,start_model,resistivity_model,conductivity_model,E/I[V/A],modelled_thickness,rhoa,sigma,rel_err
0.0,16.5714,29.051921842831277,0.03442113073998771,0.00015301853722081676,1.0,17.081508038673764,0.05854284046443253,0.015
1.0,16.5714,27.710307878434424,0.036087653893526424,9.363702290168298e-05,1.0,16.649807427744168,0.06006075471681818,0.015
2.0,16.5714,25.229886332336573,0.039635533304734814,6.171134956865762e-05,1.0,16.409877001270782,0.060938908921898675,0.015
3.0,16.5714,21.97881530715529,0.0454983576696441,4.3189889257248996e-05,1.0,16.251665679803832,0.06153215428512745,0.015
4.0,16.5714,18.420128403666908,0.05428843806544417,2.7747307598759957e-05,1.0,16.157104412137674,0.06189227812681409,0.015
5.0,16.5714,15.028352955435224,0.06654089127167694,1.65433510823869e-05,1.0,16.14196413227301,0.061950329700006974,0.015
6.0,16.5714,12.21932543404389,0.08183757813781851,1.072892791660555e-05,1.5,16.172144787885703,0.06183471723237873,0.015
7.5,16.5714,10.583350307773827,0.0944880374285132,7.400914510196789e-06,1.5,16.237828366243136,0.06158458985062945,0.015
9.0,16.5714,10.594437266135513,0.09438915676969842,4.685121856076105e-06,1.5,16.345316843841513,0.06117960328048176,0.015
10.5,16.5714,12.419019711463948,0.08052165333765465,2.7712793911076824e-06,1.5,16.487502065880346,0.0606520014981181,0.015
12.0,16.5714,15.88152048232006,0.06296626328148112,1.782111774262679e-06,1.5,16.628755214098938,0.060136792389134164,0.015
13.5,16.5714,20.22931358338428,0.049433214620854385,1.2277783919676053e-06,1.5,16.745919035354238,0.05971604173463307,0.015
15.0,16.5714,24.093438143771568,0.04150507677786582,7.774842140426523e-07,1.5,16.89298949640059,0.059196153541270544,0.015
16.5,16.5714,25.799494597942395,0.03876044920972032,4.589738765346377e-07,1.5,17.065355739789066,0.05859825105599354,0.015
18.0,16.5714,24.09180850528068,0.041507884299379606,2.9701029077765187e-07,1.5,17.194452216007317,0.058158293584313306,0.015
19.5,16.5714,18.787359212881924,0.053227278441258005,2.0483322205876845e-07,nan,17.30770315898695,0.05777774155323171,0.015
nan,nan,nan,nan,1.3007843460426533e-07,nan,17.43641839038149,0.0573512276208991,0.015
nan,nan,nan,nan,7.720687927458057e-08,nan,17.572192271406085,0.05690809573186979,0.015
nan,nan,nan,nan,5.007577803773251e-08,nan,17.69024914732973,0.05652831634374951,0.015
Name:	53.22295069415713_8_210_0.015
Lambda:	53.22295069415713	Maximal Depth:	20	Filter time:	8.0 to 210.0 [us]
Chi2:	25.91371584395698	RelRMS:	7.635827437082584	AbsRMS:	1.1570842107277637e-06	Phi model:	0.34194694659578945
depth_vector,start_model,resistivity_model,conductivity_model,E/I[V/A],modelled_thickness,rhoa,sigma,rel_err
0.0,16.5714,27.874573131882652,0.035874988839065314,0.00015336134968647812,1.0,17.056043397351523,0.05863024481722888,0.015
1.0,16.5714,26.66224068462542,0.03750622507044738,9.364949929185861e-05,1.0,16.64832862214031,0.06006608967762195,0.015
2.0,16.5714,24.41509159685391,0.040958273534753335,6.165603244757167e-05,1.0,16.419690709509233,0.06090248700122372,0.015
3.0,16.5714,21.457833337840352,0.04660302763357403,4.313814009241041e-05,1.0,16.264660245106146,0.06148299349203367,0.015
4.0,16.5714,18.20516827805441,0.05492945655467846,2.7711368654019153e-05,1.0,16.171070854340883,0.06183882372462458,0.015
5.0,16.5714,15.085986632579473,0.06628668209478689,1.6525547202991657e-05,1.0,16.15355580103281,0.06190587461468162,0.015
6.0,16.5714,12.478678522718624,0.0801366906102601,1.072159203282872e-05,1.5,16.179520772686658,0.06180652777356316,0.015
7.5,16.5714,10.937076570808232,0.09143211108799082,7.398457710983176e-06,1.5,16.241422888053695,0.06157096006259067,0.015
9.0,16.5714,10.9024921786282,0.09172214789204503,4.685474325570581e-06,1.5,16.34449710502044,0.061182671670750644,0.015
10.5,16.5714,12.520150116103634,0.07987124680827769,2.7725675932849927e-06,1.5,16.4823946746517,0.060670795702878144,0.015
12.0,16.5714,15.615583422699238,0.06403859355945501,1.7833165849546173e-06,1.5,16.621264766689155,0.06016389330396265,0.015
13.5,16.5714,19.523663593583695,0.05121989503694596,1.228703545570038e-06,1.5,16.737512075451058,0.05974603605912864,0.015
15.0,16.5714,23.05383483006244,0.04337673134952757,7.780571749904295e-07,1.5,16.884695151708176,0.05922523273384849,0.015
16.5,16.5714,24.742592078905922,0.04041613735581654,4.5923440287786944e-07,1.5,17.058900945786686,0.058620423623890396,0.015
18.0,16.5714,23.446999217508242,0.04264938087485772,2.9710510814818527e-07,1.5,17.190793758823467,0.05817067053618353,0.015
19.5,16.5714,18.901098397760382,0.05290697815310519,2.0484326775425967e-07,nan,17.30713729762172,0.05777963061155216,0.015
nan,nan,nan,nan,1.3003410977977748e-07,nan,17.44038054197847,0.05733819841792042,0.015
nan,nan,nan,nan,7.714175188741207e-08,nan,17.58208116615492,0.05687608824858434,0.015
nan,nan,nan,nan,5.001123995360338e-08,nan,17.705465051799877,0.05647973645845261,0.015
Name:	62.312361621777015_8_210_0.015
Lambda:	62.312361621777015	Maximal Depth:	20	Filter time:	8.0 to 210.0 [us]
Chi2:	26.123462366046677	RelRMS:	7.6666674848727485	AbsRMS:	1.2522803343873794e-06	Phi model:	0.27627740772654164
depth_vector,start_model,resistivity_model,conductivity_model,E/I[V/A],modelled_thickness,rhoa,sigma,rel_err
0.0,16.5714,26.689589111737483,0.03746779299649174,0.00015377865704279143,1.0,17.025172900024746,0.05873655473998426,0.015
1.0,16.5714,25.599262763948616,0.0390636249653368,9.369193571973455e-05,1.0,16.643301160349402,0.060084233912823484,0.015
2.0,16.5714,23.58051141518484,0.04240790127037036,6.161650310866119e-05,1.0,16.426712531115342,0.06087645340513559,0.015
3.0,16.5714,20.923336896536224,0.047793523802866555,4.309740456581426e-05,1.0,16.274907500553283,0.0614442816320771,0.015
4.0,16.5714,17.993995379100213,0.055574094520524704,2.7682929385749322e-05,1.0,16.18214421796979,0.06179650771431945,0.015
5.0,16.5714,15.1684918739225,0.06592613216342151,1.6512769152823186e-05,1.0,16.161888113744123,0.06187395884454841,0.015
6.0,16.5714,12.77801499618064,0.07825941668552594,1.071789392340047e-05,1.5,16.18324228728205,0.06179231468256961,0.015
7.5,16.5714,11.33194073973427,0.08824613744171854,7.398690214488442e-06,1.5,16.241082628951926,0.06157225000612735,0.015
9.0,16.5714,11.238951307942632,0.08897627301697572,4.687624668441421e-06,1.5,16.339498274702223,0.0612013896135513,0.015
10.5,16.5714,12.631232741199684,0.0791688365252165,2.7749506796611474e-06,1.5,16.47295676652046,0.06070555603183479,0.015
12.0,16.5714,15.344028965910084,0.06517193119367186,1.7852207770146312e-06,1.5,16.60944336807922,0.06020671360497518,0.015
13.5,16.5714,18.80893157109977,0.05316623095894061,1.2300969627358015e-06,1.5,16.724869851461527,0.059791197712226955,0.015
15.0,16.5714,22.011870037847427,0.045430033808149424,7.789094875227369e-07,1.5,16.872375651751774,0.05926847651096335,0.015
16.5,16.5714,23.700303815190036,0.04219355193915609,4.59643207385178e-07,1.5,17.04878470833597,0.05865520722489105,0.015
18.0,16.5714,22.819519156683057,0.043822132847489655,2.9728489672909086e-07,1.5,17.183862091457552,0.05819413556031274,0.015
19.5,16.5714,19.023775128369856,0.05256580217397102,2.0490472902071384e-07,nan,17.303676268793584,0.05779118751796437,0.015
nan,nan,nan,nan,1.300164614718384e-07,nan,17.44195873312984,0.05733301031727397,0.015
nan,nan,nan,nan,7.708820961330696e-08,nan,17.590221413740824,0.056849767633898984,0.015
nan,nan,nan,nan,4.995189413713147e-08,nan,17.719485705730765,0.05643504651360079,0.015
Name:	72.95406136340671_8_210_0.015
Lambda:	72.95406136340671	Maximal Depth:	20	Filter time:	8.0 to 210.0 [us]
Chi2:	26.295205847142	RelRMS:	7.691827686321989	AbsRMS:	1.3191682367563318e-06	Phi model:	0.2307774555726911
depth_vector,start_model,resistivity_model,conductivity_model,E/I[V/A],modelled_thickness,rhoa,sigma,rel_err
0.0,16.5714,25.836249106188298,0.038705308804306275,0.0001540719328796442,1.0,17.00356110208236,0.05881120983989253,0.015
1.0,16.5714,24.843338853919597,0.04025223847245586,9.369642996570965e-05,1.0,16.642768947348607,0.06008615532449076,0.015
2.0,16.5714,23.000599354449243,0.04347712790391089,6.156263446579128e-05,1.0,16.436293621114846,0.06084096713357277,0.015
3.0,16.5714,20.564505078339177,0.0486274771111954,4.304762209263867e-05,1.0,16.287452507322733,0.061396955696442185,0.015
4.0,16.5714,17.86136785896564,0.05598675352840029,2.7648053674507717e-05,1.0,16.195749641157864,0.06174459485708055,0.015
5.0,16.5714,15.238252101860201,0.06562432445109144,1.649475862288169e-05,1.0,16.173650687538853,0.06182895991258546,0.015
6.0,16.5714,13.0024418721249,0.0769086306891197,1.0709689214785067e-05,1.5,16.191506569394964,0.06176077536170666,0.015
7.5,16.5714,11.635873005944994,0.08594112358299894,7.39520011084216e-06,1.5,16.24619212369366,0.061552885278365436,0.015
9.0,16.5714,11.515783344365435,0.0868373405521988,4.687023652226332e-06,1.5,16.34089505217042,0.061196158276971405,0.015
10.5,16.5714,12.755295841650002,0.0783988088096467,2.7755265431359824e-06,1.5,16.47067815931146,0.06071395423598053,0.015
12.0,16.5714,15.195525339469373,0.06580884685852657,1.7859303345351447e-06,1.5,16.60504374294328,0.0602226658044773,0.015
13.5,16.5714,18.32483709498348,0.05457074433004129,1.230683829589991e-06,1.5,16.719552454322994,0.059810213385313483,0.015
15.0,16.5714,21.25138209261228,0.047055763038943,7.792877616070581e-07,1.5,16.866915196516217,0.05928766394737939,0.015
16.5,16.5714,22.888441318452585,0.0436901747081311,4.598152590346519e-07,1.5,17.044531616933394,0.058669843353543395,0.015
18.0,16.5714,22.30241934410857,0.044838184798285614,2.973424666938597e-07,1.5,17.18164398411934,0.05820164827791104,0.015
19.5,16.5714,19.115680138272854,0.052313074542287896,2.0490300829802494e-07,nan,17.303773143202378,0.05779086397655649,0.015
nan,nan,nan,nan,1.299767807565325e-07,nan,17.445508465545345,0.05732134445808714,0.015
nan,nan,nan,nan,7.703476537468464e-08,nan,17.598356159295438,0.056823489134341716,0.015
nan,nan,nan,nan,4.9899943363503615e-08,nan,17.731782063515272,0.056395910823740014,0.015
Name:	85.41314966877566_8_210_0.015
Lambda:	85.41314966877566	Maximal Depth:	20	Filter time:	8.0 to 210.0 [us]
Chi2:	26.44354058204701	RelRMS:	7.713492484575697	AbsRMS:	1.3679035238580067e-06	Phi model:	0.19679669766473198
depth_vector,start_model,resistivity_model,conductivity_model,E/I[V/A],modelled_thickness,rhoa,sigma,rel_err
0.0,16.5714,25.226777144835896,0.03964041836413128,0.0001542857103866803,1.0,16.98785077329843,0.058865598323467966,0.015
1.0,16.5714,24.29316772907196,0.04116383713941457,9.368063683012292e-05,1.0,16.644639373872796,0.06007940319630516,0.015
2.0,16.5714,22.559506257376235,0.04432721126921969,6.150496662701233e-05,1.0,16.446565934887836,0.06080296664720238,0.015
3.0,16.5714,20.272363579014826,0.04932823921109829,4.299751252990153e-05,1.0,16.300104381528776,0.06134930038443169,0.015
4.0,16.5714,17.736368813591987,0.056381326443418665,2.7613757722664545e-05,1.0,16.209156816475055,0.06169352368678399,0.015
5.0,16.5714,15.279635885618019,0.06544658573580615,1.647684596154481e-05,1.0,16.185370594782473,0.06178418925559608,0.015
6.0,16.5714,13.18394402943867,0.07584983657144491,1.0701067347260379e-05,1.5,16.200202417557733,0.061727623780564796,0.015
7.5,16.5714,11.900878235454694,0.08402741211323664,7.391103498656063e-06,1.5,16.252194673656604,0.06153015147061419,0.015
9.0,16.5714,11.767017019358406,0.08498330531475043,4.6857909570688e-06,1.5,16.343760802307457,0.061185428011086486,0.015
10.5,16.5714,12.874317490564485,0.07767402044674558,2.775578785982758e-06,1.5,16.470471481021733,0.06071471609979472,0.015
12.0,16.5714,15.077173584298682,0.06632542859633828,1.7862457320662513e-06,1.5,16.60308904961065,0.06022975586121129,0.015
13.5,16.5714,17.926955037279836,0.05578192157677972,1.2309807269668107e-06,1.5,16.71686397961326,0.05981983230942905,0.015
15.0,16.5714,20.639650956915272,0.04845043174845707,7.794788677573964e-07,1.5,16.864158223798324,0.059297356365455724,0.015
16.5,16.5714,22.245436159754895,0.04495304083132071,4.59883169627029e-07,1.5,17.042853607089192,0.05867561988469098,0.015
18.0,16.5714,21.8922667175982,0.04567823025818269,2.9734024320892827e-07,1.5,17.181729639256293,0.05820135812841743,0.015
19.5,16.5714,19.196291280879123,0.05209339582151847,2.0486609215670895e-07,nan,17.305851799703948,0.05778392254677155,0.015
nan,nan,nan,nan,1.2992048494863915e-07,nan,17.45054764049914,0.057304791838120046,0.015
nan,nan,nan,nan,7.697596227503349e-08,nan,17.607317451889028,0.056794568663423146,0.015
nan,nan,nan,nan,4.984714327819248e-08,nan,17.744301328587685,0.056356121409463944,0.015
Name:	100.0_8_210_0.015
Lambda:	100.0	Maximal Depth:	20	Filter time:	8.0 to 210.0 [us]
Chi2:	26.622586838416595	RelRMS:	7.739562028076093	AbsRMS:	1.4491801260895267e-06	Phi model:	0.16136840928895746
depth_vector,start_model,resistivity_model,conductivity_model,E/I[V/A],modelled_thickness,rhoa,sigma,rel_err
0.0,16.5714,24.37526448056401,0.04102519588238172,0.00015463797866892742,1.0,16.96204186823696,0.058955166351322086,0.015
1.0,16.5714,23.550195178861888,0.04246249308785249,9.371280264417384e-05,1.0,16.640830438542476,0.060093154827409394,0.015
2.0,16.5714,22.00879784390912,0.04543637535735499,6.14660821300664e-05,1.0,16.453501456739687,0.06077733682579642,0.015
3.0,16.5714,19.954394914039835,0.05011427328705437,4.2957016757776335e-05,1.0,16.310346893617933,0.061310774474777695,0.015
4.0,16.5714,17.653088560711087,0.05664731112410614,2.7584009304267997e-05,1.0,16.22080873994724,0.06164920726407952,0.015
5.0,16.5714,15.393802851819627,0.06496120611820067,1.646140671341425e-05,1.0,16.19548924831424,0.06174558759341514,0.015
6.0,16.5714,13.44130782768027,0.07439752238548221,1.0694331919275603e-05,1.5,16.20700376784606,0.061701719474142,0.015
7.5,16.5714,12.215734641060262,0.08186163414509184,7.388526652761875e-06,1.5,16.255973231875284,0.06151584932725927,0.015
9.0,16.5714,12.040748848875976,0.08305131288352981,4.685712741109988e-06,1.5,16.343942679919387,0.06118474713134103,0.015
10.5,16.5714,13.003592179913344,0.07690182729236161,2.7764529303370392e-06,1.5,16.46701423404316,0.06072746314463282,0.015
12.0,16.5714,14.963985033337234,0.06682711842949379,1.7871549282104589e-06,1.5,16.597457474888174,0.06025019202567576,0.015
13.5,16.5714,17.515289142501853,0.05709297699079616,1.2317168122728492e-06,1.5,16.710203214875722,0.059843676772870245,0.015
15.0,16.5714,19.97889416989138,0.05005282031610245,7.799659930917265e-07,1.5,16.857135854338065,0.05932205854191162,0.015
16.5,16.5714,21.528310660560948,0.046450463102614095,4.601329011464444e-07,1.5,17.036686515214598,0.05869685980938552,0.015
18.0,16.5714,21.424331571754884,0.04667590195991768,2.974567105610146e-07,1.5,17.177244412568133,0.058216555343901764,0.015
19.5,16.5714,19.278160524139274,0.05187216896279308,2.049106096857626e-07,nan,17.303345205373205,0.05779229323180064,0.015
nan,nan,nan,nan,1.2991481161532127e-07,nan,17.451055676247375,0.05730312357899927,0.015
nan,nan,nan,nan,7.694597676252156e-08,nan,17.611891484866433,0.05677981838914242,0.015
nan,nan,nan,nan,4.98121941224406e-08,nan,17.75260017811567,0.05632977648157363,0.015
