Name:	10.0_8_150_1
Lambda:	10	Maximal Depth:	30	Filter time:	8 to 150 [us]
Chi2:	1.2079232013119583	RelRMS:	3.1098519352520766	AbsRMS:	1.1830280126067198e-07	Phi model:	0.0607039434431579
depth_vector,start_model,resistivity_model,conductivity_model,E/I[V/A],modelled_thickness,rhoa,sigma
0.0,16.4097,17.50128733671168,0.0571386539036099,0.000153967254531,1.0,17.01126708293252,0.0587845687875481
1.0,16.4097,17.54013560442742,0.0570121019901113,9.072430778308444e-05,1.0,17.00429004318444,0.0588086887168108
2.0,16.4097,17.605662091958237,0.0567999087325873,5.880864212940048e-05,1.0,16.94550778738267,0.0590126901210114
3.0,16.4097,17.670649723927582,0.0565910147970345,4.1065627379294295e-05,1.0,16.807390812096745,0.0594976347715001
4.0,16.4097,17.697899056087895,0.05650388200491,2.652851709376401e-05,1.0,16.648257370877396,0.0600663467486566
5.0,16.4097,17.648050963092615,0.056663480975395,1.6082424883311557e-05,1.0,16.448931088993824,0.0607942239279676
6.0,16.4097,17.485307198043362,0.0571908739534128,1.0634609169812389e-05,1.5,16.26762490291676,0.0614717886580174
7.5,16.4097,17.109094868249397,0.0584484455607159,7.468811753216306e-06,1.5,16.13926909203667,0.061960674569421
9.0,16.4097,16.51287309888019,0.0605588133580348,4.830386559531036e-06,1.5,16.015949079379784,0.0624377609496448
10.5,16.4097,15.748366257182155,0.0634986501881706,2.9211786889731763e-06,1.5,15.918531039867169,0.062819866826628
12.0,16.4097,14.91525209933616,0.0670454641557488,1.9076956997097447e-06,1.5,15.890722104544553,0.0629298022721077
13.5,16.4097,14.137337332941796,0.0707346777154332,1.3263961370599456e-06,1.5,15.90523702214896,0.0628723733325974
15.0,16.4097,13.53669077005006,0.0738732986508416,8.467359198352721e-07,1.5,15.95887389153614,0.0626610628542126
16.5,16.4097,13.215040810703783,0.0756713516306381,5.015801948122573e-07,2.0,16.084728610615247,0.0621707723026201
18.5,16.4097,13.369050731436952,0.074799626397447,3.23906652970499e-07,2.0,16.228912930928928,0.0616184216562163
20.5,16.4097,14.053535604615227,0.0711564710926976,2.2262826161606466e-07,2.0,16.37266989577629,0.0610773933857894
22.5,16.4097,15.26147991579122,0.0655244449108299,1.401618048029368e-07,2.0,16.589795350164504,0.0602780190407884
24.5,16.4097,16.945820063774597,0.0590116026392679,nan,2.0,nan,nan
26.5,16.4097,19.038243808904458,0.052525853226666,nan,2.0,nan,nan
28.5,16.4097,21.46272204318359,0.0465924125554984,nan,nan,nan,nan
Name:	12.742749857031335_8_150_1
Lambda:	12.742749857031336	Maximal Depth:	30	Filter time:	8 to 150 [us]
Chi2:	1.2103679227531376	RelRMS:	3.1128829373899225	AbsRMS:	1.3624592474884894e-07	Phi model:	0.0572075876319199
depth_vector,start_model,resistivity_model,conductivity_model,E/I[V/A],modelled_thickness,rhoa,sigma
0.0,16.4097,17.58604917843808,0.0568632550639105,0.0001538689329397,1.0,17.018513062741047,0.058759540055783
1.0,16.4097,17.614976316327912,0.0567698747952937,9.072046209463676e-05,1.0,17.004770587031413,0.0588070268212053
2.0,16.4097,17.66129912025938,0.0566209763614101,5.8826426111080674e-05,1.0,16.942092385993536,0.0590245866459048
3.0,16.4097,17.69988410688163,0.0564975450664789,4.10836525633724e-05,1.0,16.802474363955323,0.0595150439357432
4.0,16.4097,17.696541876405455,0.0565082153894307,2.6541178999095062e-05,1.0,16.64296206672265,0.0600854581048096
5.0,16.4097,17.615552731774518,0.0567680171736095,1.6088158903726927e-05,1.0,16.445022454043002,0.0608086734326197
6.0,16.4097,17.424736574624525,0.0573896767803244,1.0636330339489711e-05,1.5,16.265869905531556,0.0614784211239712
7.5,16.4097,17.03089489641475,0.058716820582958,7.4686735030096e-06,1.5,16.139468257292595,0.061959909958505
9.0,16.4097,16.43198291044987,0.0608569279465385,4.82929528797362e-06,1.5,16.018361728359356,0.0624283567170025
10.5,16.4097,15.680699818759608,0.0637726639472844,2.920010943748204e-06,1.5,15.922774756805444,0.0628031241585325
12.0,16.4097,14.873766256548228,0.0672324670666211,1.9068064056099687e-06,1.5,15.895662451277932,0.0629102437891542
13.5,16.4097,14.129622422281804,0.0707732995343911,1.3257889082861632e-06,1.5,15.910093190128569,0.0628531830737767
15.0,16.4097,13.564848098619484,0.0737199556331022,8.464281645902902e-07,1.5,15.962742012321828,0.062645878711069
16.5,16.4097,13.274319713844594,0.0753334273663033,5.015076229066972e-07,2.0,16.086280293582575,0.062164775308493
18.5,16.4097,13.446892503992103,0.0743666240882881,3.239456885784299e-07,2.0,16.227609176980273,0.0616233721858764
20.5,16.4097,14.131459388703693,0.070764099622957,2.22716883808144e-07,2.0,16.36832633003111,0.0610936011316741
22.5,16.4097,15.317352245580002,0.0652854347126842,1.4027323413099852e-07,2.0,16.58100852497748,0.0603099623580561
24.5,16.4097,16.955506399981488,0.0589778905100169,nan,2.0,nan,nan
26.5,16.4097,18.976261267764936,0.0526974194700146,nan,2.0,nan,nan
28.5,16.4097,21.30263693869599,0.0469425453232745,nan,nan,nan,nan
Name:	16.237767391887218_8_150_1
Lambda:	16.237767391887218	Maximal Depth:	30	Filter time:	8 to 150 [us]
Chi2:	1.2137693091930313	RelRMS:	3.116902866141497	AbsRMS:	1.5834154643756697e-07	Phi model:	0.0533867290137204
depth_vector,start_model,resistivity_model,conductivity_model,E/I[V/A],modelled_thickness,rhoa,sigma
0.0,16.4097,17.685218135805385,0.0565443972656128,0.0001537598689393,1.0,17.026559756023588,0.0587317705002752
1.0,16.4097,17.70239850423739,0.0564895203189913,9.071783201067035e-05,1.0,17.00509925272208,0.0588058902296571
2.0,16.4097,17.726104115491903,0.05641397531486,5.884761167245828e-05,1.0,16.938025958969046,0.0590387570796276
3.0,16.4097,17.733647497918618,0.0563899784360419,4.1104619446951807e-05,1.0,16.796760075463734,0.059535291062517
4.0,16.4097,17.694526581061634,0.0565146513199338,2.655570484919844e-05,1.0,16.63689243011944,0.0601073790793766
5.0,16.4097,17.577246455078942,0.0568917323060603,1.6094638536033617e-05,1.0,16.44060836091653,0.0608249997839041
6.0,16.4097,17.35405137163495,0.0576234320496764,1.0638209030586713e-05,1.5,16.26395483101785,0.0614856601847446
7.5,16.4097,16.940302699860105,0.0590308223954143,7.468441045115902e-06,1.5,16.139803153362752,0.0619586243089742
9.0,16.4097,16.33916722389105,0.0612026296259337,4.827998670556515e-06,1.5,16.021229549815015,0.0624171819578945
10.5,16.4097,15.604067366245763,0.0640858550869351,2.918651468965242e-06,1.5,15.927718805081836,0.0627836297361643
12.0,16.4097,14.828149268981669,0.0674392995282192,1.9057790507269464e-06,1.5,15.901374557852384,0.0628876451128045
13.5,16.4097,14.123483789587658,0.0708040604498187,1.325091369068726e-06,1.5,15.915676171432072,0.062831135116644
15.0,16.4097,13.599376480727232,0.0735327830226025,8.460779857625199e-07,1.5,15.96714619953307,0.0626285992188913
16.5,16.4097,13.344047878609492,0.074939779075808,5.014286128402693e-07,2.0,16.08797005847483,0.0621582459667258
18.5,16.4097,13.536838257630937,0.073872493780908,3.239946105265968e-07,2.0,16.22597559788247,0.0616295762290251
20.5,16.4097,14.220151705297218,0.0703227378107003,2.228222201594166e-07,2.0,16.36316731238712,0.0611128628650632
22.5,16.4097,15.379660991691516,0.0650209390532226,1.404040160591614e-07,2.0,16.57071046696943,0.060347442675636
24.5,16.4097,16.964379483395778,0.0589470425946772,nan,2.0,nan,nan
26.5,16.4097,18.903718606419503,0.0528996448169943,nan,2.0,nan,nan
28.5,16.4097,21.120349474255715,0.0473477013824479,nan,nan,nan,nan
Name:	20.6913808111479_8_150_1
Lambda:	20.6913808111479	Maximal Depth:	30	Filter time:	8 to 150 [us]
Chi2:	1.2183552923174736	RelRMS:	3.1222168760233417	AbsRMS:	1.840732890810623e-07	Phi model:	0.049340438191866
depth_vector,start_model,resistivity_model,conductivity_model,E/I[V/A],modelled_thickness,rhoa,sigma
0.0,16.4097,17.798035628471187,0.0561859758500718,0.0001536413491765,1.0,17.03531488380133,0.0587015859008798
1.0,16.4097,17.801730408561884,0.0561743143531171,9.071636809614572e-05,1.0,17.00528219614863,0.0588052575938128
2.0,16.4097,17.799572941722044,0.056181123180546,5.887182854773389e-05,1.0,16.933380679000248,0.0590549529923542
3.0,16.4097,17.771755118372123,0.056269062528676,4.112814223138921e-05,1.0,16.790354984489635,0.0595580022533035
4.0,16.4097,17.692022848216844,0.0565226491384951,2.657177934826919e-05,1.0,16.63018213598646,0.0601316324633676
5.0,16.4097,17.533780681794454,0.0570327653886028,1.6101656564225666e-05,1.0,16.43583083856564,0.0608426802284654
6.0,16.4097,17.274334291335563,0.057889350937337,1.0640113012515448e-05,1.5,16.2620145508935,0.0614929962625728
7.5,16.4097,16.83873406822967,0.0593868871583844,7.468027245869881e-06,1.5,16.14039934621537,0.0619563356859867
9.0,16.4097,16.235879674995463,0.0615919814643661,4.8264461766152685e-06,1.5,16.024665000750304,0.0624038006381523
10.5,16.4097,15.519728997270958,0.0644341148080513,2.9170738420738903e-06,1.5,15.933461028152813,0.062761003289436
12.0,16.4097,14.77908418245024,0.0676631912813293,1.9045982376981176e-06,1.5,15.907946236237787,0.0628616658083764
13.5,16.4097,14.119011790485166,0.0708264866436263,1.324293643206957e-06,1.5,15.922067036090784,0.062805915697584
15.0,16.4097,13.640404291570327,0.0733116100244911,8.456795015629571e-07,1.5,15.97216161879842,0.0626089332093316
16.5,16.4097,13.424117082696135,0.0744927948586662,5.01339793309962e-07,2.0,16.089870145367502,0.0621509055676197
18.5,16.4097,13.638690505245869,0.0733208220844492,3.2405121526637e-07,2.0,16.224085991498296,0.0616367541767232
20.5,16.4097,14.319441251198224,0.0698351271154747,2.2294270610120165e-07,2.0,16.357271300561173,0.061134891121216
22.5,16.4097,15.448248318973423,0.0647322582698135,1.405531055480769e-07,2.0,16.558990314592315,0.0603901554987182
24.5,16.4097,16.97242725300664,0.058919091836016,nan,2.0,nan,nan
26.5,16.4097,18.821059052996983,0.0531319729237427,nan,2.0,nan,nan
28.5,16.4097,20.91725305081596,0.0478074246924593,nan,nan,nan,nan
Name:	26.366508987303583_8_150_1
Lambda:	26.366508987303583	Maximal Depth:	30	Filter time:	8 to 150 [us]
Chi2:	1.2243397459793266	RelRMS:	3.128955400053216	AbsRMS:	2.120904798910224e-07	Phi model:	0.0451920227905131
depth_vector,start_model,resistivity_model,conductivity_model,E/I[V/A],modelled_thickness,rhoa,sigma
0.0,16.4097,17.92208228754725,0.0557970878581908,0.0001535182543917,1.0,17.044419895649916,0.058670227917538
1.0,16.4097,17.910841051242272,0.0558321073331529,9.071732238404052e-05,1.0,17.00516293951735,0.058805669993091
2.0,16.4097,17.880131235549495,0.0559280011329999,5.889921097690037e-05,1.0,16.928132017496214,0.0590732633090551
3.0,16.4097,17.81339220528739,0.056137539019838,4.115406472771407e-05,1.0,16.783303536489047,0.0595830253457474
4.0,16.4097,17.689224857301085,0.0565315896014097,2.658917986408189e-05,1.0,16.622925918233538,0.0601578810444621
5.0,16.4097,17.486346306026743,0.057187475445076,1.6109059121010213e-05,1.0,16.430795307923745,0.0608613266284043
6.0,16.4097,17.18764385133559,0.0581813312312899,1.064196031481098e-05,1.5,16.26013258396864,0.0615001135344942
7.5,16.4097,16.72860999272802,0.0597778297440554,7.467393231244825e-06,1.5,16.14131292735588,0.0619528290232962
9.0,16.4097,16.12436268633688,0.0620179550319442,4.824630595994248e-06,1.5,16.028684962652644,0.0623881498906511
10.5,16.4097,15.429286274208955,0.0648118119158605,2.9152863676063126e-06,1.5,15.939973308946442,0.0627353622630435
12.0,16.4097,14.727634793262071,0.0678995652755799,1.90327533213923e-06,1.5,15.91531678425636,0.0628325539199579
13.5,16.4097,14.116692213968127,0.070838124458825,1.3234064285321272e-06,1.5,15.929182367813848,0.0627778612178223
15.0,16.4097,13.687726170967782,0.0730581535245087,8.452410789628209e-07,1.5,15.977684265196723,0.0625872925889669
16.5,16.4097,13.513794291998831,0.0739984624889601,5.012466463898748e-07,2.0,16.09186340948904,0.0621432070701222
18.5,16.4097,13.751322237180242,0.0727202797485351,3.241190491875381e-07,2.0,16.221822251750513,0.0616453555266942
20.5,16.4097,14.428015751567576,0.0693095999629298,2.2308066375258682e-07,2.0,16.350526824230716,0.0611601088301354
22.5,16.4097,15.521929571568952,0.0644249798576376,1.4072179560471697e-07,2.0,16.545754291537428,0.0604384655048011
24.5,16.4097,16.97903381463328,0.0588961663494748,nan,2.0,nan,nan
26.5,16.4097,18.72866935258652,0.0533940762781363,nan,2.0,nan,nan
28.5,16.4097,20.69520382341251,0.048320374543434,nan,nan,nan,nan
Name:	33.59818286283781_8_150_1
Lambda:	33.59818286283781	Maximal Depth:	30	Filter time:	8 to 150 [us]
Chi2:	1.2318977389992405	RelRMS:	3.1372280927107123	AbsRMS:	2.404236070356159e-07	Phi model:	0.0410758652748988
depth_vector,start_model,resistivity_model,conductivity_model,E/I[V/A],modelled_thickness,rhoa,sigma
0.0,16.4097,18.053574211983257,0.0553906937351075,0.0001533981248723,1.0,17.05331731348133,0.0586396172438227
1.0,16.4097,18.026446301715115,0.0554740509173378,9.072266118833744e-05,1.0,17.00449579177838,0.058807977151754
2.0,16.4097,17.96540367012085,0.0556625399774984,5.892998294349514e-05,1.0,16.922238500791746,0.0590938367848445
3.0,16.4097,17.857408250651527,0.0559991677383259,4.118214549559579e-05,1.0,16.775673342695136,0.0596101258990861
4.0,16.4097,17.686158363772496,0.0565413912638232,2.6607552130908587e-05,1.0,16.615273053719257,0.0601855892928677
5.0,16.4097,17.43617551657528,0.0573520264836388,1.6116593264769613e-05,1.0,16.425674224789354,0.0608803015519945
6.0,16.4097,17.096218991525042,0.0584924655267764,1.064360814448268e-05,1.5,16.258454292172072,0.0615064619323294
7.5,16.4097,16.61291362189191,0.0601941370887666,7.466463683698983e-06,1.5,16.14265258935606,0.061947687622254
9.0,16.4097,16.007850737464405,0.0624693480967824,4.822527568459741e-06,1.5,16.033344527004683,0.0623700188264349
10.5,16.4097,15.33584128810446,0.0652067259443842,2.913291353362912e-06,1.5,15.947249579793432,0.0627067379234528
12.0,16.4097,14.676079182024507,0.0681380897170966,1.9018195348772048e-06,1.5,15.923437610736093,0.0628005098174133
13.5,16.4097,14.117209340934972,0.07083552959014,1.3224395042934738e-06,1.5,15.936946017820295,0.0627472791136912
15.0,16.4097,13.74091958016288,0.0727753331329915,8.447705474317252e-07,1.5,15.983616689903243,0.0625640629027155
16.5,16.4097,13.611598650173544,0.0734667562349298,5.011540313997243e-07,2.0,16.09384590293151,0.0621355520632796
18.5,16.4097,13.87263712854291,0.0720843478232774,3.242009186530339e-07,2.0,16.21909117205551,0.0616557357864131
20.5,16.4097,14.543701316968765,0.0687582877429734,2.232376323984879e-07,2.0,16.342861387494466,0.0611887952965934
22.5,16.4097,15.598961572174916,0.0641068314306112,1.4091062148250272e-07,2.0,16.530969672585453,0.060492519181036
24.5,16.4097,16.983402633685742,0.0588810158699617,nan,2.0,nan,nan
26.5,16.4097,18.62723630858516,0.0536848292164043,nan,2.0,nan,nan
28.5,16.4097,20.45693241099303,0.0488831844339782,nan,nan,nan,nan
Name:	42.81332398719393_8_150_1
Lambda:	42.81332398719393	Maximal Depth:	30	Filter time:	8 to 150 [us]
Chi2:	1.2411386052109774	RelRMS:	3.1469510148728683	AbsRMS:	2.666325583271572e-07	Phi model:	0.0371234737240005
depth_vector,start_model,resistivity_model,conductivity_model,E/I[V/A],modelled_thickness,rhoa,sigma
0.0,16.4097,18.18742204621228,0.0549830535333214,0.0001532908505369,1.0,17.061272430485765,0.0586122754955345
1.0,16.4097,18.144032634013723,0.0551145393183072,9.073509133021004e-05,1.0,17.00294274970552,0.0588133486491518
2.0,16.4097,18.05197009601831,0.055395615807084,5.896459450926422e-05,1.0,16.91561574136501,0.0591169730555315
3.0,16.4097,17.901829148959248,0.0558602135948848,4.121221973738735e-05,1.0,16.76751108660702,0.0596391435100195
4.0,16.4097,17.682565308065847,0.056552880341624,2.662656405730924e-05,1.0,16.60736300941166,0.0602142555343243
5.0,16.4097,17.384711821245443,0.0575218048065613,1.612403151052573e-05,1.0,16.42062223775172,0.0608990320537888
6.0,16.4097,17.00303444206,0.058813031486093,1.064495078379658e-05,1.5,16.25708715268537,0.0615116343172718
7.5,16.4097,16.495605816786775,0.0606222051561361,7.465204440770006e-06,1.5,16.144467851068114,0.0619407223096449
9.0,16.4097,15.890461031945163,0.0629308361783628,4.820152393898907e-06,1.5,16.038611146823097,0.0623495383013932
10.5,16.4097,15.242809773617765,0.0656047024696718,2.911123675791664e-06,1.5,15.955165012789264,0.0626756288135174
12.0,16.4097,14.626612926294904,0.0683685283147307,1.9002651639010984e-06,1.5,15.93211975211342,0.0627662869447958
13.5,16.4097,14.121357171842664,0.0708147232472778,1.3214218073594043e-06,1.5,15.945127558780346,0.0627150831069607
15.0,16.4097,13.799173117953917,0.0724681103318367,8.4428876210364e-07,1.5,15.989696710670543,0.0625402731580681
16.5,16.4097,13.715328150307014,0.0729111246220977,5.010746380825319e-07,2.0,16.095545862678865,0.0621289895062661
18.5,16.4097,13.999570356349784,0.0714307635552851,3.243045204544965e-07,2.0,16.21563677156463,0.0616688702446503
20.5,16.4097,14.663206231160602,0.0681979087135057,2.234183137876888e-07,2.0,16.334049071876713,0.0612218070118179
22.5,16.4097,15.676529667920097,0.0637896282648809,1.4112188533810698e-07,2.0,16.514467302629022,0.0605529673876192
24.5,16.4097,16.983931214989045,0.0588791833493447,nan,2.0,nan,nan
26.5,16.4097,18.517212605710203,0.0540038083103084,nan,2.0,nan,nan
28.5,16.4097,20.20578332669781,0.0494907811210023,nan,nan,nan,nan
Name:	54.5559478116852_8_150_1
Lambda:	54.5559478116852	Maximal Depth:	30	Filter time:	8 to 150 [us]
Chi2:	1.2520348902350666	RelRMS:	3.1584156552878424	AbsRMS:	2.894404220682025e-07	Phi model:	0.0334637950509691
depth_vector,start_model,resistivity_model,conductivity_model,E/I[V/A],modelled_thickness,rhoa,sigma
0.0,16.4097,18.318365860717105,0.0545900222543569,0.0001532007871951,1.0,17.067958404373673,0.0585893155061679
1.0,16.4097,18.258854815889432,0.0547679473922848,9.075363721803916e-05,1.0,17.00062625551577,0.0588213625174869
2.0,16.4097,18.13615607393603,0.055138475646288,5.9000964717191946e-05,1.0,16.90866345180421,0.0591412800219461
3.0,16.4097,17.944592719474734,0.0557270937063246,4.124232679042179e-05,1.0,16.75934986285315,0.0596681857102634
4.0,16.4097,17.678356571457872,0.056566344046625,2.6644729692184908e-05,1.0,16.599813859631524,0.0602416393615029
5.0,16.4097,17.333980165083386,0.0576901548563177,1.613046992158318e-05,1.0,16.416252464245254,0.060915242512139
6.0,16.4097,16.912029409335457,0.0591295092857394,1.064545198001179e-05,1.5,16.2565768844191,0.0615135650702969
7.5,16.4097,16.381677794412237,0.061043808366265,7.463286814244047e-06,1.5,16.147233186229755,0.0619301144949583
9.0,16.4097,15.777364462544853,0.0633819420457694,4.817332490662544e-06,1.5,16.04486950941834,0.0623252186259913
10.5,16.4097,15.154565853900737,0.0659867138155332,2.908702000883471e-06,1.5,15.96401956103466,0.0626408653645616
12.0,16.4097,14.581947394948044,0.0685779459296673,1.8985663875583013e-06,1.5,15.941622035429884,0.0627288739989897
13.5,16.4097,14.130351784889516,0.0707696464478233,1.3203225471522635e-06,1.5,15.953976615131133,0.0626802974658729
15.0,16.4097,13.861839457195597,0.0721404978818237,8.437741406535737e-07,1.5,15.996197506156284,0.0625148570224355
16.5,16.4097,13.822697302384356,0.0723447803365776,5.009921664983903e-07,2.0,16.097312209323245,0.0621221721363408
18.5,16.4097,14.128607688086044,0.0707783825608839,3.244163433757972e-07,2.0,16.21191031717497,0.0616830453929044
20.5,16.4097,14.78264874287363,0.0676468755629519,2.236112018479653e-07,2.0,16.324654503239962,0.0612570391490692
22.5,16.4097,15.751624329513486,0.0634855161017471,1.413463037797233e-07,2.0,16.49698243352005,0.0606171464405581
24.5,16.4097,16.97977707668201,0.0588935882658483,nan,2.0,nan,nan
26.5,16.4097,18.40115067899254,0.0543444275548288,nan,2.0,nan,nan
28.5,16.4097,19.94868052503756,0.05012862874539,nan,nan,nan,nan
Name:	69.51927961775606_8_150_1
Lambda:	69.51927961775606	Maximal Depth:	30	Filter time:	8 to 150 [us]
Chi2:	1.264615344348133	RelRMS:	3.1713089164295503	AbsRMS:	3.059064033863719e-07	Phi model:	0.0301448222778035
depth_vector,start_model,resistivity_model,conductivity_model,E/I[V/A],modelled_thickness,rhoa,sigma
0.0,16.4097,18.43975417208693,0.0542306578855451,0.0001531411057722,1.0,17.07239254541092,0.0585740983485528
1.0,16.4097,18.36507211382895,0.0544511883101726,9.078242486267232e-05,1.0,16.997032066021738,0.0588338008727459
2.0,16.4097,18.213542913753223,0.0549041998437816,5.904021363371449e-05,1.0,16.901168895903385,0.0591675052867134
3.0,16.4097,17.98311610853955,0.0556077152571536,4.127265401540831e-05,1.0,16.751138988897797,0.0596974331514276
4.0,16.4097,17.672921773451694,0.0565837393962894,2.6661873769622697e-05,1.0,16.59269710545494,0.0602674775321032
5.0,16.4097,17.285138188279863,0.0578531677969486,1.6135747844803334e-05,1.0,16.41267248580052,0.0609285295167592
6.0,16.4097,16.82592622157668,0.0594320922861086,1.0645046711029222e-05,1.5,16.256989485994875,0.0615120038591083
7.5,16.4097,16.27503041266039,0.0614438175932437,7.460707805132209e-06,1.5,16.150954143520543,0.0619158466499133
9.0,16.4097,15.672810963450123,0.0638047636975942,4.814108824710807e-06,1.5,16.052031448151546,0.062297410968202
10.5,16.4097,15.074915708145348,0.0663353626222716,2.9060828483685487e-06,1.5,15.973610001965502,0.0626032562380672
12.0,16.4097,14.544873838395054,0.0687527448577955,1.896775832167961e-06,1.5,15.951653046190035,0.0626894276790231
13.5,16.4097,14.144981519006338,0.070696451505173,1.3191861251303511e-06,1.5,15.96313774254295,0.062644325703895
15.0,16.4097,13.927839358010525,0.0717986454535645,8.432596692875757e-07,1.5,16.00270301432402,0.0624894431337568
16.5,16.4097,13.930865634180508,0.0717830482512457,5.009280831972593e-07,2.0,16.098685056972695,0.062116874543544
18.5,16.4097,14.255775341221986,0.0701470089184417,3.245505973084495e-07,2.0,16.20743918526118,0.061700061840083
20.5,16.4097,14.897703883509347,0.0671244379549606,2.2382595737608645e-07,2.0,16.31421076173454,0.061296253591717
22.5,16.4097,15.820340070390056,0.0632097663862256,1.4158966300470906e-07,2.0,16.47807406735149,0.0606867037927284
24.5,16.4097,16.968342002090427,0.0589332770330067,nan,2.0,nan,nan
26.5,16.4097,18.278415431847296,0.0547093375642209,nan,2.0,nan,nan
28.5,16.4097,19.687688523509685,0.0507931644086033,nan,nan,nan,nan
Name:	88.58667904100822_8_150_1
Lambda:	88.58667904100822	Maximal Depth:	30	Filter time:	8 to 150 [us]
Chi2:	1.2789477041621735	RelRMS:	3.185690726961604	AbsRMS:	3.140085969722578e-07	Phi model:	0.0271756697739827
depth_vector,start_model,resistivity_model,conductivity_model,E/I[V/A],modelled_thickness,rhoa,sigma
0.0,16.4097,18.545792133670684,0.0539205870955739,0.0001531216207523,1.0,17.073840844492075,0.0585691297645306
1.0,16.4097,18.45742759203415,0.0541787307583197,9.082376606841656e-05,1.0,16.991873863138455,0.0588516609795087
2.0,16.4097,18.27999719490508,0.0547046035805035,5.908233423796324e-05,1.0,16.893135224833827,0.059195642886345
3.0,16.4097,18.014697486900182,0.055510229951248,4.130260496039956e-05,1.0,16.743039853273622,0.0597263106797466
4.0,16.4097,17.665288963455986,0.0566081880725919,2.6677303433037887e-05,1.0,16.586298547269912,0.0602907271414452
5.0,16.4097,17.2391157869243,0.0580076154925817,1.6139371085233785e-05,1.0,16.410215996698618,0.0609376500712226
6.0,16.4097,16.74740360343422,0.0597107482257691,1.0643433024298193e-05,1.5,16.258632629099086,0.0615057872831346
7.5,16.4097,16.179513090482907,0.0618065571199555,7.457286582261671e-06,1.5,16.155893544192892,0.0618969168907059
9.0,16.4097,15.581122307628837,0.0641802291424398,4.810397323935546e-06,1.5,16.06028710280636,0.062265387511364
10.5,16.4097,15.007758920107367,0.0666322004053651,2.9032397612426056e-06,1.5,15.984036734322787,0.0625624187820266
12.0,16.4097,14.518079715207405,0.0688796328175908,1.8948878293317488e-06,1.5,15.962247083021744,0.062647821124361
13.5,16.4097,14.1664525254241,0.0705893023115935,1.3180139934328736e-06,1.5,15.972600529032896,0.0626072127818091
15.0,16.4097,13.996536928609254,0.0714462445318153,8.427490494281496e-07,1.5,16.00916636426136,0.0624642143910994
16.5,16.4097,14.03747049178841,0.0712379057598002,5.008852466032655e-07,2.0,16.09960290260857,0.0621133332324596
18.5,16.4097,14.377506114526035,0.0695530916164709,3.24708819135503e-07,2.0,16.202173793025004,0.0617201131634878
20.5,16.4097,15.004419788835948,0.066647028947034,2.240631572453372e-07,2.0,16.302694926060365,0.0613395518063377
22.5,16.4097,15.87923983445918,0.0629753067794796,1.418517482048717e-07,2.0,16.457771226078517,0.0607615688821478
24.5,16.4097,16.94747826198696,0.0590058287458017,nan,2.0,nan,nan
26.5,16.4097,18.149035063568537,0.0550993480643689,nan,2.0,nan,nan
28.5,16.4097,19.425554853555507,0.0514785810515454,nan,nan,nan,nan
Name:	112.88378916846884_8_150_1
Lambda:	112.88378916846884	Maximal Depth:	30	Filter time:	8 to 150 [us]
Chi2:	1.2952700236295045	RelRMS:	3.2017637941104624	AbsRMS:	3.123211574416659e-07	Phi model:	0.0245214687227309
depth_vector,start_model,resistivity_model,conductivity_model,E/I[V/A],modelled_thickness,rhoa,sigma
0.0,16.4097,18.6312854141319,0.0536731619838476,0.0001531514894747,1.0,17.071620862202515,0.0585767460554406
1.0,16.4097,18.53124797032537,0.0539629064163044,9.088012093042476e-05,1.0,16.984848683962362,0.0588760028780375
2.0,16.4097,18.33176539177275,0.0545501198945518,5.912762183929482e-05,1.0,16.884508154043267,0.0592258886593941
3.0,16.4097,18.03692656177725,0.0554418180156667,4.133185630541738e-05,1.0,16.735139341566846,0.0597545069443308
4.0,16.4097,17.65456436435332,0.0566425757873199,2.669051977086362e-05,1.0,16.580822739835146,0.0603106381203579
5.0,16.4097,17.19655147093796,0.0581511939582766,1.6140950699500028e-05,1.0,16.409145335512974,0.0609416261208791
6.0,16.4097,16.678499129281434,0.0599574333546812,1.0640362490874678e-05,1.5,16.261760359267644,0.0614939574749111
7.5,16.4097,16.098188425743427,0.0621187908572898,7.452869341274339e-06,1.5,16.16227653793106,0.0618724718422625
9.0,16.4097,15.505712443417162,0.0644923607121672,4.806123645716964e-06,1.5,16.069806393354437,0.0622285032888475
10.5,16.4097,14.956195871141723,0.066861921882791,2.9001484859710064e-06,1.5,15.995392999699702,0.0625180012781664
12.0,16.4097,14.50383887615403,0.068947263447894,1.8928974983109235e-06,1.5,15.973434373258742,0.0626039445639885
13.5,16.4097,14.195777875873866,0.0704434803604196,1.3168085309376183e-06,1.5,15.982347040602438,0.0625690330374847
15.0,16.4097,14.067508993232504,0.0710857907026093,8.422474971093241e-07,1.5,16.015521295829668,0.0624394286972346
16.5,16.4097,14.140631316377158,0.0707182004555791,5.008685275914066e-07,2.0,16.09996117088267,0.0621119510405114
18.5,16.4097,14.490825929431702,0.0690091789708785,3.2489467934550625e-07,2.0,16.195994094801172,0.0617436629173009
20.5,16.4097,15.099380066434597,0.0662278845621593,2.243254330896174e-07,2.0,16.289985305505095,0.0613874095799249
22.5,16.4097,15.9251967966115,0.0627935725235606,1.4213416165505864e-07,2.0,16.435963489639555,0.0608421891804731
24.5,16.4097,16.915065294282,0.0591188968296824,nan,2.0,nan,nan
26.5,16.4097,18.01239059446047,0.055517339286854,nan,2.0,nan,nan
28.5,16.4097,19.163541183580627,0.0521824223623555,nan,nan,nan,nan
Name:	143.8449888287663_8_150_1
Lambda:	143.8449888287663	Maximal Depth:	30	Filter time:	8 to 150 [us]
Chi2:	1.314107802466403	RelRMS:	3.2200505167531763	AbsRMS:	3.005989322887467e-07	Phi model:	0.0221180518376274
depth_vector,start_model,resistivity_model,conductivity_model,E/I[V/A],modelled_thickness,rhoa,sigma
0.0,16.4097,18.6923393370302,0.0534978518188445,0.0001532383015949,1.0,17.065172676369386,0.0585988796576742
1.0,16.4097,18.582999162432152,0.0538126268671218,9.095380261311832e-05,1.0,16.975674493506247,0.0589078213288392
2.0,16.4097,18.3660005063446,0.0544484358287231,5.91765768430284e-05,1.0,16.875194838839036,0.0592585750594389
3.0,16.4097,18.04791551459187,0.0554080607919231,4.136031962802901e-05,1.0,16.727460607854095,0.0597819372254547
4.0,16.4097,17.639951623184103,0.0566894978717347,2.6701203177233668e-05,1.0,16.576399681174955,0.0603267307276412
5.0,16.4097,17.157723169051618,0.0582827913789726,1.61401898439803e-05,1.0,16.409661020926592,0.0609397109863963
6.0,16.4097,16.6204273675185,0.060166924585484,1.0635624102374272e-05,1.5,16.266589965699204,0.0614756997077239
7.5,16.4097,16.03297980217498,0.062371437645318,7.447312339195345e-06,1.5,16.170315468349454,0.0618417124859019
9.0,16.4097,15.448817967682745,0.0647298713786318,4.801207134641461e-06,1.5,16.080775010329305,0.0621860575350168
10.5,16.4097,14.922472429056617,0.067013023797104,2.8967736850223715e-06,1.5,16.007813896695986,0.0624694918652446
12.0,16.4097,14.503943765445689,0.0689467648366376,1.890790266581844e-06,1.5,15.98530012741426,0.0625574741812343
13.5,16.4097,14.233912792597064,0.0702547510702813,1.3155648266655464e-06,1.5,15.992418345986437,0.0625296298762073
15.0,16.4097,14.140704817647004,0.0707178328729443,8.417559022804212e-07,1.5,16.021756184348153,0.0624151303074323
16.5,16.4097,14.239259336258003,0.0702283718826343,5.008810536419908e-07,2.0,16.09969275084278,0.0621129865939617
18.5,16.4097,14.59383968442745,0.0685220628445756,3.251114605503057e-07,2.0,16.188793738745602,0.0617711248989874
20.5,16.4097,15.180218451691296,0.0658752048386092,2.2461571101585578e-07,2.0,16.275947574994007,0.0614403551862244
22.5,16.4097,15.955860429483565,0.0626728971727641,1.424392140388011e-07,2.0,16.412488581596396,0.0609292122293579
24.5,16.4097,16.8692176381938,0.0592795719071101,nan,2.0,nan,nan
26.5,16.4097,17.86739414538299,0.0559678704047844,nan,2.0,nan,nan
28.5,16.4097,18.901527153861625,0.0529057780284011,nan,nan,nan,nan
Name:	183.29807108324357_8_150_1
Lambda:	183.2980710832436	Maximal Depth:	30	Filter time:	8 to 150 [us]
Chi2:	1.33633174554768	RelRMS:	3.2414789558078154	AbsRMS:	2.80698641412247e-07	Phi model:	0.0198941563760693
depth_vector,start_model,resistivity_model,conductivity_model,E/I[V/A],modelled_thickness,rhoa,sigma
0.0,16.4097,18.726533713729896,0.0534001655237894,0.0001533872761519,1.0,17.05412139795372,0.0586368524455318
1.0,16.4097,18.610470568974648,0.053733192629051,9.104650036956846e-05,1.0,16.96415016927846,0.0589478394155557
2.0,16.4097,18.38092830829488,0.05440421632833,5.922961452342381e-05,1.0,16.865119306785996,0.0592939772206432
3.0,16.4097,18.04640648743503,0.0554126939729668,4.138796029339452e-05,1.0,16.720012232096742,0.0598085686851556
4.0,16.4097,17.620777779076025,0.0567511838885716,2.670911712523146e-05,1.0,16.57312511282746,0.0603386502661473
5.0,16.4097,17.122582140969136,0.0584024063524451,1.61368408002576e-05,1.0,16.411931385662616,0.0609312808164428
6.0,16.4097,16.573737627574523,0.0603364203338329,1.062902311562386e-05,1.5,16.273324007812377,0.0614502605318942
7.5,16.4097,15.984904927261184,0.0625590208106003,7.44047004939356e-06,1.5,16.180227479553245,0.0618038282381188
9.0,16.4097,15.411827673029686,0.0648852310845633,4.795554170616456e-06,1.5,16.093409795137816,0.0621372358455771
10.5,16.4097,14.908028155679034,0.0670779521984644,2.893064317008733e-06,1.5,16.02149401454545,0.0624161516455412
12.0,16.4097,14.519630326003492,0.0688722768794657,1.8885378327471955e-06,1.5,15.998007904740618,0.0625077825910858
13.5,16.4097,14.281699127170455,0.0700196798080932,1.3142669448381925e-06,1.5,16.00294530652365,0.0624884970138807
15.0,16.4097,14.216407484856347,0.0703412589337512,8.412674846133777e-07,1.5,16.027956789919585,0.0623909842724886
16.5,16.4097,14.333022645454491,0.0697689541652357,5.00921405865901e-07,2.0,16.09882812135296,0.0621163225336652
18.5,16.4097,14.685640546452936,0.0680937271232294,3.253597356799285e-07,2.0,16.180557140365124,0.0618025690540242
20.5,16.4097,15.24568475615407,0.0655923309444228,2.249352891865677e-07,2.0,16.26052782171856,0.0614986186773309
22.5,16.4097,15.969898539124534,0.0626178054638298,1.4276844388027588e-07,2.0,16.387246962963708,0.0610230627670448
24.5,16.4097,16.808729468898857,0.0594928963459312,nan,2.0,nan,nan
26.5,16.4097,17.713071091225597,0.0564554839107128,nan,2.0,nan,nan
28.5,16.4097,18.63870234098041,0.0536518037417941,nan,nan,nan,nan
Name:	233.57214690901213_8_150_1
Lambda:	233.57214690901213	Maximal Depth:	30	Filter time:	8 to 150 [us]
Chi2:	1.3631841808155816	RelRMS:	3.2673189018012825	AbsRMS:	2.581369686242234e-07	Phi model:	0.0177869006681815
depth_vector,start_model,resistivity_model,conductivity_model,E/I[V/A],modelled_thickness,rhoa,sigma
0.0,16.4097,18.732995732126987,0.0533817449328195,0.0001536018399206,1.0,17.03823595890114,0.0586915219634329
1.0,16.4097,18.61285625709874,0.0537263054196,9.115970766894394e-05,1.0,16.950102564358343,0.0589966931588213
2.0,16.4097,18.37580421299537,0.054419386950847,5.928739490882953e-05,1.0,16.85415990642295,0.0593325330691154
3.0,16.4097,18.031776943368502,0.0554576514084357,4.141505915154618e-05,1.0,16.712717902046375,0.0598346723651427
4.0,16.4097,17.596571095875536,0.0568292535262389,2.6714302300326256e-05,1.0,16.570980510414454,0.0603464592437076
5.0,16.4097,17.0907912807368,0.058511041623164,1.613083923085845e-05,1.0,16.416001900822508,0.0609161722836969
6.0,16.4097,16.538296893835362,0.0604657182308021,1.0620477658600154e-05,1.5,16.282052074053734,0.0614173198471432
7.5,16.4097,15.954085718967525,0.0626798688195035,7.432266898680869e-06,1.5,16.19213093085268,0.0617583938933317
9.0,16.4097,15.395040682602184,0.0649559829439159,4.789106821883805e-06,1.5,16.107850422150147,0.0620815300485336
10.5,16.4097,14.913301717006236,0.0670542324547527,2.888983827914051e-06,1.5,16.03657663076848,0.0623574484146046
12.0,16.4097,14.55146219207584,0.068721616206003,1.8861178821985715e-06,1.5,16.011688956334183,0.0624543733473165
13.5,16.4097,14.339726880493366,0.0697363351710918,1.3129014240812e-06,1.5,16.014039598555254,0.0624452058985927
15.0,16.4097,14.295098480001467,0.069954047633808,8.40776089921497e-07,1.5,16.03420124745816,0.0623666863454471
16.5,16.4097,14.422201969028126,0.0693375395898291,5.009882005875551e-07,2.0,16.097397161983615,0.0621218442917994
18.5,16.4097,14.766287032098369,0.0677218313463797,3.256400956173608e-07,2.0,16.171268703568987,0.0618380671504951
20.5,16.4097,15.295638070932643,0.0653781159937596,2.2528555585360857e-07,2.0,16.243669224187077,0.0615624454178729
22.5,16.4097,15.966955578525656,0.0626293469084942,1.431235638055682e-07,2.0,16.36012891678753,0.0611242127177784
24.5,16.4097,16.733052920783756,0.0597619576495764,nan,2.0,nan,nan
26.5,16.4097,17.548587762925838,0.0569846424971391,nan,2.0,nan,nan
28.5,16.4097,18.37383012826941,0.054425233771016,nan,nan,nan,nan
Name:	297.63514416313194_8_150_1
Lambda:	297.63514416313194	Maximal Depth:	30	Filter time:	8 to 150 [us]
Chi2:	1.396203242665005	RelRMS:	3.2991165325888527	AbsRMS:	2.446242670530825e-07	Phi model:	0.0157546367722777
depth_vector,start_model,resistivity_model,conductivity_model,E/I[V/A],modelled_thickness,rhoa,sigma
0.0,16.4097,18.712214660539896,0.0534410286618178,0.0001538830379905,1.0,17.017473092546705,0.0587631309631968
1.0,16.4097,18.590545766325143,0.0537907822916848,9.12942807517448e-05,1.0,16.933441511047366,0.0590547408421141
2.0,16.4097,18.350882208900124,0.0544932929445213,5.935052067975272e-05,1.0,16.84220695846009,0.0593746414864998
3.0,16.4097,18.00408274895402,0.0555429573360573,4.144201263726037e-05,1.0,16.70547058917939,0.0598606303642669
4.0,16.4097,17.56717486137132,0.0569243494125462,2.6716965455065635e-05,1.0,16.569879292075473,0.0603504698117052
5.0,16.4097,17.062032235655025,0.0586096653779771,1.6122254553016265e-05,1.0,16.42182877752457,0.0608945576980215
6.0,16.4097,16.513576522918402,0.0605562337517949,1.0609996145647252e-05,1.5,16.29277356416036,0.0613769040649853
7.5,16.4097,15.93987848043218,0.0627357354842824,7.422686367728882e-06,1.5,16.2060608255822,0.0617053095605714
9.0,16.4097,15.397904801316688,0.064943900673713,4.781838214535742e-06,1.5,16.124169390317746,0.0620186985011755
10.5,16.4097,14.937988445889737,0.0669434176912324,2.884507371601706e-06,1.5,16.053163744976533,0.0622930168710779
12.0,16.4097,14.59940274359559,0.0684959527155092,1.8835112901743693e-06,1.5,16.02645793965587,0.0623968192950233
13.5,16.4097,14.408231864030467,0.0694047687070095,1.3114542513126109e-06,1.5,16.025818289706294,0.0623993097839079
15.0,16.4097,14.377285621459356,0.0695541582972666,8.402730268479413e-07,1.5,16.04060028654632,0.0623418065493924
16.5,16.4097,14.507510205679724,0.0689298153730402,5.010770857539692e-07,2.0,16.095493446738523,0.0621291918330489
18.5,16.4097,14.836591026220004,0.0674009277624993,3.259504711242541e-07,2.0,16.16100137144622,0.0618773538233115
20.5,16.4097,15.330867559830809,0.0652278806856404,2.256656619651794e-07,2.0,16.22542378827689,0.0616316721861228
22.5,16.4097,15.947727353838602,0.0627048593076994,1.435045816494053e-07,2.0,16.331157657227646,0.0612326462697169
24.5,16.4097,16.64259538271196,0.0600867819594281,nan,2.0,nan,nan
26.5,16.4097,17.373902042569156,0.0575575940021891,nan,2.0,nan,nan
28.5,16.4097,18.10613308631456,0.0552299044325398,nan,nan,nan,nan
Name:	379.26901907322497_8_150_1
Lambda:	379.26901907322497	Maximal Depth:	30	Filter time:	8 to 150 [us]
Chi2:	1.437064218963531	RelRMS:	3.33848987695742	AbsRMS:	2.5741165647643226e-07	Phi model:	0.0137817137739439
depth_vector,start_model,resistivity_model,conductivity_model,E/I[V/A],modelled_thickness,rhoa,sigma
0.0,16.4097,18.66596344116544,0.0535734468328929,0.0001542292300992,1.0,16.991997934167657,0.0588512312604035
1.0,16.4097,18.54512985100024,0.0539225127046529,9.145026230669724e-05,1.0,16.91418108908143,0.0591219873272805
2.0,16.4097,18.30739110281444,0.0546227474129979,5.9419442971927065e-05,1.0,16.82918060463062,0.0594205994631043
3.0,16.4097,17.964077760407854,0.0556666483711155,4.146928875387723e-05,1.0,16.698144519800742,0.0598868933499883
4.0,16.4097,17.53279559708736,0.0570359697894456,2.671747312984091e-05,1.0,16.569669388582835,0.0603512343275261
5.0,16.4097,17.035900473171782,0.0586995681017745,1.611130383584354e-05,1.0,16.42926912039628,0.0608669803064178
6.0,16.4097,16.49868233022498,0.0606109009183137,1.0597695821131234e-05,1.5,16.30537804335911,0.0613294581297538
7.5,16.4097,15.941097794445175,0.0627309369087779,7.411788641005268e-06,1.5,16.221942369626206,0.0616448990641459
9.0,16.4097,15.419128713653858,0.0648545075776224,4.773766409442553e-06,1.5,16.142340158209304,0.0619488866049847
10.5,16.4097,14.98094602697291,0.066751458699572,2.879630610610398e-06,1.5,16.071283050962613,0.0622227856250782
12.0,16.4097,14.662722951832222,0.068200156497879,1.8807073270182127e-06,1.5,16.04238330916041,0.0623348776006983
13.5,16.4097,14.487042939629433,0.0690271992819522,1.3099137677865108e-06,1.5,16.03838027323623,0.0623504358272844
15.0,16.4097,14.463369593421112,0.06914018158361,8.397480562911517e-07,1.5,16.047284803931568,0.0623158379886796
16.5,16.4097,14.589892146841368,0.0685406026264899,5.011805028913158e-07,2.0,16.09327919844817,0.0621377400881995
18.5,16.4097,14.89793689176261,0.0671233881083844,3.262854272955082e-07,2.0,16.149939167840174,0.0619197378768663
20.5,16.4097,15.353020594158265,0.0651337626929579,2.260716668112317e-07,2.0,16.205991678840903,0.0617055728410396
22.5,16.4097,15.913885155042385,0.0628382064000974,1.439089447727659e-07,2.0,16.30055120035654,0.061347618722128
24.5,16.4097,16.53882732700372,0.0604637789746588,nan,2.0,nan,nan
26.5,16.4097,17.190017042669187,0.0581732989279645,nan,2.0,nan,nan
28.5,16.4097,17.835845493343932,0.0560668682834904,nan,nan,nan,nan
Name:	483.2930238571752_8_150_1
Lambda:	483.2930238571752	Maximal Depth:	30	Filter time:	8 to 150 [us]
Chi2:	1.4873289706346935	RelRMS:	3.3868097156918417	AbsRMS:	3.082894932954338e-07	Phi model:	0.0118772863120068
depth_vector,start_model,resistivity_model,conductivity_model,E/I[V/A],modelled_thickness,rhoa,sigma
0.0,16.4097,18.59702624085644,0.0537720379080321,0.0001546365052776,1.0,16.962149612026394,0.0589547918673578
1.0,16.4097,18.47912528335821,0.054115115551523,9.162701993838454e-05,1.0,16.892421331171438,0.0591981445640779
2.0,16.4097,18.247334028505136,0.0548025261354807,5.9494521135920174e-05,1.0,16.81501941410469,0.0594706420119375
3.0,16.4097,17.913051305855674,0.0558252183240889,4.149746902675701e-05,1.0,16.6905840339144,0.0599140208615859
4.0,16.4097,17.49388367872025,0.0571628357867962,2.6716388787272057e-05,1.0,16.570117729523805,0.0603496013922852
5.0,16.4097,17.012049279623522,0.0587818659329753,1.609838811302243e-05,1.0,16.438055404697533,0.0608344463733969
6.0,16.4097,16.492490571736628,0.0606336560054617,1.0583836348560746e-05,1.5,16.31960947074252,0.0612759761067065
7.5,16.4097,15.956021430138634,0.0626722647859537,7.399739764758134e-06,1.5,16.23954687804058,0.0615780728064659
9.0,16.4097,15.45679558342022,0.0646964627695958,4.76497702742302e-06,1.5,16.162184620656177,0.0618728237222302
10.5,16.4097,15.040406097519298,0.0664875664603854,2.874385056223052e-06,1.5,16.09082976381094,0.062147199036873
12.0,16.4097,14.740072443458583,0.0678422717280324,1.8777139324519983e-06,1.5,16.05942830280693,0.0622687172385343
13.5,16.4097,14.57544635718636,0.0686085335223339,1.308277608266643e-06,1.5,16.051749444924617,0.0622985054327638
15.0,16.4097,14.553416363876387,0.0687123885551807,8.391933707228816e-07,1.5,16.054355257783598,0.062288393644159
16.5,16.4097,14.670223958328425,0.0681652851954104,5.01289512121968e-07,2.0,16.090946042950357,0.062146749938181
18.5,16.4097,14.951920371338035,0.0668810410411857,3.266369462722272e-07,2.0,16.138350299553746,0.0619642021296099
20.5,16.4097,15.364240272080083,0.0650861990109072,2.264967962688589e-07,2.0,16.185706472011937,0.0617829071427425
22.5,16.4097,15.867884454468935,0.0630203731864436,1.4433145241154189e-07,2.0,16.268724125400443,0.061467635217853
24.5,16.4097,16.424252760680723,0.0608855705383429,nan,2.0,nan,nan
26.5,16.4097,16.999124865915235,0.058826557713279,nan,2.0,nan,nan
28.5,16.4097,17.564556851876524,0.0569328340266759,nan,nan,nan,nan
Name:	615.8482110660261_8_150_1
Lambda:	615.8482110660261	Maximal Depth:	30	Filter time:	8 to 150 [us]
Chi2:	1.548092915790245	RelRMS:	3.444895390593787	AbsRMS:	3.942167556281479e-07	Phi model:	0.01007033318939
depth_vector,start_model,resistivity_model,conductivity_model,E/I[V/A],modelled_thickness,rhoa,sigma
0.0,16.4097,18.50920409876281,0.0540271745162095,0.0001550968196946,1.0,16.92857149250636,0.0590717297347069
1.0,16.4097,18.396007834196663,0.0543596202509265,9.18221743877077e-05,1.0,16.868477949598226,0.0592821713368524
2.0,16.4097,18.173549456482444,0.0550250242746775,5.957535442233644e-05,1.0,16.799805954915016,0.0595244970497671
3.0,16.4097,17.852947378145245,0.0560131601140635,4.152680209943525e-05,1.0,16.682723347231864,0.0599422515848366
4.0,16.4097,17.451336985549666,0.0573021998731693,2.6714200702979025e-05,1.0,16.57102252468775,0.0603463062409205
5.0,16.4097,16.99025422035219,0.0588572711762091,1.6083937132241113e-05,1.0,16.447900028499856,0.0607980349021616
6.0,16.4097,16.49377724605113,0.0606289259932509,1.0568720416561016e-05,1.5,16.33516653162739,0.061217618936657
7.5,16.4097,15.982679934578089,0.062567729823365,7.386742307307307e-06,1.5,16.258590994263574,0.0615059447865331
9.0,16.4097,15.508496950534486,0.0644807812897391,4.755577361389712e-06,1.5,16.183474588772302,0.0617914277008087
10.5,16.4097,15.113951983841742,0.0661640318210019,2.868808332348874e-06,1.5,16.111675833349626,0.0620667899691784
12.0,16.4097,14.829450370109356,0.0674333825625545,1.8745365286811625e-06,1.5,16.077570701426396,0.0621984514060498
13.5,16.4097,14.672182768820743,0.0681561847856107,1.3065365998604084e-06,1.5,16.066005980271434,0.062243223438854
15.0,16.4097,14.647127823171692,0.0682727707488156,8.385919990980181e-07,1.5,16.062029613658428,0.0622586325671847
16.5,16.4097,14.749300035121276,0.0677998276269913,5.013858380065412e-07,2.0,16.08888505634357,0.0621547109385132
18.5,16.4097,15.000432127876996,0.0666647461536516,3.2698862398676186e-07,2.0,16.126776979551913,0.0620086705029751
20.5,16.4097,15.367356710400534,0.0650729997907321,2.269270281814456e-07,2.0,16.16524230267726,0.0618611203764252
22.5,16.4097,15.813231550540849,0.0632381810639962,1.447611212360233e-07,2.0,16.23651646252856,0.061589565859638
24.5,16.4097,16.302701567021728,0.0613395268194611,nan,2.0,nan,nan
26.5,16.4097,16.805058474366405,0.0595058923195863,nan,2.0,nan,nan
28.5,16.4097,17.295725828956275,0.0578177527725268,nan,nan,nan,nan
Name:	784.7599703514607_8_150_1
Lambda:	784.7599703514607	Maximal Depth:	30	Filter time:	8 to 150 [us]
Chi2:	1.6197644753878255	RelRMS:	3.512666192508361	AbsRMS:	5.058541715059583e-07	Phi model:	0.0083972167006815
depth_vector,start_model,resistivity_model,conductivity_model,E/I[V/A],modelled_thickness,rhoa,sigma
0.0,16.4097,18.40672836492266,0.0543279598728517,0.0001556017577342,1.0,16.89192876395469,0.0591998707769759
1.0,16.4097,18.299610835273448,0.0546459708352075,9.20335716811075e-05,1.0,16.842637255072425,0.0593731245799308
2.0,16.4097,18.089115814428304,0.0552818617702904,5.966193027028197e-05,1.0,16.783549810462688,0.0595821510522529
3.0,16.4097,17.78584256566323,0.0562244940776979,4.155793978529787e-05,1.0,16.674389179051428,0.0599722118310835
4.0,16.4097,17.406068906625134,0.0574512260846777,2.671175633623133e-05,1.0,16.57203344133378,0.0603426250339207
5.0,16.4097,16.970218229974478,0.0589267613679652,1.6068656644151914e-05,1.0,16.458325796247728,0.0607595214956788
6.0,16.4097,16.50108211355282,0.060602086161287,1.0552856462078404e-05,1.5,16.351533376984516,0.0611563439920284
7.5,16.4097,16.01867478036112,0.0624271366833665,7.373152775864369e-06,1.5,16.27856244332081,0.0614304858602736
9.0,16.4097,15.57130245473072,0.0642207036249681,4.7457775805853e-06,1.5,16.20574561031571,0.0617065097802999
10.5,16.4097,15.198596971818567,0.065795546908324,2.862998900108748e-06,1.5,16.13346372459976,0.0619829701216133
12.0,16.4097,14.92828547735724,0.0669869290426398,1.871217657164196e-06,1.5,16.096575663343074,0.0621250147183361
13.5,16.4097,14.775461294166185,0.067679782044763,1.3047049440714658e-06,1.5,16.081039014797263,0.0621850366185811
15.0,16.4097,14.743756909862409,0.0678253179371859,8.379393181157561e-07,1.5,16.070369136239684,0.0622263242071358
16.5,16.4097,14.827576916059584,0.0674419027236278,5.014562678516144e-07,2.0,16.08737855846103,0.0621605313983276
18.5,16.4097,15.045158509942697,0.0664665645987806,3.273258919695874e-07,2.0,16.11569733865093,0.0620513018447957
20.5,16.4097,15.365159252805018,0.0650823062453741,2.273486671650376e-07,2.0,16.145249502069124,0.0619377235311131
22.5,16.4097,15.753562035913095,0.0634777073096433,1.451863829419473e-07,2.0,16.204795655530052,0.0617101271288626
24.5,16.4097,16.178352987625647,0.0618109890892398,nan,2.0,nan,nan
26.5,16.4097,16.612213193697556,0.0601966750811617,nan,2.0,nan,nan
28.5,16.4097,17.033649473226937,0.0587073252606128,nan,nan,nan,nan
Name:	1000.0_8_150_1
Lambda:	1000	Maximal Depth:	30	Filter time:	8 to 150 [us]
Chi2:	1.700253516809665	RelRMS:	3.5871150875204365	AbsRMS:	6.375255356248106e-07	Phi model:	0.0069188992623176
depth_vector,start_model,resistivity_model,conductivity_model,E/I[V/A],modelled_thickness,rhoa,sigma
0.0,16.4097,18.298276921849872,0.0546499544340104,0.0001561461374735,1.0,16.852645156894418,0.0593378659961222
1.0,16.4097,18.197592740557795,0.0549523233241314,9.22648772235604e-05,1.0,16.814476124092625,0.0594725635589175
2.0,16.4097,17.999785148172904,0.0555562186863939,5.97599031019262e-05,1.0,16.76520103545031,0.0596473610954907
3.0,16.4097,17.714857871524153,0.0564497896202405,4.159639764784142e-05,1.0,16.66411008027129,0.0600092051230449
4.0,16.4097,17.35818808955731,0.0576096995170596,2.671366864915016e-05,1.0,16.57124255303932,0.0603455049794434
5.0,16.4097,16.9489889924748,0.0590005693226888,1.6055864178218227e-05,1.0,16.46706671987247,0.0607272695867078
6.0,16.4097,16.50867757107363,0.0605742038206737,1.0538595567506678e-05,1.5,16.36628138471711,0.0611012346967102
7.5,16.4097,16.056315767942124,0.0622807880993839,7.360666887500067e-06,1.5,16.296966110363186,0.0613611142851983
9.0,16.4097,15.636713387418602,0.0639520579052504,4.7366699145392684e-06,1.5,16.226512557324792,0.0616275368146552
10.5,16.4097,15.286192554848109,0.0654185138916652,2.857584265608758e-06,1.5,16.153837400793858,0.0619047954482231
12.0,16.4097,15.02965562411412,0.0665351239582338,1.868136382530767e-06,1.5,16.114270426378564,0.0620567964630301
13.5,16.4097,14.8801711869086,0.0672035279325138,1.3030225796051736e-06,1.5,16.0948777876444,0.0621315683905144
15.0,16.4097,14.840218569774226,0.0673844522773234,8.373662710865079e-07,1.5,16.077700079751597,0.0621979508909616
16.5,16.4097,14.90397026526073,0.0670962154514541,5.015606272766387e-07,2.0,16.085146953465443,0.0621691553638281
18.5,16.4097,15.086834839509612,0.066282955347346,3.276768278052217e-07,2.0,16.104188874180124,0.0620956452891149
20.5,16.4097,15.359951107284552,0.0651043739016684,2.2777442956940938e-07,2.0,16.12512379095425,0.0620150277891802
22.5,16.4097,15.69256610254791,0.0637244408253686,1.4560988029463822e-07,2.0,16.173359972859743,0.061830071282534
24.5,16.4097,16.056081234779306,0.0622816978425523,nan,2.0,nan,nan
26.5,16.4097,16.42639135586228,0.0608776436854536,nan,2.0,nan,nan
28.5,16.4097,16.784726130778225,0.0595779753693029,nan,nan,nan,nan
Name:	80_8_150_1
Lambda:	80.0	Maximal Depth:	30	Filter time:	8.0 to 150.0 [us]
Chi2:	1.2726958018836365	RelRMS:	3.1794531465752054	AbsRMS:	3.117317986742243e-07	Phi model:	0.028383299409324058
depth_vector,start_model,resistivity_model,conductivity_model,E/I[V/A],modelled_thickness,rhoa,sigma
0.0,16.4097,18.5034115121254,0.05404408799667531,0.00015312429886744707,1.0,17.073641765073855,0.05856981268317447
1.0,16.4097,18.420587380845497,0.05428708538577017,9.080468688729717e-05,1.0,16.99425391420125,0.05884341878429567
2.0,16.4097,18.253642410492535,0.054783586613112424,5.9064253122179625e-05,1.0,16.896582669898194,0.05918356507564883
3.0,16.4097,18.002427123056822,0.05554806544497759,4.129007866933111e-05,1.0,16.74642593849397,0.05971423416989305
4.0,16.4097,17.66883155753887,0.056596838152171064,2.6671058166863456e-05,1.0,16.588887666068203,0.060281317236565136
5.0,16.4097,17.258082407129773,0.05794386516469949,1.6138075614831078e-05,1.0,16.411094195777583,0.06093438914373488
6.0,16.4097,16.779358372213498,0.059597034512117765,1.0644275741116902e-05,1.5,16.25777447746292,0.06150903380940817
7.5,16.4097,16.218107627519174,0.06165947488862277,7.458838305012763e-06,1.5,16.153652771938006,0.06190550299169435
9.0,16.4097,15.617881260545971,0.06402917164738656,4.812022515858032e-06,1.5,16.056670810735646,0.06227941095556311
10.5,16.4097,15.034265940729265,0.0665147207015212,2.9044642141836104e-06,1.5,15.979544092476006,0.06258000817875972
12.0,16.4097,14.527940382441118,0.06883288158372597,1.8956939335119544e-06,1.5,15.957721687874232,0.06266558720345827
13.5,16.4097,14.156521357583262,0.07063882254268117,1.3185110538855564e-06,1.5,15.96858597693789,0.06262295242948984
15.0,16.4097,13.96734260042828,0.0715955803911717,8.429629284231054e-07,1.5,16.00645832170878,0.062474782359802146
16.5,16.4097,13.992959639408484,0.07146450970841736,5.009003262773974e-07,2.0,16.09927978046119,0.0621145798841042
18.5,16.4097,14.327179809675442,0.06979740697640154,3.2463910480820655e-07,2.0,16.20449325733153,0.06171127872496487
20.5,16.4097,14.960788810663804,0.06684139537396694,2.2396049032257067e-07,2.0,16.307676815696073,0.0613208129705823
22.5,16.4097,15.855876583093023,0.06306809937372311,1.4173914199865947e-07,2.0,16.466486776124494,0.060729408379323835
24.5,16.4097,16.957543552075705,0.05897080534860805,nan,2.0,nan,nan
26.5,16.4097,18.204298040761444,0.05493208239949099,nan,2.0,nan,nan
28.5,16.4097,19.535839036285054,0.05118797294258218,nan,nan,nan,nan
