Name:	5.000000000000001_8_210_0.015
Lambda:	5.000000000000001	Maximal Depth:	20	Filter time:	8.0 to 210.0 [us]
Chi2:	1.8375538774424331	RelRMS:	2.033346066031426	AbsRMS:	1.7709009331671552e-07	Phi model:	0.09899503700162271
depth_vector,start_model,resistivity_model,conductivity_model,E/I[V/A],modelled_thickness,rhoa,sigma,rel_err
0.0,17.0231,21.915189744726217,0.045630451374058724,0.00015032253128424795,1.0,17.285138092939683,0.05785316811605119,0.015
1.0,17.0231,21.42579767375375,0.046672708070280323,8.985993571804533e-05,1.0,17.113159991412147,0.05843456150131404,0.015
2.0,17.0231,20.513783845810927,0.04874771068645182,5.8521567462301945e-05,1.0,17.00087948100825,0.05882048638231357,0.015
3.0,17.0231,19.287164896098876,0.05184795201301282,4.064907035188606e-05,1.0,16.922019644371698,0.059094601059194625,0.015
4.0,17.0231,17.877059062967053,0.05593761235993982,2.599543998795798e-05,1.0,16.87508551426949,0.05925895896375784,0.015
5.0,17.0231,16.42122621729116,0.060896792162026474,1.5511120374974075e-05,1.0,16.85038869707083,0.05934581201523464,0.015
6.0,17.0231,15.065906226381834,0.06637503147662667,1.0082567867132147e-05,1.5,16.8561247405218,0.059325616972685256,0.015
7.5,17.0231,14.0665464450705,0.07109065497383982,6.988004165089331e-06,1.5,16.871334454513267,0.059272134204682844,0.015
9.0,17.0231,13.695382917796477,0.07301730853399864,4.457582933251642e-06,1.5,16.896923956073113,0.059182369678628916,0.015
10.5,17.0231,14.146812584331586,0.07068730104670772,2.661246176665296e-06,1.5,16.93889349543554,0.05903573337121851,0.015
12.0,17.0231,15.464026838383512,0.06466620954885333,1.7273042428557969e-06,1.5,16.978675448737985,0.058897409460425806,0.015
13.5,17.0231,17.440266252730073,0.05733857416560149,1.1996379935549556e-06,1.5,17.006782980403532,0.058800068252312834,0.015
15.0,17.0231,19.524452569238562,0.05121782526059317,7.668893361684422e-07,1.5,17.048222288755188,0.05865714225579922,0.015
16.5,17.0231,20.83787168463566,0.04798954591592613,4.5772785048659353e-07,1.5,17.096311895630038,0.05849214766932326,0.015
18.0,17.0231,20.34260223271437,0.04915791935369162,2.9858531047967937e-07,1.5,17.133932458299604,0.05836371787000971,0.015
19.5,17.0231,17.31518381263335,0.057752779919690425,2.0735805427602626e-07,nan,17.166921837840665,0.05825156131343956,0.015
nan,nan,nan,nan,1.325702311289895e-07,nan,17.21723763614542,0.058081326466716474,0.015
nan,nan,nan,nan,7.917193584862388e-08,nan,17.280213455986807,0.057869655519419846,0.015
nan,nan,nan,nan,5.159736452512537e-08,nan,17.34073123151092,0.05766769501523892,0.015
Name:	5.8538995686138975_8_210_0.015
Lambda:	5.8538995686138975	Maximal Depth:	20	Filter time:	8.0 to 210.0 [us]
Chi2:	1.839715547386487	RelRMS:	2.0345417129220023	AbsRMS:	1.694220020697264e-07	Phi model:	0.09183234941342053
depth_vector,start_model,resistivity_model,conductivity_model,E/I[V/A],modelled_thickness,rhoa,sigma,rel_err
0.0,17.0231,21.936843467340783,0.04558540983750847,0.00015037596912150335,1.0,17.281042868074806,0.05786687803705477,0.015
1.0,17.0231,21.43703328169661,0.046648245905081515,8.986528697151534e-05,1.0,17.112480620702502,0.058436881371261296,0.015
2.0,17.0231,20.503103210543845,0.0487731047213255,5.85158419242391e-05,1.0,17.00198844104442,0.058816649797614536,0.015
3.0,17.0231,19.25287829769457,0.05194028573482152,4.0642370413536535e-05,1.0,16.923879335336277,0.059088107412349974,0.015
4.0,17.0231,17.821861592875706,0.05611086107860642,2.5990576577124522e-05,1.0,16.877190582726175,0.05925156767640588,0.015
5.0,17.0231,16.368645617466225,0.06109240943752525,1.5508850148199212e-05,1.0,16.852033060127628,0.05934002125630927,0.015
6.0,17.0231,15.03558979923592,0.06650886419173381,1.0081732225334355e-05,1.5,16.85705616034056,0.05932233899491246,0.015
7.5,17.0231,14.077842010825467,0.07103361433030915,6.98785399461838e-06,1.5,16.871576166028525,0.059271285039363006,0.015
9.0,17.0231,13.758721164622951,0.07268117349243514,4.4578106077905434e-06,1.5,16.896348631479018,0.05918438485205813,0.015
10.5,17.0231,14.24237378832119,0.0702130146886051,2.661557946908893e-06,1.5,16.9375706747007,0.05904034404967409,0.015
12.0,17.0231,15.540882006581286,0.06434641222914618,1.7275662428739888e-06,1.5,16.976958765613276,0.05890336507298903,0.015
13.5,17.0231,17.435318550201355,0.05735484540306557,1.199834595669268e-06,1.5,17.004925134985,0.05880649235806718,0.015
15.0,17.0231,19.398047261675593,0.05155158076017702,7.670110137149593e-07,1.5,17.046419237105233,0.058663346600280886,0.015
16.5,17.0231,20.6079343600566,0.048524999280774764,4.5778590965948414e-07,1.5,17.09486636007934,0.058497093743607294,0.015
18.0,17.0231,20.136106184714315,0.04966203449796656,2.9861007280300496e-07,1.5,17.13298522113181,0.058366944644684615,0.015
19.5,17.0231,17.332984394559258,0.0576934691243301,2.073654488065472e-07,nan,17.166513727159213,0.05825294616564433,0.015
nan,nan,nan,nan,1.325660243155243e-07,nan,17.217601878916387,0.05808009774140139,0.015
nan,nan,nan,nan,7.916260420583022e-08,nan,17.281571417136,0.05786510820471011,0.015
nan,nan,nan,nan,5.158740674848942e-08,nan,17.342962649144262,0.057660275249992655,0.015
Name:	6.853628031883595_8_210_0.015
Lambda:	6.853628031883595	Maximal Depth:	20	Filter time:	8.0 to 210.0 [us]
Chi2:	1.8421336038581952	RelRMS:	2.035878338379025	AbsRMS:	1.6118410865624507e-07	Phi model:	0.08500275295239423
depth_vector,start_model,resistivity_model,conductivity_model,E/I[V/A],modelled_thickness,rhoa,sigma,rel_err
0.0,17.0231,21.890155983195463,0.04568263473168832,0.000150438500802047,1.0,17.276253812427942,0.05788291899720959,0.015
1.0,17.0231,21.393105658627608,0.046744031276109314,8.987116970591416e-05,1.0,17.11173385339841,0.05843943159514481,0.015
2.0,17.0231,20.463964345571483,0.04886638693818901,5.8509363517648924e-05,1.0,17.003243439729587,0.05881230857775119,0.015
3.0,17.0231,19.218340251160686,0.052033629695967386,4.063503998498201e-05,1.0,16.9259146158675,0.05908100227934106,0.015
4.0,17.0231,17.79646201937761,0.05619094395903825,2.5985347570455208e-05,1.0,16.879454627424607,0.0592436202515256,0.015
5.0,17.0231,16.351633060007348,0.06115597116998604,1.5506488865140325e-05,1.0,16.853743802457274,0.05933399793666023,0.015
6.0,17.0231,15.03360075947604,0.0665176637320022,1.0080916490721657e-05,1.5,16.857965515407425,0.05931913901983278,0.015
7.5,17.0231,14.10727838745274,0.07088539493836157,6.987757984799422e-06,1.5,16.871730706132084,0.059270742131780636,0.015
9.0,17.0231,13.823190933229,0.0723421968798927,4.458099322112364e-06,1.5,16.895619132180613,0.05918694024626348,0.015
10.5,17.0231,14.32453098899823,0.06981031356405575,2.661917284266313e-06,1.5,16.936046350143318,0.059045657960869816,0.015
12.0,17.0231,15.597160528440414,0.06411423400923294,1.7278612874103518e-06,1.5,16.975026086746944,0.058910071471450554,0.015
13.5,17.0231,17.413951216797958,0.057425221166082834,1.2000537384485468e-06,1.5,17.002854883260966,0.058813652581631085,0.015
15.0,17.0231,19.267211517791093,0.05190164643579134,7.671455910845331e-07,1.5,17.044425587428176,0.05867020832533022,0.015
16.5,17.0231,20.390155660501357,0.04904327444332084,4.578498352675016e-07,1.5,17.093275117604716,0.05850253933899885,0.015
18.0,17.0231,19.943866590335574,0.05014072850269573,2.986373671212448e-07,1.5,17.131941278821138,0.058370501259902216,0.015
19.5,17.0231,17.352016201035624,0.05763019054467669,2.0737372701555944e-07,nan,17.166056874255094,0.058254496494169056,0.015
nan,nan,nan,nan,1.325616392573764e-07,nan,17.21798157533327,0.058078816940576504,0.015
nan,nan,nan,nan,7.915263241299194e-08,nan,17.283022829229907,0.057860248747039225,0.015
nan,nan,nan,nan,5.157674113062907e-08,nan,17.34535348182797,0.057652327526657776,0.015
Name:	8.024090035856696_8_210_0.015
Lambda:	8.024090035856696	Maximal Depth:	20	Filter time:	8.0 to 210.0 [us]
Chi2:	1.8448484785306805	RelRMS:	2.0373779906276672	AbsRMS:	1.5329202768470405e-07	Phi model:	0.07845350235103735
depth_vector,start_model,resistivity_model,conductivity_model,E/I[V/A],modelled_thickness,rhoa,sigma,rel_err
0.0,17.0231,21.82742022505983,0.04581393447732823,0.00015051276514153883,1.0,17.270570506615442,0.05790196679472475,0.015
1.0,17.0231,21.334365780490696,0.046872731549135356,8.988131132976931e-05,1.0,17.110446644527197,0.058443827959327496,0.015
2.0,17.0231,20.41301537143622,0.04898835286232589,5.8505054048216365e-05,1.0,17.0040783995977,0.05880942068719579,0.015
3.0,17.0231,19.17496072745041,0.052151345403718304,4.062917360099423e-05,1.0,16.927543847875793,0.059075315886745625,0.015
4.0,17.0231,17.76473877519431,0.05629128650044346,2.5981095773231367e-05,1.0,16.881296121758925,0.05923715766771386,0.015
5.0,17.0231,16.33767531463105,0.06120821847306878,1.5504790475193053e-05,1.0,16.854974549240026,0.05932966538030691,0.015
6.0,17.0231,15.045931694356613,0.06646314899695294,1.0080575080198275e-05,1.5,16.858346145434083,0.05931779970426341,0.015
7.5,17.0231,14.1512874661099,0.07066494849990448,6.988009198683026e-06,1.5,16.87132635268717,0.05927216266791767,0.015
9.0,17.0231,13.895352445282649,0.07196650850979251,4.458617982827668e-06,1.5,16.894308821250853,0.05919153074449127,0.015
10.5,17.0231,14.40170618625155,0.06943621728338274,2.6624134062397174e-06,1.5,16.93394234288139,0.05905299426157402,0.015
12.0,17.0231,15.64045798376468,0.06393674667570691,1.7282415811162762e-06,1.5,16.97253579741701,0.05891871503091403,0.015
13.5,17.0231,17.377592913264714,0.05754536919993546,1.200328654308643e-06,1.5,17.00025863158351,0.058822634506405375,0.015
15.0,17.0231,19.126323063257114,0.052283964706267234,7.673122120758091e-07,1.5,17.041958046111304,0.05867870330945825,0.015
16.5,17.0231,20.177721629941214,0.049559609273037306,4.579298249943055e-07,1.5,17.091284526993313,0.058509353022626165,0.015
18.0,17.0231,19.767366463249036,0.05058842824911318,2.986732854997314e-07,1.5,17.130567729159417,0.058375181477366554,0.015
19.5,17.0231,17.372183489217218,0.05756328792064005,2.0738683383765902e-07,nan,17.16533360486388,0.058256951074731535,0.015
nan,nan,nan,nan,1.3255940509380258e-07,nan,17.218175036668168,0.0580781643740048,0.015
nan,nan,nan,nan,7.914330168840172e-08,nan,17.284381208727208,0.05785570151016348,0.015
nan,nan,nan,nan,5.156615354180777e-08,nan,17.347727638443278,0.05764443740654303,0.015
Name:	9.394443439884116_8_210_0.015
Lambda:	9.394443439884116	Maximal Depth:	20	Filter time:	8.0 to 210.0 [us]
Chi2:	1.847935970260924	RelRMS:	2.0390821300494686	AbsRMS:	1.463892091534613e-07	Phi model:	0.07210520053729669
depth_vector,start_model,resistivity_model,conductivity_model,E/I[V/A],modelled_thickness,rhoa,sigma,rel_err
0.0,17.0231,21.745346524606195,0.04598685051389908,0.0001505821985201426,1.0,17.26526113075624,0.05791977268265034,0.015
1.0,17.0231,21.26014633709609,0.0470363648558305,8.988595815753687e-05,1.0,17.109856934444977,0.05844584229029024,0.015
2.0,17.0231,20.351707287727898,0.04913592682236547,5.849654956747863e-05,1.0,17.005726443849685,0.05880372139948549,0.015
3.0,17.0231,19.128640783478026,0.052277629723891814,4.062033022238961e-05,1.0,16.930000602036415,0.059066743321894245,0.015
4.0,17.0231,17.7382014529033,0.05637550135255257,2.5974984992120103e-05,1.0,16.88394363977595,0.05922786887561951,0.015
5.0,17.0231,16.334636544059403,0.06121960518084995,1.550208399060474e-05,1.0,16.856936281249588,0.059322760869205286,0.015
6.0,17.0231,15.070325424267551,0.06635556776960588,1.007964602677633e-05,1.5,16.85938203257673,0.05931415505430382,0.015
7.5,17.0231,14.205916428798814,0.07039320588798897,6.987892298231267e-06,1.5,16.871514512444005,0.059271501634451676,0.015
9.0,17.0231,13.97156956317547,0.07157391984331353,4.458930648210744e-06,1.5,16.893519046348725,0.05919429795866804,0.015
10.5,17.0231,14.477250770114926,0.06907388812137441,2.6628028081648468e-06,1.5,16.932291383109135,0.0590587521425218,0.015
12.0,17.0231,15.675815045388017,0.06379253627990528,1.7285592567938809e-06,1.5,16.970456251709557,0.05892593488164249,0.015
13.5,17.0231,17.331513472483806,0.05769836555749384,1.2005629040221858e-06,1.5,16.99804720491868,0.05883028726444721,0.015
15.0,17.0231,18.981802221355952,0.05268203663374624,7.674542679869246e-07,1.5,17.03985500173917,0.05868594538497746,0.015
16.5,17.0231,19.96862137687951,0.050078569828453004,4.5799556258176054e-07,1.5,17.089649042893505,0.058514952383755134,0.015
18.0,17.0231,19.597345683810776,0.051027318501917975,2.986998795262155e-07,1.5,17.12955092809704,0.05837864659719321,0.015
19.5,17.0231,17.39322715016929,0.057493643437541535,2.0739335169915909e-07,nan,17.164973960249245,0.05825817168821848,0.015
nan,nan,nan,nan,1.3255280952795093e-07,nan,17.218746193507176,0.05807623788409628,0.015
nan,nan,nan,nan,7.9131228681865e-08,nan,17.28613920949739,0.057849817583939034,0.015
nan,nan,nan,nan,5.1553692594170214e-08,nan,17.3505229172744,0.05763515052358378,0.015
Name:	10.998825680021056_8_210_0.015
Lambda:	10.998825680021056	Maximal Depth:	20	Filter time:	8.0 to 210.0 [us]
Chi2:	1.8512258162176396	RelRMS:	2.0408963928846777	AbsRMS:	1.4043737832382662e-07	Phi model:	0.06628590841856416
depth_vector,start_model,resistivity_model,conductivity_model,E/I[V/A],modelled_thickness,rhoa,sigma,rel_err
0.0,17.0231,21.64779139572619,0.04619408888970654,0.0001506341152581048,1.0,17.2612938686116,0.05793308471611314,0.015
1.0,17.0231,21.179833141976637,0.04721472512538754,8.988059373328354e-05,1.0,17.110537716318742,0.05844351688879276,0.015
2.0,17.0231,20.28648024187441,0.04929391338847665,5.8481979772956544e-05,1.0,17.008550785685575,0.05879395679269757,0.015
3.0,17.0231,19.08867052156461,0.05238709520761505,4.060757227917404e-05,1.0,16.93354642146276,0.05905437497325014,0.015
4.0,17.0231,17.7182643499391,0.05643893669548039,2.5966571989446223e-05,1.0,16.887590302464403,0.05921507936239252,0.015
5.0,17.0231,16.342149109764478,0.061191462229560574,1.5498119404041165e-05,1.0,16.859810949774452,0.05931264608950896,0.015
6.0,17.0231,15.103014236252223,0.06621194844666634,1.0077947107718106e-05,1.5,16.861276725377696,0.05930748995388425,0.015
7.5,17.0231,14.269002757238592,0.07008198239310769,6.987263114880011e-06,1.5,16.872527318799502,0.05926794374698046,0.015
9.0,17.0231,14.047341946077658,0.07118784492031413,4.458929584606263e-06,1.5,16.89352173279645,0.059194288545450974,0.015
10.5,17.0231,14.54092640295403,0.06877140921343548,2.663011771956153e-06,1.5,16.9314055985461,0.059061841864202345,0.015
12.0,17.0231,15.7044241625387,0.0636763239231272,1.7287629268561693e-06,1.5,16.96912333644045,0.05893056348129333,0.015
13.5,17.0231,17.284378646376396,0.057855710087076004,1.2007196768342756e-06,1.5,16.99656759803269,0.05883540863366715,0.015
15.0,17.0231,18.83982889202089,0.05307903833582711,7.675481270955823e-07,1.5,17.03846583525501,0.05869073012024696,0.015
16.5,17.0231,19.773493778146825,0.05057275215092111,4.5803348055894974e-07,1.5,17.088705860220642,0.05851818201914375,0.015
18.0,17.0231,19.440399328436097,0.051439272573854375,2.987088627287754e-07,1.5,17.129207496713438,0.058379817057611624,0.015
19.5,17.0231,17.414549670358625,0.05742324773991165,2.0738796878040589e-07,nan,17.16527097928099,0.058257163618741045,0.015
nan,nan,nan,nan,1.3253887127509862e-07,nan,17.21995336153572,0.05807216657355787,0.015
nan,nan,nan,nan,7.911495581236794e-08,nan,17.288509477270928,0.05784188633003281,0.015
nan,nan,nan,nan,5.153859422677351e-08,nan,17.353911339544347,0.057623897024372865,0.015
Name:	12.87720418070694_8_210_0.015
Lambda:	12.87720418070694	Maximal Depth:	20	Filter time:	8.0 to 210.0 [us]
Chi2:	1.8556929677217648	RelRMS:	2.043357329830975	AbsRMS:	1.3546510984276578e-07	Phi model:	0.059519986208155636
depth_vector,start_model,resistivity_model,conductivity_model,E/I[V/A],modelled_thickness,rhoa,sigma,rel_err
0.0,17.0231,21.5096395510722,0.046490783707723846,0.00015073027431168742,1.0,17.2539518080013,0.057957736936315236,0.015
1.0,17.0231,21.04960930170094,0.047506819992102836,8.98878860384013e-05,1.0,17.109612289809363,0.05844667798788222,0.015
2.0,17.0231,20.18356061929754,0.04954527195978979,5.847120878075779e-05,1.0,17.010639487089062,0.058786737603779796,0.015
3.0,17.0231,19.02020409111105,0.0525756713865832,4.059612427394972e-05,1.0,16.936729750272075,0.05904327545782183,0.015
4.0,17.0231,17.69587670154191,0.05651033949128195,2.595849278331199e-05,1.0,16.891094133185554,0.05920279598911964,0.015
5.0,17.0231,16.363376569346162,0.061112081345931976,1.5494405927144543e-05,1.0,16.8625046539045,0.05930317117916707,0.015
6.0,17.0231,15.165867536139194,0.06593754017810524,1.0076547308940498e-05,1.5,16.862838229028952,0.059301998063322765,0.015
7.5,17.0231,14.357942958525236,0.06964785992593985,6.986941630239532e-06,1.5,16.87304487636808,0.05926612578388696,0.015
9.0,17.0231,14.14673305530038,0.07068769843121683,4.459207945744557e-06,1.5,16.892818685839437,0.05919675209905966,0.015
10.5,17.0231,14.62050334096811,0.0683970980122073,2.663436409504561e-06,1.5,16.92960594313412,0.05906812027160943,0.015
12.0,17.0231,15.71996665753078,0.06361336647752633,1.7291257619341387e-06,1.5,16.966749416751366,0.05893880880993589,0.015
13.5,17.0231,17.208989666365877,0.05810916383745937,1.2009940305481664e-06,1.5,16.993979048391797,0.05884437053573005,0.015
15.0,17.0231,18.669702691081405,0.053562716908057896,7.677193154380643e-07,1.5,17.035932882498425,0.05869945643113756,0.015
16.5,17.0231,19.546926506264107,0.05115893793735475,4.5811646701060684e-07,1.5,17.08664208534625,0.058525250017240925,0.015
18.0,17.0231,19.267228266123407,0.05190160131949282,2.987455058075225e-07,1.5,17.127806795628594,0.058384591321711005,0.015
19.5,17.0231,17.438289360288525,0.057345074355587736,2.0740030586352932e-07,nan,17.16459026194847,0.0582594739949524,0.015
nan,nan,nan,nan,1.3253481034979736e-07,nan,17.220305111072335,0.058070980365906445,0.015
nan,nan,nan,nan,7.910342191743111e-08,nan,17.290189969312305,0.05783626448146965,0.015
nan,nan,nan,nan,5.152590681792828e-08,nan,17.356759966536334,0.057614439672380696,0.015
Name:	15.076371999678692_8_210_0.015
Lambda:	15.076371999678692	Maximal Depth:	20	Filter time:	8.0 to 210.0 [us]
Chi2:	1.8603595642090298	RelRMS:	2.045924978944809	AbsRMS:	1.3368479512761972e-07	Phi model:	0.053542581869825
depth_vector,start_model,resistivity_model,conductivity_model,E/I[V/A],modelled_thickness,rhoa,sigma,rel_err
0.0,17.0231,21.372207696247727,0.04678973806601963,0.00015081691241145833,1.0,17.2473433857653,0.057979943788057646,0.015
1.0,17.0231,20.925510482970072,0.04778855936699063,8.989239647150867e-05,1.0,17.109039958072525,0.05844863314660575,0.015
2.0,17.0231,20.086430656773828,0.049784853122362284,5.845976144713597e-05,1.0,17.012860047077467,0.0587790646154045,0.015
3.0,17.0231,18.959628269077886,0.052743650128992514,4.058464334985514e-05,1.0,16.939923735744873,0.05903214297771031,0.015
4.0,17.0231,17.67718566356873,0.05657009090881024,2.595059924240699e-05,1.0,16.894519199477106,0.05919079366466674,0.015
5.0,17.0231,16.386908145980367,0.06102432448462191,1.5490841969763833e-05,1.0,16.865090910733137,0.05929407705496497,0.015
6.0,17.0231,15.227747924297132,0.0656695924421245,1.0075228233196964e-05,1.5,16.864310015409597,0.05929682264416747,0.015
7.5,17.0231,14.44652763167487,0.06922078616368965,6.986654561405348e-06,1.5,16.873507061534568,0.05926450241512831,0.015
9.0,17.0231,14.241782314035992,0.07021593069951994,4.459486001846624e-06,1.5,16.89211648232262,0.059199212901857916,0.015
10.5,17.0231,14.692695965149625,0.06806102857991157,2.663844527833047e-06,1.5,16.92787674839477,0.05907415412241985,0.015
12.0,17.0231,15.732816506531524,0.06356140997289628,1.7294695925064066e-06,1.5,16.96450060378192,0.05894662173415635,0.015
13.5,17.0231,17.13456914431893,0.058361549192006146,1.2012509959130592e-06,1.5,16.991555452908816,0.058852763819736593,0.015
15.0,17.0231,18.507178428050633,0.054033087965712684,7.678767408143582e-07,1.5,17.033604401334962,0.05870748060355492,0.015
16.5,17.0231,19.338539091964876,0.051710214264090816,4.581899842011609e-07,1.5,17.084814320212466,0.058531511157070865,0.015
18.0,17.0231,19.110033672939576,0.05232853155125688,2.98775581715069e-07,1.5,17.126657342085213,0.05838850979652095,0.015
19.5,17.0231,17.46191433602094,0.05726748973548514,2.074079758934809e-07,nan,17.164167090395583,0.05826091034499204,0.015
nan,nan,nan,nan,1.325277664855882e-07,nan,17.220915279640977,0.058068922804714485,0.015
nan,nan,nan,nan,7.909016363380803e-08,nan,17.292122209915753,0.05782980179417041,0.015
nan,nan,nan,nan,5.1512148588725604e-08,nan,17.359850339838555,0.057604183240285926,0.015
Name:	17.651113509036346_8_210_0.015
Lambda:	17.651113509036346	Maximal Depth:	20	Filter time:	8.0 to 210.0 [us]
Chi2:	1.8654863698736106	RelRMS:	2.048742134143686	AbsRMS:	1.3473344760841643e-07	Phi model:	0.04793717083754527
depth_vector,start_model,resistivity_model,conductivity_model,E/I[V/A],modelled_thickness,rhoa,sigma,rel_err
0.0,17.0231,21.225357978511077,0.047113457450866904,0.00015090317188074193,1.0,17.240770126712547,0.05800204936614853,0.015
1.0,17.0231,20.795205703713165,0.04808800712278798,8.989562293404485e-05,1.0,17.108630579544652,0.05845003171648441,0.015
2.0,17.0231,19.986374868004447,0.050034086051336316,5.8447262204528826e-05,1.0,17.0152854847406,0.05877068597507844,0.015
3.0,17.0231,18.89975144309895,0.052910748747711164,4.057242933867469e-05,1.0,16.943323319181328,0.05902029850707696,0.015
4.0,17.0231,17.66189881859255,0.05661905383283633,2.5942263385293796e-05,1.0,16.898138075620533,0.05917811746625097,0.015
5.0,17.0231,16.415959083234263,0.06091633117076341,1.5487052988676702e-05,1.0,16.86784154832222,0.05928440797450259,0.015
6.0,17.0231,15.295889399637035,0.0653770417576195,1.0073784715256345e-05,1.5,16.86592101884717,0.059291158714814884,0.015
7.5,17.0231,14.54070193080351,0.0687724708723701,6.986291993284894e-06,1.5,16.87409084692763,0.05926245206757769,0.015
9.0,17.0231,14.33919927804095,0.06973890107876526,4.4597228179405e-06,1.5,16.8915184839551,0.05920130868932116,0.015
10.5,17.0231,14.762565442035829,0.06773890377837304,2.6642311557961465e-06,1.5,16.92623901542321,0.05907986996336273,0.015
12.0,17.0231,15.741259918118791,0.06352731644110404,1.7298003924242334e-06,1.5,16.962337720592174,0.05895413807178276,0.015
13.5,17.0231,17.0569823735978,0.05862701725880201,1.2014991453863904e-06,1.5,16.989215825393995,0.05886086858142607,0.015
15.0,17.0231,18.344898329462307,0.054511067984169645,7.680285154064283e-07,1.5,17.03136025417685,0.05871521622911801,0.015
16.5,17.0231,19.13599520462238,0.052257538179067156,4.5825999317273384e-07,1.5,17.083074229791208,0.05853747320585296,0.015
18.0,17.0231,18.959612641625395,0.05274369360292325,2.9880325086002107e-07,1.5,17.125600041499144,0.058392114587329916,0.015
19.5,17.0231,17.485820225828547,0.05718919599338475,2.0741388899874147e-07,nan,17.163840869847053,0.05826201766743081,0.015
nan,nan,nan,nan,1.325195245499861e-07,nan,17.221629298721187,0.05806651523234542,0.015
nan,nan,nan,nan,7.907613549503997e-08,nan,17.29416723582075,0.05782296345144264,0.015
nan,nan,nan,nan,5.149785907471195e-08,nan,17.363061507041007,0.057593529781282155,0.015
Name:	20.665569151220556_8_210_0.015
Lambda:	20.665569151220556	Maximal Depth:	20	Filter time:	8.0 to 210.0 [us]
Chi2:	1.871140116989968	RelRMS:	2.0518443564820963	AbsRMS:	1.3913972685184955e-07	Phi model:	0.042652896761019805
depth_vector,start_model,resistivity_model,conductivity_model,E/I[V/A],modelled_thickness,rhoa,sigma,rel_err
0.0,17.0231,21.067845523530533,0.047465698326063135,0.0001509934863845305,1.0,17.233894568025953,0.0580251896083489,0.015
1.0,17.0231,20.656542778296505,0.04841081156381521,8.989958318586893e-05,1.0,17.108128130178212,0.058451748338033,0.015
2.0,17.0231,19.883027769795806,0.05029415095014323,5.843479597495098e-05,1.0,17.017705377549994,0.05876232886950873,0.015
3.0,17.0231,18.839239840571217,0.053080697972030244,4.056015129772596e-05,1.0,16.94674244389214,0.05900839074594037,0.015
4.0,17.0231,17.649648026987027,0.056658353666371106,2.5933869159473554e-05,1.0,16.901784250565488,0.05916535113543073,0.015
5.0,17.0231,16.45022807398935,0.060789430730214165,1.5483254875793337e-05,1.0,16.870599941085665,0.059274714799244274,0.015
6.0,17.0231,15.370922203647677,0.06505790522852882,1.0072355058948195e-05,1.5,16.867516931610837,0.059285548907672014,0.015
7.5,17.0231,14.64160736708892,0.06829851224174867,6.985949889860179e-06,1.5,16.874641727599528,0.05926051741676019,0.015
9.0,17.0231,14.440180702714905,0.06925121095001184,4.45998027656738e-06,1.5,16.890868419944805,0.05920358711806647,0.015
10.5,17.0231,14.830550257311833,0.06742838145920951,2.664633686176034e-06,1.5,16.924534341591496,0.05908582060911019,0.015
12.0,17.0231,15.74520062942358,0.06351141681429366,1.730142540127879e-06,1.5,16.960101366817348,0.05896191174638334,0.015
13.5,17.0231,16.975232837072163,0.05890935397458012,1.2017553798738846e-06,1.5,16.98680081493276,0.058869236820680196,0.015
15.0,17.0231,18.182176054108123,0.05499891745763059,7.681853327764611e-07,1.5,17.0290423204809,0.05872320833904416,0.015
16.5,17.0231,18.937567021629448,0.05280509364576004,4.5833273202500363e-07,1.5,17.08126675675439,0.05854366741299051,0.015
18.0,17.0231,18.8145857842983,0.053150253290962665,2.988324734407875e-07,1.5,17.124483557779513,0.05839592164201111,0.015
19.5,17.0231,17.509991192206794,0.0571102514571836,2.074207183067773e-07,nan,17.16346412252701,0.058263296550228584,0.015
nan,nan,nan,nan,1.3251172546455048e-07,nan,17.222305020764097,0.05806423697608123,0.015
nan,nan,nan,nan,7.906226663609193e-08,nan,17.296189636345186,0.05781620235584486,0.015
nan,nan,nan,nan,5.1483615266416154e-08,nan,17.366263881435643,0.057582909417205716,0.015
Name:	24.19483326789813_8_210_0.015
Lambda:	24.19483326789813	Maximal Depth:	20	Filter time:	8.0 to 210.0 [us]
Chi2:	1.8772868857747567	RelRMS:	2.0552117878683944	AbsRMS:	1.4677265199921718e-07	Phi model:	0.03774348424367954
depth_vector,start_model,resistivity_model,conductivity_model,E/I[V/A],modelled_thickness,rhoa,sigma,rel_err
0.0,17.0231,20.905777720594386,0.047833666528219854,0.00015108607667620565,1.0,17.226852867533573,0.058048908160389566,0.015
1.0,17.0231,20.514935179011744,0.048744974881669234,8.99038355833285e-05,1.0,17.10758865646426,0.05845359156576055,0.015
2.0,17.0231,19.77578214850423,0.05056690008468952,5.8422223493086814e-05,1.0,17.020146767216616,0.05875389993264639,0.015
3.0,17.0231,18.778117223843118,0.05325347520625077,4.054772823507816e-05,1.0,16.950203709635904,0.05899634111367741,0.015
4.0,17.0231,17.6395392069994,0.05669082328427254,2.592535452237504e-05,1.0,16.905484738254163,0.05915240027026107,0.015
5.0,17.0231,16.489323876077552,0.06064530040863495,1.547938793332428e-05,1.0,16.873409480402437,0.05926484514949078,0.015
6.0,17.0231,15.45152794792943,0.0647185186714175,1.0070886184993262e-05,1.5,16.869157015949344,0.05927978493854354,0.015
7.5,17.0231,14.746363294211946,0.06781332997488997,6.985583954681791e-06,1.5,16.875231033724802,0.05925844795852102,0.015
9.0,17.0231,14.54289702868441,0.06876209038870316,4.460225393356533e-06,1.5,16.89024957627798,0.0592057562846484,0.015
10.5,17.0231,14.898266477342963,0.06712190317717726,2.6650306247529128e-06,1.5,16.92285376869515,0.059091688297269136,0.015
12.0,17.0231,15.746057830369795,0.0635079593110141,1.730481944846767e-06,1.5,16.957883669934965,0.05896962259346806,0.015
13.5,17.0231,16.891569104259467,0.05920113127606569,1.2020102258843043e-06,1.5,16.984399741958377,0.05887755912442364,0.015
15.0,17.0231,18.020849415412187,0.05549127995846622,7.683416621669226e-07,1.5,17.026732384489303,0.05873117503808079,0.015
16.5,17.0231,18.74437735414653,0.05334933143451604,4.5840545537354853e-07,1.5,17.0794601468366,0.058549859972313975,0.015
18.0,17.0231,18.674797794356863,0.05354810322509512,2.9886183648692775e-07,1.5,17.12336189067772,0.058399746871227357,0.015
19.5,17.0231,17.53410600144837,0.05703170722917934,2.0742773415885736e-07,nan,17.163077105799562,0.05826461035137404,0.015
nan,nan,nan,nan,1.3250411525540767e-07,nan,17.222964442238474,0.05806201385096918,0.015
nan,nan,nan,nan,7.904855768889406e-08,nan,17.29818929920553,0.05780951882899836,0.015
nan,nan,nan,nan,5.146950051871274e-08,nan,17.369438696665263,0.05757238431613733,0.015
Name:	28.326824805926805_8_210_0.015
Lambda:	28.326824805926805	Maximal Depth:	20	Filter time:	8.0 to 210.0 [us]
Chi2:	1.8838551009948934	RelRMS:	2.058804016228478	AbsRMS:	1.571143132829306e-07	Phi model:	0.033260457254862
depth_vector,start_model,resistivity_model,conductivity_model,E/I[V/A],modelled_thickness,rhoa,sigma,rel_err
0.0,17.0231,20.743201137003613,0.048208566912852656,0.0001511791065377219,1.0,17.21978497663838,0.05807273443638659,0.015
1.0,17.0231,20.371907202836727,0.04908720573107426,8.990799606362266e-05,1.0,17.107060884834333,0.058455394923304156,0.015
2.0,17.0231,19.668717939644495,0.05084215468789598,5.8409477348972066e-05,1.0,17.022622773554286,0.05874535395060054,0.015
3.0,17.0231,18.718090880210212,0.05342425177864985,4.0535140281135894e-05,1.0,16.953712720011698,0.05898413029139201,0.015
4.0,17.0231,17.631294933945966,0.0567173315259264,2.591669943777104e-05,1.0,16.90924834141441,0.05913923432958185,0.015
5.0,17.0231,16.53102233925633,0.06049232645613775,1.54754158558829e-05,1.0,16.8762966240284,0.059254706306607834,0.015
6.0,17.0231,15.535359911280553,0.0643692843751807,1.0069338209369944e-05,1.5,16.8708858534878,0.059273710265383917,0.015
7.5,17.0231,14.85375414177645,0.06732304779351922,6.985157634775056e-06,1.5,16.875917648985176,0.05925603696342607,0.015
9.0,17.0231,14.645923089524802,0.0682783866805384,4.460429048960027e-06,1.5,16.88973545232126,0.059207558509305355,0.015
10.5,17.0231,14.964560710324688,0.06682454763340011,2.665402182310027e-06,1.5,16.92128103285724,0.059097180530140105,0.015
12.0,17.0231,15.745870818858544,0.06350871358618783,1.730805405202671e-06,1.5,16.955770829313796,0.05897697073560119,0.015
13.5,17.0231,16.808260246712095,0.059494557159514024,1.2022547640558713e-06,1.5,16.98209658348607,0.05888554426032601,0.015
15.0,17.0231,17.86332892650841,0.0559806072045196,7.684923259365712e-07,1.5,17.024506905302243,0.058738852500247886,0.015
16.5,17.0231,18.557623367799,0.05388621054435181,4.584756657232652e-07,1.5,17.077716418553536,0.05855583823335901,0.015
18.0,17.0231,18.54090097687561,0.05393481154164027,2.9889012575924484e-07,1.5,17.122281415396166,0.05840343209759483,0.015
19.5,17.0231,17.55777378963012,0.056954828783055335,2.0743437338711934e-07,nan,17.162710884931457,0.05826585361162155,0.015
nan,nan,nan,nan,1.3249657289080148e-07,nan,17.223618047294952,0.05805981050288413,0.015
nan,nan,nan,nan,7.903510920885145e-08,nan,17.300151530581324,0.057802961912345616,0.015
nan,nan,nan,nan,5.1455675052052484e-08,nan,17.372549851303067,0.05756207399370293,0.015
Name:	33.164477502323265_8_210_0.015
Lambda:	33.164477502323265	Maximal Depth:	20	Filter time:	8.0 to 210.0 [us]
Chi2:	1.8908282885735024	RelRMS:	2.0626108816959103	AbsRMS:	1.7026635554073796e-07	Phi model:	0.02919307648685326
depth_vector,start_model,resistivity_model,conductivity_model,E/I[V/A],modelled_thickness,rhoa,sigma,rel_err
0.0,17.0231,20.580120695119437,0.04859057994918122,0.00015127517052662478,1.0,17.21249417293735,0.05809733266735205,0.015
1.0,17.0231,20.227720908632136,0.04943710685533792,8.991364150102177e-05,1.0,17.106344806233004,0.05845784189008233,0.015
2.0,17.0231,19.561103395632202,0.051121860550222845,5.8397578012355024e-05,1.0,17.024935095937,0.05873737517147128,0.015
3.0,17.0231,18.65867454088083,0.05359437498140703,4.0523083030182784e-05,1.0,16.957075495298415,0.05897243308713604,0.015
4.0,17.0231,17.625051745982894,0.05673742207468527,2.5908333304852658e-05,1.0,16.912888287556427,0.059126506543281845,0.015
5.0,17.0231,16.57558535980806,0.06032969444474447,1.547158089624346e-05,1.0,16.879085274326176,0.05924491663781352,0.015
6.0,17.0231,15.622261304031499,0.0640112196652311,1.0067860052066435e-05,1.5,16.872537128788657,0.05926790928755797,0.015
7.5,17.0231,14.963169904542111,0.06683075888194301,6.9847689244023245e-06,1.5,16.876543752579842,0.059253838621260026,0.015
9.0,17.0231,14.748973350007113,0.06780132937181813,4.4606496839676666e-06,1.5,16.889178508393755,0.05920951096011034,0.015
10.5,17.0231,15.02950969903861,0.06653576996353826,2.6657805810715706e-06,1.5,16.91967971494879,0.05910277362499274,0.015
12.0,17.0231,15.744409896045916,0.06351460655576187,1.731132490737915e-06,1.5,16.953634978142176,0.05898440076651825,0.015
13.5,17.0231,16.725148736991137,0.05979020071661859,1.202501865669897e-06,1.5,16.979770074438914,0.05889361255282159,0.015
15.0,17.0231,17.70985030244295,0.05646575114539828,7.686450383625666e-07,1.5,17.022251907032615,0.058746633845011866,0.015
16.5,17.0231,18.37754809887635,0.054414222975759347,4.5854765818545655e-07,1.5,17.075928892211564,0.05856196792059178,0.015
18.0,17.0231,18.41286260230913,0.05430986053600332,2.989199988856718e-07,1.5,17.121140631687535,0.05840732352546745,0.015
19.5,17.0231,17.58092867022732,0.056879816689858066,2.0744240637867942e-07,nan,17.16226780997905,0.05826735784990764,0.015
nan,nan,nan,nan,1.3249017834709137e-07,nan,17.22417223324239,0.05805794243452903,0.015
nan,nan,nan,nan,7.902253591175647e-08,nan,17.30198656978547,0.057796831361914484,0.015
nan,nan,nan,nan,5.14425255692123e-08,nan,17.375510181789952,0.05755226692842835,0.015
Name:	38.82830410883109_8_210_0.015
Lambda:	38.82830410883109	Maximal Depth:	20	Filter time:	8.0 to 210.0 [us]
Chi2:	1.898055972137587	RelRMS:	2.066549282574594	AbsRMS:	1.8491592791193135e-07	Phi model:	0.025591867369340607
depth_vector,start_model,resistivity_model,conductivity_model,E/I[V/A],modelled_thickness,rhoa,sigma,rel_err
0.0,17.0231,20.420433350486114,0.04897055722748385,0.0001513694067359567,1.0,17.205349582812328,0.058121457816757906,0.015
1.0,17.0231,20.08755819091984,0.049782058650216086,8.991892491771664e-05,1.0,17.105674714941117,0.058460131895676726,0.015
2.0,17.0231,19.457049428864575,0.05139525412915372,5.838560269328488e-05,1.0,17.027262976460474,0.058729344897207554,0.015
3.0,17.0231,18.601995314836177,0.05375767400620952,4.05109642289613e-05,1.0,16.96045711780786,0.05896067500150315,0.015
4.0,17.0231,17.620441651949925,0.05675226647280645,2.5899875102804224e-05,1.0,16.91657028320908,0.05911363729517752,0.015
5.0,17.0231,16.620925563163503,0.060165121142006214,1.5467627243309e-05,1.0,16.881961440628743,0.05923482312863028,0.015
6.0,17.0231,15.709140645205872,0.06365720586410185,1.0066266245926666e-05,1.5,16.874318050203655,0.05926165413173133,0.015
7.5,17.0231,15.071662652584255,0.0663496803936582,6.984279342341484e-06,1.5,16.877332414863467,0.05925106974365947,0.015
9.0,17.0231,14.850582494192714,0.0673374260161881,4.4607931565042056e-06,1.5,16.88881636857018,0.05921078056488223,0.015
10.5,17.0231,15.092867294564405,0.06625646277034075,2.666108105480593e-06,1.5,16.918293994303205,0.05910761453469977,0.015
12.0,17.0231,15.742758855950722,0.0635212677237956,1.7314263717567957e-06,1.5,16.951716524256092,0.05899107612902251,0.015
13.5,17.0231,16.645587438317186,0.060075981319713444,1.2027270073148315e-06,1.5,16.977651016320607,0.058900963333425836,0.015
15.0,17.0231,17.56335511493649,0.0569367295403351,7.687854385811783e-07,1.5,17.02017937329406,0.05875378737600587,0.015
16.5,17.0231,18.206700495014083,0.054924833869478475,4.5861410422457725e-07,1.5,17.07427949499675,0.058567625081516826,0.015
18.0,17.0231,18.291751627284217,0.054669449945317805,2.989474802739299e-07,1.5,17.120091350563417,0.05841090327868433,0.015
19.5,17.0231,17.602969395964003,0.05680859731706853,2.0744959588794454e-07,nan,17.161871283148468,0.05826870412330367,0.015
nan,nan,nan,nan,1.3248393709427751e-07,nan,17.22471317715727,0.05805611911878802,0.015
nan,nan,nan,nan,7.901055242332068e-08,nan,17.30373598096178,0.057790988090678085,0.015
nan,nan,nan,nan,5.1430032718114633e-08,nan,17.37832385391719,0.05754294881405339,0.015
Name:	45.4593985345391_8_210_0.015
Lambda:	45.4593985345391	Maximal Depth:	20	Filter time:	8.0 to 210.0 [us]
Chi2:	1.9054880823469516	RelRMS:	2.070591264658634	AbsRMS:	2.0117719696755795e-07	Phi model:	0.022427114505830296
depth_vector,start_model,resistivity_model,conductivity_model,E/I[V/A],modelled_thickness,rhoa,sigma,rel_err
0.0,17.0231,20.26475349760012,0.04934676358725145,0.00015146434099797774,1.0,17.198159561146657,0.05814575661102465,0.015
1.0,17.0231,19.950967642793998,0.05012288215309625,8.992540862268193e-05,1.0,17.104852481769658,0.058462942084171694,0.015
2.0,17.0231,19.3560349332548,0.05166347361163011,5.837456256828883e-05,1.0,17.029409769840154,0.05872194124843039,0.015
3.0,17.0231,18.54760479666321,0.05391531742038756,4.049946815328304e-05,1.0,16.963666534034108,0.058949520022319804,0.015
4.0,17.0231,17.61724569673257,0.05676256193585741,2.589174205432926e-05,1.0,16.92011262459794,0.05910126145060232,0.015
5.0,17.0231,16.66681813801304,0.05999945470810883,1.5463786084919218e-05,1.0,16.884756944186098,0.05922501598960407,0.015
6.0,17.0231,15.795718482259593,0.06330829465738548,1.0064696759941336e-05,1.5,16.876072255558146,0.059255494101754,0.015
7.5,17.0231,15.178824990005204,0.06588125238010648,6.983779928569667e-06,1.5,16.878137009879467,0.05924824519522853,0.015
9.0,17.0231,14.950108365474287,0.06688914725925302,4.460913117754563e-06,1.5,16.888513588615243,0.05921184210516386,0.015
10.5,17.0231,15.154400961799961,0.06598743180418166,2.666414073155536e-06,1.5,16.916999734187307,0.059112136650278195,0.015
12.0,17.0231,15.74112282423243,0.0635278697184527,1.7317048041502375e-06,1.5,16.949899419522332,0.058997400235203355,0.015
13.5,17.0231,16.569431395233586,0.06035210117636644,1.2029418826276443e-06,1.5,16.975629202554156,0.05890797849481419,0.015
15.0,17.0231,17.424094710367548,0.05739179088627129,7.689205779948923e-07,1.5,17.01818509325406,0.05876067245245769,0.015
16.5,17.0231,18.045183840187452,0.055416448447200305,4.5867898174642093e-07,1.5,17.07266941750541,0.058573148436568044,0.015
18.0,17.0231,18.177513665219884,0.055013024246179466,2.989750689293284e-07,1.5,17.11903813550943,0.05841449689429305,0.015
19.5,17.0231,17.62379248867605,0.05674147608368277,2.0745763254432152e-07,nan,17.1614280602725,0.05827020901103969,0.015
nan,nan,nan,nan,1.3247890279633122e-07,nan,17.225149542430785,0.05805464838123441,0.015
nan,nan,nan,nan,7.89997748116997e-08,nan,17.305309729800822,0.05778573256495593,0.015
nan,nan,nan,nan,5.141859313347727e-08,nan,17.380901305946097,0.057534415643790277,0.015
Name:	53.22295069415713_8_210_0.015
Lambda:	53.22295069415713	Maximal Depth:	20	Filter time:	8.0 to 210.0 [us]
Chi2:	1.9130206880527534	RelRMS:	2.074679866417635	AbsRMS:	2.1845086210600785e-07	Phi model:	0.019686479348905623
depth_vector,start_model,resistivity_model,conductivity_model,E/I[V/A],modelled_thickness,rhoa,sigma,rel_err
0.0,17.0231,20.11497097935153,0.04971421539839767,0.00015155858801716064,1.0,17.19102901476855,0.05816987448167968,0.015
1.0,17.0231,19.819690611164507,0.05045487437814474,8.99327057500334e-05,1.0,17.103927212341166,0.05846610474806395,0.015
2.0,17.0231,19.259171182994653,0.051923314378293395,5.836431144783549e-05,1.0,17.031403744315316,0.058715066298265436,0.015
3.0,17.0231,18.495979822362166,0.054065802926048366,4.048850299041301e-05,1.0,16.966729147826463,0.05893887921987048,0.015
4.0,17.0231,17.615330021223937,0.05676873489143513,2.588386484046678e-05,1.0,16.923545305848673,0.059089273667403845,0.015
5.0,17.0231,16.71248574101787,0.0598355035568213,1.5459997188496865e-05,1.0,16.887515546772335,0.059215341488827074,0.015
6.0,17.0231,15.880651950512512,0.06296970698156554,1.0063100935354457e-05,1.5,16.877856366934118,0.059249230367852165,0.015
7.5,17.0231,15.283251864537695,0.06543110123836522,6.98322965241295e-06,1.5,16.87902365926242,0.059245132905021244,0.015
9.0,17.0231,15.04661319765364,0.06646013869459604,4.460979848904336e-06,1.5,16.888345166313766,0.05921243260675675,0.015
10.5,17.0231,15.213940366483753,0.06572919151195017,2.6666795639685075e-06,1.5,16.915876893982794,0.05911606038914326,0.015
12.0,17.0231,15.740126121972583,0.06353189245440925,1.7319555881467056e-06,1.5,16.94826317044233,0.05900309606614995,0.015
13.5,17.0231,16.49780033952208,0.06061414124429686,1.2031384038092475e-06,1.5,16.97378061415978,0.05891439407233679,0.015
15.0,17.0231,17.29328912620038,0.05782589955573803,7.690458261835343e-07,1.5,17.016337301574993,0.0587670532310994,0.015
16.5,17.0231,17.89386097769035,0.05588508825718367,4.5874006300108336e-07,1.5,17.071153899538036,0.05857834835799009,0.015
18.0,17.0231,18.070565438351295,0.0553386114790682,2.9900166675260495e-07,1.5,17.118022899469953,0.05841796134242608,0.015
19.5,17.0231,17.643088265252665,0.05667941943981875,2.0746598730770888e-07,nan,17.160967324081348,0.058271773444655256,0.015
nan,nan,nan,nan,1.3247493294265136e-07,nan,17.225493662787517,0.058053488601044534,0.015
nan,nan,nan,nan,7.899025734310307e-08,nan,17.30669976987364,0.05778109132861564,0.015
nan,nan,nan,nan,5.140831772155708e-08,nan,17.383217273210132,0.05752675032953388,0.015
Name:	62.312361621777015_8_210_0.015
Lambda:	62.312361621777015	Maximal Depth:	20	Filter time:	8.0 to 210.0 [us]
Chi2:	1.92055532302591	RelRMS:	2.078761524756579	AbsRMS:	2.362819356267648e-07	Phi model:	0.017344160843253804
depth_vector,start_model,resistivity_model,conductivity_model,E/I[V/A],modelled_thickness,rhoa,sigma,rel_err
0.0,17.0231,19.97243996157431,0.050068995171543174,0.00015165124257594272,1.0,17.18402615117767,0.05819357996795572,0.015
1.0,17.0231,19.694836804332954,0.0507747289269234,8.99405957392109e-05,1.0,17.102926909325365,0.05846952426924951,0.015
2.0,17.0231,19.16726198436118,0.05217229256927323,5.835477461163689e-05,1.0,17.03325930552092,0.05870867002393805,0.015
3.0,17.0231,18.447432332774135,0.054208086088131456,4.047801635336478e-05,1.0,16.969659400918957,0.058928701889317064,0.015
4.0,17.0231,17.614436661720287,0.0567716140575305,2.587619553674109e-05,1.0,16.92688905856136,0.059077601119753034,0.015
5.0,17.0231,16.757178217516792,0.059675918404607606,1.5456213591769287e-05,1.0,16.89027141543248,0.05920567973148789,0.015
6.0,17.0231,15.96290753927469,0.06264522910626576,1.0061437737884683e-05,1.5,16.879716302224455,0.059242701837839376,0.015
7.5,17.0231,15.383931354360444,0.06500289015632917,6.982594814935641e-06,1.5,16.88004670534776,0.05924154224544832,0.015
9.0,17.0231,15.139392725045866,0.06605284757199338,4.460968802301798e-06,1.5,16.888373046469827,0.059212334855963514,0.015
10.5,17.0231,15.271275324836662,0.06548241575958201,2.6668889701348407e-06,1.5,16.91499138397993,0.0591191551505662,0.015
12.0,17.0231,15.740113669731906,0.06353194271544499,1.7321687149733047e-06,1.5,16.946872927258852,0.05900793640763727,0.015
13.5,17.0231,16.43150153706587,0.060858710796710756,1.2033099869896189e-06,1.5,16.97216701804494,0.05891999524496738,0.015
15.0,17.0231,17.17189519015465,0.058234690401170214,7.691574681329244e-07,1.5,17.01469066604041,0.05877274054684393,0.015
16.5,17.0231,17.753466087195058,0.05632702904821861,4.587956120476607e-07,1.5,17.069775935967076,0.05858307711543759,0.015
18.0,17.0231,17.971167506472064,0.05564468750513087,2.9902645733724337e-07,1.5,17.11707678104919,0.05842119029968534,0.015
19.5,17.0231,17.660578568992772,0.0566232864961588,2.074742998447339e-07,nan,17.160508947215863,0.0582733299505223,0.015
nan,nan,nan,nan,1.324719696931684e-07,nan,17.225750538487397,0.05805262288953423,0.015
nan,nan,nan,nan,7.898208789092873e-08,nan,17.30789315285105,0.05777710730986772,0.015
nan,nan,nan,nan,5.139932990572917e-08,nan,17.385243662823274,0.05752004512530399,0.015
Name:	72.95406136340671_8_210_0.015
Lambda:	72.95406136340671	Maximal Depth:	20	Filter time:	8.0 to 210.0 [us]
Chi2:	1.9280359623258867	RelRMS:	2.082806019588297	AbsRMS:	2.5495470462081507e-07	Phi model:	0.015356993401022232
depth_vector,start_model,resistivity_model,conductivity_model,E/I[V/A],modelled_thickness,rhoa,sigma,rel_err
0.0,17.0231,19.837176853029007,0.050410398990182244,0.00015174441783885807,1.0,17.176991120046317,0.05821741380729686,0.015
1.0,17.0231,19.576545409170997,0.05108153553647578,8.995035591324181e-05,1.0,17.101689704200357,0.05847375419017159,0.015
2.0,17.0231,19.080089901889767,0.052410654516934746,5.834675871266067e-05,1.0,17.034819332306828,0.05870329355964949,0.015
3.0,17.0231,18.401480342710112,0.05434345397087347,4.0468541870093595e-05,1.0,16.972307918734785,0.058919506103006516,0.015
4.0,17.0231,17.614092284972042,0.05677272401105665,2.5869051034248444e-05,1.0,16.930005488692558,0.05906672627294147,0.015
5.0,17.0231,16.800446040854695,0.05952222920559594,1.5452606097238635e-05,1.0,16.89290006334746,0.05919646693285665,0.015
6.0,17.0231,16.041978364503223,0.062336451108346035,1.005980867766998e-05,1.5,16.881538559024516,0.05923630695766299,0.015
7.5,17.0231,15.480370781918909,0.06459793593367939,6.9819407207294905e-06,1.5,16.881100945976304,0.05923784255542617,0.015
9.0,17.0231,15.228080867486636,0.06566815665755313,4.460918198905193e-06,1.5,16.888500764185544,0.0592118870681903,0.015
10.5,17.0231,15.326332102314113,0.06524718330023728,2.6670632199366824e-06,1.5,16.914254627043114,0.059121730283116604,0.015
12.0,17.0231,15.741256925926224,0.06352732851675753,1.7323569879527635e-06,1.5,16.945645044831714,0.05901221212614695,0.015
13.5,17.0231,16.370771638391055,0.0610844755573343,1.203465182815176e-06,1.5,16.97070786153298,0.05892506123841019,0.015
15.0,17.0231,17.05976904869547,0.058617440666728624,7.692607793998703e-07,1.5,17.013167256689265,0.058778003231986,0.015
16.5,17.0231,17.623820714105435,0.05674138520937393,4.588487027207697e-07,1.5,17.068459215276288,0.058587596419072144,0.015
18.0,17.0231,17.879177550066924,0.0559309843643371,2.990514296944688e-07,1.5,17.116123857543037,0.05842444284248985,0.015
19.5,17.0231,17.67613986038153,0.05657343786022836,2.074839513911647e-07,nan,17.15997677197415,0.058275137157132416,0.015
nan,nan,nan,nan,1.3247090196947255e-07,nan,17.225843098775727,0.0580523109531325,0.015
nan,nan,nan,nan,7.897580490426962e-08,nan,17.30881110335562,0.05777404317539362,0.015
nan,nan,nan,nan,5.1391985898293144e-08,nan,17.386899878486872,0.05751456596568536,0.015
Name:	85.41314966877566_8_210_0.015
Lambda:	85.41314966877566	Maximal Depth:	20	Filter time:	8.0 to 210.0 [us]
Chi2:	1.9353730007609486	RelRMS:	2.0867652603280837	AbsRMS:	2.7387864828666145e-07	Phi model:	0.013691995647705757
depth_vector,start_model,resistivity_model,conductivity_model,E/I[V/A],modelled_thickness,rhoa,sigma,rel_err
0.0,17.0231,19.71032488592013,0.05073483089638669,0.00015183615284867317,1.0,17.170071862541416,0.05824087447074818,0.015
1.0,17.0231,19.46553682061684,0.05137284469549559,8.996107266927027e-05,1.0,17.100331499888185,0.05847839850394355,0.015
2.0,17.0231,18.998504998831443,0.052635720550722694,5.8339717400165374e-05,1.0,17.03618998314129,0.058698570571799336,0.015
3.0,17.0231,18.35874886920361,0.05446994275723645,4.04596939086768e-05,1.0,16.97478223062876,0.0589109177610321,0.015
4.0,17.0231,17.614204599062813,0.056772362009080236,2.5862169317512153e-05,1.0,16.933008648361675,0.05905625047305184,0.015
5.0,17.0231,16.84158065129023,0.059376849519370396,1.5449002249681568e-05,1.0,16.895527075282466,0.059187262731978524,0.015
6.0,17.0231,16.11692282888306,0.06204658362003849,1.005809356821198e-05,1.5,16.883457601531514,0.05922957391792123,0.015
7.5,17.0231,15.571723575981537,0.06421896684208041,6.9811807030126455e-06,1.5,16.882326116289068,0.059233543595342636,0.015
9.0,17.0231,15.312221517311162,0.06530731016851177,4.460771479215882e-06,1.5,16.88887108308867,0.05921058874096859,0.015
10.5,17.0231,15.379085462228964,0.06502337232314627,2.667168970208298e-06,1.5,16.913807536548518,0.0591232930751477,0.015
12.0,17.0231,15.743848299619593,0.0635168721756651,1.7324996862151314e-06,1.5,16.944714540652146,0.059015452730165216,0.015
13.5,17.0231,16.316142317463125,0.06128899715036823,1.2035904458530022e-06,1.5,16.96953036282293,0.05892914998937231,0.015
15.0,17.0231,16.9580796953793,0.05896894093925492,7.693479712969388e-07,1.5,17.011881805974543,0.05878244461167146,0.015
16.5,17.0231,17.505602949328818,0.05712456765382885,4.5889542164474483e-07,1.5,17.067300732621366,0.058591573188176316,0.015
18.0,17.0231,17.79470914587166,0.05619647906591371,2.9907447879565085e-07,1.5,17.115244441508672,0.05842744480907058,0.015
19.5,17.0231,17.689476862105273,0.05653078425073263,2.074937614543345e-07,nan,17.15943589857965,0.058276974016539425,0.015
nan,nan,nan,nan,1.3247120329626218e-07,nan,17.225816976821978,0.05805239898609975,0.015
nan,nan,nan,nan,7.89712519064247e-08,nan,17.309476376861394,0.05777182268417775,0.015
nan,nan,nan,nan,5.138626758649595e-08,nan,17.388189741524332,0.05751029951162329,0.015
Name:	100.0_8_210_0.015
Lambda:	100.0	Maximal Depth:	20	Filter time:	8.0 to 210.0 [us]
Chi2:	1.9425332331390353	RelRMS:	2.090621863121791	AbsRMS:	2.931851780946513e-07	Phi model:	0.012303633225399919
depth_vector,start_model,resistivity_model,conductivity_model,E/I[V/A],modelled_thickness,rhoa,sigma,rel_err
0.0,17.0231,19.59174599165774,0.05104190307621408,0.0001519275184990891,1.0,17.163187386416023,0.058264235977022544,0.015
1.0,17.0231,19.361703434638596,0.05164834816191708,8.997331959128417e-05,1.0,17.098779697801213,0.058483705718987256,0.015
2.0,17.0231,18.9222283848476,0.052847898231731125,5.833397488102319e-05,1.0,17.037308017040043,0.058694718613987576,0.015
3.0,17.0231,18.318843729266515,0.05458859820952466,4.0451665487151276e-05,1.0,16.97702814062004,0.05890312437000401,0.015
4.0,17.0231,17.614415353806073,0.056771682733365476,2.5855649351289016e-05,1.0,16.935855170178804,0.05904632449625762,0.015
5.0,17.0231,16.88031359877947,0.059240605581658445,1.5445446110111483e-05,1.0,16.898120312004416,0.059178179675380846,0.015
6.0,17.0231,16.18746937932774,0.061776178633397336,1.0056314530952758e-05,1.5,16.885448749448717,0.05922258951114038,0.015
7.5,17.0231,15.657766676134397,0.06386606855779772,6.980327216645707e-06,1.5,16.883702225758107,0.05922871575372731,0.015
9.0,17.0231,15.391728345277452,0.0649699616292165,4.460535092813551e-06,1.5,16.889467762505,0.059208496920194406,0.015
10.5,17.0231,15.429532940544501,0.06481077579297811,2.6672096153760973e-06,1.5,16.913635704961546,0.05912389372952227,0.015
12.0,17.0231,15.748069371596438,0.06349984727674758,1.7325990340670232e-06,1.5,16.944066790443415,0.059017708816162584,0.015
13.5,17.0231,16.26779009523814,0.06147116443878367,1.2036874461028618e-06,1.5,16.968618680531222,0.0589323161081662,0.015
15.0,17.0231,16.866540415720227,0.05928898134130481,7.694202798617252e-07,1.5,17.01081596107128,0.05878612773710965,0.015
16.5,17.0231,17.398557514911545,0.05747602921351058,4.5893666786198645e-07,1.5,17.066278119280515,0.05859508400195686,0.015
18.0,17.0231,17.717609699679194,0.05644102206507612,2.9909629497327413e-07,1.5,17.11441217052346,0.058430286125884155,0.015
19.5,17.0231,17.700461590229757,0.056495701815594275,2.075042763626181e-07,nan,17.15885621118976,0.058278942820668464,0.015
nan,nan,nan,nan,1.3247327804919485e-07,nan,17.225637119630616,0.058053005125736905,0.015
nan,nan,nan,nan,7.896870890927868e-08,nan,17.309847981542013,0.0577705824491543,0.015
nan,nan,nan,nan,5.1382378000981226e-08,nan,17.38906724078015,0.05750739738672352,0.015
