Name:	10.0_8_210_0.025
Lambda:	10	Maximal Depth:	20	Filter time:	8 to 210 [us]
Chi2:	0.5107152340635626	RelRMS:	9.291578502115204	AbsRMS:	4.599786656197331e-07	Phi model:	0.0204153789567503
depth_vector,start_model,resistivity_model,conductivity_model,E/I[V/A],modelled_thickness,rhoa,sigma
0.0,14.3748,12.452856385393227,0.0803028613718669,0.0002404322942675,1.0,12.63844685662466,0.0791236463898119
1.0,14.3748,12.501947058253371,0.0799875407678864,0.0001393676671071,1.0,12.77221614120074,0.0782949481080413
2.0,14.3748,12.599898669372717,0.0793657176331708,8.86720047159373e-05,1.0,12.88717335177878,0.0775965351519053
3.0,14.3748,12.756268918555929,0.0783928283720444,6.048455697873167e-05,1.0,12.983434879432098,0.0770212204463831
4.0,14.3748,12.972414226028937,0.0770866534614286,3.7847375559770855e-05,1.0,13.136719218512718,0.0761225069491297
5.0,14.3748,13.252519331550392,0.0754573507860721,2.2037766703109555e-05,1.0,13.332972441191927,0.0750020300732432
6.0,14.3748,13.591922826615257,0.0735731075548658,1.4031280377262162e-05,1.5,13.523018346497988,0.0739479881175319
7.5,14.3748,14.002091582044232,0.0714179016856569,9.54957181111598e-06,1.5,13.700264098172958,0.0729912936593213
9.0,14.3748,14.465554041562786,0.0691297407017232,5.952700276621972e-06,1.5,13.933640254583509,0.071768754017533
10.5,14.3748,15.009176592063811,0.0666259067488589,3.456589392092904e-06,1.5,14.22907087187608,0.070278657616114
12.0,14.3748,15.608387211955874,0.0640681184045722,2.1899486886953653e-06,1.5,14.494183004644952,0.0689931953860062
13.5,14.3748,16.266042417885,0.0614777691038399,1.4897037295551416e-06,1.5,14.720493651510424,0.0679325044168877
15.0,14.3748,17.008269529310695,0.0587949290359421,9.279332234297994e-07,1.5,15.01376967404406,0.0666055242427762
16.5,14.3748,17.868365946725465,0.0559648264973697,5.374810016450852e-07,1.5,15.36026042436476,0.0651030628630345
18.0,14.3748,18.917970431703655,0.0528597929471414,3.42126103148089e-07,1.5,15.647508711676588,0.0639079369391098
19.5,14.3748,20.243297235869463,0.0493990671750885,2.327763071981116e-07,nan,15.893291650954035,0.0629196281023366
nan,nan,nan,nan,1.4522130388345514e-07,nan,16.20219773824545,0.0617200219473615
nan,nan,nan,nan,8.443052518202647e-08,nan,16.555041931757884,0.0604045585702612
nan,nan,nan,nan,5.388055175633082e-08,nan,16.847329261460818,0.0593565890759643
Name:	12.742749857031335_8_210_0.025
Lambda:	12.742749857031336	Maximal Depth:	20	Filter time:	8 to 210 [us]
Chi2:	0.5122863594156047	RelRMS:	9.317489088636009	AbsRMS:	4.54430310732636e-07	Phi model:	0.0201172405195195
depth_vector,start_model,resistivity_model,conductivity_model,E/I[V/A],modelled_thickness,rhoa,sigma
0.0,14.3748,12.452346222186724,0.0803061513193609,0.0002404046271043,1.0,12.63941650869134,0.0791175762989029
1.0,14.3748,12.504140380602731,0.079973510338325,0.0001393623043163,1.0,12.772543796913949,0.0782929395976403
2.0,14.3748,12.604319972254206,0.0793378779816199,8.86719641637746e-05,1.0,12.88717728088772,0.0775965114938743
3.0,14.3748,12.76373484202515,0.0783469738581106,6.048526768150675e-05,1.0,12.9833331755338,0.0770218237859312
4.0,14.3748,12.980520847593969,0.0770385111461345,3.784772936050529e-05,1.0,13.136637350313888,0.0761229813485036
5.0,14.3748,13.25755973119074,0.0754286626103086,2.203754378468932e-05,1.0,13.333062353212734,0.0750015242941573
6.0,14.3748,13.588160894214436,0.0735934765407274,1.4030862015783262e-05,1.5,13.52328715781946,0.073946518204472
7.5,14.3748,13.98410029935934,0.071509784583411,9.549160224365732e-06,1.5,13.7006577667636,0.0729891963600388
9.0,14.3748,14.440466641858931,0.0692498396901714,5.952403189482121e-06,1.5,13.93410387359204,0.0717663661094994
10.5,14.3748,14.991897361380476,0.0667026978570455,3.456452911632333e-06,1.5,14.229445432621024,0.0702768076756876
12.0,14.3748,15.605454460927454,0.0640801587998462,2.1899197986370374e-06,1.5,14.494310478680609,0.0689925886071559
13.5,14.3748,16.28573589592992,0.0614034272930777,1.4897363309626777e-06,1.5,14.720278888422,0.0679334955254505
15.0,14.3748,17.052623527279682,0.0586420029973842,9.280075484444326e-07,1.5,15.012968018534048,0.0666090808136981
16.5,14.3748,17.924820349311524,0.0557885647115235,5.375702106890937e-07,1.5,15.358561034501616,0.0651102663689385
18.0,14.3748,18.95731590603765,0.0527500836593387,3.422114413008257e-07,1.5,15.644907230384678,0.0639185637392502
19.5,14.3748,20.212449047691027,0.0494744599054034,2.328525152268585e-07,nan,15.889823754827516,0.0629333600818692
nan,nan,nan,nan,1.4528365050105715e-07,nan,16.197562096239945,0.0617376858355824
nan,nan,nan,nan,8.44770630063444e-08,nan,16.54896133535427,0.0604267530593389
nan,nan,nan,nan,5.391574468121695e-08,nan,16.83999718783723,0.0593824327193032
Name:	16.237767391887218_8_210_0.025
Lambda:	16.237767391887218	Maximal Depth:	20	Filter time:	8 to 210 [us]
Chi2:	0.5139146420517742	RelRMS:	9.34740342562599	AbsRMS:	4.4483149727971873e-07	Phi model:	0.0198350113307863
depth_vector,start_model,resistivity_model,conductivity_model,E/I[V/A],modelled_thickness,rhoa,sigma
0.0,14.3748,12.460827853567642,0.0802514898489422,0.0002403576714488,1.0,12.641062590996937,0.079107273838847
1.0,14.3748,12.511273555981267,0.0799279142547346,0.0001393522093434,1.0,12.773160636444784,0.0782891586869085
2.0,14.3748,12.618077339886902,0.0792513766609202,8.867061857510327e-05,1.0,12.88730765700084,0.0775957264787393
3.0,14.3748,12.774717136806622,0.0782796197591562,6.048542086395824e-05,1.0,12.98331125488344,0.0770219538273695
4.0,14.3748,12.987556578237289,0.076996777182527,3.784781621771727e-05,1.0,13.136617252067008,0.0761230978121596
5.0,14.3748,13.251826964673771,0.0754612931987236,2.2037098610916564e-05,1.0,13.333241914348587,0.075000514235315
6.0,14.3748,13.558658490345437,0.0737536092314781,1.4030258884191234e-05,1.5,13.523674713665445,0.0739443990759047
7.5,14.3748,13.948989013894153,0.0716897833243636,9.548609453939053e-06,1.5,13.70118460400414,0.0729863897832419
9.0,14.3748,14.432942956567892,0.0692859386342227,5.952019584508868e-06,1.5,13.93470256496098,0.0717632827351848
10.5,14.3748,14.987484687357211,0.0667223367269596,3.4562782788708105e-06,1.5,14.2299247355446,0.0702744405599084
12.0,14.3748,15.615351325510767,0.0640395453905863,2.189879615313043e-06,1.5,14.49448778760321,0.0689917446310366
13.5,14.3748,16.31634887150056,0.0612882212727554,1.4897714406469748e-06,1.5,14.720047610719268,0.0679345628795243
15.0,14.3748,17.095427584658232,0.0584951733466684,9.28093213574777e-07,1.5,15.012044183421386,0.0666131799095258
16.5,14.3748,17.97649469821095,0.0556281976429766,5.37673814850236e-07,1.5,15.356588014311807,0.0651186317603907
18.0,14.3748,18.988349063790757,0.052663872811719,3.423105503487694e-07,1.5,15.641887308483144,0.0639309042622794
19.5,14.3748,20.17737472629092,0.0495604613367768,2.3294093136710647e-07,nan,15.885802690292683,0.0629492899726791
nan,nan,nan,nan,1.4535586822461566e-07,nan,16.192196653209358,0.06175814322276
nan,nan,nan,nan,8.453086597714776e-08,nan,16.541938435074474,0.0604524073115677
nan,nan,nan,nan,5.395637219405444e-08,nan,16.831542788324175,0.059412260217387
Name:	20.6913808111479_8_210_0.025
Lambda:	20.6913808111479	Maximal Depth:	20	Filter time:	8 to 210 [us]
Chi2:	0.5157925140452729	RelRMS:	9.378928737232364	AbsRMS:	4.393718206469334e-07	Phi model:	0.0195892565244131
depth_vector,start_model,resistivity_model,conductivity_model,E/I[V/A],modelled_thickness,rhoa,sigma
0.0,14.3748,12.473890838214762,0.0801674483903947,0.0002403287913794,1.0,12.64207527991056,0.0791009369790016
1.0,14.3748,12.52480548017212,0.0798415593426252,0.0001393483931406,1.0,12.773393839700894,0.0782877293653866
2.0,14.3748,12.62671263459385,0.0791971773603419,8.86713123325959e-05,1.0,12.887240437380646,0.0775961312166882
3.0,14.3748,12.780533670521962,0.0782439940130574,6.0486071184294384e-05,1.0,12.983218194048067,0.0770225059036928
4.0,14.3748,12.981415661238762,0.077033200853887,3.784771874682427e-05,1.0,13.136639806262384,0.0761229671170011
5.0,14.3748,13.227837796688116,0.0755981450158371,2.2036364229964888e-05,1.0,13.333538140604382,0.074998847976796
6.0,14.3748,13.53801157946634,0.0738660913480633,1.402943894602386e-05,1.5,13.524201628015382,0.0739415181394885
7.5,14.3748,13.93797146394395,0.0717464519558598,9.547916705980758e-06,1.5,13.701847321200727,0.0729828596508085
9.0,14.3748,14.422462110168476,0.0693362889332852,5.951565514615004e-06,1.5,13.93541131388264,0.0717596328860266
10.5,14.3748,14.98451854560615,0.0667355442189516,3.4560815868233378e-06,1.5,14.230464631457243,0.0702717743867226
12.0,14.3748,15.628672452161627,0.0639849611706263,2.1898374003417874e-06,1.5,14.494674067010468,0.0689908579783781
13.5,14.3748,16.342452346247573,0.0611903268134425,1.489812340343688e-06,1.5,14.719778203975316,0.0679358062426466
15.0,14.3748,17.134956544550672,0.058360229709367,9.281879180051592e-07,1.5,15.01102303153086,0.0666177113911214
16.5,14.3748,18.01974048651301,0.0554946948735724,5.377860586010192e-07,1.5,15.354451178203236,0.0651276941385943
18.0,14.3748,19.010553955218302,0.0526023598447274,3.424167713023701e-07,1.5,15.63865229929917,0.0639441289991986
19.5,14.3748,20.141787517924765,0.0496480264777925,2.3303502359994798e-07,nan,15.881526276592776,0.0629662403086449
nan,nan,nan,nan,1.4543219132329194e-07,nan,16.186531026582905,0.0617797598730521
nan,nan,nan,nan,8.458737099263221e-08,nan,16.53457085311278,0.0604793440896436
nan,nan,nan,nan,5.3998861740076375e-08,nan,16.822712251151536,0.0594434467564259
Name:	26.366508987303583_8_210_0.025
Lambda:	26.366508987303583	Maximal Depth:	20	Filter time:	8 to 210 [us]
Chi2:	0.5180448660582101	RelRMS:	9.413112313226865	AbsRMS:	4.389050818239055e-07	Phi model:	0.0193617804476442
depth_vector,start_model,resistivity_model,conductivity_model,E/I[V/A],modelled_thickness,rhoa,sigma
0.0,14.3748,12.486395448005988,0.0800871639989341,0.0002403226249277,1.0,12.642291534797211,0.0790995839043542
1.0,14.3748,12.53549274237071,0.0797734896068297,0.0001393516721672,1.0,12.773193461951305,0.0782889574935816
2.0,14.3748,12.632494115854715,0.079160931390811,8.867402792555919e-05,1.0,12.88697732630672,0.0775977154827966
3.0,14.3748,12.77721918779654,0.0782642909464287,6.048706051792353e-05,1.0,12.983076623611028,0.0770233457747141
4.0,14.3748,12.96736998529641,0.0771166397761374,3.78472630906764e-05,1.0,13.136745243717929,0.0761223561428357
5.0,14.3748,13.217906628929672,0.0756549450736266,2.2035230187297342e-05,1.0,13.333995610190936,0.0749962748777056
6.0,14.3748,13.52752135587516,0.0739233724858019,1.4028338296185265e-05,1.5,13.524909015941278,0.0739376508057347
7.5,14.3748,13.92767529200499,0.0717994912312493,9.547045470510116e-06,1.5,13.702680902220088,0.072978419853445
9.0,14.3748,14.415332972868775,0.0693705793603317,5.951026734604021e-06,1.5,13.936252402108034,0.071755302009939
10.5,14.3748,14.986147556812758,0.0667282899897376,3.4558618612348207e-06,1.5,14.231067812218628,0.0702687959326152
12.0,14.3748,15.639282196661137,0.0639415535460759,2.189797137369177e-06,1.5,14.494851738529778,0.0689900123187759
13.5,14.3748,16.369000619126233,0.0610910844997805,1.489864707906953e-06,1.5,14.719433276265638,0.0679373982157622
15.0,14.3748,17.171022943801983,0.0582376485823145,9.282976566006796e-07,1.5,15.009839990703048,0.0666229620448579
16.5,14.3748,18.05225366932484,0.0553947456266495,5.379121710726037e-07,1.5,15.352051203432062,0.0651378755026848
18.0,14.3748,19.026165003139017,0.0525591993885796,3.425343964662668e-07,1.5,15.635071920502154,0.0639587719893189
19.5,14.3748,20.104866616044,0.0497392009157615,2.331382799238783e-07,nan,15.876836673223888,0.0629848388934106
nan,nan,nan,nan,1.455152322077564e-07,nan,16.180372350691684,0.0618032748768758
nan,nan,nan,nan,8.464838377667777e-08,nan,16.526624716526065,0.0605084230538637
nan,nan,nan,nan,5.404451244646615e-08,nan,16.813237630830276,0.0594769444146979
Name:	33.59818286283781_8_210_0.025
Lambda:	33.59818286283781	Maximal Depth:	20	Filter time:	8 to 210 [us]
Chi2:	0.5208757029397215	RelRMS:	9.452509073662746	AbsRMS:	4.461936910135989e-07	Phi model:	0.019128349186747
depth_vector,start_model,resistivity_model,conductivity_model,E/I[V/A],modelled_thickness,rhoa,sigma
0.0,14.3748,12.489404957189857,0.0800678657972671,0.0002403512331586,1.0,12.641288334146957,0.0791058611722964
1.0,14.3748,12.537314635890516,0.0797618971081178,0.0001393665003325,1.0,12.772287426986738,0.078294511121562
2.0,14.3748,12.633352920167418,0.0791555500997393,8.868048287120184e-05,1.0,12.886351967004565,0.0776014812074429
3.0,14.3748,12.776419848270352,0.0782691874465426,6.048902918829355e-05,1.0,12.982794924739368,0.0770250170165169
4.0,14.3748,12.96381811877164,0.0771377684288857,3.7846496779951055e-05,1.0,13.136922570474892,0.0761213286167561
5.0,14.3748,13.213314078340764,0.0756812404572444,2.2033552860240255e-05,1.0,13.334672311099522,0.0749924690063526
6.0,14.3748,13.520627730028409,0.0739610630488011,1.402680715769484e-05,1.5,13.525893232891448,0.0739322707034431
7.5,14.3748,13.920381585195743,0.0718371112084668,9.545876049829074e-06,1.5,13.703799980321948,0.0729724602983082
9.0,14.3748,14.41375267277535,0.0693781850363505,5.9503279872771615e-06,1.5,13.937343403988468,0.0717496850736869
10.5,14.3748,14.99248971574503,0.0667000624285775,3.45558413920127e-06,1.5,14.23183029365831,0.070265031226911
12.0,14.3748,15.652423106282995,0.0638878717505785,2.189745701777769e-06,1.5,14.49507872024497,0.0689889319885735
13.5,14.3748,16.391036448004208,0.0610089546913161,1.48992668253768e-06,1.5,14.71902509610627,0.0679392822194818
15.0,14.3748,17.203226750188048,0.0581286298507382,9.284278740964624e-07,1.5,15.008436478721515,0.0666291922824718
16.5,14.3748,18.08150955632657,0.055305116914318,5.380604894043709e-07,1.5,15.349229841284764,0.0651498485813473
18.0,14.3748,19.03123046777846,0.0525452099218223,3.426717484031215e-07,1.5,15.630893673322044,0.0639758686163124
19.5,14.3748,20.063955424449976,0.0498406210961472,2.3325820289328314e-07,nan,15.871394462089537,0.0630064360374006
nan,nan,nan,nan,1.456111234670913e-07,nan,16.173267918060066,0.0618304232061436
nan,nan,nan,nan,8.471844663494735e-08,nan,16.517511689638777,0.0605418067073194
nan,nan,nan,nan,5.409673137936887e-08,nan,16.802416143532003,0.0595152501555524
Name:	42.81332398719393_8_210_0.025
Lambda:	42.81332398719393	Maximal Depth:	20	Filter time:	8 to 210 [us]
Chi2:	0.524135109103676	RelRMS:	9.496045896649967	AbsRMS:	4.57052330570455e-07	Phi model:	0.0188904625691259
depth_vector,start_model,resistivity_model,conductivity_model,E/I[V/A],modelled_thickness,rhoa,sigma
0.0,14.3748,12.49339765983512,0.0800422773073884,0.000240396280217,1.0,12.63970907887258,0.0791157449716553
1.0,14.3748,12.53894972335966,0.0797514961031411,0.0001393863534037,1.0,12.771074610258392,0.0783019464310973
2.0,14.3748,12.630887617382816,0.0791709997184825,8.868811412443975e-05,1.0,12.885612744118635,0.0776059330555645
3.0,14.3748,12.768508981527676,0.0783176799614355,6.049088814085348e-05,1.0,12.982528939517277,0.0770265951001363
4.0,14.3748,12.959733644989404,0.0771620796687151,3.784514454747023e-05,1.0,13.13723549600029,0.0761195154265489
5.0,14.3748,13.208049306559928,0.0757114072479528,2.2031347006389107e-05,1.0,13.335562371595008,0.0749874637555607
6.0,14.3748,13.517908021858576,0.0739759434953242,1.402491167651015e-05,1.5,13.5271118976623,0.073925610105496
7.5,14.3748,13.919991837546688,0.0718391225850204,9.544472550235913e-06,1.5,13.705143362141897,0.0729653075182218
9.0,14.3748,14.414828332758452,0.0693730079134864,5.949513569643769e-06,1.5,13.938615279316132,0.0717431380349471
10.5,14.3748,15.000130444689868,0.0666660869175311,3.455271131004138e-06,1.5,14.232689775132409,0.0702607880730469
12.0,14.3748,15.66984585123315,0.0638168370955164,2.1896933907557613e-06,1.5,14.495309574289378,0.0689878332625417
13.5,14.3748,16.41577318286695,0.0609170210175475,1.4900019124140698e-06,1.5,14.718529651660855,0.067941569142211
15.0,14.3748,17.228312782179763,0.0580439891382955,9.2857772456296e-07,1.5,15.00682176434534,0.066636361496336
16.5,14.3748,18.1010293231948,0.0552454770469098,5.382281105920259e-07,1.5,15.346042853403382,0.0651633785694938
18.0,14.3748,19.031222160919828,0.0525452328570614,3.428255986972792e-07,1.5,15.626216859020596,0.06399501613359
19.5,14.3748,20.02018497467329,0.0499495884411187,2.333917677812548e-07,nan,15.86533865504776,0.063030485622936
nan,nan,nan,nan,1.4571733471916157e-07,nan,16.165407989409193,0.061860486333234
nan,nan,nan,nan,8.479566319850958e-08,nan,16.507482724377205,0.0605785883103341
nan,nan,nan,nan,5.415409068160406e-08,nan,16.790549448943178,0.0595573124656109
Name:	54.5559478116852_8_210_0.025
Lambda:	54.5559478116852	Maximal Depth:	20	Filter time:	8 to 210 [us]
Chi2:	0.5280557328361404	RelRMS:	9.545841579336424	AbsRMS:	4.7374604537508e-07	Phi model:	0.0186337769417017
depth_vector,start_model,resistivity_model,conductivity_model,E/I[V/A],modelled_thickness,rhoa,sigma
0.0,14.3748,12.48880079317639,0.0800717391974398,0.0002404677261146,1.0,12.637205346945224,0.0791314196885887
1.0,14.3748,12.534809238088542,0.0797778395351545,0.0001394144444019,1.0,12.769359033445689,0.0783124663799322
2.0,14.3748,12.62702632141468,0.0791952099049686,8.869795174173044e-05,1.0,12.88465995195439,0.077611671843021
3.0,14.3748,12.764913917250368,0.0783397370701114,6.049290975158304e-05,1.0,12.982239696077071,0.0770283112475712
4.0,14.3748,12.957402882403722,0.0771759594940132,3.784311258695149e-05,1.0,13.137705755150858,0.0761167907576201
5.0,14.3748,13.206625654730416,0.0757195688091465,2.202844855900605e-05,1.0,13.3367321189234,0.0749808867032057
6.0,14.3748,13.517536753724563,0.0739779752937948,1.4022517942769886e-05,1.5,13.528651297034347,0.0739171982516256
7.5,14.3748,13.922509664066329,0.0718261307859585,9.542739185497758e-06,1.5,13.706802934070454,0.0729564731330848
9.0,14.3748,14.422469741874576,0.0693362522437175,5.948529871373497e-06,1.5,13.940151907038675,0.0717352297642523
10.5,14.3748,15.013915910284169,0.0666048755018685,3.454902107050281e-06,1.5,14.233703235581183,0.0702557854023692
12.0,14.3748,15.68863722702134,0.0637403992156596,2.189635494073416e-06,1.5,14.49556508915714,0.0689866172066663
13.5,14.3748,16.437279127225406,0.0608373193799258,1.4900932389717138e-06,1.5,14.71792825467324,0.0679443453383107
15.0,14.3748,17.2491350913251,0.0579739212839093,9.287543470933812e-07,1.5,15.00491912499578,0.0666448110562729
16.5,14.3748,18.11452327781135,0.0552043233301595,5.38423218624738e-07,1.5,15.342335339825349,0.065179125462355
18.0,14.3748,19.02406185791069,0.0525650099052939,3.430034512187659e-07,1.5,15.620814770911082,0.0640171472913301
19.5,14.3748,19.971647167794263,0.0500709827085555,2.335454580473164e-07,nan,15.85837751022853,0.0630581532918489
nan,nan,nan,nan,1.4583898489725068e-07,nan,16.1564172600944,0.0618949104805527
nan,nan,nan,nan,8.488372413445814e-08,nan,16.49606384240637,0.0606205219350148
nan,nan,nan,nan,5.421931439442941e-08,nan,16.777081165251683,0.0596051238084952
Name:	69.51927961775606_8_210_0.025
Lambda:	69.51927961775606	Maximal Depth:	20	Filter time:	8 to 210 [us]
Chi2:	0.5330337450135738	RelRMS:	9.60580473621378	AbsRMS:	4.983228973144084e-07	Phi model:	0.0183374224374032
depth_vector,start_model,resistivity_model,conductivity_model,E/I[V/A],modelled_thickness,rhoa,sigma
0.0,14.3748,12.48008267206766,0.0801276743332921,0.0002405735053743,1.0,12.633500721190488,0.079154624048319
1.0,14.3748,12.526436248436529,0.0798311650789596,0.0001394542763689,1.0,12.766927398185704,0.0783273820560857
2.0,14.3748,12.619284930572263,0.0792437927744493,8.871147593625481e-05,1.0,12.88335039514982,0.0776195608540204
3.0,14.3748,12.758344177343051,0.0783800770773885,6.049564284117541e-05,1.0,12.981848682887756,0.0770306313397541
4.0,14.3748,12.954304711073911,0.0771944170145354,3.784041599614478e-05,1.0,13.138329895502268,0.0761131748063608
5.0,14.3748,13.207968474646698,0.0757118705968708,2.202468821895753e-05,1.0,13.338250088832185,0.0749723534451702
6.0,14.3748,13.522986204932298,0.0739481638778323,1.401945619067571e-05,1.5,13.530620934483558,0.0739064382072402
7.5,14.3748,13.931456047517448,0.0717800060947827,9.540543783692935e-06,1.5,13.708905594506424,0.0729452831304586
9.0,14.3748,14.43503980142236,0.0692758741061084,5.947297283854535e-06,1.5,13.942077920707527,0.0717253199764969
10.5,14.3748,15.031321038751305,0.0665277521132017,3.454444662918693e-06,1.5,14.234959777217076,0.0702495838169132
12.0,14.3748,15.711224654090932,0.0636487620804032,2.189564688732465e-06,1.5,14.495877588989364,0.0689851300041033
13.5,14.3748,16.462300276655093,0.0607448523714564,1.4902057713329394e-06,1.5,14.717187299253297,0.0679477660823639
15.0,14.3748,17.269636333163806,0.0579050989093294,9.28970286029086e-07,1.5,15.002593774833754,0.0666551407715551
16.5,14.3748,18.1208768592858,0.0551849674695826,5.3866039156131e-07,1.5,15.337831507896045,0.0651982647928549
18.0,14.3748,19.005327201836,0.0526168262919143,3.432188276223038e-07,1.5,15.614279179816258,0.0640439426299387
19.5,14.3748,19.91463036335555,0.0502143389937117,2.337310607292888e-07,nan,15.849981116319729,0.0630915578170855
nan,nan,nan,nan,1.4598546860998664e-07,nan,16.145607746096726,0.0619363492366371
nan,nan,nan,nan,8.498946489881093e-08,nan,16.482378473268433,0.0606708553393448
nan,nan,nan,nan,5.4297479982840615e-08,nan,16.760975994686454,0.0596623967671702
Name:	88.58667904100822_8_210_0.025
Lambda:	88.58667904100822	Maximal Depth:	20	Filter time:	8 to 210 [us]
Chi2:	0.5381489788451711	RelRMS:	9.771688445390486	AbsRMS:	4.026686973813057e-07	Phi model:	0.0176104796856881
depth_vector,start_model,resistivity_model,conductivity_model,E/I[V/A],modelled_thickness,rhoa,sigma
0.0,14.3748,12.4881242507603,0.0800760770729133,0.0002402449003344,1.0,12.645018096986302,0.0790825281806699
1.0,14.3748,12.534057688229767,0.0797826230638031,0.0001392479934597,1.0,12.779532961579664,0.0782501209556245
2.0,14.3748,12.626095716613817,0.0792010469779797,8.857440069645767e-05,1.0,12.8966389084975,0.0775395827622271
3.0,14.3748,12.770152289433792,0.0783076017681805,6.040071454054231e-05,1.0,12.99544700169758,0.0769500271802402
4.0,14.3748,12.967919557869696,0.0771133716196705,3.778172631936312e-05,1.0,13.15193232390062,0.0760344545099832
5.0,14.3748,13.223032377557171,0.0756256183488783,2.1992764788233565e-05,1.0,13.351154325336283,0.0748998907234796
6.0,14.3748,13.539447705238178,0.0738582563905555,1.4001314747424088e-05,1.5,13.542306123519143,0.0738426668898943
7.5,14.3748,13.9492334824304,0.0716885269186682,9.529955249187332e-06,1.5,13.719058167748628,0.0728913011208629
9.0,14.3748,14.453271682246818,0.0691884870072923,5.942413257569199e-06,1.5,13.94971613635076,0.0716860465277969
10.5,14.3748,15.046810411499374,0.0664592676223101,3.4530224355194057e-06,1.5,14.238868229533445,0.0702303008834548
12.0,14.3748,15.72024321247236,0.0636122473732852,2.189537913826509e-06,1.5,14.495995764599447,0.0689845676170858
13.5,14.3748,16.459456386502147,0.0607553479603413,1.4907369256636075e-06,1.5,14.713691237711435,0.0679639108802951
15.0,14.3748,17.2491783677565,0.0579737758332465,9.297524710962588e-07,1.5,14.994178308580008,0.0666925508967555
16.5,14.3748,18.07422208871316,0.0553274157577421,5.394319103546347e-07,1.5,15.323203467292856,0.0652605052288501
18.0,14.3748,18.921203861362017,0.0528507597786653,3.4388224830814173e-07,1.5,15.594190579840117,0.0641264447090175
19.5,14.3748,19.779071312991523,0.0505584910522653,2.3428318288775803e-07,nan,15.82506947876462,0.0631908758025917
nan,nan,nan,nan,1.4640676593989157e-07,nan,16.114619342726307,0.0620554527992231
nan,nan,nan,nan,8.528449529009656e-08,nan,16.444344122659704,0.0608111817984906
nan,nan,nan,nan,5.451122853887274e-08,nan,16.717132063031098,0.0598188730118031
Name:	112.88378916846884_8_210_0.025
Lambda:	112.88378916846884	Maximal Depth:	20	Filter time:	8 to 210 [us]
Chi2:	0.5454445504286278	RelRMS:	9.85115708357272	AbsRMS:	4.355925134943906e-07	Phi model:	0.0172602314749437
depth_vector,start_model,resistivity_model,conductivity_model,E/I[V/A],modelled_thickness,rhoa,sigma
0.0,14.3748,12.471136672225017,0.0801851528279007,0.0002403890169722,1.0,12.639963679628766,0.079114151380961
1.0,14.3748,12.51904039614986,0.0798783268011135,0.0001392977312825,1.0,12.77649072980195,0.0782687532240319
2.0,14.3748,12.614787652561088,0.0792720438537843,8.858876553093073e-05,1.0,12.895244728027114,0.0775479660208816
3.0,14.3748,12.76280104958714,0.0783527061273394,6.040155957702686e-05,1.0,12.995325794535244,0.0769507448917146
4.0,14.3748,12.965679447387071,0.0771266946755749,3.777643824734629e-05,1.0,13.15315966288077,0.076027359632992
5.0,14.3748,13.22715189302244,0.0756020652131104,2.198699884895417e-05,1.0,13.353488388946824,0.0748867989302133
6.0,14.3748,13.550881941329846,0.0737959347834051,1.3996926583721906e-05,1.5,13.545136399683043,0.0738272373560889
7.5,14.3748,13.967827411730632,0.0715930953700192,9.526924978748369e-06,1.5,13.72196713386064,0.0728758486479957
9.0,14.3748,14.477453687073002,0.0690729199771438,5.940780904833932e-06,1.5,13.952271335180596,0.0716729180487268
10.5,14.3748,15.073974656178889,0.0663395038673556,3.452458591407052e-06,1.5,14.240418483898502,0.0702226554037502
12.0,14.3748,15.746884293048868,0.0635046261463564,2.189486154635701e-06,1.5,14.496224219436671,0.0689834804472181
13.5,14.3748,16.48137375697421,0.0606745538779401,1.4909195601188256e-06,1.5,14.712489616053867,0.0679694617360223
15.0,14.3748,17.26085839905528,0.0579345462943333,9.300603221373016e-07,1.5,14.9908693991267,0.0667072718316294
16.5,14.3748,18.068441862892595,0.055345115400001,5.397570819317927e-07,1.5,15.317048636001536,0.0652867287794319
18.0,14.3748,18.88859138659484,0.0529420103136804,3.441726855174921e-07,1.5,15.585416359564244,0.0641625463785787
19.5,14.3748,19.70814520722424,0.0507404420601406,2.3453105952888361e-07,nan,15.813917135360112,0.0632354394828582
nan,nan,nan,nan,1.4660068654459078e-07,nan,16.100405466264295,0.0621102370431187
nan,nan,nan,nan,8.542343600064217e-08,nan,16.426508200201514,0.0608772106531887
nan,nan,nan,nan,5.461344823454962e-08,nan,16.69626597337542,0.0598936314020537
Name:	143.8449888287663_8_210_0.025
Lambda:	143.8449888287663	Maximal Depth:	20	Filter time:	8 to 210 [us]
Chi2:	0.5542953788833725	RelRMS:	9.94243255154753	AbsRMS:	4.71203893444965e-07	Phi model:	0.016880673983289
depth_vector,start_model,resistivity_model,conductivity_model,E/I[V/A],modelled_thickness,rhoa,sigma
0.0,14.3748,12.45197942550459,0.0803085168894324,0.000240545564394,1.0,12.63447901279875,0.0791484950813562
1.0,14.3748,12.50132082103204,0.0799915476385195,0.0001393489502549,1.0,12.773359794501191,0.0782879380279016
2.0,14.3748,12.600141433672368,0.0793641885104257,8.860161437006113e-05,1.0,12.893998001834875,0.0775554641669477
3.0,14.3748,12.753740806440163,0.0784083678017854,6.040030888435864e-05,1.0,12.995505187686277,0.0769496826446991
4.0,14.3748,12.964033348557107,0.0771364877822764,3.776926780990411e-05,1.0,13.154824348307573,0.0760177387034935
5.0,14.3748,13.234161001752154,0.075562024662357,2.197998147716748e-05,1.0,13.356330411579448,0.0748708641658817
6.0,14.3748,13.566838730472533,0.0737091388691675,1.3991767987182704e-05,1.5,13.548465481035796,0.0738090967866236
7.5,14.3748,13.991488302989646,0.0714720248728881,9.523434792462767e-06,1.5,13.725319516534428,0.0728580488632948
9.0,14.3748,14.506149633994315,0.0689362804900728,5.938946382197421e-06,1.5,13.95514439698728,0.0716581621481384
10.5,14.3748,15.104104399989172,0.0662071694896863,3.451857126856833e-06,1.5,14.242072638530203,0.0702144993485443
12.0,14.3748,15.774438819478345,0.0633936973253968,2.1894631481000453e-06,1.5,14.49632576862712,0.0689829972063814
13.5,14.3748,16.50183807746749,0.0605993099256897,1.491155825670685e-06,1.5,14.710935498896944,0.0679766422791386
15.0,14.3748,17.268803675812745,0.0579078909444452,9.304300180294568e-07,1.5,14.986898167325757,0.0667249479402073
16.5,14.3748,18.056843125118476,0.0553806661037511,5.401383800347769e-07,1.5,15.30983931191678,0.0653174719620751
18.0,14.3748,18.848500987400996,0.0530546169516841,3.445099118636803e-07,1.5,15.575244091357064,0.0642044512519014
19.5,14.3748,19.62902312659467,0.0509449702896898,2.348172588711751e-07,nan,15.801065006335207,0.0632868733594263
nan,nan,nan,nan,1.468234770506101e-07,nan,16.08411413318705,0.0621731474745417
nan,nan,nan,nan,8.558240353327992e-08,nan,16.406160633109387,0.060952712969413
nan,nan,nan,nan,5.4730100304215403e-08,nan,16.672533188911626,0.0599788879511763
Name:	183.29807108324357_8_210_0.025
Lambda:	183.2980710832436	Maximal Depth:	20	Filter time:	8 to 210 [us]
Chi2:	0.5652093066879029	RelRMS:	10.04932428510392	AbsRMS:	5.095140861151017e-07	Phi model:	0.0164641644359693
depth_vector,start_model,resistivity_model,conductivity_model,E/I[V/A],modelled_thickness,rhoa,sigma
0.0,14.3748,12.429494468734996,0.0804537950047275,0.0002407144893812,1.0,12.628567365032987,0.0791855458417937
1.0,14.3748,12.479484244541045,0.0801315166880742,0.0001394014666702,1.0,12.770151539425184,0.0783076063672939
2.0,14.3748,12.584577458007924,0.0794623421673702,8.861260709205425e-05,1.0,12.892931614324926,0.0775618788584073
3.0,14.3748,12.7451905599933,0.0784609688880576,6.0396563586100615e-05,1.0,12.996042431717234,0.076946501618021
4.0,14.3748,12.963956258690526,0.0771369464726201,3.775984595316821e-05,1.0,13.157012523134684,0.0760050960080524
5.0,14.3748,13.24326619425136,0.0755100732200097,2.197144014246129e-05,1.0,13.35979167758636,0.0748514665597438
6.0,14.3748,13.585370680146667,0.0736085914432482,1.3985655508096128e-05,1.5,13.55241279598871,0.073787598935592
7.5,14.3748,14.018426452408976,0.0713346824905698,9.519366927632645e-06,1.5,13.729229354185543,0.0728373002010587
9.0,14.3748,14.538991390652876,0.068780562085132,5.936852215979056e-06,1.5,13.958425897359524,0.0716413159587835
10.5,14.3748,15.139112116437031,0.0660540718840616,3.4512035935336506e-06,1.5,14.243870537934834,0.0702056366867952
12.0,14.3748,15.806056509582538,0.0632668875626088,2.189473879495365e-06,1.5,14.496278400800222,0.0689832226142123
13.5,14.3748,16.52393377821895,0.0605182769080176,1.4914589590739218e-06,1.5,14.708942136631247,0.0679858545034039
15.0,14.3748,17.274333648328817,0.0578893530921665,9.308784881378102e-07,1.5,14.98208428042646,0.0667463873038321
16.5,14.3748,18.03826618329424,0.0554377005993031,5.405921403073418e-07,1.5,15.301270967982669,0.0653540481762895
18.0,14.3748,18.798058251881542,0.0531969837842111,3.449080267426565e-07,1.5,15.563256489969698,0.0642539047431677
19.5,14.3748,19.538769965319844,0.0511802944491869,2.3515360325349285e-07,nan,15.785994382681237,0.0633472922742894
nan,nan,nan,nan,1.4708425647717085e-07,nan,16.065097158014698,0.0622467446143711
nan,nan,nan,nan,8.576786464873078e-08,nan,16.382501402929048,0.0610407394698106
nan,nan,nan,nan,5.4865915920377695e-08,nan,16.64500759219159,0.0600780741289126
Name:	233.57214690901213_8_210_0.025
Lambda:	233.57214690901213	Maximal Depth:	20	Filter time:	8 to 210 [us]
Chi2:	0.5784149062579848	RelRMS:	10.172242375802568	AbsRMS:	5.465456331789509e-07	Phi model:	0.0160198522618046
depth_vector,start_model,resistivity_model,conductivity_model,E/I[V/A],modelled_thickness,rhoa,sigma
0.0,14.3748,12.404050836232717,0.0806188247051488,0.0002408800168575,1.0,12.622781318807585,0.0792218430109399
1.0,14.3748,12.458338192427677,0.0802675272218739,0.0001394480576369,1.0,12.76730695891528,0.0783250534523813
2.0,14.3748,12.568480702464845,0.0795641115002775,8.861814223515692e-05,1.0,12.89239474183187,0.077565108734633
3.0,14.3748,12.736372771331231,0.0785152898673739,6.038840756415569e-05,1.0,12.997212563819618,0.0769395741655948
4.0,14.3748,12.964060463304628,0.0771363264488426,3.774736351654176e-05,1.0,13.15991290273906,0.0759883448614514
5.0,14.3748,13.25349960549234,0.0754517697035727,2.196113021582004e-05,1.0,13.363972631112238,0.0748280490841422
6.0,14.3748,13.606272768195678,0.0734955132119264,1.397853417252782e-05,1.5,13.557015237864489,0.0737625489427067
7.5,14.3748,14.048845446015324,0.0711802264351644,9.514732139406183e-06,1.5,13.733687486739749,0.0728136562715241
9.0,14.3748,14.575813662587189,0.0686068046113112,5.9345338363952646e-06,1.5,13.962060984671062,0.0716226638100133
10.5,14.3748,15.177379224919278,0.0658875280890478,3.4505319401855253e-06,1.5,14.245718877680472,0.0701965277137929
12.0,14.3748,15.83961467819062,0.0631328488929019,2.189544169791476e-06,1.5,14.495968152616372,0.0689846990191897
13.5,14.3748,16.5454276242197,0.0604396587813886,1.4918477587072516e-06,1.5,14.706386433607664,0.0679976692108917
15.0,14.3748,17.27603983700963,0.0578836359162444,9.314176225182168e-07,1.5,14.976302315408978,0.066772156366736
16.5,14.3748,18.01268447112486,0.055516433522335,5.411248467890622e-07,1.5,15.29122716849498,0.0653969749439294
18.0,14.3748,18.73818596485397,0.0533669588868227,3.453707344914261e-07,1.5,15.549352883245588,0.0643113580036825
19.5,14.3748,19.43814203006036,0.0514452460761701,2.35542293853187e-07,nan,15.768622961964205,0.0634170784863154
nan,nan,nan,nan,1.4738411143108828e-07,nan,16.043299992125604,0.062331315907003
nan,nan,nan,nan,8.598023872683678e-08,nan,16.355513399200827,0.0611414619396088
nan,nan,nan,nan,5.5021045738561363e-08,nan,16.613706213320366,0.0601912654021912
Name:	297.63514416313194_8_210_0.025
Lambda:	297.63514416313194	Maximal Depth:	20	Filter time:	8 to 210 [us]
Chi2:	0.5975734430478785	RelRMS:	10.405845459106422	AbsRMS:	4.50518645695096e-07	Phi model:	0.015207631568545
depth_vector,start_model,resistivity_model,conductivity_model,E/I[V/A],modelled_thickness,rhoa,sigma
0.0,14.3748,12.400100094583758,0.0806445103162344,0.0002405527994228,1.0,12.634225676101977,0.0791500821369314
1.0,14.3748,12.45748129088302,0.080273048511969,0.0001392221903537,1.0,12.781111931420238,0.0782404539891139
2.0,14.3748,12.571677572946692,0.0795438790246995,8.846018414304115e-05,1.0,12.907737633195865,0.0774729103129753
3.0,14.3748,12.74591397648695,0.0784565156994431,6.027586665832269e-05,1.0,13.01338557369112,0.0768439538148841
4.0,14.3748,12.981021735373403,0.0770355385258304,3.76761352882841e-05,1.0,13.176493905876402,0.0758927228398765
5.0,14.3748,13.278215916390526,0.0753113224168623,2.192187577957805e-05,1.0,13.379921350712172,0.0747388548697838
6.0,14.3748,13.63815111499114,0.0733237219303717,1.3956190854347906e-05,1.5,13.571480882130508,0.0736839265136271
7.5,14.3748,14.0850158875882,0.0709974350033361,9.50177329851133e-06,1.5,13.746171629489195,0.0727475275992287
9.0,14.3748,14.61140929460763,0.0684396679223168,5.928704226748635e-06,1.5,13.9712119479952,0.0715757518905505
10.5,14.3748,15.20585439952158,0.065764144106987,3.449021522667336e-06,1.5,14.249877624934914,0.0701760412489554
12.0,14.3748,15.85346756559921,0.0630776829019994,2.189752804854148e-06,1.5,14.495047374330271,0.0689890811789225
13.5,14.3748,16.536582491329145,0.0604719869129152,1.4927237733748547e-06,1.5,14.700632178260667,0.0680242854779267
15.0,14.3748,17.236421151238023,0.05801668404512,9.325669138567496e-07,1.5,14.963995300883724,0.0668270725760615
16.5,14.3748,17.934762628585165,0.0557576378739553,5.422167267545034e-07,1.5,15.27069196869978,0.0654849172552031
18.0,14.3748,18.61517993694025,0.0537195989180628,3.462964775854657e-07,1.5,15.521628802685328,0.0644262282465481
19.5,14.3748,19.264213943878737,0.0519097224996171,2.363070940526599e-07,nan,15.734581493943006,0.0635542801303579
nan,nan,nan,nan,1.479642401526843e-07,nan,16.001338179554235,0.0624947731732683
nan,nan,nan,nan,8.638472187317779e-08,nan,16.3044186928765,0.0613330667493779
nan,nan,nan,nan,5.53133833409332e-08,nan,16.555117628764844,0.0604042823750451
Name:	379.26901907322497_8_210_0.025
Lambda:	379.26901907322497	Maximal Depth:	20	Filter time:	8 to 210 [us]
Chi2:	0.6167463828844566	RelRMS:	10.560216651166256	AbsRMS:	4.685104110254029e-07	Phi model:	0.0147413043389516
depth_vector,start_model,resistivity_model,conductivity_model,E/I[V/A],modelled_thickness,rhoa,sigma
0.0,14.3748,12.377624946326168,0.0807909436855907,0.0002406445918896,1.0,12.631012637672344,0.0791702160931636
1.0,14.3748,12.43714831908272,0.0804042835499249,0.000139226204311,1.0,12.780866273237868,0.0782419578314438
2.0,14.3748,12.557467402093645,0.079633891769711,8.84396140127228e-05,1.0,12.909739025570635,0.0774608997144927
3.0,14.3748,12.739654819440986,0.0784950623994912,6.025093670164278e-05,1.0,13.0169750146502,0.0768227640350028
4.0,14.3748,12.984500375854706,0.077014900154306,3.7654271371182526e-05,1.0,13.181594024885618,0.0758633590225957
5.0,14.3748,13.29236995421771,0.0752311290946801,2.190711080852077e-05,1.0,13.38593254858549,0.0747052920198429
6.0,14.3748,13.663025345778726,0.073190232374776,1.394688832790513e-05,1.5,13.577514965449543,0.0736511800977337
7.5,14.3748,14.118577134288133,0.0708286671162788,9.496084573039954e-06,1.5,13.751660936904209,0.0727184886675311
9.0,14.3748,14.649543924319545,0.0682615107450486,5.926092589225877e-06,1.5,13.975316402018253,0.0715547305859626
10.5,14.3748,15.242840428349696,0.0656045705326764,3.448444654455416e-06,1.5,14.251466761116465,0.0701682161395757
12.0,14.3748,15.88233286914629,0.0629630425353093,2.1900329548327584e-06,1.5,14.493811206084764,0.0689949652152349
13.5,14.3748,16.549906037300584,0.0604233037786544,1.493343991341486e-06,1.5,14.696561570064308,0.0680431266342542
15.0,14.3748,17.22686961252816,0.0580488517352424,9.333197954825112e-07,1.5,14.95594687533722,0.0668630350412001
16.5,14.3748,17.89544569991659,0.055880139381198,5.429202559033828e-07,1.5,15.25749703089392,0.0655415497034123
18.0,14.3748,18.540065455084463,0.0539372421538974,3.46892551868869e-07,1.5,15.503842900563107,0.0645001375732257
19.5,14.3748,19.14826554801692,0.0522240511806336,2.36800645213088e-07,nan,15.712710717087596,0.063642742363512
nan,nan,nan,nan,1.4834012582932442e-07,nan,15.974295746713336,0.0626005688047779
nan,nan,nan,nan,8.664813092146176e-08,nan,16.27135846567184,0.0614576835799991
nan,nan,nan,nan,5.5504530521024976e-08,nan,16.517087302110678,0.0605433622592896
Name:	483.2930238571752_8_210_0.025
Lambda:	483.2930238571752	Maximal Depth:	20	Filter time:	8 to 210 [us]
Chi2:	0.639613468553724	RelRMS:	10.732953406521792	AbsRMS:	4.6884538295079734e-07	Phi model:	0.014258114904105
depth_vector,start_model,resistivity_model,conductivity_model,E/I[V/A],modelled_thickness,rhoa,sigma
0.0,14.3748,12.358280584968506,0.0809174053886031,0.0002406672042828,1.0,12.630221443050209,0.0791751755508808
1.0,14.3748,12.42057418221523,0.0805115758200518,0.0001391935991095,1.0,12.782862085572235,0.0782297417671962
2.0,14.3748,12.546292011423889,0.0797048242691514,8.839800444260369e-05,1.0,12.91378984520835,0.0774366016472731
3.0,14.3748,12.73610390182674,0.0785169473889554,6.021314005431164e-05,1.0,13.0224217389089,0.0767906323454539
4.0,14.3748,12.990178294354298,0.0769812374657408,3.762562262067511e-05,1.0,13.18828429365072,0.0758248743910861
5.0,14.3748,13.308087875908026,0.0751422750829836,2.188932750326872e-05,1.0,13.39318155776568,0.0746648580613152
6.0,14.3748,13.688679750801937,0.0730530641526197,1.3936194554190145e-05,1.5,13.5844597742585,0.0736135272670115
7.5,14.3748,14.151906846439037,0.0706618557379512,9.48976908320974e-06,1.5,13.757761460802804,0.0726862435323578
9.0,14.3748,14.686215771095757,0.0680910600515703,5.923342222381244e-06,1.5,13.979642143744435,0.0715325892978939
10.5,14.3748,15.276874745747952,0.0654584145411241,3.4479595003760143e-06,1.5,14.252803589483165,0.0701616347774467
12.0,14.3748,15.906700345192167,0.0628665894433758,2.190463779035385e-06,1.5,14.49191069855359,0.0690040133976127
13.5,14.3748,16.557188553724618,0.0603967271831935,1.4941195609348e-06,1.5,14.69147532266038,0.0680666834363178
15.0,14.3748,17.20988126510116,0.0581061533543428,9.342097897183032e-07,1.5,14.94644663887717,0.0669055344163811
16.5,14.3748,17.847731156621936,0.0560295306571208,5.437296892264906e-07,1.5,15.242351033466775,0.0656066769361469
18.0,14.3748,18.45622928617666,0.0541822484156598,3.4756959809874065e-07,1.5,15.48370260968771,0.0645840355635821
19.5,14.3748,19.02412893769889,0.0525648245591084,2.3735694380652747e-07,nan,15.688150304155752,0.063742377566022
nan,nan,nan,nan,1.4876083601270272e-07,nan,15.944163619694146,0.0627188746836996
nan,nan,nan,nan,8.694120868454427e-08,nan,16.23477085524835,0.0615961881394046
nan,nan,nan,nan,5.5716414355164297e-08,nan,16.47518551842384,0.0606973438254593
Name:	615.8482110660261_8_210_0.025
Lambda:	615.8482110660261	Maximal Depth:	20	Filter time:	8 to 210 [us]
Chi2:	0.6671910076564093	RelRMS:	10.926133407452255	AbsRMS:	4.4517095726751485e-07	Phi model:	0.0137527844948137
depth_vector,start_model,resistivity_model,conductivity_model,E/I[V/A],modelled_thickness,rhoa,sigma
0.0,14.3748,12.344374593292228,0.0810085591977569,0.0002405935457052,1.0,12.632799169952456,0.0791590198297883
1.0,14.3748,12.409165920197053,0.0805855934581718,0.0001391114539996,1.0,12.787893764682371,0.0781989605482805
2.0,14.3748,12.539739797486918,0.0797464713103863,8.83286127320868e-05,1.0,12.92055241547796,0.0773960716108443
3.0,14.3748,12.736376172124375,0.0785152689026775,6.015869816937572e-05,1.0,13.030277164843778,0.0767443383858358
4.0,14.3748,12.99864181488642,0.0769311143610997,3.7588427627327645e-05,1.0,13.196983021999882,0.0757748947871616
5.0,14.3748,13.325338993362092,0.0750449951403219,2.1867865032478237e-05,1.0,13.40194338759314,0.0746160441869759
6.0,14.3748,13.714422867676998,0.0729159374512843,1.3923860298158616e-05,1.5,13.592480992199636,0.0735700863274242
7.5,14.3748,14.183686229371329,0.0705035336955789,9.48274479557758e-06,1.5,13.764554609759426,0.0726503710691063
9.0,14.3748,14.719587641180093,0.0679366857535031,5.920459624616381e-06,1.5,13.98417945091159,0.0715093798324229
10.5,14.3748,15.305847684274898,0.0653345061722645,3.447601633188454e-06,1.5,14.253789883345794,0.0701567799289931
12.0,14.3748,15.924353725874244,0.0627968969550819,2.191081458285059e-06,1.5,14.489186998462028,0.0690169848802521
13.5,14.3748,16.55635579701215,0.0603997650364862,1.495081427174093e-06,1.5,14.68517343634381,0.0680958930675708
15.0,14.3748,17.183785441923543,0.0581943951395182,9.352601086711744e-07,1.5,14.935254404183198,0.0669556723265397
16.5,14.3748,17.79048402335573,0.0562098253587242,5.446604414826158e-07,1.5,15.224981316877438,0.065681525591855
18.0,14.3748,18.36314568846325,0.0544569006294088,3.483381803561039e-07,1.5,15.460918468043474,0.0646792104923729
19.5,14.3748,18.891853837308023,0.052932867711753,2.3798350568932322e-07,nan,15.660602413842597,0.0638545040333881
nan,nan,nan,nan,1.492312421955362e-07,nan,15.910639902028787,0.0628510233502606
nan,nan,nan,nan,8.726686534556489e-08,nan,16.194356470638752,0.0617499066303162
nan,nan,nan,nan,5.595091657999806e-08,nan,16.42911929104785,0.0608675353976457
Name:	784.7599703514607_8_210_0.025
Lambda:	784.7599703514607	Maximal Depth:	20	Filter time:	8 to 210 [us]
Chi2:	0.7013392606624992	RelRMS:	11.143647185792156	AbsRMS:	3.930740873785114e-07	Phi model:	0.0132140413600317
depth_vector,start_model,resistivity_model,conductivity_model,E/I[V/A],modelled_thickness,rhoa,sigma
0.0,14.3748,12.337221765785449,0.0810555260320665,0.0002403999313811,1.0,12.639581098332815,0.0791165460485001
1.0,14.3748,12.40419040454337,0.0806179176057893,0.0001389678543924,1.0,12.796701654910605,0.0781451366896766
2.0,14.3748,12.53893770882193,0.0797515725192922,8.82249048785372e-05,1.0,12.930675788062835,0.0773354785465401
3.0,14.3748,12.741457499283213,0.0784839568044908,6.008377783729022e-05,1.0,13.041106820338776,0.0766806080018001
4.0,14.3748,13.010626834978812,0.0768602476024844,3.75407749679294e-05,1.0,13.20814845245653,0.0757108389264063
5.0,14.3748,13.344491529865174,0.0749372876262827,2.18419317579346e-05,1.0,13.412549517151264,0.0745570406820308
6.0,14.3748,13.740191169127256,0.0727791911838092,1.3909546585795429e-05,1.5,13.6018043495352,0.0735196577088077
7.5,14.3748,14.213299469776857,0.0703566404216275,9.474872514597576e-06,1.5,13.772177821697476,0.0726101574454363
9.0,14.3748,14.74851876119121,0.0678034191902287,5.917424238436051e-06,1.5,13.988961233797273,0.0714849361069072
10.5,14.3748,15.328170357572672,0.0652393584277959,3.4474003990537227e-06,1.5,14.254344566263734,0.0701540499004588
12.0,14.3748,15.933349711594408,0.0627614417621373,2.191924948340449e-06,1.5,14.48546963605066,0.0690346965010546
13.5,14.3748,16.54532248544157,0.0604400428507762,1.496266945124594e-06,1.5,14.677415535228306,0.0681318858623188
15.0,14.3748,17.146520336282638,0.0583208709631869,9.365018284325836e-07,1.5,14.922049588379586,0.0670149227207193
16.5,14.3748,17.721835864767808,0.0564275624506864,5.457353106899473e-07,1.5,15.204983538991506,0.0657679107271382
18.0,14.3748,18.259333272541465,0.0547665122857365,3.492151300091561e-07,1.5,15.435023965525115,0.0647877192956453
19.5,14.3748,18.75037798349081,0.0533322582019665,2.386930404549033e-07,nan,15.629552062250092,0.0639813601833983
nan,nan,nan,nan,1.49760173585226e-07,nan,15.873155087617867,0.0629994474620907
nan,nan,nan,nan,8.763078531909086e-08,nan,16.14948992110651,0.0619214603609897
nan,nan,nan,nan,5.621193227013626e-08,nan,16.378221634003037,0.0610566899353643
Name:	1000.0_8_210_0.025
Lambda:	1000	Maximal Depth:	20	Filter time:	8 to 210 [us]
Chi2:	0.7446933973411619	RelRMS:	11.388273892090725	AbsRMS:	3.081930886546021e-07	Phi model:	0.0126321862853012
depth_vector,start_model,resistivity_model,conductivity_model,E/I[V/A],modelled_thickness,rhoa,sigma
0.0,14.3748,12.340470926846775,0.0810341846699296,0.0002400454725048,1.0,12.65202071317151,0.0790387577344811
1.0,14.3748,12.408918537012443,0.0805872000059691,0.0001387438816697,1.0,12.810469668834028,0.0780611504379774
2.0,14.3748,12.546541867816735,0.0797032369983246,8.807725054708208e-05,1.0,12.9451232359412,0.0772491680282789
3.0,14.3748,12.752917975030744,0.0784134267904745,5.9983087616182645e-05,1.0,13.05569698656444,0.0765949149271077
4.0,14.3748,13.02653479778504,0.0767663861129081,3.748026279251183e-05,1.0,13.22236106862356,0.0756294579167848
5.0,14.3748,13.36481296851279,0.0748233441317868,2.181065573478514e-05,1.0,13.425368664550309,0.0744858502575426
6.0,14.3748,13.764107498563128,0.0726527310328252,1.389293668614054e-05,1.5,13.612643411929666,0.0734611177079415
7.5,14.3748,14.238119330785135,0.0702339948674146,9.466054887847626e-06,1.5,13.780729013619547,0.0725651015277708
9.0,14.3748,14.769901086910084,0.0677052604560944,5.91425065461515e-06,1.5,13.993965099226749,0.0714593750169675
10.5,14.3748,15.34063640922436,0.0651863438598086,3.4474043035411167e-06,1.5,14.254333803399028,0.0701541028709138
12.0,14.3748,15.930879465011484,0.0627711735686827,2.1930414829577515e-06,1.5,14.480552598494356,0.0690581380232669
13.5,14.3748,16.521856156173584,0.0605258870763342,1.497715598134627e-06,1.5,14.66794960308676,0.0681758546395303
15.0,14.3748,17.09666045330236,0.0584909551623482,9.379639203708084e-07,1.5,14.906538628949248,0.0670846549216965
16.5,14.3748,17.64118631135697,0.05668553023309,5.469731211097834e-07,1.5,15.18203543648514,0.0658673208993322
18.0,14.3748,18.144688953987,0.0551125457447021,3.502131356469734e-07,1.5,15.405686466121317,0.0649110964447512
19.5,14.3748,18.59994712730856,0.0537635936895645,2.394944550438476e-07,nan,15.594665388933064,0.0641244922580808
nan,nan,nan,nan,1.5035331199986208e-07,nan,15.831381573890267,0.0631656811082893
nan,nan,nan,nan,8.803630324322519e-08,nan,16.099859292472985,0.062112344079151
nan,nan,nan,nan,5.650158715573045e-08,nan,16.322198493313177,0.0612662565284741
