Name:	5.000000000000001_8_210_0.015
Lambda:	5.000000000000001	Maximal Depth:	20	Filter time:	8.0 to 210.0 [us]
Chi2:	1.271975444018303	RelRMS:	1.6917283319260166	AbsRMS:	3.47996309704481e-07	Phi model:	0.586473343114846
depth_vector,start_model,resistivity_model,conductivity_model,E/I[V/A],modelled_thickness,rhoa,sigma,rel_err
0.0,15.2054,25.00922123752658,0.039985251459949106,0.00017749406870556765,1.0,15.472708503515978,0.06462992563795554,0.015
1.0,15.2054,23.738064106889198,0.0421264343839135,0.00010796395447408929,1.0,15.14218068266783,0.06604068601193146,0.015
2.0,15.2054,21.48905530888982,0.046535316961388684,7.084048604830572e-05,1.0,14.967904391151238,0.06680961969473712,0.015
3.0,15.2054,18.669362003487176,0.05356369434655635,4.929918074287888e-05,1.0,14.879653061989051,0.06720586802890981,0.015
4.0,15.2054,15.714420867832787,0.06363581632505382,3.149308837771286e-05,1.0,14.849115866225157,0.0673440768466583,0.015
5.0,15.2054,13.013720459831232,0.07684197636537896,1.869065197961376e-05,1.0,14.880667118119703,0.06720128822600517,0.015
6.0,15.2054,10.868375616372541,0.09201006988510421,1.2072012418285735e-05,1.5,14.949226549617117,0.06689309287547135,0.015
7.5,15.2054,9.801347302496643,0.10202678969913408,8.316875676252231e-06,1.5,15.02258714397474,0.06656643029699981,0.015
9.0,15.2054,10.26962501118061,0.09737453888640464,5.2660724441459335e-06,1.5,15.11991621767396,0.06613793261837528,0.015
10.5,15.2054,12.583284303484199,0.07947050832532719,3.119772952489949e-06,1.5,15.235606430448724,0.06563572015101914,0.015
12.0,15.2054,16.70984180065481,0.05984497112119953,2.014127681994043e-06,1.5,15.325866364726826,0.06524916609618528,0.015
13.5,15.2054,21.861722285696736,0.04574205028001205,1.3939177618582621e-06,1.5,15.387363367095324,0.06498839184745725,0.015
15.0,15.2054,26.225399112192072,0.03813097355437784,8.883076501271142e-07,1.5,15.457003210161005,0.06469559373207788,0.015
16.5,15.2054,27.373019958901285,0.036532322758008856,5.29147046838182e-07,1.5,15.52112058785039,0.06442833778269716,0.015
18.0,15.2054,23.533841112062046,0.042492000997128326,3.4500603552000486e-07,1.5,15.560308893287557,0.06426607639077027,0.015
19.5,15.2054,15.18843557294969,0.06583956558244752,2.3965898318722105e-07,nan,15.587527315858479,0.06415385710231394,0.015
nan,nan,nan,nan,1.533754581829471e-07,nan,15.622729046588036,0.06400930317730867,0.015
nan,nan,nan,nan,9.176863067875017e-08,nan,15.66031323926179,0.0638556831349268,0.015
nan,nan,nan,nan,5.992326853717035e-08,nan,15.694786921855252,0.06371542378874118,0.015
Name:	5.8538995686138975_8_210_0.015
Lambda:	5.8538995686138975	Maximal Depth:	20	Filter time:	8.0 to 210.0 [us]
Chi2:	1.2843898607874493	RelRMS:	1.6999638780785198	AbsRMS:	3.2261679637687644e-07	Phi model:	0.5454924675039996
depth_vector,start_model,resistivity_model,conductivity_model,E/I[V/A],modelled_thickness,rhoa,sigma,rel_err
0.0,15.2054,24.784158429759025,0.04034835408408592,0.00017764977382384159,1.0,15.463666247985925,0.06466771747160836,0.015
1.0,15.2054,23.545638258048708,0.0424707110947891,0.0001079744079114078,1.0,15.141203349897443,0.06604494879905126,0.015
2.0,15.2054,21.344908568268764,0.046849579926830656,7.081925721352718e-05,1.0,14.970895435386268,0.06679627176049398,0.015
3.0,15.2054,18.575099896504085,0.05383551127971077,4.927609093229379e-05,1.0,14.88430090828113,0.06718488198821843,0.015
4.0,15.2054,15.665029842153528,0.06383645674961104,3.147619231593121e-05,1.0,14.854429281858085,0.06731998793257668,0.015
5.0,15.2054,13.004693286999963,0.07689531601638325,1.8682282649914343e-05,1.0,14.885110968825249,0.06718122572914358,0.015
6.0,15.2054,10.898001614340375,0.09175994236265556,1.2068472432570773e-05,1.5,14.952149728831312,0.06688001512396317,0.015
7.5,15.2054,9.87644528989557,0.10125100384275745,8.315741461653903e-06,1.5,15.023953103575877,0.06656037815786234,0.015
9.0,15.2054,10.380494724267425,0.09633452225183538,5.266378548910458e-06,1.5,15.11933032192194,0.06614049555819758,0.015
10.5,15.2054,12.677555272405561,0.07887956143852413,3.12053529897077e-06,1.5,15.233124957923415,0.06564641219462039,0.015
12.0,15.2054,16.682416029035544,0.05994335582205312,2.0148289549939465e-06,1.5,15.322309986797634,0.06526431072479563,0.015
13.5,15.2054,21.58745327803151,0.04632320390555985,1.3944620145585719e-06,1.5,15.383359357504487,0.06500530714782844,0.015
15.0,15.2054,25.66647331408628,0.0389613324652273,8.886506901081848e-07,1.5,15.453025110669996,0.06471224843280171,0.015
16.5,15.2054,26.689662790147615,0.037467689564408664,5.293101090892312e-07,1.5,15.51793274165353,0.0644415732848088,0.015
18.0,15.2054,23.067545271012655,0.043350949927759716,3.450727654724036e-07,1.5,15.558302800188594,0.06427436288152705,0.015
19.5,15.2054,15.230573523775952,0.06565740931810168,2.396751752777265e-07,nan,15.586825261519733,0.06415674668970395,0.015
nan,nan,nan,nan,1.5335807218046644e-07,nan,15.623909776410798,0.06400446586742418,0.015
nan,nan,nan,nan,9.173693198688918e-08,nan,15.663920531324727,0.06384097761478033,0.015
nan,nan,nan,nan,5.989043843087248e-08,nan,15.700521999360445,0.06369214985595605,0.015
Name:	6.853628031883595_8_210_0.015
Lambda:	6.853628031883595	Maximal Depth:	20	Filter time:	8.0 to 210.0 [us]
Chi2:	1.2979076431087087	RelRMS:	1.7088862446033655	AbsRMS:	2.991714554159879e-07	Phi model:	0.5072774510976896
depth_vector,start_model,resistivity_model,conductivity_model,E/I[V/A],modelled_thickness,rhoa,sigma,rel_err
0.0,15.2054,24.504319666102887,0.04080913135422861,0.00017779626435159438,1.0,15.455171162064365,0.06470326271471903,0.015
1.0,15.2054,23.32614165863683,0.04287035612808842,0.00010797704652582884,1.0,15.140956680433801,0.06604602477281173,0.015
2.0,15.2054,21.191861529953336,0.047187926298336944,7.079280041841946e-05,1.0,14.974625167262438,0.06677963480422885,0.015
3.0,15.2054,18.481703494578205,0.054107566453133506,4.9249623281096374e-05,1.0,14.889633161683621,0.0671608218376635,0.015
4.0,15.2054,15.614522577216952,0.06404294432025052,3.1457357377853406e-05,1.0,14.860358034657486,0.06729312965863873,0.015
5.0,15.2054,13.004610966884837,0.07689580276921909,1.8672926863939125e-05,1.0,14.890082526020258,0.06715879500684505,0.015
6.0,15.2054,10.944286748530809,0.09137187493138763,1.2064363378793578e-05,1.5,14.955544614428367,0.06686483346352025,0.015
7.5,15.2054,9.971733202731077,0.1002834692494699,8.314238980628517e-06,1.5,15.025763052724365,0.06655236053510688,0.015
9.0,15.2054,10.48721199583608,0.09535422764382444,5.266459756659702e-06,1.5,15.11917489683593,0.06614117548235224,0.015
10.5,15.2054,12.739595230294505,0.0784954295582343,3.1211619432885795e-06,1.5,15.231085958597637,0.06565520033950832,0.015
12.0,15.2054,16.632783570564268,0.060122227633006765,2.0154379772049767e-06,1.5,15.319223115277369,0.06527746168816695,0.015
13.5,15.2054,21.32639079988286,0.04689025955603762,1.3949387059036375e-06,1.5,15.37985452872467,0.06502012084264637,0.015
15.0,15.2054,25.155823028698176,0.03975222750053471,8.889472772187745e-07,1.5,15.449587769239058,0.06472664610450336,0.015
16.5,15.2054,26.068783648289408,0.03836005597697376,5.294430060454093e-07,1.5,15.5153358334685,0.06445235931296286,0.015
18.0,15.2054,22.64078942872088,0.04416807122155618,3.451185028577251e-07,1.5,15.55692817707079,0.06428004221771047,0.015
19.5,15.2054,15.273916619223488,0.06547109198837822,2.3967603567956723e-07,nan,15.58678795855191,0.06415690023237508,0.015
nan,nan,nan,nan,1.5333032616557168e-07,nan,15.625794544506661,0.06399674571118406,0.015
nan,nan,nan,nan,9.169869827824716e-08,nan,15.668274269345455,0.06382323814413131,0.015
nan,nan,nan,nan,5.985318131921054e-08,nan,15.707036779008574,0.06366573237648711,0.015
Name:	8.024090035856696_8_210_0.015
Lambda:	8.024090035856696	Maximal Depth:	20	Filter time:	8.0 to 210.0 [us]
Chi2:	1.315586662035302	RelRMS:	1.7204853935966529	AbsRMS:	2.743837860154646e-07	Phi model:	0.464421057191475
depth_vector,start_model,resistivity_model,conductivity_model,E/I[V/A],modelled_thickness,rhoa,sigma,rel_err
0.0,15.2054,24.199121504125483,0.04132381416530015,0.00017801038243989338,1.0,15.442775272843178,0.06475519991270905,0.015
1.0,15.2054,23.039859336319456,0.043403042761794346,0.00010799960170425174,1.0,15.138848531501523,0.0660552219621697,0.015
2.0,15.2054,20.963038137231347,0.04770300914655842,7.077265211282598e-05,1.0,14.977467121991179,0.06676696345617182,0.015
3.0,15.2054,18.333154327094675,0.054545987131199465,4.92256210960815e-05,1.0,14.894472845912775,0.06713899916735974,0.015
4.0,15.2054,15.558735010307455,0.06427257738739771,3.1439544211804685e-05,1.0,14.865970606157617,0.06726772348021401,0.015
5.0,15.2054,13.019230677909956,0.07680945400996114,1.8664484267210516e-05,1.0,14.894572389759556,0.06713855046201452,0.015
6.0,15.2054,11.014397654417822,0.09079025756791201,1.2061205343000926e-05,1.5,14.958155082343747,0.06685316434380176,0.015
7.5,15.2054,10.079511029545566,0.099211161837985,8.313640855713967e-06,1.5,15.02648372979284,0.06654916865329653,0.015
9.0,15.2054,10.621802040081121,0.09414598353711766,5.267308682834952e-06,1.5,15.117550359665945,0.0661482830358567,0.015
10.5,15.2054,12.833881442260727,0.07791875002889594,3.122352982126599e-06,1.5,15.227212390908914,0.06567190200860591,0.015
12.0,15.2054,16.547875411769432,0.06043071845276069,2.0164507554115613e-06,1.5,15.314093219158552,0.06529932825202862,0.015
13.5,15.2054,20.96314545750333,0.047702764932257356,1.3957063169979986e-06,1.5,15.374214932848094,0.06504397163483316,0.015
15.0,15.2054,24.53844860237791,0.040752372580844194,8.894292643985182e-07,1.5,15.444005780692624,0.06475004051411024,0.015
16.5,15.2054,25.38754230077451,0.03938939768775856,5.296794888405178e-07,1.5,15.510717464388922,0.06447155022299268,0.015
18.0,15.2054,22.206661271640126,0.04503153300568819,3.4522505713209526e-07,1.5,15.55372689828393,0.06429327238028924,0.015
19.5,15.2054,15.323195618540959,0.06526053865617998,2.397139986969035e-07,nan,15.585142283221888,0.06416367472477587,0.015
nan,nan,nan,nan,1.5332159018083168e-07,nan,15.62638809173092,0.06399431488132398,0.015
nan,nan,nan,nan,9.166820990710606e-08,nan,15.671748201296072,0.06380909054659893,0.015
nan,nan,nan,nan,5.981891887127544e-08,nan,15.713033880252773,0.06364143345078266,0.015
Name:	9.394443439884116_8_210_0.015
Lambda:	9.394443439884116	Maximal Depth:	20	Filter time:	8.0 to 210.0 [us]
Chi2:	1.335054403021653	RelRMS:	1.7331683146188426	AbsRMS:	2.5535685826774035e-07	Phi model:	0.4243553504771626
depth_vector,start_model,resistivity_model,conductivity_model,E/I[V/A],modelled_thickness,rhoa,sigma,rel_err
0.0,15.2054,23.850821769350418,0.04192727653875027,0.00017820786577402983,1.0,15.431364424908047,0.06480308367197146,0.015
1.0,15.2054,22.73701662719124,0.0439811438939662,0.00010801015089283744,1.0,15.137862789781426,0.06605952332155066,0.015
2.0,15.2054,20.735754163949842,0.04822588038483551,7.074452937900596e-05,1.0,14.981436139553775,0.06674927494833517,0.015
3.0,15.2054,18.194126962630676,0.05496279112781406,4.919629285550007e-05,1.0,14.900391791788888,0.06711232925774924,0.015
4.0,15.2054,15.506292310649586,0.06448994898111193,3.141853004397816e-05,1.0,14.87259856715135,0.06723774567604274,0.015
5.0,15.2054,13.042458573420946,0.07667266063147686,1.8654298389411725e-05,1.0,14.899993856617732,0.06711412163138958,0.015
6.0,15.2054,11.098237582913713,0.09010439653405417,1.2056991548259202e-05,1.5,14.961640027109357,0.06683759254921759,0.015
7.5,15.2054,10.205165168135837,0.09798959483011176,8.312344476099412e-06,1.5,15.02804602636122,0.06654225028628906,0.015
9.0,15.2054,10.751900140223562,0.09300681618674402,5.2677306612836744e-06,1.5,15.116743008134822,0.06615181586813157,0.015
10.5,15.2054,12.900493353390825,0.07751641527237836,3.123295553345705e-06,1.5,15.22414864965424,0.06568511796702085,0.015
12.0,15.2054,16.455073202528844,0.060771531532677614,2.0173032004632164e-06,1.5,15.309778765238443,0.06531773027775856,0.015
13.5,15.2054,20.62710674358313,0.0484798964988674,1.3963623078986999e-06,1.5,15.369399499266349,0.06506435076059637,0.015
15.0,15.2054,23.969554370517113,0.0417195908001533,8.89839257556977e-07,1.5,15.439261535785658,0.06476993719435124,0.015
16.5,15.2054,24.75408001799877,0.04039738092762473,5.298723572313736e-07,1.5,15.506953402361473,0.06448719964862441,0.015
18.0,15.2054,21.798433029522137,0.045874857089299774,3.453027713212281e-07,1.5,15.551393119121482,0.06430292079559309,0.015
19.5,15.2054,15.373695387720842,0.06504616975816446,2.3973169790267756e-07,nan,15.584375181118311,0.0641668330220629,0.015
nan,nan,nan,nan,1.532997196465501e-07,nan,15.627874284189335,0.06398822909726734,0.015
nan,nan,nan,nan,9.162976466690523e-08,nan,15.676131507686724,0.0637912484664762,0.015
nan,nan,nan,nan,5.977941708983347e-08,nan,15.719955153183939,0.06361341303174511,0.015
Name:	10.998825680021056_8_210_0.015
Lambda:	10.998825680021056	Maximal Depth:	20	Filter time:	8.0 to 210.0 [us]
Chi2:	1.3573911648288626	RelRMS:	1.7476069697918177	AbsRMS:	2.4336757508072344e-07	Phi model:	0.3850872064168692
depth_vector,start_model,resistivity_model,conductivity_model,E/I[V/A],modelled_thickness,rhoa,sigma,rel_err
0.0,15.2054,23.47487145627659,0.042598742313139495,0.00017841816368584487,1.0,15.41923628172035,0.06485405513796487,0.015
1.0,15.2054,22.409860901595653,0.04462321316455815,0.00010802108106953455,1.0,15.136841616852651,0.06606397987851355,0.015
2.0,15.2054,20.49083342634177,0.048802309754490555,7.071463016764268e-05,1.0,14.985658760012475,0.06673046650897899,0.015
3.0,15.2054,18.046412649116565,0.055412675053119406,4.916531827005188e-05,1.0,14.90664938727659,0.0670841564740591,0.015
4.0,15.2054,15.454945453260994,0.06470420766117942,3.139643520007253e-05,1.0,14.87957535101257,0.06720621902236941,0.015
5.0,15.2054,13.075379286921036,0.07647961700050064,1.864365602724349e-05,1.0,14.905663561755762,0.06708859326234573,0.015
6.0,15.2054,11.197260413763052,0.08930755944292011,1.2052626051952005e-05,1.5,14.965252575487414,0.06682145823839732,0.015
7.5,15.2054,10.34507654027628,0.09666434038517936,8.31102861309795e-06,1.5,15.029632218146546,0.06653522757480489,0.015
9.0,15.2054,10.888603101722383,0.09183914508205536,5.268200934426717e-06,1.5,15.11584338362601,0.06615575291572771,0.015
10.5,15.2054,12.961995063887692,0.07714861756011732,3.1242970948601066e-06,1.5,15.22089491904109,0.06569915930166606,0.015
12.0,15.2054,16.34811414022736,0.061169134948680544,2.018202880123464e-06,1.5,15.305228538811114,0.06533714916207833,0.015
13.5,15.2054,20.27890745435498,0.049312321299895566,1.3970526487222581e-06,1.5,15.364335983143997,0.06508579356095091,0.015
15.0,15.2054,23.40218630478292,0.042731050294887225,8.902697135923102e-07,1.5,15.434284423129654,0.06479082363555583,0.015
16.5,15.2054,24.13641919629319,0.04143116639909774,5.300744564420338e-07,1.5,15.503011638857384,0.0645035960299197,0.015
18.0,15.2054,21.405768063020364,0.04671638023246429,3.4538407666282276e-07,1.5,15.54895243346417,0.06431301428691867,0.015
19.5,15.2054,15.426654287040403,0.06482286965100904,2.3975014544215677e-07,nan,15.583575745903888,0.06417012477145036,0.015
nan,nan,nan,nan,1.5327678055175326e-07,nan,15.629433469462686,0.06398184566023034,0.015
nan,nan,nan,nan,9.158952996508572e-08,nan,15.680722121972513,0.06377257324130221,0.015
nan,nan,nan,nan,5.973810695652347e-08,nan,15.727201433704614,0.0635841032630842,0.015
Name:	12.87720418070694_8_210_0.015
Lambda:	12.87720418070694	Maximal Depth:	20	Filter time:	8.0 to 210.0 [us]
Chi2:	1.3787655671970096	RelRMS:	1.7613127281074392	AbsRMS:	2.418308515875469e-07	Phi model:	0.35263572618820666
depth_vector,start_model,resistivity_model,conductivity_model,E/I[V/A],modelled_thickness,rhoa,sigma,rel_err
0.0,15.2054,23.16854925971896,0.04316196015512325,0.00017860796694742592,1.0,15.408310528233848,0.06490004197200089,0.015
1.0,15.2054,22.147085633764398,0.04515266778376688,0.00010803423581593047,1.0,15.135612837522299,0.06606934325915938,0.015
2.0,15.2054,20.290481243445388,0.049284193312223126,7.069163635912228e-05,1.0,14.988908165538232,0.0667160001886696,0.015
3.0,15.2054,17.90814946209796,0.055840498881052386,4.9141103613753654e-05,1.0,14.911545895863322,0.06706212803042871,0.015
4.0,15.2054,15.388446804824905,0.06498381628004583,3.137945369216144e-05,1.0,14.884943085037635,0.06718198345045749,0.015
5.0,15.2054,13.085888118393532,0.0764181988224704,1.863602279541856e-05,1.0,14.909733479496877,0.06707028005397617,0.015
6.0,15.2054,11.287117129936885,0.08859658214653363,1.2049978932676341e-05,1.5,14.967444189735676,0.06681167387854879,0.015
7.5,15.2054,10.489148765425833,0.09533662095595252,8.310697594131686e-06,1.5,15.030031307010642,0.06653346088065416,0.015
9.0,15.2054,11.017110299291945,0.09076790309199942,5.269111841150029e-06,1.5,15.114101215237984,0.06616337854028684,0.015
10.5,15.2054,12.999957015025005,0.07692333127288241,3.125433461983312e-06,1.5,15.217205281943041,0.06571508903718443,0.015
12.0,15.2054,16.22229304379153,0.06164356649830784,2.0191286192840343e-06,1.5,15.30055004130166,0.06535712750853022,0.015
13.5,15.2054,19.966273736901236,0.05008445808051913,1.3977317242905836e-06,1.5,15.359359162470067,0.0651068830035212,0.015
15.0,15.2054,22.93718203012527,0.043597334610965655,8.906757535843083e-07,1.5,15.429593293609694,0.06481052228474221,0.015
16.5,15.2054,23.638952723729957,0.04230305850208627,5.302550697519269e-07,1.5,15.499491057428866,0.06451824748921046,0.015
18.0,15.2054,21.08718244721514,0.047422172331612944,3.454500405874898e-07,1.5,15.546972981635548,0.06432120266634693,0.015
19.5,15.2054,15.47698273634946,0.06461207698134766,2.397581628388178e-07,nan,15.58322833915868,0.06417155535654487,0.015
nan,nan,nan,nan,1.5324801338134256e-07,nan,15.631389342606349,0.06397383994999781,0.015
nan,nan,nan,nan,9.154681918110366e-08,nan,15.685598926176372,0.0637527457323408,0.015
nan,nan,nan,nan,5.969588501238603e-08,nan,15.734616291732385,0.06355413957729883,0.015
Name:	15.076371999678692_8_210_0.015
Lambda:	15.076371999678692	Maximal Depth:	20	Filter time:	8.0 to 210.0 [us]
Chi2:	1.4115213128019537	RelRMS:	1.7821119363845794	AbsRMS:	2.520045570709972e-07	Phi model:	0.3100523014920072
depth_vector,start_model,resistivity_model,conductivity_model,E/I[V/A],modelled_thickness,rhoa,sigma,rel_err
0.0,15.2054,22.664019033974533,0.04412280092515579,0.00017887759872553785,1.0,15.39282278827754,0.06496534220880874,0.015
1.0,15.2054,21.703815326065282,0.04607484836083387,0.00010804655024396221,1.0,15.134462777939788,0.06607436383256461,0.015
2.0,15.2054,19.961989256201413,0.05009520780547154,7.065186721488738e-05,1.0,14.994532363601301,0.06669097613390497,0.015
3.0,15.2054,17.732281431205404,0.056394322630149124,4.9100316126014364e-05,1.0,14.9198027377582,0.06702501484615853,0.015
4.0,15.2054,15.358001039169723,0.06511264046991246,3.135029867521031e-05,1.0,14.894170079151875,0.06714036396024178,0.015
5.0,15.2054,13.169528131729212,0.0759328648678543,1.8621750086900266e-05,1.0,14.917350919836036,0.06703603108714637,0.015
6.0,15.2054,11.438008159756148,0.08742780963546012,1.204388355890999e-05,1.5,14.972493749957648,0.06678914125463092,0.015
7.5,15.2054,10.664702747604855,0.09376726418601646,8.308612752435528e-06,1.5,15.032545479277868,0.06652233325210855,0.015
9.0,15.2054,11.180716625482109,0.0894397052976808,5.2694329854395834e-06,1.5,15.113487125560896,0.06616606688397783,0.015
10.5,15.2054,13.073671401060688,0.07648960795502849,3.1265466872648995e-06,1.5,15.213592950775235,0.06573069249555827,0.015
12.0,15.2054,16.102023429021727,0.062103996085214656,2.020181336367422e-06,1.5,15.295234165492364,0.0653798424515856,0.015
13.5,15.2054,19.560297847858727,0.05112396589142278,1.3985590745124293e-06,1.5,15.35330110710846,0.06513257266458532,0.015
15.0,15.2054,22.282991412064636,0.04487727798784556,8.912049911878592e-07,1.5,15.423484164593138,0.06483619325752907,0.015
16.5,15.2054,22.950995208395675,0.04357109532375272,5.30513858385707e-07,1.5,15.494450135651931,0.06453923767833823,0.015
18.0,15.2054,20.664774640247376,0.0483915270023012,3.455626070394086e-07,1.5,15.54359653102364,0.06433517481003118,0.015
19.5,15.2054,15.539276433449244,0.06435306072858314,2.3979315349343323e-07,nan,15.581712364204318,0.06417779873136974,0.015
nan,nan,nan,nan,1.5323049305139308e-07,nan,15.632580845571075,0.06396896391444626,0.015
nan,nan,nan,nan,9.150564000730912e-08,nan,15.690304439905459,0.06373362631872714,0.015
nan,nan,nan,nan,5.965150022581776e-08,nan,15.742420409595459,0.06352263336776796,0.015
Name:	17.651113509036346_8_210_0.015
Lambda:	17.651113509036346	Maximal Depth:	20	Filter time:	8.0 to 210.0 [us]
Chi2:	1.4435987509720067	RelRMS:	1.8022478158363835	AbsRMS:	2.770889884151838e-07	Phi model:	0.2748919103786391
depth_vector,start_model,resistivity_model,conductivity_model,E/I[V/A],modelled_thickness,rhoa,sigma,rel_err
0.0,15.2054,22.243435644882197,0.04495708378710289,0.00017913338817334142,1.0,15.378166077948263,0.06502725974808947,0.015
1.0,15.2054,21.338633920910677,0.046863356094227544,0.00010806713571911826,1.0,15.132540762843256,0.06608275607328414,0.015
2.0,15.2054,19.69120372754147,0.05078409699257396,7.062340394944226e-05,1.0,14.99856091190893,0.06667306322741905,0.015
3.0,15.2054,17.57551286443355,0.056897343918972436,4.906936818851061e-05,1.0,14.926075335337922,0.0669968479679632,0.015
4.0,15.2054,15.31432579287136,0.06529833657224977,3.132816229354775e-05,1.0,14.90118536920013,0.06710875512406825,0.015
5.0,15.2054,13.226111110103766,0.07560801445529021,1.8611515149980177e-05,1.0,14.922819367883053,0.06701146581940164,0.015
6.0,15.2054,11.572303707989935,0.08641321773378312,1.2040103326136365e-05,1.5,14.975627529831863,0.06677516504787345,0.015
7.5,15.2054,10.839584193424717,0.09225446125568168,8.307884138837552e-06,1.5,15.03342438392425,0.06651844413235176,0.015
9.0,15.2054,11.335049297855134,0.08822193655472008,5.270400720668701e-06,1.5,15.111637006714082,0.06617416760048572,0.015
10.5,15.2054,13.128367492177494,0.0761709329507913,3.12790048223832e-06,1.5,15.209202876820928,0.0657496653900262,0.015
12.0,15.2054,15.976489968358072,0.06259197120146733,2.021322018279062e-06,1.5,15.289479305335618,0.06540445099729635,0.015
13.5,15.2054,19.206583248499786,0.05206548124993077,1.3994155475258352e-06,1.5,15.347036096562013,0.06515916126788913,0.015
15.0,15.2054,21.738567936774682,0.046001190276583066,8.917345519942348e-07,1.5,15.4173773537652,0.06486187482177584,0.015
16.5,15.2054,22.376262228806205,0.04469021634509827,5.307658842807512e-07,1.5,15.48954488221495,0.06455967606564071,0.015
18.0,15.2054,20.307295409387244,0.049243386666731614,3.456697086159668e-07,1.5,15.54038570166644,0.06434846722580169,0.015
19.5,15.2054,15.598201991189953,0.06410995322184004,2.398248453001069e-07,nan,15.580339630444463,0.06418345323140255,0.015
nan,nan,nan,nan,1.532119838463647e-07,nan,15.633839845514174,0.06396381246587546,0.015
nan,nan,nan,nan,9.14651040669059e-08,nan,15.694939900115626,0.06371480275579984,0.015
nan,nan,nan,nan,5.960837180603926e-08,nan,15.750012898688507,0.06349201149436959,0.015
Name:	20.665569151220556_8_210_0.015
Lambda:	20.665569151220556	Maximal Depth:	20	Filter time:	8.0 to 210.0 [us]
Chi2:	1.4725322346982943	RelRMS:	1.8202190879317692	AbsRMS:	2.9409446592585196e-07	Phi model:	0.24748902882748866
depth_vector,start_model,resistivity_model,conductivity_model,E/I[V/A],modelled_thickness,rhoa,sigma,rel_err
0.0,15.2054,21.944572619664847,0.045569354087301096,0.0001792995419094473,1.0,15.368664159101293,0.0650674638763449,0.015
1.0,15.2054,21.072793303718306,0.04745455363165117,0.00010805546158630238,1.0,15.133630672952194,0.06607799685420267,0.015
2.0,15.2054,19.482192058643943,0.05132892628251838,7.058114333781874e-05,1.0,15.004547261722806,0.06664646273940165,0.015
3.0,15.2054,17.43875783005202,0.057343533854040396,4.903107260085892e-05,1.0,14.933846304693462,0.06696198551914362,0.015
4.0,15.2054,15.259237825421259,0.0655340726346136,3.1302076911337236e-05,1.0,14.909462757089964,0.06707149789984657,0.015
5.0,15.2054,13.258932076139647,0.07542085548500306,1.8598687249054954e-05,1.0,14.929680298341678,0.06698067071878797,0.015
6.0,15.2054,11.6854346310056,0.08557662008964952,1.2034278938626856e-05,1.5,14.980459107144059,0.06675362836664386,0.015
7.5,15.2054,11.00254854856415,0.09088803340299749,8.305477022246674e-06,1.5,15.036328929715815,0.06650559486123851,0.015
9.0,15.2054,11.479897019201044,0.08710879534262549,5.270086295470862e-06,1.5,15.112238063565025,0.06617153566492301,0.015
10.5,15.2054,13.171574974439983,0.075921065016184,3.1283665638091756e-06,1.5,15.20769220449292,0.06575619670317648,0.015
12.0,15.2054,15.853684713324009,0.06307681892775147,2.021841195452283e-06,1.5,15.286861793988074,0.06541564995330003,0.015
13.5,15.2054,18.90397732106714,0.05289892084696754,1.3998264366883095e-06,1.5,15.344032753110103,0.06517191510799589,0.015
15.0,15.2054,21.304213597542137,0.046939071250927084,8.919783379255141e-07,1.5,15.414568084552908,0.06487369574773295,0.015
16.5,15.2054,21.933213014548848,0.04559295527457263,5.308544502586215e-07,1.5,15.487822018459308,0.0645668576774798,0.015
18.0,15.2054,20.031145383255016,0.04992225760769264,3.4567749941968973e-07,1.5,15.540152203584613,0.06434943409172866,0.015
19.5,15.2054,15.651417391993766,0.06389197699829628,2.3979326784207505e-07,nan,15.581707410637986,0.06417781913407496,0.015
nan,nan,nan,nan,1.5315833468752576e-07,nan,15.637490505031142,0.06394887975652258,0.015
nan,nan,nan,nan,9.140769995668516e-08,nan,15.701510169262832,0.06368814140932719,0.015
nan,nan,nan,nan,5.9556614629044814e-08,nan,15.759136522046184,0.06345525331296253,0.015
Name:	24.19483326789813_8_210_0.015
Lambda:	24.19483326789813	Maximal Depth:	20	Filter time:	8.0 to 210.0 [us]
Chi2:	1.5168263233172046	RelRMS:	1.847392548286289	AbsRMS:	3.509379787084906e-07	Phi model:	0.21143299190792936
depth_vector,start_model,resistivity_model,conductivity_model,E/I[V/A],modelled_thickness,rhoa,sigma,rel_err
0.0,15.2054,21.410277257873503,0.046706541347205394,0.00017964109601564186,1.0,15.349177544662266,0.06515007055526266,0.015
1.0,15.2054,20.610740653984276,0.04851839226877513,0.00010809643155652907,1.0,15.12980653456022,0.06609469841638442,0.015
2.0,15.2054,19.149760994614862,0.05221997289058656,7.055652190248986e-05,1.0,15.008037721070245,0.06663096259386857,0.015
3.0,15.2054,17.264863044181865,0.05792110817450086,4.900037237742684e-05,1.0,14.940083326098986,0.06693403096708903,0.015
4.0,15.2054,15.241661393106426,0.06560964544536364,3.1279545596885735e-05,1.0,14.916621630844471,0.06703930854773496,0.015
5.0,15.2054,13.364852273778377,0.07482312408061433,1.8588796321857595e-05,1.0,14.93497579232105,0.06695692138410823,0.015
6.0,15.2054,11.87188057448175,0.08423265326215207,1.2031280764076307e-05,1.5,14.982947740284134,0.0667425407425893,0.015
7.5,15.2054,11.212604276808154,0.08918534671453382,8.305652521068175e-06,1.5,15.036117116753221,0.06650653172192982,0.015
9.0,15.2054,11.655396726284737,0.08579716533756797,5.271906424819795e-06,1.5,15.108759522937122,0.06618677056060532,0.015
10.5,15.2054,13.237286707101457,0.07554418228801572,3.130381191024933e-06,1.5,15.201166669538969,0.06578442442867635,0.015
12.0,15.2054,15.71873897988171,0.06361833486006048,2.0234655629917663e-06,1.5,15.278679526223726,0.06545068232392984,0.015
13.5,15.2054,18.508441695719323,0.05402940001325354,1.401035797194696e-06,1.5,15.335201602181515,0.06520944594936037,0.015
15.0,15.2054,20.700904463254652,0.048307068020871265,8.92735222986369e-07,1.5,15.4058542612143,0.06491038945614297,0.015
16.5,15.2054,21.310536113459214,0.04692514513365172,5.312346258936165e-07,1.5,15.48043194408695,0.06459768071148488,0.015
18.0,15.2054,19.653032154536334,0.050882733622820586,3.458602916459117e-07,1.5,15.534676255901582,0.06437211716080035,0.015
19.5,15.2054,15.718526971926659,0.06361919292984662,2.3987135226006704e-07,nan,15.578325724126328,0.06419175062255174,0.015
nan,nan,nan,nan,1.5316373967393895e-07,nan,15.63712261586447,0.06395038425966303,0.015
nan,nan,nan,nan,9.137700301825166e-08,nan,15.705026453760276,0.06367388192208799,0.015
nan,nan,nan,nan,5.951735751616772e-08,nan,15.766065483465253,0.0634273656321392,0.015
Name:	28.326824805926805_8_210_0.015
Lambda:	28.326824805926805	Maximal Depth:	20	Filter time:	8.0 to 210.0 [us]
Chi2:	1.5591333330217445	RelRMS:	1.8729789105323438	AbsRMS:	3.9169089959126385e-07	Phi model:	0.18242936052802097
depth_vector,start_model,resistivity_model,conductivity_model,E/I[V/A],modelled_thickness,rhoa,sigma,rel_err
0.0,15.2054,20.98392607580813,0.04765552434693697,0.00017988075766572835,1.0,15.33554100526051,0.06520800274714617,0.015
1.0,15.2054,20.24021289588832,0.04940659493770167,0.00010809421451253179,1.0,15.130013411695105,0.06609379468408311,0.015
2.0,15.2054,18.87790647776114,0.05297197553012758,7.05096895982618e-05,1.0,15.014682511869507,0.06660147487031266,0.015
3.0,15.2054,17.115522420168595,0.058426495870299563,4.8956052530957276e-05,1.0,14.949098790638248,0.06689366456165517,0.015
4.0,15.2054,15.218983966902858,0.06570740873206303,3.1248916629711434e-05,1.0,14.926367165728903,0.06699553809020661,0.015
5.0,15.2054,13.452534678554732,0.07433543372269787,1.8573895437797695e-05,1.0,14.942962434939362,0.06692113457113552,0.015
6.0,15.2054,12.041281142091773,0.08304764154242504,1.2024755674442484e-05,1.5,14.988367461616875,0.06671840696198976,0.015
7.5,15.2054,11.41370541616874,0.087613966151903,8.303192176959718e-06,1.5,15.039087235124237,0.06649339713014432,0.015
9.0,15.2054,11.82242994204838,0.08458497998311994,5.271897321915386e-06,1.5,15.108776914974648,0.06618669437159255,0.015
10.5,15.2054,13.295181906325935,0.07521521759128345,3.131226996637777e-06,1.5,15.198429124798881,0.06579627353515936,0.015
12.0,15.2054,15.593743572223687,0.0641282829468382,2.0243097962032907e-06,1.5,15.274431274814418,0.06546888601010448,0.015
13.5,15.2054,18.167855654854936,0.055042269104156674,1.4017022310911812e-06,1.5,15.330340508797212,0.06523012319433849,0.015
15.0,15.2054,20.197766680884367,0.04951042438501001,8.931530823410952e-07,1.5,15.401048827138823,0.06493064279088959,0.015
16.5,15.2054,20.796929796025676,0.048084020564953846,5.314247163847826e-07,1.5,15.476740159491436,0.06461308968780025,0.015
18.0,15.2054,19.3389111316447,0.05170921946911878,3.4592864710494753e-07,1.5,15.532629755060771,0.06438059850581222,0.015
19.5,15.2054,15.780304638985484,0.06337013276217017,2.3987674650303376e-07,nan,15.578092177551126,0.06419271298452414,0.015
nan,nan,nan,nan,1.531286598512463e-07,nan,15.639510701575086,0.06394061931229651,0.015
nan,nan,nan,nan,9.132658770489343e-08,nan,15.710805720018865,0.06365045929667312,0.015
nan,nan,nan,nan,5.946774566424966e-08,nan,15.774832981202614,0.06339211332326662,0.015
Name:	33.164477502323265_8_210_0.015
Lambda:	33.164477502323265	Maximal Depth:	20	Filter time:	8.0 to 210.0 [us]
Chi2:	1.5971181186894057	RelRMS:	1.895657080553116	AbsRMS:	4.433219350761587e-07	Phi model:	0.1600654182039284
depth_vector,start_model,resistivity_model,conductivity_model,E/I[V/A],modelled_thickness,rhoa,sigma,rel_err
0.0,15.2054,20.671086033865368,0.048376751872722286,0.00018013871494968684,1.0,15.320897256050486,0.06527032870774477,0.015
1.0,15.2054,19.96243048864833,0.050094100543951886,0.00010812837216621747,1.0,15.126826872327825,0.06610771766214528,0.015
2.0,15.2054,18.661994831826753,0.053584839617175785,7.04947060480715e-05,1.0,15.016810002880279,0.06659203917531063,0.015
3.0,15.2054,16.982453688813067,0.05888430602102774,4.893610835434649e-05,1.0,14.953160239034387,0.06687549548152076,0.015
4.0,15.2054,15.17677489112068,0.06589015170707051,3.1234397281964324e-05,1.0,14.93099250077175,0.0669747841577385,0.015
5.0,15.2054,13.503992347091584,0.07405217466783995,1.8568019001863667e-05,1.0,14.946115050206732,0.06690701875643384,0.015
6.0,15.2054,12.172999719679995,0.08214902021095981,1.2023479453572586e-05,1.5,14.989428060259419,0.0667136862046952,0.015
7.5,15.2054,11.5897764806567,0.08628294097552242,8.303932930882514e-06,1.5,15.03819284539412,0.06649735179491856,0.015
9.0,15.2054,11.975708942657953,0.08350236339144484,5.2735676368536226e-06,1.5,15.105586443816398,0.06620067375201832,0.015
10.5,15.2054,13.345367245554547,0.07493237028251196,3.1328431832412044e-06,1.5,15.19320158151378,0.06581891213875178,0.015
12.0,15.2054,15.481382305827452,0.06459371522810228,2.025547300711537e-06,1.5,15.268209383480569,0.0654955649928373,0.015
13.5,15.2054,17.882549950303893,0.05592043655849015,1.4025919074801939e-06,1.5,15.323857043333902,0.06525772181064651,0.015
15.0,15.2054,19.789885912700683,0.050530862300637296,8.936848226629537e-07,1.5,15.394939163138304,0.06495641128575574,0.015
16.5,15.2054,20.385161381454555,0.049055289839880896,5.316713044784509e-07,1.5,15.471954401968317,0.06463307569422397,0.015
18.0,15.2054,19.086062413313062,0.05239425389819914,3.4603161424969257e-07,1.5,15.52954828350435,0.06439337331287417,0.015
19.5,15.2054,15.83600858255194,0.06314722518537888,2.3990647734335726e-07,nan,15.576805122298477,0.0641980169969824,0.015
nan,nan,nan,nan,1.5311043238616616e-07,nan,15.640751910180343,0.06393554515426551,0.015
nan,nan,nan,nan,9.128779701236036e-08,nan,15.715256040152328,0.06363243446018377,0.015
nan,nan,nan,nan,5.942679975816164e-08,nan,15.7820782048061,0.06336301132353223,0.015
Name:	38.82830410883109_8_210_0.015
Lambda:	38.82830410883109	Maximal Depth:	20	Filter time:	8.0 to 210.0 [us]
Chi2:	1.6499201350079162	RelRMS:	1.9267382551264745	AbsRMS:	4.915207619651457e-07	Phi model:	0.1333296513400576
depth_vector,start_model,resistivity_model,conductivity_model,E/I[V/A],modelled_thickness,rhoa,sigma,rel_err
0.0,15.2054,20.19322412489777,0.0495215619761791,0.00018039058711950137,1.0,15.306632630749839,0.06533115572337429,0.015
1.0,15.2054,19.55327708954169,0.05114232235448973,0.00010811386985820066,1.0,15.128179575724467,0.06610180656532241,0.015
2.0,15.2054,18.375561478669617,0.05442010581068784,7.043369015354104e-05,1.0,15.025481344229625,0.06655360830646795,0.015
3.0,15.2054,16.843529021437462,0.059369981120183206,4.8880243805755715e-05,1.0,14.964551242077716,0.06682458991407467,0.015
4.0,15.2054,15.184288060121258,0.06585754933261022,3.119593632530211e-05,1.0,14.943262097144457,0.06691979257936541,0.015
5.0,15.2054,13.628628569081332,0.07337495441534417,1.8548771429280355e-05,1.0,14.956452723366246,0.06686077364037762,0.015
6.0,15.2054,12.376809213993944,0.0807962684654896,1.2014486051295797e-05,1.5,14.996907317292573,0.06668041475770968,0.015
7.5,15.2054,11.813718520531957,0.0846473528433934,8.3000104156716e-06,1.5,15.042930421375598,0.06647640931576916,0.015
9.0,15.2054,12.156056734221627,0.08226351866101518,5.272831235389586e-06,1.5,15.106992837784292,0.0661945107631803,0.015
10.5,15.2054,13.414319252416872,0.07454720445987813,3.1333862226055707e-06,1.5,15.191446133515104,0.06582651784505343,0.015
12.0,15.2054,15.36825125969253,0.06506921204644639,2.0262563732253997e-06,1.5,15.264647182343236,0.06551084922268689,0.015
13.5,15.2054,17.547784625969996,0.0569872506025656,1.4031941659192405e-06,1.5,15.319472008695543,0.06527640113395464,0.015
15.0,15.2054,19.282287095098532,0.051861067884120204,8.940798554437231e-07,1.5,15.390404181531657,0.06497555153229768,0.015
16.5,15.2054,19.85906311870052,0.050354842724596525,5.318561397588264e-07,1.5,15.468369562029759,0.06464805459876664,0.015
18.0,15.2054,18.76242440449695,0.05329801620734693,3.460990759816582e-07,1.5,15.527530201912077,0.06440174238893825,0.015
19.5,15.2054,15.900678662594014,0.06289039739872722,2.3991191803317225e-07,nan,15.576569622297765,0.06419898759791796,0.015
nan,nan,nan,nan,1.5307535793629657e-07,nan,15.643141015905272,0.06392578056946767,0.015
nan,nan,nan,nan,9.123701350142862e-08,nan,15.721087020572176,0.06360883307187525,0.015
nan,nan,nan,nan,5.9376614367462784e-08,nan,15.790969676528524,0.06332733331040373,0.015
Name:	45.4593985345391_8_210_0.015
Lambda:	45.4593985345391	Maximal Depth:	20	Filter time:	8.0 to 210.0 [us]
Chi2:	1.69866681989082	RelRMS:	1.9549936943004047	AbsRMS:	5.472876371367548e-07	Phi model:	0.11252661156418484
depth_vector,start_model,resistivity_model,conductivity_model,E/I[V/A],modelled_thickness,rhoa,sigma,rel_err
0.0,15.2054,19.818611821782273,0.05045762079566634,0.00018065640973855636,1.0,15.291613890039407,0.06539532106884913,0.015
1.0,15.2054,19.22722117381123,0.05200959571641415,0.00010813089874369645,1.0,15.1265912366345,0.06610874746044165,0.015
2.0,15.2054,18.136736139030237,0.05513671215892043,7.040079640711116e-05,1.0,15.030161271337041,0.06653288557236105,0.015
3.0,15.2054,16.715337874531592,0.059825293841272276,4.884608867180128e-05,1.0,14.97152630352975,0.06679345710825996,0.015
4.0,15.2054,15.17270231616437,0.06590783758636333,3.117191868317093e-05,1.0,14.950936864774738,0.06688544062787512,0.015
5.0,15.2054,13.722156103172951,0.07287484506671453,1.853765617486958e-05,1.0,14.962430759512516,0.06683406032567535,0.015
6.0,15.2054,12.550283476441294,0.07967947511919912,1.2010235786557256e-05,1.5,15.000445247692099,0.06666468784677278,0.015
7.5,15.2054,12.017388666495368,0.08321275343186767,8.29898453134579e-06,1.5,15.0441700902007,0.06647093153057135,0.015
9.0,15.2054,12.323246156590914,0.08114744989210203,5.273615472557482e-06,1.5,15.105495097571943,0.0662010740820233,0.015
10.5,15.2054,13.473421773039902,0.07422019564480523,3.1346261107187033e-06,1.5,15.187439927827393,0.06584388183605167,0.015
12.0,15.2054,15.260883933999434,0.06552700383050021,2.027320263860199e-06,1.5,15.25930636004687,0.06553377829927313,0.015
13.5,15.2054,17.25692649967142,0.05794774637413218,1.4039971364561556e-06,1.5,15.313630469005252,0.06530130147935836,0.015
15.0,15.2054,18.85928272357456,0.053024285952825545,8.945766928725768e-07,1.5,15.384705220315661,0.06499962044638266,0.015
16.5,15.2054,19.430263323120506,0.05146610642224687,5.320911388153769e-07,1.5,15.463814803628328,0.06466709623070283,0.015
18.0,15.2054,18.499660924881795,0.054055044795713714,3.4619716400336415e-07,1.5,15.52459712059589,0.0644139098897026,0.015
19.5,15.2054,15.959760035631525,0.06265758368342723,2.3993888512884107e-07,nan,15.575402484224814,0.06420379832963077,0.015
nan,nan,nan,nan,1.530552247095941e-07,nan,15.644512808344288,0.0639201752237776,0.015
nan,nan,nan,nan,9.119658480312524e-08,nan,15.725732926515011,0.06359004090129938,0.015
nan,nan,nan,nan,5.933418030108447e-08,nan,15.798497605149493,0.0632971580585012,0.015
Name:	53.22295069415713_8_210_0.015
Lambda:	53.22295069415713	Maximal Depth:	20	Filter time:	8.0 to 210.0 [us]
Chi2:	1.7480964044733724	RelRMS:	1.9832339524284794	AbsRMS:	6.058966003978441e-07	Phi model:	0.0945090026186318
depth_vector,start_model,resistivity_model,conductivity_model,E/I[V/A],modelled_thickness,rhoa,sigma,rel_err
0.0,15.2054,19.46704549114226,0.051368863367325664,0.00018092743330044088,1.0,15.276339172911657,0.06546070944622794,0.015
1.0,15.2054,18.922758919477218,0.052846416542922756,0.00010815498939503353,1.0,15.12434493579661,0.0661185660764176,0.015
2.0,15.2054,17.91649468843432,0.05581448923965761,7.037337507281487e-05,1.0,15.034065402362899,0.06651560793681464,0.015
3.0,15.2054,16.60051297978006,0.06023910232280358,4.88157257329954e-05,1.0,14.977733762555484,0.06676577483971655,0.015
4.0,15.2054,15.166778001409167,0.06593358193197583,3.11501041237594e-05,1.0,14.957916189656531,0.06685423205483025,0.015
5.0,15.2054,13.813635987259863,0.07239223626004675,1.852755202085708e-05,1.0,14.967870188909275,0.06680977235765773,0.015
6.0,15.2054,12.716239069425377,0.07863960362339964,1.2006446418495525e-05,1.5,15.003601286626848,0.06665066479014804,0.015
7.5,15.2054,12.21260116892857,0.08188263795465708,8.298164304133622e-06,1.5,15.045161428683533,0.06646655170435756,0.015
9.0,15.2054,12.486247657205142,0.08008811193352823,5.274451548147211e-06,1.5,15.103898764849328,0.06620807088082835,0.015
10.5,15.2054,13.536856752001277,0.0738723928545791,3.1358571367444436e-06,1.5,15.183464968413697,0.06586111945332039,0.015
12.0,15.2054,15.170047544776748,0.06591937151471311,2.028366435924267e-06,1.5,15.254059039725508,0.06555632159255066,0.015
13.5,15.2054,16.994430625161336,0.0588428069204882,1.404785850925455e-06,1.5,15.30789805913631,0.06532575511914672,0.015
15.0,15.2054,18.469393019088436,0.054143630977286736,8.950665911664919e-07,1.5,15.379091017144699,0.06502334883675467,0.015
16.5,15.2054,19.02916416448009,0.05255091560283051,5.323262094309675e-07,1.5,15.459262011260773,0.06468614085663237,0.015
18.0,15.2054,18.25104859221512,0.054791372394161736,3.46298729664568e-07,1.5,15.521561508235472,0.06442650756944894,0.015
19.5,15.2054,16.01563131649419,0.06243899976456871,2.399707304686634e-07,nan,15.574024496848228,0.06420947907218033,0.015
nan,nan,nan,nan,1.5304039604011326e-07,nan,15.645523363158272,0.06391604657692548,0.015
nan,nan,nan,nan,9.11609553617784e-08,nan,15.729830167379287,0.0635734772314206,0.015
nan,nan,nan,nan,5.929578741478574e-08,nan,15.805316352456927,0.06326985032757984,0.015
Name:	62.312361621777015_8_210_0.015
Lambda:	62.312361621777015	Maximal Depth:	20	Filter time:	8.0 to 210.0 [us]
Chi2:	1.7926928754231617	RelRMS:	2.008372218913146	AbsRMS:	6.588256269711733e-07	Phi model:	0.08051979388914599
depth_vector,start_model,resistivity_model,conductivity_model,E/I[V/A],modelled_thickness,rhoa,sigma,rel_err
0.0,15.2054,19.19571881440721,0.05209494938264344,0.00018116786722388896,1.0,15.262820355198864,0.06551869030282972,0.015
1.0,15.2054,18.682321300647942,0.05352653901554075,0.00010818129471154145,1.0,15.121893083672836,0.06612928648991069,0.015
2.0,15.2054,17.733701347735042,0.05638980720331802,7.035415965571164e-05,1.0,15.036802721569916,0.06650349934866973,0.015
3.0,15.2054,16.494775875592676,0.060625255386446336,4.8793062922479745e-05,1.0,14.982371187782244,0.06674510913302398,0.015
4.0,15.2054,15.149782060090683,0.06600755020986845,3.113381526694241e-05,1.0,14.963132942188734,0.06683092396917012,0.015
5.0,15.2054,13.882387098326577,0.07203372106808223,1.8520433382054445e-05,1.0,14.97170537766969,0.06679265820255191,0.015
6.0,15.2054,12.857781189715288,0.0777739164514545,1.2004204031591487e-05,1.5,15.005469678266428,0.06664236584666035,0.015
7.5,15.2054,12.38968186837881,0.0807123226103343,8.298130876518662e-06,1.5,15.045201833246367,0.06646637320545841,0.015
9.0,15.2054,12.635271761538986,0.07914352923092167,5.275552069317356e-06,1.5,15.101798164685114,0.06621728016061397,0.015
10.5,15.2054,13.591774065039633,0.07357391281040869,3.1370966768524864e-06,1.5,15.179465144081849,0.06587847401131118,0.015
12.0,15.2054,15.085284993704809,0.06628976518622663,2.0293520393904722e-06,1.5,15.249119640216712,0.06557755618643625,0.015
13.5,15.2054,16.764815513877345,0.05964873273864744,1.4055033420508262e-06,1.5,15.30268796091776,0.0653479965450479,0.015
15.0,15.2054,18.143139959241267,0.055117251051720335,8.954958607271394e-07,1.5,15.374175823608068,0.06504413709542944,0.015
16.5,15.2054,18.702774004910854,0.05346800425099648,5.325209376453976e-07,1.5,15.455493097812651,0.06470191495485354,0.015
18.0,15.2054,18.051546404617167,0.0553969160084935,3.4637464534313565e-07,1.5,15.51929349595991,0.06443592295360138,0.015
19.5,15.2054,16.067367097996136,0.06223795061760407,2.3998634428328863e-07,nan,15.5733489790555,0.06421226425638402,0.015
nan,nan,nan,nan,1.5301719193373906e-07,nan,15.647105020787542,0.06390958574582818,0.015
nan,nan,nan,nan,9.112216784755616e-08,nan,15.73429360914767,0.06355544296050353,0.015
nan,nan,nan,nan,5.925649680866522e-08,nan,15.812302161454785,0.0632418979721797,0.015
Name:	72.95406136340671_8_210_0.015
Lambda:	72.95406136340671	Maximal Depth:	20	Filter time:	8.0 to 210.0 [us]
Chi2:	1.8445573208898054	RelRMS:	2.0372172127689434	AbsRMS:	6.975299409392599e-07	Phi model:	0.06646489374285015
depth_vector,start_model,resistivity_model,conductivity_model,E/I[V/A],modelled_thickness,rhoa,sigma,rel_err
0.0,15.2054,18.869728708873758,0.05299493254133197,0.00018135052911462193,1.0,15.252569842510715,0.06556272223798522,0.015
1.0,15.2054,18.403039648075588,0.05433884940331422,0.00010815514561881748,1.0,15.12433037163848,0.06611862974609606,0.015
2.0,15.2054,17.537229023374184,0.05702155104818257,7.029483628573409e-05,1.0,15.045261459436922,0.06646610979118375,0.015
3.0,15.2054,16.40257576538561,0.0609660344999169,4.874077735518891e-05,1.0,14.993083939753527,0.0666974188911557,0.015
4.0,15.2054,15.162862250542096,0.06595060902596067,3.109807501963799e-05,1.0,14.974595252694861,0.06677976820909652,0.015
5.0,15.2054,13.989958028310037,0.07147984275409569,1.8502037411030562e-05,1.0,14.981627652077163,0.06674842168176251,0.015
6.0,15.2054,13.03271445951841,0.07672998615186052,1.19950421594814e-05,1.5,15.013109540200952,0.06660845292058096,0.015
7.5,15.2054,12.583408013525883,0.07946972703460793,8.293614660009388e-06,1.5,15.050663161146403,0.06644225502179336,0.015
9.0,15.2054,12.793732913862405,0.07816326999577028,5.274073229240194e-06,1.5,15.104621043047164,0.06620490491949892,0.015
10.5,15.2054,13.658212586691572,0.07321602249582718,3.1369969098038795e-06,1.5,15.17978698106018,0.06587707727701976,0.015
12.0,15.2054,15.012157109487225,0.06661267882468606,2.029575078206822e-06,1.5,15.248002425114583,0.06558236102802072,0.015
13.5,15.2054,16.537078872698096,0.060470171769631625,1.4057502051202815e-06,1.5,15.30089637704482,0.06535564815014698,0.015
15.0,15.2054,17.798982597120453,0.056182986557994696,8.956670101298166e-07,1.5,15.37221723499097,0.06505242442994838,0.015
16.5,15.2054,18.344978025764558,0.05451083117110048,5.325875567853855e-07,1.5,15.454204229141546,0.06470731104448128,0.015
18.0,15.2054,17.827344990988024,0.056093602300595756,3.463790998974654e-07,1.5,15.519160440040865,0.06443647540493928,0.015
19.5,15.2054,16.119132537813876,0.062038077896195705,2.3995861347258857e-07,nan,15.574548778383862,0.0642073176070381,0.015
nan,nan,nan,nan,1.5297056296023583e-07,nan,15.6502845928106,0.06389660162853385,0.015
nan,nan,nan,nan,9.107184753326116e-08,nan,15.740088899547816,0.06353204269568821,0.015
nan,nan,nan,nan,5.921079681811679e-08,nan,15.820437267150707,0.06320937804142641,0.015
Name:	85.41314966877566_8_210_0.015
Lambda:	85.41314966877566	Maximal Depth:	20	Filter time:	8.0 to 210.0 [us]
Chi2:	1.8986216018422577	RelRMS:	2.0668571803937206	AbsRMS:	7.560156379182943e-07	Phi model:	0.054034354603489
depth_vector,start_model,resistivity_model,conductivity_model,E/I[V/A],modelled_thickness,rhoa,sigma,rel_err
0.0,15.2054,18.540834918230768,0.053935003704537784,0.00018161224521565791,1.0,15.23791296562247,0.06562578499142582,0.015
1.0,15.2054,18.12024343893321,0.05518689654308932,0.00010817498428844914,1.0,15.122481171674801,0.06612671483255356,0.015
2.0,15.2054,17.338448030595682,0.05767528894370391,7.026505184766876e-05,1.0,15.049512819052834,0.06644733367939924,0.015
3.0,15.2054,16.309420327126816,0.06131425764634562,4.8708826989972916e-05,1.0,14.999639659832944,0.06666826821699377,0.015
4.0,15.2054,15.178421256794115,0.06588300476588653,3.107515478206421e-05,1.0,14.981957599562746,0.0667469516820142,0.015
5.0,15.2054,14.09923142410704,0.07092585190779886,1.849112302459025e-05,1.0,14.987522343343667,0.06672216908781624,0.015
6.0,15.2054,13.209677916241708,0.07570207285451443,1.1990622756451125e-05,1.5,15.016798250847918,0.06659209128973517,0.015
7.5,15.2054,12.779536651953586,0.07825009835917109,8.292300105553506e-06,1.5,15.052253744648889,0.06643523401640118,0.015
9.0,15.2054,12.951357586956256,0.07721198285862584,5.274562742990856e-06,1.5,15.10368649049985,0.06620900140035318,0.015
10.5,15.2054,13.720900520027843,0.07288151375635589,3.138018278421501e-06,1.5,15.17649297024511,0.06589137569269729,0.015
12.0,15.2054,14.93651601268887,0.06695001693503894,2.0304962439990304e-06,1.5,15.2433904160995,0.06560220349298652,0.015
13.5,15.2054,16.31206792996015,0.06130430576268713,1.4064652444792497e-06,1.5,15.295710008629209,0.06537780851204954,0.015
15.0,15.2054,17.466137434550514,0.057253643156491896,8.961250216088601e-07,1.5,15.366978939241857,0.06507459950025388,0.015
16.5,15.2054,18.003118310486848,0.05554593280751248,5.328175796993554e-07,1.5,15.449756081470275,0.06472594096157634,0.015
18.0,15.2054,17.613915445057533,0.05677329399696875,3.464863665944938e-07,1.5,15.515957283732373,0.064449777845705,0.015
19.5,15.2054,16.168932046582327,0.061847003693195235,2.4000025326032694e-07,nan,15.572747281230322,0.06421474528166844,0.015
nan,nan,nan,nan,1.5296685081261494e-07,nan,15.650537788983213,0.06389556790207707,0.015
nan,nan,nan,nan,9.104629948931027e-08,nan,15.7430332599524,0.06352016053626908,0.015
nan,nan,nan,nan,5.918083834999542e-08,nan,15.825775888007758,0.06318805517508727,0.015
Name:	100.0_8_210_0.015
Lambda:	100.0	Maximal Depth:	20	Filter time:	8.0 to 210.0 [us]
Chi2:	1.9484359284103465	RelRMS:	2.0937957968539527	AbsRMS:	8.088323944603544e-07	Phi model:	0.04432932016046392
depth_vector,start_model,resistivity_model,conductivity_model,E/I[V/A],modelled_thickness,rhoa,sigma,rel_err
0.0,15.2054,18.265939423453787,0.05474670515527838,0.00018184674968664113,1.0,15.224809891439506,0.06568226514028741,0.015
1.0,15.2054,17.883205151163754,0.05591838775807617,0.0001081932664326152,1.0,15.120777558767788,0.06613416513227852,0.015
2.0,15.2054,17.170153582414272,0.058240597278302934,7.02385708938391e-05,1.0,15.05329517027481,0.06643063785626574,0.015
3.0,15.2054,16.22840794920834,0.06162033904556746,4.8680131528603874e-05,1.0,15.005533636029854,0.06664208179833708,0.015
4.0,15.2054,15.189239123238345,0.06583608249804156,3.105437124492658e-05,1.0,14.988641432631743,0.0667171874445473,0.015
5.0,15.2054,14.192473018155358,0.07045988382157047,1.8481027281056318e-05,1.0,14.992980063366147,0.0666978809932123,0.015
6.0,15.2054,13.365467250104933,0.07481968129413126,1.1986363050436705e-05,1.5,15.020355813576407,0.06657631899080133,0.015
7.5,15.2054,12.956221277146852,0.07718299792886947,8.29086245082412e-06,1.5,15.053993758112124,0.06642755511049228,0.015
9.0,15.2054,13.09593474288548,0.07635957414519506,5.274799905711411e-06,1.5,15.103233764546856,0.06621098604375625,0.015
10.5,15.2054,13.781574165814424,0.07256065148787776,3.138794727691319e-06,1.5,15.173990042892434,0.06590224437826124,0.015
12.0,15.2054,14.875599063169732,0.06722418342639287,2.031225378957267e-06,1.5,15.23974232137328,0.06561790737088317,0.015
13.5,15.2054,16.121174759988637,0.06203021894421203,1.407037419825979e-06,1.5,15.291563034606378,0.06539553855527373,0.015
15.0,15.2054,17.181834437027785,0.05820100313881187,8.964917243710832e-07,1.5,15.362788160374224,0.06509235104727505,0.015
16.5,15.2054,17.70986331649776,0.056465709651663,5.329987339162871e-07,1.5,15.446255201322549,0.06474061103913248,0.015
18.0,15.2054,17.42944398557812,0.057374176756725195,3.4656725505141925e-07,1.5,15.51354291701447,0.06445980813984474,0.015
19.5,15.2054,16.21305537453677,0.061678688988538136,2.400277791698419e-07,nan,15.571556690631937,0.06421965509727193,0.015
nan,nan,nan,nan,1.529579867831558e-07,nan,15.651142423371509,0.06389309949072611,0.015
nan,nan,nan,nan,9.102064575632496e-08,nan,15.745991186690107,0.06350822810349899,0.015
nan,nan,nan,nan,5.915250346197766e-08,nan,15.830829332003171,0.06316788457686341,0.015
