Name:	10.0_8_210_0.025
Lambda:	10	Maximal Depth:	20	Filter time:	8 to 210 [us]
Chi2:	0.9503590331815324	RelRMS:	2.534297541073122	AbsRMS:	1.43975487113047e-07	Phi model:	0.0072714405918506
depth_vector,start_model,resistivity_model,conductivity_model,E/I[V/A],modelled_thickness,rhoa,sigma
0.0,19.2875,21.43054625116285,0.0466623663382233,0.0001182814780669,1.0,20.28045736942596,0.0493085526516557
1.0,19.2875,21.43192612729739,0.0466593620218913,6.943595960159673e-05,1.0,20.3228518753375,0.0492056924950348
2.0,19.2875,21.381395199874028,0.0467696326947781,4.488507067596112e-05,1.0,20.2899392334472,0.0492855098526632
3.0,19.2875,21.30469849111012,0.0469380029206831,3.114977476993504e-05,1.0,20.207658758590984,0.0494861879818148
4.0,19.2875,21.18401255044717,0.0472054100996504,1.999616944751769e-05,1.0,20.10077914154559,0.0497493153354008
5.0,19.2875,21.004591696553724,0.0476086378848331,1.2060673084511847e-05,1.0,19.927722725637576,0.0501813485548688
6.0,19.2875,20.758375576157068,0.0481733262957528,7.940457665122595e-06,1.5,19.765515675784,0.0505931652076836
7.5,19.2875,20.387580243349383,0.0490494697293078,5.5740508226040415e-06,1.5,19.61572008611469,0.0509795202832174
9.0,19.2875,19.908479800311405,0.0502298523056671,3.6177774161464873e-06,1.5,19.419857641181807,0.0514936833460301
10.5,19.2875,19.338802231324845,0.0517095106531576,2.205930341231029e-06,1.5,19.196138509369096,0.0520938104042085
12.0,19.2875,18.653851178776872,0.0536082329818163,1.4578038099118606e-06,1.5,19.011526067679977,0.0525996701390543
13.5,19.2875,17.987592329910544,0.0555938772493279,1.0277999215322174e-06,1.5,18.85312111663469,0.0530416154340444
15.0,19.2875,17.41557033432536,0.0574198823698034,6.690167483003347e-07,1.5,18.67280542982793,0.0535538167394279
16.5,19.2875,16.939219131362865,0.0590345984809008,4.073466457279329e-07,1.5,18.478408390598613,0.0541172150145126
18.0,19.2875,16.55991568380896,0.0603867808927146,2.698847756743993e-07,1.5,18.32808476991435,0.0545610745778252
19.5,19.2875,16.263393654760083,0.0614877817771638,1.8979349542257042e-07,nan,18.21037208445316,0.0549137598815861
nan,nan,nan,nan,1.2311346396590964e-07,nan,18.087995810069145,0.0552852848099027
nan,nan,nan,nan,7.466207830365226e-08,nan,17.96924771479078,0.0556506324511784
nan,nan,nan,nan,4.92295351474532e-08,nan,17.892399920346698,0.0558896517209427
Name:	12.742749857031335_8_210_0.025
Lambda:	12.742749857031336	Maximal Depth:	20	Filter time:	8 to 210 [us]
Chi2:	0.9499276170061792	RelRMS:	2.5334883520832534	AbsRMS:	1.45203029011123e-07	Phi model:	0.0071843029780509
depth_vector,start_model,resistivity_model,conductivity_model,E/I[V/A],modelled_thickness,rhoa,sigma
0.0,19.2875,21.47093041398459,0.0465746002021725,0.0001182810936865,1.0,20.280501306600595,0.0493084458259685
1.0,19.2875,21.437233104749065,0.0466478110824137,6.944033735271503e-05,1.0,20.32199771932623,0.0492077606646417
2.0,19.2875,21.39608076331804,0.0467375315629965,4.488884553510274e-05,1.0,20.288801716465688,0.049288273106264
3.0,19.2875,21.31095703320699,0.0469242182996187,3.115230955786245e-05,1.0,20.206562578246704,0.0494888725446329
4.0,19.2875,21.17469872661536,0.0472261736948851,1.999748651100284e-05,1.0,20.099896554198853,0.0497514998300377
5.0,19.2875,20.99068888703758,0.0476401706195327,1.2061101289290098e-05,1.0,19.927251060771663,0.0501825363142324
6.0,19.2875,20.739996797014413,0.0482160151608101,7.94052088589781e-06,1.5,19.76541076302914,0.0505934337509687
7.5,19.2875,20.383839694287268,0.0490584705824711,5.573975435311503e-06,1.5,19.615896952424,0.0509790606274788
9.0,19.2875,19.89874699350463,0.0502544205585618,3.6176474589601935e-06,1.5,19.420322719657246,0.051492450173745
10.5,19.2875,19.286311889433733,0.0518502451755881,2.2058104763346547e-06,1.5,19.19683392188355,0.0520919232863729
12.0,19.2875,18.63893991382607,0.0536511198932625,1.4577112383678617e-06,1.5,19.01233094025409,0.0525974433720137
13.5,19.2875,18.012574990086076,0.0555167709530918,1.027730983798279e-06,1.5,18.85396418869559,0.0530392436302375
15.0,19.2875,17.444670320562206,0.0573240985139908,6.689718815344452e-07,1.5,18.67364032194452,0.0535514223664702
16.5,19.2875,16.963163623875246,0.0589512677100233,4.073214026238107e-07,1.5,18.47917182960313,0.0541149792437141
18.0,19.2875,16.57953416120557,0.0603153255258461,2.6987004108854656e-07,1.5,18.32875189171383,0.0545590886879802
19.5,19.2875,16.26116135400579,0.0614962227008256,1.897846398470781e-07,nan,18.210938558363694,0.0549120517207353
nan,nan,nan,nan,1.231091010340098e-07,nan,18.088423161240527,0.0552839786578399
nan,nan,nan,nan,7.466049114654758e-08,nan,17.969502377979584,0.0556498437722701
nan,nan,nan,nan,4.922909154672398e-08,nan,17.89250740516218,0.055889315977675
Name:	16.237767391887218_8_210_0.025
Lambda:	16.237767391887218	Maximal Depth:	20	Filter time:	8 to 210 [us]
Chi2:	0.949477527156818	RelRMS:	2.5326358147176755	AbsRMS:	1.4676764017872032e-07	Phi model:	0.0070819291747383
depth_vector,start_model,resistivity_model,conductivity_model,E/I[V/A],modelled_thickness,rhoa,sigma
0.0,19.2875,21.52267004464699,0.0464626367418904,0.0001182804642186,1.0,20.28057325938876,0.0493082708861327
1.0,19.2875,21.47826954201105,0.0465586856540756,6.94460538038554e-05,1.0,20.32088250068304,0.0492104612074001
2.0,19.2875,21.42292304260128,0.0466789708393862,4.489361141002664e-05,1.0,20.28736579423078,0.0492917616876792
3.0,19.2875,21.31966221042257,0.0469050583508367,3.115538501797832e-05,1.0,20.20523278138677,0.0494921296289745
4.0,19.2875,21.162688993828013,0.0472529743404368,1.999900425855344e-05,1.0,20.098879605079983,0.0497540171217927
5.0,19.2875,20.958876792266548,0.0477124804879325,1.2061527290424304e-05,1.0,19.926781850899065,0.0501837179471547
6.0,19.2875,20.70035192615009,0.0483083574408574,7.94052360692431e-06,1.5,19.765406247608222,0.0505934453090741
7.5,19.2875,20.34251174486725,0.0491581380186405,5.5738312947141565e-06,1.5,19.61623513212702,0.0509781817593643
9.0,19.2875,19.862360027606293,0.0503464844363973,3.617458320624936e-06,1.5,19.420999639781154,0.0514906554012617
10.5,19.2875,19.272520929222285,0.0518873479848571,2.2056500414831686e-06,1.5,19.19776480508671,0.0520893973935463
12.0,19.2875,18.64818676402845,0.0536245165631307,1.457592090896377e-06,1.5,19.013367005287773,0.0525945772635584
13.5,19.2875,18.03637808296085,0.0554435039784794,1.0276445263585252e-06,1.5,18.85502165073642,0.0530362689857183
15.0,19.2875,17.479783126033542,0.057208947776397,6.689172749541709e-07,1.5,18.674656580909208,0.0535485081435062
16.5,19.2875,16.98954080902855,0.0588597426640619,4.072918296763621e-07,1.5,18.48006631839398,0.0541123599218179
18.0,19.2875,16.594533406047507,0.0602608085163498,2.698534673120181e-07,1.5,18.32950235709656,0.0545568548735222
19.5,19.2875,16.25811559459886,0.0615077432671355,1.8977515609204254e-07,nan,18.21154526454999,0.0549102223602391
nan,nan,nan,nan,1.2310488171931844e-07,nan,18.08883646905068,0.0552827154864804
nan,nan,nan,nan,7.4659379840922e-08,nan,17.969680695020557,0.0556492915467942
nan,nan,nan,nan,4.922917103703825e-08,nan,17.892488144476026,0.0558893761407203
Name:	20.6913808111479_8_210_0.025
Lambda:	20.6913808111479	Maximal Depth:	20	Filter time:	8 to 210 [us]
Chi2:	0.94908635864934	RelRMS:	2.5318639971885983	AbsRMS:	1.4828153690055872e-07	Phi model:	0.0070039434791744
depth_vector,start_model,resistivity_model,conductivity_model,E/I[V/A],modelled_thickness,rhoa,sigma
0.0,19.2875,21.56810502584034,0.0463647593890107,0.0001182801099052,1.0,20.28061376027601,0.0493081724162962
1.0,19.2875,21.51523865036965,0.0464786850032369,6.945146633859034e-05,1.0,20.31982671389332,0.0492130181069048
2.0,19.2875,21.44480953181472,0.046631330463273,4.489814941728759e-05,1.0,20.2859987629178,0.049295083357097
3.0,19.2875,21.32827021026067,0.0468861276672553,3.1158362390265435e-05,1.0,20.20394560509017,0.0494952827307187
4.0,19.2875,21.153881806399767,0.0472726475997169,2.000052429835771e-05,1.0,20.09786124897561,0.0497565381515891
5.0,19.2875,20.9284802584175,0.0477817781153888,1.2062009142107902e-05,1.0,19.926251158916777,0.0501850544803813
6.0,19.2875,20.67029339247371,0.0483786069705286,7.940589731206756e-06,1.5,19.765296518132747,0.0505937261848106
7.5,19.2875,20.30418960580636,0.0492509191164187,5.5737437016259545e-06,1.5,19.616440648348032,0.0509776476745394
9.0,19.2875,19.82681942433833,0.050436733123844,3.6173121680729776e-06,1.5,19.42152275554844,0.0514892685082746
10.5,19.2875,19.260975268342825,0.0519184509646088,2.205517250429694e-06,1.5,19.19853537741133,0.0520873066794763
12.0,19.2875,18.654967875780464,0.0536050239624528,1.4574905129367048e-06,1.5,19.01425040341936,0.052592133730403
13.5,19.2875,18.055888084083595,0.055383595386898,1.0275694068879956e-06,1.5,18.855940558323663,0.0530336843663078
15.0,19.2875,17.510923515760293,0.0571072107704641,6.688687974344632e-07,1.5,18.67555889050086,0.0535459209474389
16.5,19.2875,17.01722871503557,0.0587639748366577,4.072648426894189e-07,1.5,18.48088268446745,0.054109969587138
18.0,19.2875,16.606307072740417,0.0602180843470924,2.698378804081668e-07,1.5,18.330208206697787,0.0545547540280859
19.5,19.2875,16.25566041449486,0.061517033113482,1.8976589936840545e-07,nan,18.212137495544667,0.0549084367633747
nan,nan,nan,nan,1.2310042314200757e-07,nan,18.08927323976173,0.0552813806693967
nan,nan,nan,nan,7.465785043995515e-08,nan,17.96992610572226,0.0556485315586002
nan,nan,nan,nan,4.922882761316837e-08,nan,17.892571357242122,0.0558891162166719
Name:	26.366508987303583_8_210_0.025
Lambda:	26.366508987303583	Maximal Depth:	20	Filter time:	8 to 210 [us]
Chi2:	0.9486504561471096	RelRMS:	2.531008392886134	AbsRMS:	1.49551576916556e-07	Phi model:	0.0069531087006925
depth_vector,start_model,resistivity_model,conductivity_model,E/I[V/A],modelled_thickness,rhoa,sigma
0.0,19.2875,21.58387195680516,0.0463308901202367,0.0001182802939179,1.0,20.28059272611292,0.049308223556623
1.0,19.2875,21.53694915313756,0.0464318317738293,6.945579122625326e-05,1.0,20.3189831856732,0.0492150611505547
2.0,19.2875,21.45146597880768,0.0466168606373065,4.490186131642067e-05,1.0,20.2848807599885,0.0492978002598111
3.0,19.2875,21.329690416597494,0.0468830058228064,3.116091397234204e-05,1.0,20.20284266933969,0.0494979848314922
4.0,19.2875,21.15498066443793,0.0472701921056834,2.000193044391624e-05,1.0,20.09691931157805,0.0497588702276318
5.0,19.2875,20.9390176691548,0.0477577322776271,1.2062557469992126e-05,1.0,19.92564729571196,0.0501865753799226
6.0,19.2875,20.66508363855969,0.0483908034194483,7.940764891595778e-06,1.5,19.765005856817144,0.0505944702088256
7.5,19.2875,20.275163701070834,0.049321426684569,5.573761410922563e-06,1.5,19.61639909728713,0.0509777556543645
9.0,19.2875,19.79151794098117,0.0505266954754065,3.617248960700502e-06,1.5,19.421749001121825,0.0514886687054929
10.5,19.2875,19.23739150360996,0.0519820995384091,2.205437786277089e-06,1.5,19.198996536398507,0.0520860555448377
12.0,19.2875,18.65463884876204,0.0536059694378035,1.4574219934227229e-06,1.5,19.014846358465896,0.0525904854106157
13.5,19.2875,18.078914331175035,0.0553130559546716,1.0275147538219597e-06,1.5,18.856609178620204,0.0530318038904793
15.0,19.2875,17.530924391563733,0.0570420576613302,6.68830370035994e-07,1.5,18.676274215146552,0.0535438700717402
16.5,19.2875,17.037667494510035,0.0586934802150719,4.072410381942955e-07,1.5,18.481602853858924,0.0541078610934008
18.0,19.2875,16.617291449246718,0.0601782789363865,2.698225618504387e-07,1.5,18.330901970515097,0.0545526893116596
19.5,19.2875,16.254749621192616,0.0615204800630223,1.89755655752143e-07,nan,18.21279292254146,0.0549064607637595
nan,nan,nan,nan,1.2309435614348926e-07,nan,18.08986761682268,0.0552795642943262
nan,nan,nan,nan,7.465466489981096e-08,nan,17.970437290691788,0.0556469485869424
nan,nan,nan,nan,4.922702622152327e-08,nan,17.89300785638296,0.0558877528041363
Name:	33.59818286283781_8_210_0.025
Lambda:	33.59818286283781	Maximal Depth:	20	Filter time:	8 to 210 [us]
Chi2:	0.9481912935440794	RelRMS:	2.5300913902779687	AbsRMS:	1.509265623694616e-07	Phi model:	0.0069074667264401
depth_vector,start_model,resistivity_model,conductivity_model,E/I[V/A],modelled_thickness,rhoa,sigma
0.0,19.2875,21.60541085870896,0.04628470185268,0.0001182804048801,1.0,20.28058004224501,0.0493082543949419
1.0,19.2875,21.560036101434832,0.0463821115741754,6.946045076241954e-05,1.0,20.31807448540298,0.0492172622321286
2.0,19.2875,21.469882198230767,0.0465768740958627,4.490588074641488e-05,1.0,20.28367030420608,0.0493007421735028
3.0,19.2875,21.3365531991285,0.0468679261672333,3.116369337779803e-05,1.0,20.201641426915984,0.0495009281111006
4.0,19.2875,21.1591852784837,0.0472607988842026,2.000348531023465e-05,1.0,20.09587787880479,0.0497614488917005
5.0,19.2875,20.935067162636603,0.0477667442970867,1.2063187052967809e-05,1.0,19.924954004219167,0.0501883216286595
6.0,19.2875,20.637470311135093,0.048455551233934,7.94098618556463e-06,1.5,19.764638656673217,0.0505954101853699
7.5,19.2875,20.24422564952476,0.0493968017010063,5.573806420474497e-06,1.5,19.616293493030884,0.0509780300929567
9.0,19.2875,19.76474474537702,0.0505951386108287,3.617198810725111e-06,1.5,19.421928513507844,0.0514881928076558
10.5,19.2875,19.225908115401765,0.052013147779423,2.205362813353912e-06,1.5,19.19943165656051,0.0520848751092221
12.0,19.2875,18.658357402062013,0.0535952859328059,1.4573544702115044e-06,1.5,19.015433693759,0.0525888610328255
13.5,19.2875,18.09100664816432,0.0552760838270693,1.0274596233418033e-06,1.5,18.85728369960899,0.0530299069542415
15.0,19.2875,17.550884635525723,0.0569771849548736,6.687906995906303e-07,1.5,18.677012750926544,0.0535417528132485
16.5,19.2875,17.060054551118526,0.0586164596955779,4.072158408582212e-07,1.5,18.482365238011905,0.0541056291833981
18.0,19.2875,16.628267440161757,0.060138556443032,2.6980598578259184e-07,1.5,18.33165275979712,0.0545504550573358
19.5,19.2875,16.254072464096645,0.0615230430532953,1.897443354734987e-07,nan,18.21351730724307,0.0549042770339765
nan,nan,nan,nan,1.2308744473372378e-07,nan,18.09054477940388,0.0552774950778984
nan,nan,nan,nan,7.465087212596904e-08,nan,17.971045966120116,0.0556450638368656
nan,nan,nan,nan,4.922477616586707e-08,nan,17.893553109674237,0.055886049789594
Name:	42.81332398719393_8_210_0.025
Lambda:	42.81332398719393	Maximal Depth:	20	Filter time:	8 to 210 [us]
Chi2:	0.9476688038296234	RelRMS:	2.5290265135966097	AbsRMS:	1.5230926341767244e-07	Phi model:	0.0068683845148629
depth_vector,start_model,resistivity_model,conductivity_model,E/I[V/A],modelled_thickness,rhoa,sigma
0.0,19.2875,21.63862292030525,0.0462136617326798,0.0001182798019693,1.0,20.28064896001332,0.0493080868354689
1.0,19.2875,21.58512270319339,0.0463282054844217,6.946505951331822e-05,1.0,20.31717578918376,0.0492194392752347
2.0,19.2875,21.48563889216957,0.0465427165102569,4.491008601066226e-05,1.0,20.282404077509547,0.0493038200096242
3.0,19.2875,21.34391483768323,0.0468517611508866,3.116672749259905e-05,1.0,20.20033030447355,0.0495041410178595
4.0,19.2875,21.15644204495524,0.0472669269187656,2.000529065449376e-05,1.0,20.09466884785127,0.0497644428764463
5.0,19.2875,20.919684252716344,0.0478018687050763,1.2064010706865546e-05,1.0,19.924047094503702,0.0501906061181647
6.0,19.2875,20.60906574156687,0.0485223353906372,7.94134741127976e-06,1.5,19.76403929995706,0.0505969445224778
7.5,19.2875,20.21451730640952,0.0494693979006327,5.5739507901551645e-06,1.5,19.6159547733496,0.0509789103591637
9.0,19.2875,19.74526244339817,0.0506450599411683,3.617209356778048e-06,1.5,19.42189076345146,0.0514882928845332
10.5,19.2875,19.217322965668693,0.0520363841408336,2.2053188479348404e-06,1.5,19.19968683001832,0.0520841828751352
12.0,19.2875,18.65907734801165,0.0535932180004903,1.4573026221188578e-06,1.5,19.01588471338335,0.0525876137278115
13.5,19.2875,18.100221355255385,0.0552479431258254,1.0274121066281672e-06,1.5,18.85786511462709,0.0530282719661808
15.0,19.2875,17.56802940181228,0.0569215805101534,6.687529038592169e-07,1.5,18.67771645349923,0.0535397355715105
16.5,19.2875,17.078446815239598,0.0585533339663927,4.071894372030594e-07,1.5,18.48316420556838,0.0541032903716092
18.0,19.2875,16.640830087450322,0.0600931560952689,2.697872740779534e-07,1.5,18.332500372070303,0.0545479328899132
19.5,19.2875,16.254393724500602,0.0615218270794485,1.897307053982369e-07,nan,18.21438959142393,0.0549016476770015
nan,nan,nan,nan,1.230783962819239e-07,nan,18.09143141979882,0.0552747859909871
nan,nan,nan,nan,7.464535058661419e-08,nan,17.97193217102988,0.0556423199511049
nan,nan,nan,nan,4.922115983793735e-08,nan,17.894429537125895,0.0558833126211306
Name:	54.5559478116852_8_210_0.025
Lambda:	54.5559478116852	Maximal Depth:	20	Filter time:	8 to 210 [us]
Chi2:	0.9470564725760532	RelRMS:	2.527789582826012	AbsRMS:	1.53579140634519e-07	Phi model:	0.0068376893102082
depth_vector,start_model,resistivity_model,conductivity_model,E/I[V/A],modelled_thickness,rhoa,sigma
0.0,19.2875,21.651350585289496,0.0461864952054966,0.0001182791417212,1.0,20.280724432590755,0.0493079033406231
1.0,19.2875,21.602363309930364,0.0462912314570837,6.946913429283404e-05,1.0,20.316381298969507,0.0492213640453146
2.0,19.2875,21.503385219110992,0.0465043057086312,4.491397918543964e-05,1.0,20.28123199870148,0.0493066693415876
3.0,19.2875,21.356480376920512,0.0468241949212136,3.116966643770793e-05,1.0,20.199060510221223,0.0495072530474363
4.0,19.2875,21.16319482588988,0.0472518449235583,2.000714679129882e-05,1.0,20.093425990933987,0.0497675210017043
5.0,19.2875,20.903381583784448,0.0478391496606337,1.206494707849424e-05,1.0,19.923016198767083,0.0501932031788381
6.0,19.2875,20.58953268826007,0.0485683679732172,7.941818752449239e-06,1.5,19.76325730464542,0.0505989465494104
7.5,19.2875,20.19456007981466,0.0495182859169853,5.574186303004457e-06,1.5,19.61540224523979,0.0509803463369035
9.0,19.2875,19.72641261361349,0.0506934544859862,3.6172839177266434e-06,1.5,19.42162387451735,0.0514890004286446
10.5,19.2875,19.205074201543862,0.0520695723174874,2.205312128768691e-06,1.5,19.1997258285252,0.0520840770816785
12.0,19.2875,18.65588035134237,0.0536024020934528,1.457271878002701e-06,1.5,19.0161521649695,0.0525868741123214
13.5,19.2875,18.107643586450504,0.0552252972743662,1.0273763448141578e-06,1.5,18.858302726125444,0.0530270414322411
15.0,19.2875,17.581369987913163,0.0568783889246105,6.687196041882576e-07,1.5,18.67833650077216,0.0535379582629673
16.5,19.2875,17.093350396656522,0.0585022816940323,4.071631462464237e-07,1.5,18.48395984869676,0.0541009614923236
18.0,19.2875,16.65065619096515,0.0600576931341968,2.6976705770713045e-07,1.5,18.333416253596457,0.0545452078416552
19.5,19.2875,16.256011100544438,0.0615157060249859,1.897150300587843e-07,nan,18.215392895547964,0.0548986236933934
nan,nan,nan,nan,1.2306722065588758e-07,nan,18.09252664787035,0.0552714399410714
nan,nan,nan,nan,7.463798374756212e-08,nan,17.97311471596001,0.0556386589527527
nan,nan,nan,nan,4.9216031062367375e-08,nan,17.89567269465194,0.0558794305787033
Name:	69.51927961775606_8_210_0.025
Lambda:	69.51927961775606	Maximal Depth:	20	Filter time:	8 to 210 [us]
Chi2:	0.946313948846944	RelRMS:	2.526276545850773	AbsRMS:	1.5494756353133958e-07	Phi model:	0.0068077372739824
depth_vector,start_model,resistivity_model,conductivity_model,E/I[V/A],modelled_thickness,rhoa,sigma
0.0,19.2875,21.67916556120316,0.0461272366400296,0.0001182778896592,1.0,20.28086755699592,0.0493075553691019
1.0,19.2875,21.62511901688877,0.04624252006285,6.94734263805547e-05,1.0,20.315544522539163,0.0492233914227869
2.0,19.2875,21.517595036354862,0.0464735951350724,4.491828946768989e-05,1.0,20.27993454305524,0.049309823849626
3.0,19.2875,21.36091336892705,0.0468144775800956,3.11730324710821e-05,1.0,20.197606434265857,0.0495108171977977
4.0,19.2875,21.156868743706887,0.0472659736236937,2.000936258050229e-05,1.0,20.09194256476428,0.0497711954320297
5.0,19.2875,20.887928635290496,0.0478745411984261,1.2066133900490631e-05,1.0,19.92170976199721,0.0501964947761465
6.0,19.2875,20.56982645845419,0.0486148972632192,7.942459081655572e-06,1.5,19.762195067641027,0.0506016662914848
7.5,19.2875,20.17513431159192,0.0495659649425696,5.5745358850527255e-06,1.5,19.614582175275512,0.0509824777843351
9.0,19.2875,19.71021185944176,0.0507351218308174,3.6174237176357167e-06,1.5,19.42112348916905,0.0514903270430101
10.5,19.2875,19.19437765582145,0.0520985893854553,2.20533552459041e-06,1.5,19.19959003840717,0.0520844454490738
12.0,19.2875,18.652185022736973,0.0536130216798194,1.4572541824651954e-06,1.5,19.01630610761811,0.0525864484059493
13.5,19.2875,18.11166234286151,0.055213043456176,1.0273451576333423e-06,1.5,18.85868437930661,0.0530259682959266
15.0,19.2875,17.59169075305811,0.0568450192785569,6.686852802163885e-07,1.5,18.67897567461664,0.0535361262533751
16.5,19.2875,17.10663033378693,0.0584568661675538,4.071332700461272e-07,1.5,18.484864095984825,0.0540983149677153
18.0,19.2875,16.66124584961373,0.0600195212906712,2.697428135885643e-07,1.5,18.33451475888144,0.0545419397868486
19.5,19.2875,16.258863772370326,0.0615049128893841,1.896955354709951e-07,nan,18.21664084441912,0.0548948628092627
nan,nan,nan,nan,1.230527949319232e-07,nan,18.093940635506588,0.0552671206424571
nan,nan,nan,nan,7.462812718434593e-08,nan,17.97469722243755,0.055633760481468
nan,nan,nan,nan,4.9208991205548686e-08,nan,17.897379428410506,0.055874101792388
Name:	88.58667904100822_8_210_0.025
Lambda:	88.58667904100822	Maximal Depth:	20	Filter time:	8 to 210 [us]
Chi2:	0.945420036101921	RelRMS:	2.524481452295338	AbsRMS:	1.5636019991288842e-07	Phi model:	0.0067803181483473
depth_vector,start_model,resistivity_model,conductivity_model,E/I[V/A],modelled_thickness,rhoa,sigma
0.0,19.2875,21.694470784677225,0.0460946943543927,0.0001182773141561,1.0,20.280933344162804,0.049307395425557
1.0,19.2875,21.639286480894093,0.0462122446081078,6.947769276786696e-05,1.0,20.31471284199036,0.0492254066192364
2.0,19.2875,21.53091793450245,0.0464448382108938,4.49225674597588e-05,1.0,20.27864701236874,0.0493129546261178
3.0,19.2875,21.37130904781112,0.0467917055414264,3.117644037066206e-05,1.0,20.196134539298143,0.0495144255478282
4.0,19.2875,21.152632467489664,0.0472754396662893,2.001166904362109e-05,1.0,20.09039872502955,0.0497750200823119
5.0,19.2875,20.88126333630846,0.0478898227513463,1.206742331300405e-05,1.0,19.92029063776153,0.0502000707813152
6.0,19.2875,20.557489117473608,0.0486440729354448,7.943186560619045e-06,1.5,19.760988431779364,0.0506047561058136
7.5,19.2875,20.15715255563804,0.0496101816583362,5.57495267799299e-06,1.5,19.6136045500868,0.0509850189671319
9.0,19.2875,19.6926061006266,0.0507804804955795,3.617607226032901e-06,1.5,19.420466707093308,0.0514920683978594
10.5,19.2875,19.18191334798256,0.0521324427787165,2.2053816378643343e-06,1.5,19.199322402479705,0.0520851714991172
12.0,19.2875,18.648863400042497,0.0536225709067996,1.4572473723438434e-06,1.5,19.01636535322223,0.0525862845725434
13.5,19.2875,18.11522559450952,0.0552021830908408,1.027318390924116e-06,1.5,18.8590119523574,0.0530250472573139
15.0,19.2875,17.600233960522072,0.0568174265321151,6.686507245506955e-07,1.5,18.679619218254352,0.0535342818456795
16.5,19.2875,17.115589575139573,0.0584262666272683,4.071007594339484e-07,1.5,18.485848203294168,0.0540954350053464
18.0,19.2875,16.66899936234801,0.05999160347074,2.697153546371148e-07,1.5,18.335759127558603,0.0545382382612674
19.5,19.2875,16.262953539684293,0.0614894457860827,1.896728718813039e-07,nan,18.21809192612677,0.0548904904012416
nan,nan,nan,nan,1.2303558301281716e-07,nan,18.09562808328459,0.0552619668904295
nan,nan,nan,nan,7.461607769903244e-08,nan,17.976632283691675,0.0556277718884641
nan,nan,nan,nan,4.9200238717298384e-08,nan,17.899501937882853,0.0558674762834367
Name:	112.88378916846884_8_210_0.025
Lambda:	112.88378916846884	Maximal Depth:	20	Filter time:	8 to 210 [us]
Chi2:	0.944339585552201	RelRMS:	2.5223147135064825	AbsRMS:	1.579969338645459e-07	Phi model:	0.0067517460020156
depth_vector,start_model,resistivity_model,conductivity_model,E/I[V/A],modelled_thickness,rhoa,sigma
0.0,19.2875,21.712270500206028,0.0460569059320862,0.0001182774232745,1.0,20.28092087052284,0.0493074257517292
1.0,19.2875,21.65462009942909,0.046179521756023,6.948252834352538e-05,1.0,20.313770307968124,0.0492276906177159
2.0,19.2875,21.54201866371754,0.0464209049119553,4.4927331262496565e-05,1.0,20.277213509588098,0.0493164408180221
3.0,19.2875,21.376974124248367,0.0467793053491924,3.118025549194759e-05,1.0,20.194487080611704,0.0495184649161046
4.0,19.2875,21.152559324698355,0.0472756031385937,2.001428081012485e-05,1.0,20.08865088733265,0.0497793508189528
5.0,19.2875,20.873956060269155,0.0479065873815538,1.2068912361706211e-05,1.0,19.91865210884166,0.0502042002910483
6.0,19.2875,20.54315857013841,0.0486780061880845,7.94404369133936e-06,1.5,19.75956698484315,0.0506083964677497
7.5,19.2875,20.13933369944886,0.049654075697021,5.575453841024875e-06,1.5,19.612429188574428,0.0509880744697636
9.0,19.2875,19.676306390781697,0.0508225466781965,3.617835976415949e-06,1.5,19.419648080333506,0.0514942390234512
10.5,19.2875,19.171241376856177,0.0521614631177309,2.205445625483964e-06,1.5,19.19895104143729,0.052086178971012
12.0,19.2875,18.64520827209988,0.0536330828493007,1.4572456484012497e-06,1.5,19.01638035097537,0.0525862430990295
13.5,19.2875,18.117562257771706,0.0551950635395796,1.027290709588309e-06,1.5,18.85935073364136,0.0530240947381183
15.0,19.2875,17.606227865582227,0.0567980834756128,6.68611687248307e-07,1.5,18.680346291843005,0.0535321981925282
16.5,19.2875,17.123020237132277,0.0584009121142916,4.070626453918797e-07,1.5,18.48700209514101,0.0540920585638291
18.0,19.2875,16.67608301751182,0.0599661202783581,2.696825781345341e-07,1.5,18.337244750366352,0.0545338197539203
19.5,19.2875,16.268313849734543,0.06146918538926,1.896455090390422e-07,nan,18.21984427200409,0.0548852111506003
nan,nan,nan,nan,1.2301457042489517e-07,nan,18.09768868012113,0.0552556747811901
nan,nan,nan,nan,7.460121743523324e-08,nan,17.979019453223568,0.0556203858948883
nan,nan,nan,nan,4.9189369732773854e-08,nan,17.902138581350695,0.0558592480700454
Name:	143.8449888287663_8_210_0.025
Lambda:	143.8449888287663	Maximal Depth:	20	Filter time:	8 to 210 [us]
Chi2:	0.9430028464470523	RelRMS:	2.519617972300692	AbsRMS:	1.6013376495083044e-07	Phi model:	0.0067196298890201
depth_vector,start_model,resistivity_model,conductivity_model,E/I[V/A],modelled_thickness,rhoa,sigma
0.0,19.2875,21.730743005857487,0.0460177546497352,0.0001182795303189,1.0,20.28068001212553,0.0493080113389745
1.0,19.2875,21.670763773884467,0.0461451202382218,6.948871742770437e-05,1.0,20.312564112147754,0.0492306138446577
2.0,19.2875,21.55364746005848,0.0463958595338965,4.493308492661968e-05,1.0,20.27548247975256,0.0493206512347421
3.0,19.2875,21.382598746598724,0.046767000206608,3.118481863458776e-05,1.0,20.19251704996639,0.0495232960569254
4.0,19.2875,21.14990477094328,0.0472815367648296,2.0017402771176866e-05,1.0,20.086562117651933,0.0497845272945541
5.0,19.2875,20.86383616463811,0.0479298242235476,1.207070895126174e-05,1.0,19.91667561459942,0.0502091824635118
6.0,19.2875,20.52770227707979,0.048714658197111,7.945089833327937e-06,1.5,19.75783243207356,0.0506128394113043
7.5,19.2875,20.122399012884262,0.0496958637665273,5.57607269720714e-06,1.5,19.610978048051887,0.0509918474004583
9.0,19.2875,19.661885488947643,0.0508598221956953,3.6181240513011865e-06,1.5,19.418617272277192,0.051496972517587
10.5,19.2875,19.16167613690449,0.0521875013884639,2.205530233316518e-06,1.5,19.19846003569296,0.0520875110889541
12.0,19.2875,18.641159971016744,0.053644730346974,1.4572473918589165e-06,1.5,19.016365183447466,0.0525862850420245
13.5,19.2875,18.1180285629885,0.055193642979612,1.0272588850601266e-06,1.5,18.85974024067391,0.0530229996404376
15.0,19.2875,17.6099963466612,0.0567859288732673,6.685643835298257e-07,1.5,18.681227423058782,0.0535296732572117
16.5,19.2875,17.128741038798264,0.0583814068841897,4.070154542952097e-07,1.5,18.48843104177511,0.0540878778594285
18.0,19.2875,16.682820849170493,0.0599419012552497,2.6964155965533056e-07,1.5,18.33910437177017,0.0545282899168906
19.5,19.2875,16.275423747739495,0.0614423326544042,1.896110288327096e-07,nan,18.222053021692474,0.054878558349575
nan,nan,nan,nan,1.2298791212731706e-07,nan,18.100303767162742,0.0552476915782033
nan,nan,nan,nan,7.458224600609295e-08,nan,17.982068196976034,0.0556109558169824
nan,nan,nan,nan,4.9175434136732646e-08,nan,17.905520557119527,0.0558486974344001
Name:	183.29807108324357_8_210_0.025
Lambda:	183.2980710832436	Maximal Depth:	20	Filter time:	8 to 210 [us]
Chi2:	0.9413865910991372	RelRMS:	2.516323236681767	AbsRMS:	1.6247112208450418e-07	Phi model:	0.0066824811132151
depth_vector,start_model,resistivity_model,conductivity_model,E/I[V/A],modelled_thickness,rhoa,sigma
0.0,19.2875,21.747873580299792,0.0459815069417106,0.0001182808463142,1.0,20.280529582987207,0.0493083770770401
1.0,19.2875,21.685546952021035,0.046113662810188,6.949533221438688e-05,1.0,20.31127514874156,0.0492337380433723
2.0,19.2875,21.563749582373,0.0463741241373641,4.493959322026896e-05,1.0,20.27352485961224,0.0493254136576981
3.0,19.2875,21.386275404207588,0.0467589601788845,3.1190148032103703e-05,1.0,20.19021681475626,0.0495289381572731
4.0,19.2875,21.14867461479733,0.0472842869926382,2.0021155242773657e-05,1.0,20.084052218910216,0.0497907488538814
5.0,19.2875,20.85767162017968,0.0479439900200799,1.2072932001938067e-05,1.0,19.914230633375475,0.0502153469250295
6.0,19.2875,20.51684153849208,0.0487404456540681,7.946414689885881e-06,1.5,19.755636303604515,0.0506184657700721
7.5,19.2875,20.108174264075835,0.0497310191799235,5.576873015077834e-06,1.5,19.609101800488684,0.0509967264270655
9.0,19.2875,19.64641328386144,0.050899876000341,3.6185096911014536e-06,1.5,19.41723756528047,0.0515006316752326
10.5,19.2875,19.14782930515528,0.052225240995373,2.2056543065029207e-06,1.5,19.197740056913425,0.0520894645429831
12.0,19.2875,18.631350625591885,0.0536729741227888,1.4572617359924694e-06,1.5,19.01624039518985,0.0525866301234259
13.5,19.2875,18.113923866130133,0.0552061501080848,1.0272271172324912e-06,1.5,18.86012907379504,0.0530219064825721
15.0,19.2875,17.611577458456534,0.0567808308119401,6.685096358593135e-07,1.5,18.682247343261,0.0535267509109773
16.5,19.2875,17.13491669958612,0.0583603654183013,4.069583019294048e-07,1.5,18.490161985442043,0.0540828144603241
18.0,19.2875,16.691551239155864,0.0599105490958893,2.695909574302628e-07,1.5,18.34139913335344,0.0545214676769953
19.5,19.2875,16.284785770689638,0.0614070098361294,1.895680440901383e-07,nan,18.22480749670181,0.054870264071704
nan,nan,nan,nan,1.229543666711306e-07,nan,18.103595803372595,0.0552376450988651
nan,nan,nan,nan,7.45581853058631e-08,nan,17.985936655623505,0.0555989948784423
nan,nan,nan,nan,4.9157671798121096e-08,nan,17.909833546421726,0.0558352481282437
Name:	233.57214690901213_8_210_0.025
Lambda:	233.57214690901213	Maximal Depth:	20	Filter time:	8 to 210 [us]
Chi2:	0.9394825776332332	RelRMS:	2.512399098293177	AbsRMS:	1.655591379195867e-07	Phi model:	0.0066403052994797
depth_vector,start_model,resistivity_model,conductivity_model,E/I[V/A],modelled_thickness,rhoa,sigma
0.0,19.2875,21.763614115584392,0.0459482508139089,0.0001182856330261,1.0,20.27998244577287,0.0493097073764202
1.0,19.2875,21.701149508637315,0.0460805082975898,6.950402494228205e-05,1.0,20.30958158668992,0.0492378435139874
2.0,19.2875,21.575988608663863,0.04634781831496,4.4947462929144544e-05,1.0,20.271158372395867,0.0493311719848109
3.0,19.2875,21.38880434558333,0.0467534315543212,3.1196420583462315e-05,1.0,20.18751034151556,0.0495355783394202
4.0,19.2875,21.14461012029399,0.0472933761516949,2.0025493075590143e-05,1.0,20.08115176909923,0.0497979404517421
5.0,19.2875,20.85035578292593,0.0479608122955333,1.2075474323935008e-05,1.0,19.911435427052552,0.0502223962538309
6.0,19.2875,20.505166194145005,0.0487681977571846,7.947919294414176e-06,1.5,19.75314295856124,0.0506248550976333
7.5,19.2875,20.093843429788528,0.0497664871080626,5.577775359063647e-06,1.5,19.606986903293965,0.0510022271617879
9.0,19.2875,19.63144833997312,0.0509386766927339,3.618938015631624e-06,1.5,19.41570543196965,0.0515046956961663
10.5,19.2875,19.134771629404487,0.05226087979348,2.205784974085747e-06,1.5,19.19698188477789,0.0520915217820225
12.0,19.2875,18.62204569973598,0.053699793036926,1.4572684600969865e-06,1.5,19.016181898859315,0.0525867918869657
13.5,19.2875,18.10948639162315,0.0552196775974037,1.0271824621128917e-06,1.5,18.86067567919275,0.0530203698430172
15.0,19.2875,17.611940651318694,0.0567796598795104,6.684402890135478e-07,1.5,18.6835394382532,0.053523049168755
16.5,19.2875,17.139507382995333,0.0583447340494822,4.068878421501735e-07,1.5,18.49229652146329,0.0540765717681056
18.0,19.2875,16.700034335860302,0.0598801164050711,2.695291396795374e-07,1.5,18.344203482459072,0.0545131327700442
19.5,19.2875,16.296079502278182,0.0613644527114758,1.895157626367141e-07,nan,18.22815911103928,0.0548601750680562
nan,nan,nan,nan,1.2291370128786048e-07,nan,18.107588572641085,0.0552254650578326
nan,nan,nan,nan,7.452908421465295e-08,nan,17.99061828501417,0.0555845265658813
nan,nan,nan,nan,4.913621402444916e-08,nan,17.915047313861244,0.0558189985480127
Name:	297.63514416313194_8_210_0.025
Lambda:	297.63514416313194	Maximal Depth:	20	Filter time:	8 to 210 [us]
Chi2:	0.9372312914571564	RelRMS:	2.507683998566183	AbsRMS:	1.694547773739412e-07	Phi model:	0.0065910991854486
depth_vector,start_model,resistivity_model,conductivity_model,E/I[V/A],modelled_thickness,rhoa,sigma
0.0,19.2875,21.770890411588525,0.0459328939282936,0.0001182935363856,1.0,20.279079146059843,0.0493119037998476
1.0,19.2875,21.710692413565027,0.0460602536736779,6.951488296514193e-05,1.0,20.30746666651793,0.0492429713869114
2.0,19.2875,21.584471007233144,0.0463296042634026,4.495692135722234e-05,1.0,20.26831505763372,0.0493380923454397
3.0,19.2875,21.396789325736208,0.0467359838327329,3.120387901114533e-05,1.0,20.1842933678669,0.0495434733222806
4.0,19.2875,21.149598883306705,0.0472822205999044,2.003061434799407e-05,1.0,20.077728827616667,0.0498064302285282
5.0,19.2875,20.84746626329876,0.0479674598039985,1.2078465106040584e-05,1.0,19.908148407710964,0.0502306884357298
6.0,19.2875,20.495778617761143,0.0487905348047341,7.949684020960883e-06,1.5,19.750219556364883,0.0506323485238284
7.5,19.2875,20.07944631618935,0.0498021700525544,5.57882899958487e-06,1.5,19.60451812161497,0.0510086498324817
9.0,19.2875,19.614577555560896,0.0509824897919604,3.619432690403954e-06,1.5,19.413936337330487,0.0515093890607403
10.5,19.2875,19.118549723477447,0.052305222648348,2.2059292742608497e-06,1.5,19.196144699264043,0.0520937936062931
12.0,19.2875,18.60961777849544,0.0537356549663025,1.4572675717385282e-06,1.5,19.016189627105724,0.0525867705155084
13.5,19.2875,18.10270425907347,0.0552403655105163,1.027122021610944e-06,1.5,18.86141557020309,0.0530182899728788
15.0,19.2875,17.611186395800413,0.0567820916504785,6.683520827956559e-07,1.5,18.685183250594843,0.0535183405262115
16.5,19.2875,17.144815445696707,0.0583266704250815,4.067998198534634e-07,1.5,18.494963968918025,0.054068772541572
18.0,19.2875,16.710012098131806,0.0598443612205284,2.694524009790599e-07,1.5,18.347686208961,0.0545027851801607
19.5,19.2875,16.309962599936693,0.061312219073015,1.894510652028461e-07,nan,18.23230881237057,0.0548476888084246
nan,nan,nan,nan,1.2286350103683672e-07,nan,18.112520569500823,0.0552104272932544
nan,nan,nan,nan,7.4493222291328e-08,nan,17.99639175360331,0.0555666943513705
nan,nan,nan,nan,4.9109796301859794e-08,nan,17.921471454111572,0.0557989896399147
Name:	379.26901907322497_8_210_0.025
Lambda:	379.26901907322497	Maximal Depth:	20	Filter time:	8 to 210 [us]
Chi2:	0.9346097845035838	RelRMS:	2.502080770733787	AbsRMS:	1.7471375533572918e-07	Phi model:	0.0065336407527232
depth_vector,start_model,resistivity_model,conductivity_model,E/I[V/A],modelled_thickness,rhoa,sigma
0.0,19.2875,21.788315820671247,0.0458961586673564,0.0001183077219019,1.0,20.277458091229505,0.0493158459754146
1.0,19.2875,21.723187129928345,0.0460337607929678,6.952953952120043e-05,1.0,20.30461274300629,0.0492498927537753
2.0,19.2875,21.59303676954822,0.0463112257285765,4.4968761528827086e-05,1.0,20.264757167629785,0.0493467546503525
3.0,19.2875,21.399772016372964,0.0467294697922435,3.12128863686627e-05,1.0,20.18041001682964,0.0495530070581341
4.0,19.2875,21.146827397496203,0.0472884173688579,2.0036613281650675e-05,1.0,20.07372113188838,0.0498163740260113
5.0,19.2875,20.839129462124884,0.0479866494335811,1.2081874380463784e-05,1.0,19.90440309847117,0.0502401400862308
6.0,19.2875,20.482892184671613,0.0488212304680464,7.951650622191816e-06,1.5,19.746963007577765,0.0506406985021573
7.5,19.2875,20.06370071121756,0.0498412538341395,5.579975354128945e-06,1.5,19.601832984545304,0.0510156372002777
9.0,19.2875,19.598264912063563,0.0510249251393911,3.619945336163143e-06,1.5,19.41210339859255,0.0515142527044495
10.5,19.2875,19.10420522123941,0.0523444963252506,2.2060532514558294e-06,1.5,19.19542549436293,0.0520957454313095
12.0,19.2875,18.59859883517363,0.053767491242878,1.4572354335338657e-06,1.5,19.016469217684666,0.0525859973559147
13.5,19.2875,18.0966390451877,0.0552588797015279,1.0270289284927417e-06,1.5,18.86255532483269,0.0530150863856443
15.0,19.2875,17.610777485898208,0.0567834100908235,6.682341877927329e-07,1.5,18.68738090824656,0.053512046707343
16.5,19.2875,17.150251525694504,0.0583081827401656,4.06687947102684e-07,1.5,18.49835557446341,0.054058859230735
18.0,19.2875,16.72105813325378,0.0598048276628656,2.693568178123384e-07,1.5,18.35202648953477,0.0544898951933318
19.5,19.2875,16.326339065237885,0.0612507186089994,1.8937136300063414e-07,nan,18.237424169576062,0.0548323047543202
nan,nan,nan,nan,1.2280223547277654e-07,nan,18.118544246712432,0.0551920720772833
nan,nan,nan,nan,7.444978087303047e-08,nan,18.003391664716982,0.0555450894266661
nan,nan,nan,nan,4.9077939399176097e-08,nan,17.92922593377877,0.0557748562985083
Name:	483.2930238571752_8_210_0.025
Lambda:	483.2930238571752	Maximal Depth:	20	Filter time:	8 to 210 [us]
Chi2:	0.9318079497046164	RelRMS:	2.49580459786256	AbsRMS:	1.818051825204769e-07	Phi model:	0.0064672288211769
depth_vector,start_model,resistivity_model,conductivity_model,E/I[V/A],modelled_thickness,rhoa,sigma
0.0,19.2875,21.80013001405213,0.0458712860590928,0.000118330869518,1.0,20.274813584790067,0.049322278393237
1.0,19.2875,21.733302922406907,0.0460123343225941,6.954907553088152e-05,1.0,20.300810251207817,0.0492591176226822
2.0,19.2875,21.599960349977447,0.0462963812802112,4.49835320684757e-05,1.0,20.260320910353364,0.0493575597555803
3.0,19.2875,21.40233914509922,0.0467238647710609,3.122377422743312e-05,1.0,20.175718416038503,0.0495645299651416
4.0,19.2875,21.14438182023812,0.0472938867875938,2.0043669502451045e-05,1.0,20.069009655256743,0.0498280691064427
5.0,19.2875,20.831583759915542,0.0480040313557059,1.2085793733800546e-05,1.0,19.90009961028655,0.0502510047478903
6.0,19.2875,20.470687328707868,0.0488503382393814,7.953870443693432e-06,1.5,19.743288756776263,0.0506501227996668
7.5,19.2875,20.048345852295068,0.0498794268298959,5.581244589929808e-06,1.5,19.598861091705107,0.0510233730072832
9.0,19.2875,19.5819091970374,0.0510675435136474,3.620490661431273e-06,1.5,19.410154090751227,0.0515194261377085
10.5,19.2875,19.08920093143272,0.0523856395871121,2.206162161575578e-06,1.5,19.194793750747497,0.0520974600188687
12.0,19.2875,18.58706620829856,0.0538008520975478,1.4571733432639784e-06,1.5,19.017009409340165,0.0525845036133206
13.5,19.2875,18.09020442295374,0.055278535091132,1.0269027859100676e-06,1.5,18.864099984344755,0.0530107453220612
15.0,19.2875,17.61045794617789,0.0567844404192246,6.680852861631141e-07,1.5,18.69015747802053,0.0535040970722687
16.5,19.2875,17.156499413955146,0.0582869486293105,4.065506865077278e-07,1.5,18.502518978964872,0.0540466950006579
18.0,19.2875,16.73392283834155,0.0597588509078548,2.692409812867715e-07,1.5,18.357289884852868,0.0544742718708783
19.5,19.2875,16.345507080919138,0.0611788912420677,1.8927543899976258e-07,nan,18.243585416096384,0.0548137867196705
nan,nan,nan,nan,1.2272894252861525e-07,nan,18.12575704854194,0.0551701094371912
nan,nan,nan,nan,7.439806362515611e-08,nan,18.011733978879278,0.0555193631647352
nan,nan,nan,nan,4.9040126715182655e-08,nan,17.938441041304646,0.0557462043494985
Name:	615.8482110660261_8_210_0.025
Lambda:	615.8482110660261	Maximal Depth:	20	Filter time:	8 to 210 [us]
Chi2:	0.9286303297694624	RelRMS:	2.488429531331329	AbsRMS:	1.911732781136153e-07	Phi model:	0.0063891318463424
depth_vector,start_model,resistivity_model,conductivity_model,E/I[V/A],modelled_thickness,rhoa,sigma
0.0,19.2875,21.80940527898812,0.0458517775798055,0.000118365005869,1.0,20.27091523988653,0.0493317636705582
1.0,19.2875,21.74103507144331,0.045995970141895,6.957443762363603e-05,1.0,20.295876424586243,0.0492710922691965
2.0,19.2875,21.604780496741466,0.0462860522998983,4.50016692266305e-05,1.0,20.25487682588934,0.0493708260285158
3.0,19.2875,21.40318163253479,0.0467220255926767,3.123672825408667e-05,1.0,20.17014004987828,0.0495782378073292
4.0,19.2875,21.14065072353586,0.047302233648215,2.00518062483827e-05,1.0,20.0635801367871,0.0498415533609813
5.0,19.2875,20.82320175027688,0.0480233545250409,1.2090169898266863e-05,1.0,19.89529728663621,0.0502631343273119
6.0,19.2875,20.45811046102759,0.0488803695680979,7.956272644063962e-06,1.5,19.739314557248843,0.0506603204027047
7.5,19.2875,20.032960724163253,0.049917733767322,5.582566704036912e-06,1.5,19.59576658279346,0.051031430476319
9.0,19.2875,19.56577406465365,0.0511096569292671,3.621008104518931e-06,1.5,19.40830490234905,0.0515243348160181
10.5,19.2875,19.074601541209304,0.0524257347048415,2.2062093639935865e-06,1.5,19.19451996473128,0.0520982031245082
12.0,19.2875,18.576120493494063,0.0538325534844711,1.4570455853970017e-06,1.5,19.01812103644772,0.0525814299995003
13.5,19.2875,18.08460881986616,0.055295638958001,1.0267157539002822e-06,1.5,18.86639083807529,0.0530043084860643
15.0,19.2875,17.611361023306618,0.0567815286210199,6.678853005664863e-07,1.5,18.693888234167115,0.0534934192113272
16.5,19.2875,17.164522559270946,0.0582597037900059,4.063745802750184e-07,1.5,18.507864086283444,0.0540310862095167
18.0,19.2875,16.7492580793782,0.0597041370585367,2.6909536890211897e-07,1.5,18.36391159608788,0.0544546293837002
19.5,19.2875,16.368142123552584,0.0610942886768481,1.891562641889156e-07,nan,18.25124732678772,0.0547907757806931
nan,nan,nan,nan,1.2263882083079945e-07,nan,18.13463582491724,0.0551430979731055
nan,nan,nan,nan,7.433500804393885e-08,nan,18.02191832205346,0.0554879886885458
nan,nan,nan,nan,4.8994265197807535e-08,nan,17.94963358705459,0.0557114436431286
Name:	784.7599703514607_8_210_0.025
Lambda:	784.7599703514607	Maximal Depth:	20	Filter time:	8 to 210 [us]
Chi2:	0.9254423118634504	RelRMS:	2.4803662565538547	AbsRMS:	2.0382825875668217e-07	Phi model:	0.0062972065055012
depth_vector,start_model,resistivity_model,conductivity_model,E/I[V/A],modelled_thickness,rhoa,sigma
0.0,19.2875,21.815019613401496,0.045839977122261,0.0001184145910721,1.0,20.26525598454792,0.0493455400100789
1.0,19.2875,21.74531464609584,0.0459869179303662,6.960777726628279e-05,1.0,20.28939523985795,0.0492868312819658
2.0,19.2875,21.60651553584277,0.0462823354529846,4.502430567103698e-05,1.0,20.24808735497087,0.0493873807668308
3.0,19.2875,21.40145825714972,0.0467257879339097,3.1252386114955294e-05,1.0,20.163402481679213,0.0495948042949901
4.0,19.2875,21.134971231482627,0.0473149449340343,2.006131999142701e-05,1.0,20.05723642540121,0.0498573172689715
5.0,19.2875,20.81354284313132,0.0480456406454612,1.209511013391363e-05,1.0,19.889879441579414,0.0502768256055649
6.0,19.2875,20.444918152051866,0.0489119101657855,7.958892759015042e-06,1.5,19.73498211948458,0.0506714419068405
7.5,19.2875,20.017582608594925,0.0499560820880854,5.58394799397693e-06,1.5,19.59253487273984,0.0510398479061203
9.0,19.2875,19.550169115542165,0.0511504526682079,3.621488796809717e-06,1.5,19.406587444977795,0.0515288946516348
10.5,19.2875,19.06095635584168,0.0524632647665407,2.2061817758453963e-06,1.5,19.194679981814005,0.0520977688061197
12.0,19.2875,18.566496678407187,0.0538604572160885,1.4568399553952636e-06,1.5,19.019910573797723,0.05257648274002
13.5,19.2875,18.080694122602743,0.0553076111580194,1.0264574330428689e-06,1.5,18.869556014215576,0.0529954175523069
15.0,19.2875,17.614350216797753,0.0567718926722803,6.676262319668843e-07,1.5,18.698723960158325,0.0534795851380402
16.5,19.2875,17.175116079159007,0.0582237695157962,4.061540483425253e-07,1.5,18.51456303179071,0.0540115366634867
18.0,19.2875,16.76774478533129,0.0596383122955698,2.689159644635467e-07,1.5,18.37207821434084,0.0544304236207432
19.5,19.2875,16.394526669736017,0.060995966528633,1.890108511695116e-07,nan,18.26060703208926,0.0547626920749515
nan,nan,nan,nan,1.225298220591743e-07,nan,18.14538890826041,0.0551104197907141
nan,nan,nan,nan,7.425930869854907e-08,nan,18.034163841748203,0.0554503113521154
nan,nan,nan,nan,4.8939465524516694e-08,nan,17.96303041743533,0.0556698940413404
Name:	1000.0_8_210_0.025
Lambda:	1000	Maximal Depth:	20	Filter time:	8 to 210 [us]
Chi2:	0.9225846540306584	RelRMS:	2.4719259083871483	AbsRMS:	2.2088965184767605e-07	Phi model:	0.0061881349937206
depth_vector,start_model,resistivity_model,conductivity_model,E/I[V/A],modelled_thickness,rhoa,sigma
0.0,19.2875,21.81580529677565,0.0458383262224933,0.0001184839371626,1.0,20.25734800180355,0.0493648033252412
1.0,19.2875,21.745014367200444,0.0459875529679286,6.965112169398813e-05,1.0,20.280976868964952,0.0493072896074475
2.0,19.2875,21.60415317081216,0.0462873963211402,4.505247140558989e-05,1.0,20.23964739336457,0.0494079753745039
3.0,19.2875,21.39631726611149,0.0467370149527483,3.127129892476354e-05,1.0,20.155271808948115,0.0496148109278308
4.0,19.2875,21.126699837531152,0.0473334693866157,2.0072436777101195e-05,1.0,20.04983016351556,0.0498757342004666
5.0,19.2875,20.8022046631894,0.0480718277793676,1.2100666474534032e-05,1.0,19.883790333199705,0.0502922221187533
6.0,19.2875,20.430987292707613,0.048945260729369,7.96172162852069e-06,1.5,19.73030716782205,0.0506834481335845
7.5,19.2875,20.002373571441737,0.0499940667755422,5.5853577882169545e-06,1.5,19.58923784672145,0.0510484383223395
9.0,19.2875,19.53553527492233,0.051188768873085,3.6218950227455287e-06,1.5,19.40513634337314,0.0515327479438968
10.5,19.2875,19.048951998808537,0.0524963263103685,2.206045075998189e-06,1.5,19.19547291898805,0.0520956167227745
12.0,19.2875,18.55906425881449,0.0538820269198139,1.4565281072278488e-06,1.5,19.022625300044968,0.0525689795297411
13.5,19.2875,18.079440061524995,0.0553114475114806,1.0261047773009994e-06,1.5,18.873879208954005,0.0529832785792963
15.0,19.2875,17.62043263069139,0.0567522955286689,6.672908357456022e-07,1.5,18.70498905055522,0.053461672567529
16.5,19.2875,17.189235203778797,0.0581759448948703,4.0587718190144674e-07,1.5,18.522981799495334,0.0539869882087367
18.0,19.2875,16.79020808489314,0.0595585233335936,2.686941878842469e-07,1.5,18.382186202143583,0.0544004934453002
19.5,19.2875,16.425355254054427,0.0608814838116308,1.88832788529993e-07,nan,18.27208463303432,0.0547282929169498
nan,nan,nan,nan,1.223975132602684e-07,nan,18.158463042542103,0.0550707401643616
nan,nan,nan,nan,7.416810691573198e-08,nan,18.048944777161857,0.0554049010812723
nan,nan,nan,nan,4.887375965132072e-08,nan,17.979126475313564,0.0556200548103969
Name:	10_8_210_0.025
Lambda:	10	Maximal Depth:	20	Filter time:	8 to 210 [us]
Chi2:	0.9503590331815324	RelRMS:	2.534297541073122	AbsRMS:	1.43975487113047e-07	Phi model:	0.0072714405918506
depth_vector,start_model,resistivity_model,conductivity_model,E/I[V/A],modelled_thickness,rhoa,sigma
0.0,19.2875,21.43054625116285,0.0466623663382233,0.0001182814780669,1.0,20.28045736942596,0.0493085526516557
1.0,19.2875,21.43192612729739,0.0466593620218913,6.943595960159673e-05,1.0,20.3228518753375,0.0492056924950348
2.0,19.2875,21.381395199874028,0.0467696326947781,4.488507067596112e-05,1.0,20.2899392334472,0.0492855098526632
3.0,19.2875,21.30469849111012,0.0469380029206831,3.114977476993504e-05,1.0,20.207658758590984,0.0494861879818148
4.0,19.2875,21.18401255044717,0.0472054100996504,1.999616944751769e-05,1.0,20.10077914154559,0.0497493153354008
5.0,19.2875,21.004591696553724,0.0476086378848331,1.2060673084511847e-05,1.0,19.927722725637576,0.0501813485548688
6.0,19.2875,20.758375576157068,0.0481733262957528,7.940457665122595e-06,1.5,19.765515675784,0.0505931652076836
7.5,19.2875,20.387580243349383,0.0490494697293078,5.5740508226040415e-06,1.5,19.61572008611469,0.0509795202832174
9.0,19.2875,19.908479800311405,0.0502298523056671,3.6177774161464873e-06,1.5,19.419857641181807,0.0514936833460301
10.5,19.2875,19.338802231324845,0.0517095106531576,2.205930341231029e-06,1.5,19.196138509369096,0.0520938104042085
12.0,19.2875,18.653851178776872,0.0536082329818163,1.4578038099118606e-06,1.5,19.011526067679977,0.0525996701390543
13.5,19.2875,17.987592329910544,0.0555938772493279,1.0277999215322174e-06,1.5,18.85312111663469,0.0530416154340444
15.0,19.2875,17.41557033432536,0.0574198823698034,6.690167483003347e-07,1.5,18.67280542982793,0.0535538167394279
16.5,19.2875,16.939219131362865,0.0590345984809008,4.073466457279329e-07,1.5,18.478408390598613,0.0541172150145126
18.0,19.2875,16.55991568380896,0.0603867808927146,2.698847756743993e-07,1.5,18.32808476991435,0.0545610745778252
19.5,19.2875,16.263393654760083,0.0614877817771638,1.8979349542257042e-07,nan,18.21037208445316,0.0549137598815861
nan,nan,nan,nan,1.2311346396590964e-07,nan,18.087995810069145,0.0552852848099027
nan,nan,nan,nan,7.466207830365226e-08,nan,17.96924771479078,0.0556506324511784
nan,nan,nan,nan,4.92295351474532e-08,nan,17.892399920346698,0.0558896517209427
Name:	58.06735210785115_8_210_0.025
Lambda:	58.06735210785115	Maximal Depth:	20	Filter time:	8 to 210 [us]
Chi2:	0.94687871287161	RelRMS:	2.527426837756499	AbsRMS:	1.5392304949239988e-07	Phi model:	0.0068297683888667
depth_vector,start_model,resistivity_model,conductivity_model,E/I[V/A],modelled_thickness,rhoa,sigma
0.0,19.2875,21.658495790567024,0.0461712581367507,0.0001182788006,1.0,20.28076342623544,0.049307808536753
1.0,19.2875,21.60831573378424,0.0462784796520034,6.947022695810056e-05,1.0,20.31616826706263,0.0492218801722192
2.0,19.2875,21.5072850839177,0.0464958731935794,4.491506957512447e-05,1.0,20.28090375644553,0.0493074673598895
3.0,19.2875,21.35799350221661,0.0468208776211218,3.117050997798229e-05,1.0,20.198696088894607,0.049508146248599
4.0,19.2875,21.16191594916211,0.0472547004913132,2.0007695112589698e-05,1.0,20.09305887539702,0.049768430292336
5.0,19.2875,20.89907240628168,0.0478490136097824,1.2065235106261508e-05,1.0,19.92269912221592,0.0501940020207851
6.0,19.2875,20.58385089851552,0.0485817743691545,7.941970783751013e-06,1.5,19.763005088211703,0.0505995922956313
7.5,19.2875,20.18925989837092,0.0495312856951576,5.574267161043517e-06,1.5,19.6152125561142,0.0509808393428952
9.0,19.2875,19.72232595930836,0.0507039586539248,3.617314357691463e-06,1.5,19.421514918107857,0.0514892892864726
10.5,19.2875,19.202529170541748,0.0520764734227865,2.205315415771394e-06,1.5,19.199706750508536,0.0520841288356403
12.0,19.2875,18.655003911646965,0.0536049204136411,1.4572660507024005e-06,1.5,19.01620285932981,0.052586733923559
13.5,19.2875,18.108716350216987,0.0552220257173566,1.0273678084312713e-06,1.5,18.85840718820703,0.0530267477003754
15.0,19.2875,17.5841787445004,0.0568693036240181,6.687107912165615e-07,1.5,18.678500608875403,0.0535374878819145
16.5,19.2875,17.097075328098988,0.0584895358305232,4.071557421996611e-07,1.5,18.484183932790568,0.0541003056253957
18.0,19.2875,16.65358985747048,0.0600471134787446,2.697611635821511e-07,1.5,18.33368330229924,0.0545444133353492
19.5,19.2875,16.256620487254064,0.0615134000811574,1.8971035114367097e-07,nan,18.21569239748611,0.054897721051658
nan,nan,nan,nan,1.230638032467132e-07,nan,18.09286159217709,0.0552704167279086
nan,nan,nan,nan,7.463567774444618e-08,nan,17.973484921795155,0.0556375129448252
nan,nan,nan,nan,4.921439855671996e-08,nan,17.89606844096578,0.0558781948839056
Name:	172.21381097981777_8_210_0.025
Lambda:	172.21381097981777	Maximal Depth:	20	Filter time:	8 to 210 [us]
Chi2:	0.9418308634502084	RelRMS:	2.5172343255420704	AbsRMS:	1.6182604632007977e-07	Phi model:	0.0066926357315309
depth_vector,start_model,resistivity_model,conductivity_model,E/I[V/A],modelled_thickness,rhoa,sigma
0.0,19.2875,21.74409923271952,0.0459894884261402,0.000118280455767,1.0,20.28057422547305,0.0493082685372866
1.0,19.2875,21.682232831075176,0.0461207112658061,6.949351861915067e-05,1.0,20.31162852722791,0.0492328814826192
2.0,19.2875,21.561300216395733,0.0463793922427542,4.493780502369496e-05,1.0,20.274062681567823,0.0493241051735107
3.0,19.2875,21.38495134131688,0.0467618552897029,3.11886781946054e-05,1.0,20.190851149743647,0.0495273821090348
4.0,19.2875,21.14832806163089,0.0472850618302203,2.002011628446832e-05,1.0,20.084747063771427,0.0497890263106068
5.0,19.2875,20.858632560519546,0.0479417812792178,1.2072313612830475e-05,1.0,19.914910681877224,0.0502136321861594
6.0,19.2875,20.51929943131379,0.0487346073070084,7.946044730605518e-06,1.5,19.7562494996053,0.0506168946702145
7.5,19.2875,20.111866820588205,0.0497218885208764,5.576648778337631e-06,1.5,19.60962745090152,0.0509953594224976
9.0,19.2875,19.650714458987363,0.050888734966206,3.618401068348046e-06,1.5,19.41762616109311,0.0514996010173318
10.5,19.2875,19.151852298058305,0.0522142706844801,2.205618927847843e-06,1.5,19.197945347259047,0.0520889075321163
12.0,19.2875,18.63430190022596,0.0536644734723265,1.4572572341044314e-06,1.5,19.016279559605064,0.0525865218201897
13.5,19.2875,18.115270315772992,0.0552020468129199,1.0272356631249555e-06,1.5,18.86002447146979,0.0530222005550806
15.0,19.2875,17.611274235388592,0.0567818084389698,6.685247536152885e-07,1.5,18.68196569353463,0.0535275578814533
16.5,19.2875,17.133273868079765,0.0583659613276278,4.0697420086442363e-07,1.5,18.489680422077782,0.0540842230461668
18.0,19.2875,16.68914472975721,0.0599191879627583,2.696050765861762e-07,1.5,18.340758771191894,0.0545233712778947
19.5,19.2875,16.282143521321593,0.0614169749020141,1.895800585135336e-07,nan,18.224037504090862,0.0548725824217341
nan,nan,nan,nan,1.2296375734244378e-07,nan,18.102674084185374,0.0552404575892799
nan,nan,nan,nan,7.45649297217824e-08,nan,17.984852084394088,0.0556023477595195
nan,nan,nan,nan,4.916265496494466e-08,nan,17.90862328908068,0.0558390214511756
Name:	1000_8_210_0.025
Lambda:	1000	Maximal Depth:	20	Filter time:	8 to 210 [us]
Chi2:	0.9225846540306584	RelRMS:	2.4719259083871483	AbsRMS:	2.2088965184767605e-07	Phi model:	0.0061881349937206
depth_vector,start_model,resistivity_model,conductivity_model,E/I[V/A],modelled_thickness,rhoa,sigma
0.0,19.2875,21.81580529677565,0.0458383262224933,0.0001184839371626,1.0,20.25734800180355,0.0493648033252412
1.0,19.2875,21.745014367200444,0.0459875529679286,6.965112169398813e-05,1.0,20.280976868964952,0.0493072896074475
2.0,19.2875,21.60415317081216,0.0462873963211402,4.505247140558989e-05,1.0,20.23964739336457,0.0494079753745039
3.0,19.2875,21.39631726611149,0.0467370149527483,3.127129892476354e-05,1.0,20.155271808948115,0.0496148109278308
4.0,19.2875,21.126699837531152,0.0473334693866157,2.0072436777101195e-05,1.0,20.04983016351556,0.0498757342004666
5.0,19.2875,20.8022046631894,0.0480718277793676,1.2100666474534032e-05,1.0,19.883790333199705,0.0502922221187533
6.0,19.2875,20.430987292707613,0.048945260729369,7.96172162852069e-06,1.5,19.73030716782205,0.0506834481335845
7.5,19.2875,20.002373571441737,0.0499940667755422,5.5853577882169545e-06,1.5,19.58923784672145,0.0510484383223395
9.0,19.2875,19.53553527492233,0.051188768873085,3.6218950227455287e-06,1.5,19.40513634337314,0.0515327479438968
10.5,19.2875,19.048951998808537,0.0524963263103685,2.206045075998189e-06,1.5,19.19547291898805,0.0520956167227745
12.0,19.2875,18.55906425881449,0.0538820269198139,1.4565281072278488e-06,1.5,19.022625300044968,0.0525689795297411
13.5,19.2875,18.079440061524995,0.0553114475114806,1.0261047773009994e-06,1.5,18.873879208954005,0.0529832785792963
15.0,19.2875,17.62043263069139,0.0567522955286689,6.672908357456022e-07,1.5,18.70498905055522,0.053461672567529
16.5,19.2875,17.189235203778797,0.0581759448948703,4.0587718190144674e-07,1.5,18.522981799495334,0.0539869882087367
18.0,19.2875,16.79020808489314,0.0595585233335936,2.686941878842469e-07,1.5,18.382186202143583,0.0544004934453002
19.5,19.2875,16.425355254054427,0.0608814838116308,1.88832788529993e-07,nan,18.27208463303432,0.0547282929169498
nan,nan,nan,nan,1.223975132602684e-07,nan,18.158463042542103,0.0550707401643616
nan,nan,nan,nan,7.416810691573198e-08,nan,18.048944777161857,0.0554049010812723
nan,nan,nan,nan,4.887375965132072e-08,nan,17.979126475313564,0.0556200548103969
Name:	29.657596692192385_8_210_0.025
Lambda:	29.657596692192385	Maximal Depth:	20	Filter time:	8 to 210 [us]
Chi2:	0.9484375771506944	RelRMS:	2.5305771327354485	AbsRMS:	1.5031029784439128e-07	Phi model:	0.0069277025275472
depth_vector,start_model,resistivity_model,conductivity_model,E/I[V/A],modelled_thickness,rhoa,sigma
0.0,19.2875,21.60354100150199,0.0462887079451685,0.0001182805188388,1.0,20.28056701586911,0.0493082860660415
1.0,19.2875,21.5520893387523,0.046399213750563,6.945838373357527e-05,1.0,20.318477583732868,0.0492162858107345
2.0,19.2875,21.461636726707795,0.0465947687370719,4.4904032924455055e-05,1.0,20.28422675540389,0.049299389720813
3.0,19.2875,21.333036564882413,0.046875652088187,3.1162381278536566e-05,1.0,20.20220848612224,0.0494995386611786
4.0,19.2875,21.15203709003424,0.0472767703528256,2.000272775513657e-05,1.0,20.096385264225145,0.0497601925347322
5.0,19.2875,20.926105750384096,0.0477871999658438,1.2062862322493451e-05,1.0,19.925311587163307,0.0501874209407214
6.0,19.2875,20.65105207053371,0.0484236830445489,7.940859327447501e-06,1.5,19.764849154308845,0.0505948713391518
7.5,19.2875,20.25563902372764,0.0493689682576092,5.573768625277053e-06,1.5,19.616382170416884,0.0509777996427945
9.0,19.2875,19.78089415750239,0.0505538319975654,3.6172121910651713e-06,1.5,19.42188061802837,0.0514883197805133
10.5,19.2875,19.23470498488346,0.0519893598984699,2.205393048545852e-06,1.5,19.19925617768821,0.0520853511586619
12.0,19.2875,18.655895839727112,0.0536023575919915,1.4573838955740714e-06,1.5,19.015177738360464,0.0525895689096105
13.5,19.2875,18.08447165453473,0.0552960583589538,1.0274846076885095e-06,1.5,18.856978008850707,0.0530307666228724
15.0,19.2875,17.544231250265348,0.0569987926934601,6.688093639883046e-07,1.5,18.67666527092849,0.0535427489593963
16.5,19.2875,17.049485659336593,0.058652795748849,4.072281622519958e-07,1.5,18.481992425471752,0.0541067205839672
18.0,19.2875,16.621676226149713,0.0601624039834665,2.698143550428924e-07,1.5,18.33127367651514,0.0545515831385538
19.5,19.2875,16.254200057972703,0.0615225601034422,1.897502190217873e-07,nan,18.2131408099618,0.0549054120008254
nan,nan,nan,nan,1.23091180433881e-07,nan,18.09017875700987,0.0552786135190899
nan,nan,nan,nan,7.465303203805237e-08,nan,17.970699330799807,0.0556461371698601
nan,nan,nan,nan,4.922612483956447e-08,nan,17.893226282206,0.0558870705723123
Name:	19.579250709528285_8_210_0.025
Lambda:	19.579250709528285	Maximal Depth:	20	Filter time:	8 to 210 [us]
Chi2:	0.949174036443576	RelRMS:	2.5320383057466844	AbsRMS:	1.479291157396637e-07	Phi model:	0.0070198003667842
depth_vector,start_model,resistivity_model,conductivity_model,E/I[V/A],modelled_thickness,rhoa,sigma
0.0,19.2875,21.55836262781447,0.0463857119978957,0.0001182800536232,1.0,20.28062019379121,0.0493081567745223
1.0,19.2875,21.50716276072697,0.0464961376414579,6.945022535834541e-05,1.0,20.32006877145617,0.049212431869557
2.0,19.2875,21.440270250116143,0.0466412031347684,4.489712770140894e-05,1.0,20.28630652497297,0.049294335505035
3.0,19.2875,21.326369159756894,0.0468903071361538,3.1157693925171854e-05,1.0,20.20423457778352,0.0494945748204485
4.0,19.2875,21.155717767853748,0.047268545126817,2.000018255106328e-05,1.0,20.098090192557446,0.0497559713594235
5.0,19.2875,20.935124188641367,0.047766614183381,1.2061898975467887e-05,1.0,19.92637248888873,0.0501847489078916
6.0,19.2875,20.676556989172504,0.0483639515284706,7.940572510637632e-06,1.5,19.76532509453841,0.0505936530371727
7.5,19.2875,20.31254624328713,0.0492306571526196,5.5737611720538375e-06,1.5,19.616399657739827,0.0509777541978984
9.0,19.2875,19.834754980919133,0.0504165542232304,3.617343264401903e-06,1.5,19.42141145122352,0.0514895635938448
10.5,19.2875,19.26332735093029,0.0519121116400333,2.2055459589219733e-06,1.5,19.19836877854023,0.0520877586807162
12.0,19.2875,18.65344453709057,0.0536094016315108,1.457512637683204e-06,1.5,19.014057981287063,0.0525926659624243
13.5,19.2875,18.05182458561508,0.0553960623347109,1.0275858581394268e-06,1.5,18.8557393069185,0.0530342504063514
15.0,19.2875,17.50446363382151,0.0571282857286661,6.688794897379209e-07,1.5,18.675359865835507,0.0535464915902043
16.5,19.2875,17.010159519652436,0.0587883963606963,4.072708566997961e-07,1.5,18.480700750680704,0.0541105022742802
18.0,19.2875,16.60440736539524,0.0602249738875999,2.698413959207814e-07,1.5,18.33004900152745,0.0545552278620024
19.5,19.2875,16.256169635263333,0.061515106106593,1.897680185752792e-07,nan,18.212001907686428,0.0549088455551911
nan,nan,nan,nan,1.2310147541112577e-07,nan,18.089170155101137,0.0552816957011154
nan,nan,nan,nan,7.465824244976348e-08,nan,17.9698632022551,0.0556487263561642
nan,nan,nan,nan,4.922894630985592e-08,nan,17.892542596523555,0.0558892060536044
Name:	15.147462552159594_8_210_0.025
Lambda:	15.147462552159594	Maximal Depth:	20	Filter time:	8 to 210 [us]
Chi2:	0.9495999773159546	RelRMS:	2.5328717801718232	AbsRMS:	1.4632371203692857e-07	Phi model:	0.0071086486722616
depth_vector,start_model,resistivity_model,conductivity_model,E/I[V/A],modelled_thickness,rhoa,sigma
0.0,19.2875,21.50842290008109,0.0464934135173727,0.0001182806417287,1.0,20.280552968614817,0.0493083202192539
1.0,19.2875,21.466934531321463,0.0465832696578518,6.944444364020573e-05,1.0,20.321196610957628,0.0492097005478889
2.0,19.2875,21.415628249095683,0.0466948710711873,4.489226053197815e-05,1.0,20.28777277781538,0.0492907728685475
3.0,19.2875,21.31720363480397,0.0469104680487889,3.115450572113376e-05,1.0,20.205612957831995,0.0494911984153584
4.0,19.2875,21.165788735675942,0.0472460541153589,1.999856314145976e-05,1.0,20.099175157205465,0.0497532855044304
5.0,19.2875,20.967806827932908,0.0476921600912413,1.2061396020786075e-05,1.0,19.926926432100963,0.0501833538356957
6.0,19.2875,20.710812210495,0.0482839586316783,7.940514329408971e-06,1.5,19.76542164323764,0.0505934059009629
7.5,19.2875,20.35403401044632,0.0491303099664061,5.573865628463373e-06,1.5,19.616154577668777,0.0509783911031375
9.0,19.2875,19.87276082034962,0.0503201346325269,3.6175075545507385e-06,1.5,19.42082342743794,0.0514911225951001
10.5,19.2875,19.276337697971886,0.0518770741449094,2.2056929806288405e-06,1.5,19.19751565034595,0.052090073435204
12.0,19.2875,18.645798933043064,0.053631383862445,1.4576243693707228e-06,1.5,19.01308630894509,0.0525953537343134
13.5,19.2875,18.030047790028817,0.0554629700179181,1.027668130677414e-06,1.5,18.85473293129857,0.0530370811214204
15.0,19.2875,17.46992178609304,0.0572412408163184,6.689323132718045e-07,1.5,18.67437669562132,0.0535493107105671
16.5,19.2875,16.98214948866749,0.0588853608117935,4.073000634489294e-07,1.5,18.479817261757493,0.0541130892062131
18.0,19.2875,16.590285925961933,0.0602762366159773,2.6985813705553897e-07,1.5,18.329290901989893,0.0545574842664227
19.5,19.2875,16.258927520305985,0.0615046717411764,1.8977786802772137e-07,nan,18.211371768179344,0.0549107454797719
nan,nan,nan,nan,1.231061280868654e-07,nan,18.088714377231035,0.0552830886234092
nan,nan,nan,nan,7.465974946955696e-08,nan,17.96962138493648,0.0556494752214577
nan,nan,nan,nan,4.922919724907763e-08,nan,17.892481793249903,0.0558893959795593
Name:	22.94456217690771_8_210_0.025
Lambda:	22.94456217690771	Maximal Depth:	20	Filter time:	8 to 210 [us]
Chi2:	0.948896107939529	RelRMS:	2.5315058806037065	AbsRMS:	1.4871502598590408e-07	Phi model:	0.0069872083819464
depth_vector,start_model,resistivity_model,conductivity_model,E/I[V/A],modelled_thickness,rhoa,sigma
0.0,19.2875,21.56020487676852,0.046381748490596,0.0001182805979668,1.0,20.28055797093192,0.0493083080570711
1.0,19.2875,21.51903679822479,0.04647048143356,6.94528796771734e-05,1.0,20.31955104600997,0.0492136857618399
2.0,19.2875,21.44149260609153,0.0466385441709361,4.489932877872237e-05,1.0,20.28564352925773,0.0492959465918698
3.0,19.2875,21.32229642609484,0.0468992635697612,3.115918189436661e-05,1.0,20.20359135340886,0.0494961505856865
4.0,19.2875,21.16077423387142,0.0472572500867822,2.0000980573963297e-05,1.0,20.09755559067236,0.04975729488536
5.0,19.2875,20.95353085386892,0.0477246535189727,1.2062192082774356e-05,1.0,19.92604968470952,0.0501855619063
6.0,19.2875,20.6789038593346,0.0483584626536475,7.940651127011734e-06,1.5,19.765194636659405,0.0505939869747224
7.5,19.2875,20.298737908989697,0.0492641465929332,5.573752311665847e-06,1.5,19.6164204467112,0.0509777001730025
9.0,19.2875,19.806977769651883,0.0504872581586976,3.6172927553519496e-06,1.5,19.421592241080205,0.0514890842927295
10.5,19.2875,19.242917006519587,0.0519671731505777,2.205491164303838e-06,1.5,19.198686761505403,0.0520868959644189
12.0,19.2875,18.652410047637648,0.053612374885928,1.4574673724089982e-06,1.5,19.01445166515703,0.0525915770599079
13.5,19.2875,18.07071320048392,0.05533815898164,1.0275505668909056e-06,1.5,18.856171038322177,0.0530330361327153
15.0,19.2875,17.5142135494593,0.0570964832178189,6.688552083200591e-07,1.5,18.67581184355041,0.0535451956989674
16.5,19.2875,17.026563253783582,0.0587317584350314,4.0725614632347e-07,1.5,18.48114577187712,0.054109199307421
18.0,19.2875,16.609420579071895,0.0602067962117844,2.6983210757676564e-07,1.5,18.33046964537576,0.0545539759398511
19.5,19.2875,16.255491770007012,0.0615176713290888,1.8976191832015574e-07,nan,18.212392211718257,0.0549076688210447
nan,nan,nan,nan,1.2309795651085812e-07,nan,18.089514886967464,0.0552806421978981
nan,nan,nan,nan,7.465646745046909e-08,nan,17.970148030162644,0.055647844320565
nan,nan,nan,nan,4.922798847891365e-08,nan,17.892774686382584,0.055888481106346
Name:	17.751031513237116_8_210_0.025
Lambda:	17.751031513237116	Maximal Depth:	20	Filter time:	8 to 210 [us]
Chi2:	0.9493274657939932	RelRMS:	2.532342490112458	AbsRMS:	1.4732857501680757e-07	Phi model:	0.0070505847788404
depth_vector,start_model,resistivity_model,conductivity_model,E/I[V/A],modelled_thickness,rhoa,sigma
0.0,19.2875,21.540176602877544,0.0464248747090778,0.0001182802470846,1.0,20.28059807953419,0.0493082105408485
1.0,19.2875,21.49234187837628,0.0465282008661007,6.944807525141482e-05,1.0,20.32048817444274,0.049211416153757
2.0,19.2875,21.43165921780757,0.0466599431167279,4.489531525394788e-05,1.0,20.286852500533563,0.0492930088575198
3.0,19.2875,21.32281536679771,0.0468981221662278,3.115650178215153e-05,1.0,20.20474995835696,0.049493312318195
4.0,19.2875,21.159151258214564,0.0472608748714234,1.9999571944381703e-05,1.0,20.09849926683654,0.049754958652562
5.0,19.2875,20.947487501493693,0.0477384220865959,1.2061703908406578e-05,1.0,19.9265873268849,0.0501842078422933
6.0,19.2875,20.68821467380485,0.048336698732452,7.94054431243786e-06,1.5,19.7653718878256,0.0505935332598495
7.5,19.2875,20.32800467274433,0.0491932197034957,5.573794927139788e-06,1.5,19.616320459284257,0.0509779600142445
9.0,19.2875,19.849122687350764,0.0503800604062601,3.617400893540477e-06,1.5,19.42120518117557,0.0514901104576801
10.5,19.2875,19.267932736764728,0.0518997037026147,2.2055985902488217e-06,1.5,19.19806336193805,0.0520885873302508
12.0,19.2875,18.65088162376023,0.0536167683744265,1.4575529673813224e-06,1.5,19.01370724057214,0.0525936361251089
13.5,19.2875,18.04399281537295,0.0554201063052978,1.0276157064928316e-06,1.5,18.85537417983087,0.0530352773942654
15.0,19.2875,17.491991749129564,0.0571690185052689,6.688987618635102e-07,1.5,18.67500115125408,0.0535475201260079
16.5,19.2875,16.99903062871996,0.0588268838289222,4.07281586699373e-07,1.5,18.48037616152105,0.0541114526706524
18.0,19.2875,16.599679614639296,0.0602421265479182,2.698475917047496e-07,1.5,18.329768424733167,0.0545560629478905
19.5,19.2875,16.257151517910845,0.0615113907807452,1.897716960872739e-07,nan,18.211766624718667,0.0549095549381084
nan,nan,nan,nan,1.2310324416953248e-07,nan,18.088996883477968,0.0552822252356831
nan,nan,nan,nan,7.46588463567746e-08,nan,17.969766297989572,0.0556490264490461
nan,nan,nan,nan,4.9229079009384323e-08,nan,17.892510442993178,0.0558893064886602
Name:	20.80210587739748_8_210_0.025
Lambda:	20.80210587739748	Maximal Depth:	20	Filter time:	8 to 210 [us]
Chi2:	0.9490766820979912	RelRMS:	2.531846207995096	AbsRMS:	1.4830730700386036e-07	Phi model:	0.0070024950058687
depth_vector,start_model,resistivity_model,conductivity_model,E/I[V/A],modelled_thickness,rhoa,sigma
0.0,19.2875,21.56902825036222,0.0463627748265945,0.0001182800792509,1.0,20.28061726431969,0.0493081638969308
1.0,19.2875,21.51601988996635,0.0464769973774905,6.945156252358293e-05,1.0,20.31980795297312,0.0492130635444162
2.0,19.2875,21.445258923183385,0.0466303532907663,4.489823223919519e-05,1.0,20.28597381574953,0.0492951439789212
3.0,19.2875,21.328437471618308,0.0468857599779963,3.115841600513716e-05,1.0,20.20392242821104,0.0494953395091086
4.0,19.2875,21.15371641138324,0.0472730172113813,2.0000550543196045e-05,1.0,20.0978436672851,0.0497565816788485
5.0,19.2875,20.92787623518305,0.0477831571996227,1.2062016062616468e-05,1.0,19.92624353720554,0.0501850736759709
6.0,19.2875,20.66967807707261,0.0483800471527047,7.94058920910114e-06,1.5,19.76529738453128,0.0505937239670686
7.5,19.2875,20.30340252104872,0.0492528283849611,5.5737406605252665e-06,1.5,19.61644778365977,0.0509776291318648
9.0,19.2875,19.826067764190007,0.0504386453175655,3.617308442265325e-06,1.5,19.421536091586702,0.0514892331525308
10.5,19.2875,19.2607601973538,0.0519190307004283,2.2055141517454776e-06,1.5,19.198553359668683,0.052087257892084
12.0,19.2875,18.655130847027475,0.0536045556688947,1.457488224770009e-06,1.5,19.014270304215074,0.0525920786862023
13.5,19.2875,18.056263455806352,0.055382444017144,1.0275677488551651e-06,1.5,18.85596084166434,0.0530336273180197
15.0,19.2875,17.511525922123443,0.0571052462502217,6.688677490526145e-07,1.5,18.675578405182566,0.0535458649956723
16.5,19.2875,17.017953226243915,0.0587614730576335,4.072642719720508e-07,1.5,18.48089994984685,0.0541099190360741
18.0,19.2875,16.60645574195101,0.0602175452449985,2.6983755777126e-07,1.5,18.33022281795884,0.0545547105417758
19.5,19.2875,16.255605287947695,0.0615172417320826,1.897657123578168e-07,nan,18.21214946069177,0.0549084006892405
nan,nan,nan,nan,1.231003373275697e-07,nan,18.08928164656586,0.0552813549779542
nan,nan,nan,nan,7.465782497784079e-08,nan,17.96993019149436,0.0556485189059513
nan,nan,nan,nan,4.922882572830509e-08,nan,17.892571813953545,0.0558891147900912
Name:	21.595762367989618_8_210_0.025
Lambda:	21.59576236798961	Maximal Depth:	20	Filter time:	8 to 210 [us]
Chi2:	0.9490046383339544	RelRMS:	2.531724648088638	AbsRMS:	1.48369276535995e-07	Phi model:	0.0070035502900482
depth_vector,start_model,resistivity_model,conductivity_model,E/I[V/A],modelled_thickness,rhoa,sigma
0.0,19.2875,21.55040810183065,0.0464028335461105,0.0001182809265148,1.0,20.28052041547949,0.0493083993661588
1.0,19.2875,21.511259007353964,0.0464872836898172,6.945165782560021e-05,1.0,20.319789364320307,0.0492131085647919
2.0,19.2875,21.43639041050432,0.0466496448725797,4.4898230116811615e-05,1.0,20.285974455041504,0.0492951424254346
3.0,19.2875,21.320238458270083,0.0469037905911461,3.1158421830767496e-05,1.0,20.203919909885222,0.0494953456784753
4.0,19.2875,21.16281430122083,0.0472526945502854,2.0000560003816294e-05,1.0,20.097837329526502,0.0497565973693528
5.0,19.2875,20.95769361857642,0.0477151741121753,1.2062029069086806e-05,1.0,19.926229212907884,0.0501851097523367
6.0,19.2875,20.68563966909777,0.0483427158162238,7.940599910784274e-06,1.5,19.765279625839693,0.0505937694244746
7.5,19.2875,20.308500567236447,0.0492404644394718,5.5737478474890185e-06,1.5,19.61643092095107,0.0509776729533384
9.0,19.2875,19.814421312917485,0.0504682919681371,3.617312036412882e-06,1.5,19.42152322680804,0.0514892672588972
10.5,19.2875,19.2461552980674,0.0519584293336973,2.20551483207437e-06,1.5,19.19854941158635,0.0520872686035591
12.0,19.2875,18.652344499564904,0.0536125632905464,1.457487512307452e-06,1.5,19.014276500702486,0.0525920615471777
13.5,19.2875,18.065441380385987,0.055354307649838,1.0275664525738762e-06,1.5,18.85597669960004,0.0530335827165723
15.0,19.2875,17.50695481793624,0.0571201565548954,6.688662048481386e-07,1.5,18.67560714924773,0.0535457825819751
16.5,19.2875,17.023234799203326,0.0587432419158548,4.072628087293329e-07,1.5,18.48094421614616,0.0541097894298244
18.0,19.2875,16.60443611851614,0.0602248695988458,2.69836296227464e-07,1.5,18.33027994978575,0.0545545405056232
19.5,19.2875,16.255846994728806,0.0615163270375431,1.897646503686524e-07,nan,18.21221740832168,0.0549081958324894
nan,nan,nan,nan,1.2309951157482306e-07,nan,18.08936254186275,0.0552811077607505
nan,nan,nan,nan,7.46572324080148e-08,nan,17.970025278725938,0.055648224445397
nan,nan,nan,nan,4.922838733542869e-08,nan,17.89267803944398,0.0558887829868465
Name:	20.326251974598854_8_210_0.025
Lambda:	20.32625197459885	Maximal Depth:	20	Filter time:	8 to 210 [us]
Chi2:	0.9491121170323328	RelRMS:	2.531915593225252	AbsRMS:	1.481714577467786e-07	Phi model:	0.007008914673595
depth_vector,start_model,resistivity_model,conductivity_model,E/I[V/A],modelled_thickness,rhoa,sigma
0.0,19.2875,21.565004267123705,0.0463714260202823,0.0001182800998854,1.0,20.28061490563044,0.0493081696316009
1.0,19.2875,21.51264408031953,0.046484290646301,6.945107697279031e-05,1.0,20.31990266028644,0.0492128341714164
2.0,19.2875,21.44333968082899,0.0466345268453696,4.489782873363493e-05,1.0,20.286095358241305,0.0492948486310721
3.0,19.2875,21.32768828618184,0.0468874069510804,3.115815329119199e-05,1.0,20.204035996018057,0.0494950612935497
4.0,19.2875,21.15446178305105,0.0472713515595655,2.000041816466968e-05,1.0,20.097932349430675,0.0497563621278846
5.0,19.2875,20.930566040653183,0.0477770165440204,1.2061975731489678e-05,1.0,19.926287954882195,0.050184961808453
6.0,19.2875,20.67233439286877,0.0483738305019371,7.94058528372211e-06,1.5,19.76530389843209,0.05059370729328
7.5,19.2875,20.306850135409235,0.0492444664402329,5.573749909287867e-06,1.5,19.616426083377583,0.0509776855248557
9.0,19.2875,19.829353550237823,0.0504302874759125,3.6173223914614992e-06,1.5,19.421486162391982,0.0514893655222128
10.5,19.2875,19.26171012135517,0.0519164702251081,2.2055264990932706e-06,1.5,19.198481705897507,0.0520874522953976
12.0,19.2875,18.6544496686474,0.0536065130712863,1.457497570988373e-06,1.5,19.01418901799053,0.0525923035189056
13.5,19.2875,18.05461653457156,0.0553874959396211,1.0275746172938625e-06,1.5,18.85587681781945,0.0530338636416507
15.0,19.2875,17.508886781861516,0.0571138538079964,6.688721526184675e-07,1.5,18.675496437122085,0.0535461000122201
16.5,19.2875,17.014866880546485,0.0587721318668278,4.072667050697544e-07,1.5,18.480826343895377,0.0541101345465713
18.0,19.2875,16.605767267805664,0.0602200418609228,2.698389526794752e-07,1.5,18.330159646944747,0.0545548985530346
19.5,19.2875,16.255831967339564,0.061516383905121,1.8976653378001963e-07,nan,18.21209690532484,0.0549085591405798
nan,nan,nan,nan,1.231007263985903e-07,nan,18.089243531334617,0.0552814714594215
nan,nan,nan,nan,7.465795224834355e-08,nan,17.96990976908674,0.0556485821492703
nan,nan,nan,nan,4.922884831622171e-08,nan,17.89256634079482,0.0558891318860175
Name:	21.10175335432118_8_210_0.025
Lambda:	21.10175335432118	Maximal Depth:	20	Filter time:	8 to 210 [us]
Chi2:	0.9490459451423622	RelRMS:	2.5318069983070046	AbsRMS:	1.4823474793165587e-07	Phi model:	0.0070100023996057
depth_vector,start_model,resistivity_model,conductivity_model,E/I[V/A],modelled_thickness,rhoa,sigma
0.0,19.2875,21.546856423720463,0.0464104823615533,0.000118281017608,1.0,20.28051000289432,0.0493084246824801
1.0,19.2875,21.508259231913183,0.0464937673113143,6.945118210501702e-05,1.0,20.319882154015342,0.0492128838356669
2.0,19.2875,21.43418642459022,0.0466544416564725,4.4897811442678594e-05,1.0,20.286100566601583,0.0492948359748531
3.0,19.2875,21.31988255717977,0.0469045735743622,3.115813612518248e-05,1.0,20.2040434167153,0.049495043114621
4.0,19.2875,21.1634363667844,0.0472513056324577,2.000040503753084e-05,1.0,20.0979411435299,0.0497563403563816
5.0,19.2875,20.958764593251768,0.0477127359082021,1.2061971623719471e-05,1.0,19.92629247888594,0.0501849504146146
6.0,19.2875,20.688528576593143,0.0483359653296655,7.940583972727483e-06,1.5,19.76530607394014,0.0505937017245821
7.5,19.2875,20.312112676728788,0.0492317079919353,5.573748790422883e-06,1.5,19.61642870855648,0.0509776787027401
9.0,19.2875,19.817295021142687,0.0504609735553272,3.617321078333407e-06,1.5,19.421490862536466,0.0514893530614054
10.5,19.2875,19.24759113990572,0.0519545533116981,2.20552477856668e-06,1.5,19.198491690367504,0.0520874252065193
12.0,19.2875,18.65213698151743,0.0536131597677472,1.4574957008009824e-06,1.5,19.01420528337365,0.0525922585297013
13.5,19.2875,18.06334472576013,0.0553607327536577,1.0275727937190916e-06,1.5,18.855899126111563,0.0530338008976302
15.0,19.2875,17.50425772738714,0.0571289577412586,6.688705136190304e-07,1.5,18.675526945384423,0.0535460125395361
16.5,19.2875,17.02171865205424,0.0587484742546438,4.072653660528661e-07,1.5,18.48086685167741,0.0541100159438265
18.0,19.2875,16.60263309235007,0.0602314099479055,2.6983787376685445e-07,1.5,18.33020850746268,0.0545547531329431
19.5,19.2875,16.256004767417327,0.0615157299907014,1.897656595555225e-07,nan,18.212152839045302,0.0549083905037347
nan,nan,nan,nan,1.2310006850042973e-07,nan,18.08930798225702,0.0552812744954563
nan,nan,nan,nan,7.465749210449594e-08,nan,17.969983606149793,0.0556483534941998
nan,nan,nan,nan,4.9228513017919006e-08,nan,17.892647585584978,0.0558888781113444
Name:	20.619044932936895_8_210_0.025
Lambda:	20.619044932936895	Maximal Depth:	20	Filter time:	8.0 to 210.0 [us]
Chi2:	0.9490955462866427	RelRMS:	2.5318820133319266	AbsRMS:	1.4824902724796983e-07	Phi model:	0.007004980115408297
depth_vector,start_model,resistivity_model,conductivity_model,E/I[V/A],modelled_thickness,rhoa,sigma
0.0,19.2875,21.567494184280978,0.0463660725467509,0.00011828005483943064,1.0,20.280620054766107,0.04930815711253325
1.0,19.2875,21.514731195009286,0.04647978126875075,6.945135879409189e-05,1.0,20.319847690540822,0.04921296730317099
2.0,19.2875,21.444519460105944,0.04663196122721883,4.489806690460278e-05,1.0,20.286023617019914,0.049295022961572565
3.0,19.2875,21.328162201260202,0.04688636510561204,3.115830837945106e-05,1.0,20.20396895319639,0.04949522553299083
4.0,19.2875,21.154005508037134,0.047272371164887216,2.000049584827125e-05,1.0,20.097880308028248,0.04975649096688781
5.0,19.2875,20.928905249772527,0.047780807838043456,1.206199867708221e-05,1.0,19.92626268429803,0.050185025453267945
6.0,19.2875,20.670715574713,0.04837761887756439,7.940586759615395e-06,1.5,19.76530144928645,0.05059371356241577
7.5,19.2875,20.304721237004753,0.04924962959735343,5.573743771544573e-06,1.5,19.616440484298582,0.05097764810085812
9.0,19.2875,19.82731588532272,0.05043547022621733,3.617313715216515e-06,1.5,19.421517217758446,0.051489283189761835
10.5,19.2875,19.261114464585145,0.05191807576029264,2.2055190025209113e-06,1.5,19.198525209709413,0.0520873342653561
12.0,19.2875,18.654862990799728,0.05360532535099205,1.45749198237442e-06,1.5,19.01423762335529,0.05259216907922171
13.5,19.2875,18.055643966860323,0.055384344188189535,1.0275705648304837e-06,1.5,18.85592639280902,0.05303372420786307
15.0,19.2875,17.510521320762454,0.05710852245240049,6.688696050121902e-07,1.5,18.675543858205256,0.05354596404755526
16.5,19.2875,17.016758389211617,0.05876559901291105,4.0726534115857463e-07,1.5,18.480867604778705,0.05411001373882599
18.0,19.2875,16.60620269603413,0.060218462842129374,2.698382013600979e-07,1.5,18.33019367177313,0.05455479728727095
19.5,19.2875,16.255676813097594,0.061516971055568456,1.897661145907129e-07,nan,18.212123725404492,0.05490847827950334
nan,nan,nan,nan,1.2310055143072088e-07,nan,18.089260671987052,0.05528141907693306
nan,nan,nan,nan,7.465791864544923e-08,nan,17.969915161155384,0.05564856545130759
nan,nan,nan,nan,4.922886680491194e-08,nan,17.892561860901093,0.055889145879394975
