Name:	10.0_8_210_0.025
Lambda:	10	Maximal Depth:	20	Filter time:	8 to 210 [us]
Chi2:	0.1438490910281291	RelRMS:	3.515431852140756	AbsRMS:	3.229300197642133e-07	Phi model:	0.2618970668761127
depth_vector,start_model,resistivity_model,conductivity_model,E/I[V/A],modelled_thickness,rhoa,sigma
0.0,14.0168,17.912292494726298,0.0558275832250069,0.0002060781194983,1.0,14.006651354163475,0.071394652063125
1.0,14.0168,17.436355044163292,0.0573514359777127,0.0001261026225521,1.0,13.65289867761193,0.0732445192492202
2.0,14.0168,16.54374687615986,0.0604457990977265,8.3661109245992e-05,1.0,13.3967548314333,0.0746449429419774
3.0,14.0168,15.349001729558225,0.0651508168165918,5.888661279788756e-05,1.0,13.217263776101747,0.0756586247304914
4.0,14.0168,14.004959225679968,0.0714032782163596,3.809334357663832e-05,1.0,13.080109151398666,0.076451961403783
5.0,14.0168,12.666858673889156,0.078946171718277,2.2836874948462843e-05,1.0,13.02009799903697,0.0768043374231104
6.0,14.0168,11.471613872398772,0.0871716927646985,1.478554496862089e-05,1.5,13.059111046685354,0.0765748906204315
7.5,14.0168,10.619487498458891,0.0941665028698532,1.0151430196218892e-05,1.5,13.153259344317725,0.0760267834627624
9.0,14.0168,10.265483614475883,0.0974138226269095,6.353430784828574e-06,1.5,13.341410143581117,0.0749545954466533
10.5,14.0168,10.516099193451698,0.0950922943578445,3.675539742804917e-06,1.5,13.658226871733104,0.0732159459197143
12.0,14.0168,11.420646768723184,0.0875607152774062,2.306554016542201e-06,1.5,14.00148007950344,0.0714210208007855
13.5,14.0168,13.064728960919751,0.0765419629439905,1.549984529255164e-06,1.5,14.336310617908945,0.0697529529494707
15.0,14.0168,15.588677087941663,0.0641491253143945,9.468965413750242e-07,1.5,14.812642628948629,0.0675098984731921
16.5,14.0168,19.21449498688923,0.0520440428271644,5.33482763425909e-07,1.5,15.43691085149708,0.0647798001569089
18.0,14.0168,24.259387481518083,0.0412211561714757,3.30767030165437e-07,1.5,16.003729416229216,0.0624854353627042
19.5,14.0168,31.15697917705291,0.0320955377065726,2.196589628802561e-07,nan,16.519887418149295,0.0605331001772667
nan,nan,nan,nan,1.327974971930171e-07,nan,17.1975886174833,0.058147686995105
nan,nan,nan,nan,7.437833285829711e-08,nan,18.01491922203224,0.0555095467082084
nan,nan,nan,nan,4.6011318630283386e-08,nan,18.71727552883789,0.0534265790156954
Name:	12.742749857031335_8_210_0.025
Lambda:	12.742749857031336	Maximal Depth:	20	Filter time:	8 to 210 [us]
Chi2:	0.1471765942138959	RelRMS:	3.5979566687188576	AbsRMS:	3.442130016842904e-07	Phi model:	0.2569124070327708
depth_vector,start_model,resistivity_model,conductivity_model,E/I[V/A],modelled_thickness,rhoa,sigma
0.0,14.0168,17.88662995697582,0.0559076808993858,0.0002062025766946,1.0,14.001014813013558,0.0714233941864362
1.0,14.0168,17.417503072236375,0.0574135107571192,0.0001261658026561,1.0,13.648340318430945,0.0732689819178661
2.0,14.0168,16.535567468719957,0.0604756989375588,8.36907039204719e-05,1.0,13.393596408413211,0.0746625454065383
3.0,14.0168,15.35109763631201,0.0651419216847768,5.889836849418884e-05,1.0,13.21550500290145,0.0756686936882435
4.0,14.0168,14.012983739157969,0.0713623892394589,3.809345896063006e-05,1.0,13.080082738535683,0.076452115784701
5.0,14.0168,12.674193847325093,0.0789004817226344,2.283219195953893e-05,1.0,13.02187826001553,0.0767938372662076
6.0,14.0168,11.471863044809623,0.0871697993685902,1.4780506992410764e-05,1.5,13.06207836726254,0.0765574950542555
7.5,14.0168,10.609603310645912,0.0942542308812411,1.0147193904060856e-05,1.5,13.156919940770967,0.0760056308392648
9.0,14.0168,10.251036784924828,0.0975511083396559,6.350541308185141e-06,1.5,13.345456703644672,0.0749318679912166
10.5,14.0168,10.510700410070967,0.0951411381720895,3.67401768768969e-06,1.5,13.66199878951549,0.073195731854948
12.0,14.0168,11.442456632496418,0.0873938204109084,2.3058468296698683e-06,1.5,14.004342702963864,0.0714064216515039
13.5,14.0168,13.129290960993666,0.0761655753513986,1.5497324198154572e-06,1.5,14.33786539007579,0.0697453890655277
15.0,14.0168,15.696148676102387,0.0637098960156076,9.469706255780904e-07,1.5,14.811870062124209,0.0675134196968905
16.5,14.0168,19.33087261523138,0.0517307221409172,5.337179941688284e-07,1.5,15.432374744616334,0.06479884117309
18.0,14.0168,24.29077080993428,0.0411678990273551,3.3103266474260977e-07,1.5,15.995166892341786,0.0625188850313767
19.5,14.0168,30.916450238421607,0.0323452399058816,2.1991165014854225e-07,nan,16.50723031987516,0.060579514589796
nan,nan,nan,nan,1.3301236968422608e-07,nan,17.17906259945133,0.0582103938565273
nan,nan,nan,nan,7.454172907014382e-08,nan,17.98858367340902,0.055590813493461
nan,nan,nan,nan,4.6135406728563153e-08,nan,18.68369851866678,0.0535225934523031
Name:	16.237767391887218_8_210_0.025
Lambda:	16.237767391887218	Maximal Depth:	20	Filter time:	8 to 210 [us]
Chi2:	0.1512241882566727	RelRMS:	3.678968687555069	AbsRMS:	3.73051995613136e-07	Phi model:	0.2515331238656926
depth_vector,start_model,resistivity_model,conductivity_model,E/I[V/A],modelled_thickness,rhoa,sigma
0.0,14.0168,17.864033535937324,0.0559783991665872,0.000206353741835,1.0,13.994176317009424,0.0714582964618314
1.0,14.0168,17.400144805377085,0.0574707860874223,0.0001262360357326,1.0,13.643277559967316,0.0732961706308931
2.0,14.0168,16.526611629515,0.060508470968973,8.371901609826465e-05,1.0,13.390576598603134,0.0746793831196422
3.0,14.0168,15.3528765735269,0.0651343736928302,5.890565188744397e-05,1.0,13.214415625786511,0.0756749317047821
4.0,14.0168,14.020018780312236,0.0713265806322785,3.808812734677085e-05,1.0,13.08130335203337,0.0764449820548316
5.0,14.0168,12.679668186966952,0.0788664171060777,2.2822773289099823e-05,1.0,13.025460656828535,0.0767727166313887
6.0,14.0168,11.46564936638389,0.0872170400511198,1.4771792921580486e-05,1.5,13.067214854466764,0.0765274016794918
7.5,14.0168,10.590463202531971,0.094424576232031,1.0140173988288908e-05,1.5,13.162991487900904,0.0759705725646921
9.0,14.0168,10.246381807355716,0.0975954262491093,6.345781946040487e-06,1.5,13.352128634185654,0.0748944252558865
10.5,14.0168,10.521309909685527,0.0950451995601267,3.671382521413948e-06,1.5,13.668535352220005,0.0731607282149351
12.0,14.0168,11.48302139950762,0.0870850941759003,2.3044509293719024e-06,1.5,14.00999746808603,0.0713776003370409
13.5,14.0168,13.207051288075547,0.075717128538971,1.5490348851590977e-06,1.5,14.34216932050469,0.0697244592260057
15.0,14.0168,15.80448378169452,0.0632731833454912,9.467936373008904e-07,1.5,14.813715903070827,0.0675050072880568
16.5,14.0168,19.4305737360466,0.0514652842260057,5.338311313651388e-07,1.5,15.430194233231996,0.0648079981939761
18.0,14.0168,24.29435472717708,0.0411618259151103,3.312349857478775e-07,1.5,15.988652910991032,0.0625443560234254
19.5,14.0168,30.66067072081457,0.0326150725502926,2.2013027218533013e-07,nan,16.49629908994097,0.0606196574484864
nan,nan,nan,nan,1.3321318240440637e-07,nan,17.161793830005237,0.0582689670966461
nan,nan,nan,nan,7.470179208181842e-08,nan,17.96287847925117,0.0556703649225871
nan,nan,nan,nan,4.6259861982424345e-08,nan,18.650173006777763,0.0536188055540602
Name:	20.6913808111479_8_210_0.025
Lambda:	20.6913808111479	Maximal Depth:	20	Filter time:	8 to 210 [us]
Chi2:	0.1572651451632761	RelRMS:	3.781109880161768	AbsRMS:	4.15468210936367e-07	Phi model:	0.2453683872300263
depth_vector,start_model,resistivity_model,conductivity_model,E/I[V/A],modelled_thickness,rhoa,sigma
0.0,14.0168,17.84248236280138,0.056046013086432,0.0002065594368561,1.0,13.984884365676988,0.0715057753680319
1.0,14.0168,17.382511757415898,0.0575290852067665,0.0001263231026886,1.0,13.637007843037376,0.0733298690966558
2.0,14.0168,16.515277294178304,0.0605499975681609,8.375037129358845e-05,1.0,13.387234202692076,0.0746980283499415
3.0,14.0168,15.346276243441284,0.0651623875484049,5.891108720269911e-05,1.0,13.213602811959754,0.075679586728223
4.0,14.0168,14.01522691450998,0.0713509674941259,3.807919368582347e-05,1.0,13.083349252493932,0.0764330280191351
5.0,14.0168,12.669089592179123,0.0789322699728415,2.2810169976962413e-05,1.0,13.030258190346077,0.0767444501399738
6.0,14.0168,11.44909449295447,0.0873431519510454,1.4760772081097388e-05,1.5,13.073718298190856,0.0764893335768432
7.5,14.0168,10.58817153558222,0.0944450131582622,1.0131567782431926e-05,1.5,13.17044458794917,0.0759275811323021
9.0,14.0168,10.25331461759911,0.0975294368012046,6.340126709258329e-06,1.5,13.360067300761695,0.0748499223460489
10.5,14.0168,10.546816210641438,0.0948153433252234,3.668362521214696e-06,1.5,13.676036122652036,0.0731206024195614
12.0,14.0168,11.533941447720936,0.0867006308756315,2.3029160601983453e-06,1.5,14.016221786800983,0.0713459029980315
13.5,14.0168,13.286315499136713,0.0752654112470064,1.5483158277208487e-06,1.5,14.346609433335598,0.0697028802970277
15.0,14.0168,15.898869822755524,0.062897552539787,9.466666823572428e-07,1.5,14.815040292087485,0.0674989726848118
16.5,14.0168,19.50089924044769,0.0512796865247042,5.340197279381135e-07,1.5,15.426561092710854,0.0648232612563603
18.0,14.0168,24.255784313963414,0.0412272795245926,3.315108495399559e-07,1.5,15.979781803908294,0.0625790772534467
19.5,14.0168,30.36825304260457,0.032929124984472,2.2041381922967842e-07,nan,16.482148494137228,0.0606717018934579
nan,nan,nan,nan,1.334657387921916e-07,nan,17.140136892348277,0.0583425912103666
nan,nan,nan,nan,7.48991057493744e-08,nan,17.93131709267077,0.0557683518077285
nan,nan,nan,nan,4.641162833976215e-08,nan,18.60949334987036,0.0537360142589248
Name:	26.366508987303583_8_210_0.025
Lambda:	26.366508987303583	Maximal Depth:	20	Filter time:	8 to 210 [us]
Chi2:	0.1665866587655559	RelRMS:	3.924418308894857	AbsRMS:	4.785548571598658e-07	Phi model:	0.2380762225392393
depth_vector,start_model,resistivity_model,conductivity_model,E/I[V/A],modelled_thickness,rhoa,sigma
0.0,14.0168,17.81096308829561,0.056145195239731,0.0002068493700813,1.0,13.971813242361696,0.071572671539014
1.0,14.0168,17.3531885880776,0.0576262970303361,0.0001264389039754,1.0,13.628680109724565,0.0733746769275524
2.0,14.0168,16.488564672558578,0.0606480927757326,8.379086420819567e-05,1.0,13.382920830284572,0.074722103842763
3.0,14.0168,15.321445596296018,0.0652679927435666,5.891861339826794e-05,1.0,13.21247752776915,0.0756860322296301
4.0,14.0168,13.989272878501668,0.0714833436079993,3.80692787019172e-05,1.0,13.085620822842571,0.0764197597911729
5.0,14.0168,12.647238159705136,0.0790686462429449,2.279626966014479e-05,1.0,13.035554563175568,0.0767132687108627
6.0,14.0168,11.44658279979547,0.0873623174261115,1.474893354709886e-05,1.5,13.080713288035328,0.0764484304471897
7.5,14.0168,10.59549161884795,0.0943797641462086,1.012258801272532e-05,1.5,13.178232456701974,0.0758827106203788
9.0,14.0168,10.27527118141582,0.0973210324423,6.334503851324698e-06,1.5,13.367972224109792,0.0748056611156366
10.5,14.0168,10.585271338638156,0.0944708895982495,3.6656208798216526e-06,1.5,13.68285445176516,0.073084165553701
12.0,14.0168,11.591634928278886,0.0862691075234267,2.301730517449558e-06,1.5,14.02103422504979,0.0713214149505044
13.5,14.0168,13.359227439407247,0.0748546279742333,1.5479463378604386e-06,1.5,14.348892335838476,0.0696917905992194
15.0,14.0168,15.970902844695354,0.0626138678397974,9.468501116843292e-07,1.5,14.813126859617984,0.0675076916222257
16.5,14.0168,19.529668329630272,0.0512041465897711,5.344530881985443e-07,1.5,15.418220900389755,0.0648583261623084
18.0,14.0168,24.163404822070834,0.0413848961834468,3.3197704481428005e-07,1.5,15.96481803142482,0.0626377324208531
19.5,14.0168,30.022509817208466,0.0333083411776191,2.2084659100685161e-07,nan,16.460609137068495,0.0607510932112499
nan,nan,nan,nan,1.3382601451115084e-07,nan,17.109360867204163,0.0584475368636847
nan,nan,nan,nan,7.516819870889764e-08,nan,17.88849690372494,0.0559018460512335
nan,nan,nan,nan,4.6613651434738384e-08,nan,18.555685531617254,0.0538918380728153
Name:	33.59818286283781_8_210_0.025
Lambda:	33.59818286283781	Maximal Depth:	20	Filter time:	8 to 210 [us]
Chi2:	0.1799269164430257	RelRMS:	4.083181145038956	AbsRMS:	5.597227808672004e-07	Phi model:	0.2296546009706133
depth_vector,start_model,resistivity_model,conductivity_model,E/I[V/A],modelled_thickness,rhoa,sigma
0.0,14.0168,17.74661273235961,0.056348781318509,0.0002072065772978,1.0,13.955751115227134,0.0716550468508211
1.0,14.0168,17.29439218996692,0.0578222113281399,0.0001265680923897,1.0,13.619404642821692,0.0734246485970342
2.0,14.0168,16.439210125680216,0.0608301732476713,8.382756309259376e-05,1.0,13.379014604303268,0.0747439202045834
3.0,14.0168,15.28449082771985,0.0654257973832145,5.891740800299029e-05,1.0,13.212657737141924,0.0756849999367586
4.0,14.0168,13.965075924443935,0.071607201092952,3.804988948151219e-05,1.0,13.090065836944442,0.0763938098139791
5.0,14.0168,12.639823970993698,0.0791150258338118,2.2774902904550066e-05,1.0,13.043706342545264,0.0766653260767036
6.0,14.0168,11.453850204897146,0.0873068865151078,1.4731688593440069e-05,1.5,13.09091950917522,0.0763888280956212
7.5,14.0168,10.616698977469094,0.0941912361009965,1.0109738171008411e-05,1.5,13.189396764888125,0.0758184788755562
9.0,14.0168,10.31132927395024,0.0969807066996031,6.326466191372898e-06,1.5,13.37929233794576,0.0747423686351365
10.5,14.0168,10.636933025220491,0.0940120613365685,3.6615765768235633e-06,1.5,13.69292796812366,0.0730303995119189
12.0,14.0168,11.658765769925374,0.0857723724564028,2.2998197523508763e-06,1.5,14.028799237762676,0.0712819381795844
13.5,14.0168,13.435004541173054,0.0744324273903584,1.5471605164973935e-06,1.5,14.353750574192356,0.0696682023859305
15.0,14.0168,16.034868664746206,0.0623640904648362,9.46845065370484e-07,1.5,14.813179491685958,0.0675074517635636
16.5,14.0168,19.537622199680403,0.0511833011089936,5.34831778654032e-07,1.5,15.410942072952995,0.0648889597576939
18.0,14.0168,24.0379268546197,0.0416009253230511,3.32439435849756e-07,1.5,15.950010921166465,0.062695881836228
19.5,14.0168,29.641740590627137,0.0337362104948791,2.212952892289267e-07,nan,16.438351262368787,0.0608333514741975
nan,nan,nan,nan,1.3421049209004325e-07,nan,17.076669382209353,0.0585594285172382
nan,nan,nan,nan,7.546066049651442e-08,nan,17.84224687103923,0.0560467528124586
nan,nan,nan,nan,4.6835266309068447e-08,nan,18.49710480662645,0.0540625146721208
Name:	42.81332398719393_8_210_0.025
Lambda:	42.81332398719393	Maximal Depth:	20	Filter time:	8 to 210 [us]
Chi2:	0.1998133722898548	RelRMS:	4.271209557467827	AbsRMS:	6.624378994388712e-07	Phi model:	0.2197772593357209
depth_vector,start_model,resistivity_model,conductivity_model,E/I[V/A],modelled_thickness,rhoa,sigma
0.0,14.0168,17.652108033014635,0.0566504577317171,0.0002076477254589,1.0,13.93597808882138,0.0717567144284003
1.0,14.0168,17.20839695978826,0.0581111652838292,0.0001267173616192,1.0,13.60870704333794,0.0734823666065722
2.0,14.0168,16.368855865002843,0.0610916247444046,8.386301547734066e-05,1.0,13.375243761293342,0.0747649925374745
3.0,14.0168,15.233909959517256,0.0656430294426979,5.890827571251416e-05,1.0,13.21402323527792,0.0756771788723866
4.0,14.0168,13.936964583987658,0.0717516352986153,3.802094102772783e-05,1.0,13.096709352964108,0.0763550578278409
5.0,14.0168,12.638456567112774,0.0791235855968485,2.2745770775148395e-05,1.0,13.054841302603345,0.0765999353665512
6.0,14.0168,11.471635327884316,0.0871715297268281,1.470880559403549e-05,1.5,13.104493323063174,0.076309703499948
7.5,14.0168,10.653472660460071,0.0938661065618029,1.0092885428063304e-05,1.5,13.20407480730418,0.0757341967986143
9.0,14.0168,10.364116064686176,0.0964867619928839,6.315987345551904e-06,1.5,13.394086625839456,0.0746598127916263
10.5,14.0168,10.705063082649833,0.0934137419162661,3.656279692760528e-06,1.5,13.706149485960124,0.0729599513725097
12.0,14.0168,11.738117938178444,0.0851925330165138,2.2972633478649923e-06,1.5,14.03920484701489,0.0712291052731969
13.5,14.0168,13.515239420294003,0.0739905501413785,1.5460453089808497e-06,1.5,14.360652263562605,0.069634720042439
15.0,14.0168,16.090475591540503,0.0621485669774575,9.467341832033342e-07,1.5,14.814336089044964,0.0675021812647742
16.5,14.0168,19.520688489219413,0.0512277013463057,5.352246619726245e-07,1.5,15.403399516861784,0.064920733822772
18.0,14.0168,23.870863279346963,0.0418920752172879,3.329535058459962e-07,1.5,15.93358914194481,0.0627604986605009
19.5,14.0168,29.208129907058066,0.034237043014464,2.218045413789502e-07,nan,16.413180535388623,0.0609266435499134
nan,nan,nan,nan,1.346522721046163e-07,nan,17.039297751275353,0.0586878646407333
nan,nan,nan,nan,7.579914512009078e-08,nan,17.789090335073954,0.0562142291238099
nan,nan,nan,nan,4.709264191557653e-08,nan,18.429648400272043,0.0542603948963692
Name:	54.5559478116852_8_210_0.025
Lambda:	54.5559478116852	Maximal Depth:	20	Filter time:	8 to 210 [us]
Chi2:	0.2293683687511777	RelRMS:	4.521073354767093	AbsRMS:	7.963306400910341e-07	Phi model:	0.2082106271938204
depth_vector,start_model,resistivity_model,conductivity_model,E/I[V/A],modelled_thickness,rhoa,sigma
0.0,14.0168,17.527015971201017,0.0570547777010712,0.0002082151520623,1.0,13.910647749396084,0.0718873785042406
1.0,14.0168,17.09291194246551,0.0585037823494314,0.0001269085744296,1.0,13.595034140022616,0.0735562698629851
2.0,14.0168,16.272131940510935,0.0614547622681457,8.391064322630912e-05,1.0,13.370182082930498,0.0747932970394385
3.0,14.0168,15.162220598298788,0.0659533999994829,5.890062892730285e-05,1.0,13.215166885898336,0.0756706297116143
4.0,14.0168,13.902464565281688,0.0719296924156367,3.798889658443633e-05,1.0,13.104073220110475,0.0763121499096423
5.0,14.0168,12.637069003801876,0.0791322734487838,2.2713300343354565e-05,1.0,13.067280281615728,0.0765270185110281
6.0,14.0168,11.50023562860992,0.0869547400848232,1.468356735037404e-05,1.5,13.119505103016529,0.0762223873650594
7.5,14.0168,10.707581778453214,0.0933917686262543,1.007457198719747e-05,1.5,13.220071440019987,0.0756425564367818
9.0,14.0168,10.4377092525438,0.0958064624914022,6.30490759463894e-06,1.5,13.409773846189962,0.0745724731430965
10.5,14.0168,10.791763759635234,0.0926632589698016,3.650977364939429e-06,1.5,13.719416603394748,0.0728893967512116
12.0,14.0168,11.827855705567522,0.0845461785207006,2.294946717030553e-06,1.5,14.048651162325896,0.0711812108113046
13.5,14.0168,13.591072363016702,0.0735777114042263,1.5452561726799871e-06,1.5,14.365541009679315,0.0696110226079347
15.0,14.0168,16.122334504947474,0.0620257568587929,9.469648228196902e-07,1.5,14.81193057096507,0.0675131438949787
16.5,14.0168,19.45875520839986,0.0513907487550038,5.359150359871669e-07,1.5,15.390168077142103,0.0649765483383659
18.0,14.0168,23.63791003379295,0.0423049245288772,3.337111129978308e-07,1.5,15.909464536867604,0.0628556666808403
19.5,14.0168,28.70152315267871,0.0348413564910986,2.225109720649981e-07,nan,16.37842294371398,0.0610559394782144
nan,nan,nan,nan,1.3524078730453705e-07,nan,16.989829574635205,0.0588587422614844
nan,nan,nan,nan,7.623807524603826e-08,nan,17.72074583853732,0.0564310333837811
nan,nan,nan,nan,4.742161182111492e-08,nan,18.34431696735208,0.0545127955311571
Name:	69.51927961775606_8_210_0.025
Lambda:	69.51927961775606	Maximal Depth:	20	Filter time:	8 to 210 [us]
Chi2:	0.2728209264898107	RelRMS:	4.823620213274841	AbsRMS:	9.59653946597744e-07	Phi model:	0.1948628297521249
depth_vector,start_model,resistivity_model,conductivity_model,E/I[V/A],modelled_thickness,rhoa,sigma
0.0,14.0168,17.360808340078357,0.0576010045391404,0.0002089006380946,1.0,13.880200172559992,0.0720450705009944
1.0,14.0168,16.94252085135966,0.0590230939523824,0.0001271319668235,1.0,13.579103620883538,0.0736425634503652
2.0,14.0168,16.15098506775669,0.0619157280998524,8.396099161928601e-05,1.0,13.364836469722349,0.074823212559725
3.0,14.0168,15.080295450374674,0.0663116981554333,5.888591978621292e-05,1.0,13.217367476048704,0.0756580311330609
4.0,14.0168,13.864376733402004,0.0721272956750233,3.794669365125462e-05,1.0,13.113787335955864,0.0762556212314167
5.0,14.0168,12.64109214295506,0.0791070889042846,2.2672244344981503e-05,1.0,13.083050767116651,0.0764347718128122
6.0,14.0168,11.541880001247034,0.0866409978176827,1.4652080466091162e-05,1.5,13.138293994567327,0.0761133827887775
7.5,14.0168,10.78092075970413,0.0927564558064188,1.005187038212165e-05,1.5,13.239968499072615,0.0755288806064791
9.0,14.0168,10.53343932402645,0.0949357535785136,6.291231919998584e-06,1.5,13.429199964973764,0.0744645997236033
10.5,14.0168,10.898985629272833,0.0917516578161337,3.644434217832968e-06,1.5,13.735832744787354,0.0728022842575374
12.0,14.0168,11.933529406018124,0.083797505832239,2.292066689331786e-06,1.5,14.060416973549314,0.0711216460992029
13.5,14.0168,13.673538363056934,0.0731339594367024,1.544245006165759e-06,1.5,14.371811331281208,0.0695806518015883
15.0,14.0168,16.144900842453556,0.0619390611164651,9.472011769709572e-07,1.5,14.80946646444832,0.0675243772218671
16.5,14.0168,19.36673104554073,0.0516349402306722,5.367172364621065e-07,1.5,15.374829053384186,0.0650413735676552
18.0,14.0168,23.35448086518853,0.0428183356235748,3.346009475133333e-07,1.5,15.881245702980207,0.0629673527318039
19.5,14.0168,28.123589897261404,0.035557338293337,2.233436783738646e-07,nan,16.33768780071105,0.0612081716946799
nan,nan,nan,nan,1.3593601043207645e-07,nan,16.931852228941978,0.0590602839239689
nan,nan,nan,nan,7.675725555056113e-08,nan,17.64074762334636,0.0566869398821037
nan,nan,nan,nan,4.781098094836616e-08,nan,18.244584775338705,0.0548107842581161
Name:	88.58667904100822_8_210_0.025
Lambda:	88.58667904100822	Maximal Depth:	20	Filter time:	8 to 210 [us]
Chi2:	0.3354147193380958	RelRMS:	5.198708351417817	AbsRMS:	1.1581704472130176e-06	Phi model:	0.1797549267432435
depth_vector,start_model,resistivity_model,conductivity_model,E/I[V/A],modelled_thickness,rhoa,sigma
0.0,14.0168,17.157292191739877,0.0582842553955824,0.00020972916683,1.0,13.84362052073578,0.0722354385908037
1.0,14.0168,16.758571383698374,0.0596709574524194,0.0001273997071064,1.0,13.560071930467654,0.0737459214912521
2.0,14.0168,16.00343232235725,0.0624865953663559,8.402103248724828e-05,1.0,13.358468762671682,0.0748588792447796
3.0,14.0168,14.981471952691548,0.0667491153845094,5.886874571499923e-05,1.0,13.21993799652725,0.075643319980978
4.0,14.0168,13.81918255401972,0.0723631803900817,3.789729989243317e-05,1.0,13.125179504195485,0.0761894341849076
5.0,14.0168,12.649081686642427,0.079057122467318,2.262456275831465e-05,1.0,13.101426126446391,0.0763275684912966
6.0,14.0168,11.597759642612042,0.0862235492728991,1.461579159379032e-05,1.5,13.160031979999587,0.0759876572883549
7.5,14.0168,10.875302908489452,0.0919514618042852,1.0025910558929666e-05,1.5,13.262813246149593,0.0753987846651098
9.0,14.0168,10.653530418224392,0.0938655976697974,6.275794321569106e-06,1.5,13.451213613412513,0.0743427343242008
10.5,14.0168,11.02978633958161,0.09066358759928,3.6372313468137294e-06,1.5,13.753960966741534,0.0727063281928821
12.0,14.0168,12.055362853056309,0.0829506346834245,2.2890461922441525e-06,1.5,14.072783147165213,0.0710591493908891
13.5,14.0168,13.75819951201748,0.0726839292544436,1.543331569701468e-06,1.5,14.377481507049913,0.0695532106586022
15.0,14.0168,16.151610379396153,0.061913331024605,9.476671331533728e-07,1.5,14.8046116458266,0.0675465202278304
16.5,14.0168,19.237670740821272,0.0519813450116939,5.377771893169536e-07,1.5,15.354619999811325,0.0651269780699416
18.0,14.0168,23.011387415030825,0.0434567452176659,3.357241599107532e-07,1.5,15.845803961203815,0.0631081895527899
19.5,14.0168,27.46761155106769,0.0364065145650106,2.243761025722056e-07,nan,16.287532768042368,0.0613966531482344
nan,nan,nan,nan,1.367871506801134e-07,nan,16.86154168779856,0.0593065579954426
nan,nan,nan,nan,7.73874217310542e-08,nan,17.544851380290705,0.0569967780475682
nan,nan,nan,nan,4.8281413195761e-08,nan,18.125880163644883,0.055169734709253
Name:	112.88378916846884_8_210_0.025
Lambda:	112.88378916846884	Maximal Depth:	20	Filter time:	8 to 210 [us]
Chi2:	0.4280530307440104	RelRMS:	5.672857122393545	AbsRMS:	1.390468733460195e-06	Phi model:	0.162392231351303
depth_vector,start_model,resistivity_model,conductivity_model,E/I[V/A],modelled_thickness,rhoa,sigma
0.0,14.0168,16.909080678004308,0.0591398207296285,0.0002106957385801,1.0,13.801249455711568,0.0724572078208582
1.0,14.0168,16.5359319279298,0.0604743660265656,0.0001277017154032,1.0,13.538684224524085,0.0738624214448101
2.0,14.0168,15.828984294377548,0.0631752474702498,8.407979315805962e-05,1.0,13.352244167247672,0.0748937772163383
3.0,14.0168,14.870908044068711,0.0672453892550866,5.8838827349231634e-05,1.0,13.224418999371622,0.0756176887655719
4.0,14.0168,13.774449630814576,0.0725981819094185,3.783221651768968e-05,1.0,13.14022816408323,0.076102179316288
5.0,14.0168,12.66890212183937,0.0789334379871909,2.256417112377548e-05,1.0,13.124792492322133,0.0761916807892383
6.0,14.0168,11.67252936451202,0.0856712344661388,1.4570433788757472e-05,1.5,13.18732930936929,0.0758303653863806
7.5,14.0168,10.991567607947166,0.0909788335630102,9.993692649377062e-06,1.5,13.291302605776492,0.075237170476082
9.0,14.0168,10.797080030440746,0.0926176333953856,6.2567653250541375e-06,1.5,13.478473015920716,0.074192380607121
10.5,14.0168,11.185678056982333,0.0894000341245097,3.628424842226144e-06,1.5,13.776206685263094,0.072588922542062
12.0,14.0168,12.20298717788434,0.0819471483025332,2.2853968683120065e-06,1.5,14.087760118894805,0.0709836050273725
13.5,14.0168,13.864050525506592,0.0721289927615479,1.5422674137930067e-06,1.5,14.384094334728111,0.069521234825724
15.0,14.0168,16.164152211454628,0.0618652922168943,9.482859933126064e-07,1.5,14.798169861240634,0.0675759238728026
16.5,14.0168,19.08506856871081,0.0523969823005749,5.391117960975543e-07,1.5,15.329268616951168,0.0652346843798011
18.0,14.0168,22.60297736849684,0.0442419590878218,3.371272362284605e-07,1.5,15.801808064579854,0.0632838973814347
19.5,14.0168,26.695336398509124,0.0374597264882508,2.256616844731543e-07,nan,16.225614446265016,0.0616309479873158
nan,nan,nan,nan,1.3784473039055474e-07,nan,16.775187014639016,0.0596118540513045
nan,nan,nan,nan,7.816945277295784e-08,nan,17.42763936819372,0.0573801178044255
nan,nan,nan,nan,4.886493927449005e-08,nan,17.981289961069773,0.0556133626767067
Name:	143.8449888287663_8_210_0.025
Lambda:	143.8449888287663	Maximal Depth:	20	Filter time:	8 to 210 [us]
Chi2:	0.5472786970106852	RelRMS:	6.206087505543623	AbsRMS:	1.6619647279515792e-06	Phi model:	0.1448755237043627
depth_vector,start_model,resistivity_model,conductivity_model,E/I[V/A],modelled_thickness,rhoa,sigma
0.0,14.0168,16.642154960354397,0.0600883721117992,0.0002118224916693,1.0,13.75226372403684,0.0727153012817921
1.0,14.0168,16.293603657352527,0.0613737771600174,0.0001280642585417,1.0,13.513120621133163,0.0740021515412287
2.0,14.0168,15.633126247636143,0.0639667321915991,8.416332210094477e-05,1.0,13.343408304023171,0.0749433710799728
3.0,14.0168,14.738106693768794,0.0678513204428622,5.881997512006664e-05,1.0,13.227244529999489,0.0756015357342183
4.0,14.0168,13.714749975314303,0.0729141983484888,3.777098694339125e-05,1.0,13.154425187074049,0.0760200454051486
5.0,14.0168,12.684262227903549,0.0788378529261358,2.250515556576697e-05,1.0,13.147727350314003,0.0760587722391518
6.0,14.0168,11.757691485585791,0.085050709250701,1.4526006569062332e-05,1.5,13.214204240306705,0.0756761422643782
7.5,14.0168,11.132954642387398,0.0898234145491457,9.962348874628495e-06,1.5,13.319166278796782,0.0750797744444359
9.0,14.0168,10.971888929503338,0.0911420090401212,6.238600475018847e-06,1.5,13.504623729474902,0.0740487125026239
10.5,14.0168,11.365783727479547,0.0879833739561889,3.620411230101129e-06,1.5,13.796527855691007,0.0724820049261528
12.0,14.0168,12.3555206274822,0.0809354805960758,2.282433501896118e-06,1.5,14.099951249322126,0.0709222310288538
13.5,14.0168,13.949434855247134,0.0716874920293882,1.5417841632467028e-06,1.5,14.38709983901756,0.0695067116506703
15.0,14.0168,16.134161150491295,0.0619802908048646,9.49358266903532e-07,1.5,14.787025016835052,0.0676268552235151
16.5,14.0168,18.88090319262442,0.0529635679923742,5.407713957479931e-07,1.5,15.29788939412134,0.0653684945835913
18.0,14.0168,22.15417068051272,0.0451382276692316,3.387697339428842e-07,1.5,15.75069084178745,0.063489278663698
19.5,14.0168,25.918577076475607,0.0385823649596731,2.2712866005498695e-07,nan,16.155673833020586,0.0618977586658192
nan,nan,nan,nan,1.390292355212551e-07,nan,16.67977006805376,0.059952864812883
nan,nan,nan,nan,7.903402899171242e-08,nan,17.30030916628887,0.057802435227492
nan,nan,nan,nan,4.9505517230547944e-08,nan,17.825840588442823,0.0560983362909875
Name:	183.29807108324357_8_210_0.025
Lambda:	183.2980710832436	Maximal Depth:	20	Filter time:	8 to 210 [us]
Chi2:	0.7050618659037845	RelRMS:	6.81187704260291	AbsRMS:	1.9643266160128867e-06	Phi model:	0.126760793089703
depth_vector,start_model,resistivity_model,conductivity_model,E/I[V/A],modelled_thickness,rhoa,sigma
0.0,14.0168,16.34913082013232,0.0611653311115842,0.0002130757574254,1.0,13.698285485231358,0.0730018366954125
1.0,14.0168,16.027384626213532,0.0623932115764198,0.0001284631322803,1.0,13.485134266797177,0.0741557318018093
2.0,14.0168,15.418168160478162,0.0648585480189098,8.425208682252285e-05,1.0,13.334034593592216,0.0749960556184966
3.0,14.0168,14.594925863096613,0.0685169633186358,5.879585289712086e-05,1.0,13.230862117660426,0.0755808647318008
4.0,14.0168,13.65499242961679,0.0732332884953539,3.770088532334221e-05,1.0,13.170726501465053,0.0759259559363536
5.0,14.0168,12.70785215030226,0.0786915041324441,2.243850799184475e-05,1.0,13.17374901265253,0.0759085359102837
6.0,14.0168,11.858643765263642,0.0843266751067438,1.4476090344046792e-05,1.5,13.244563482530952,0.0755026771036251
7.5,14.0168,11.296089609127858,0.0885262099188683,9.927240293755127e-06,1.5,13.350550753345722,0.0749032769115831
9.0,14.0168,11.171602736062798,0.0895126709770946,6.2183205961049e-06,1.5,13.533969647067272,0.0738881515237248
10.5,14.0168,11.570217955963738,0.0864287953611592,3.611503781089288e-06,1.5,13.81920380347747,0.0723630691189574
12.0,14.0168,12.527133243683998,0.0798267233649954,2.279164859646484e-06,1.5,14.113428901645706,0.0708545036765228
13.5,14.0168,14.043833726908597,0.0712056279962896,1.5412772879986627e-06,1.5,14.390253961124014,0.0694914768496476
15.0,14.0168,16.098994291666905,0.0621156813825082,9.505781959586272e-07,1.5,14.774370976611491,0.0676847766705632
16.5,14.0168,18.65564304347044,0.053603083939259,5.426381616744853e-07,1.5,15.262784383602355,0.065518844718422
18.0,14.0168,21.669881959524897,0.0461469980255455,3.406126345634029e-07,1.5,15.69382625250224,0.0637193240138337
19.5,14.0168,25.09821993455549,0.0398434631064488,2.2877299481429135e-07,nan,16.078166835974912,0.0621961452572129
nan,nan,nan,nan,1.403562305299519e-07,nan,16.5744713509304,0.0603337493442205
nan,nan,nan,nan,8.000252938972055e-08,nan,17.160402374218965,0.058273691851326
nan,nan,nan,nan,5.0223247386220814e-08,nan,17.655603201487306,0.0566392429976994
Name:	233.57214690901213_8_210_0.025
Lambda:	233.57214690901213	Maximal Depth:	20	Filter time:	8 to 210 [us]
Chi2:	0.9068186562017309	RelRMS:	7.482920916702142	AbsRMS:	2.291698759480068e-06	Phi model:	0.1086731970290545
depth_vector,start_model,resistivity_model,conductivity_model,E/I[V/A],modelled_thickness,rhoa,sigma
0.0,14.0168,16.036225402233462,0.0623588141795964,0.0002144321489788,1.0,13.64045870157601,0.0733113175940674
1.0,14.0168,15.744256039528928,0.0635152272352095,0.0001288894245951,1.0,13.45538379068926,0.0743196935558219
2.0,14.0168,15.192073700542393,0.0658237986275894,8.434286453983783e-05,1.0,13.324465315749352,0.0750499157979729
3.0,14.0168,14.446149399469798,0.06922259851727,5.876556315233671e-05,1.0,13.235408147633628,0.0755549046047961
4.0,14.0168,13.59518453361479,0.0735554561637209,3.762221764837614e-05,1.0,13.18908001256655,0.075820299751552
5.0,14.0168,12.739442489888347,0.0784963706844885,2.2364838629635484e-05,1.0,13.202662543093076,0.0757422979445268
6.0,14.0168,11.97518215826364,0.0835060366334332,1.442121566937715e-05,1.5,13.278140446896192,0.0753117504668173
7.5,14.0168,11.480442031592633,0.0871046600164117,9.888764511405037e-06,1.5,13.385158403568653,0.0747096126806678
9.0,14.0168,11.3949587393186,0.0877581062711069,6.196165869228166e-06,1.5,13.566211413731532,0.0737125472619285
10.5,14.0168,11.796704611151936,0.0847694362927979,3.6018107767274176e-06,1.5,13.84398570774719,0.0722335331103666
12.0,14.0168,12.715244712751618,0.0786457533921576,2.275630678840304e-06,1.5,14.128037747737022,0.0707812378375175
13.5,14.0168,14.14591353543458,0.070691793604921,1.5407522227256826e-06,1.5,14.393523097426849,0.0694756935623892
15.0,14.0168,16.060924227587567,0.0622629174902847,9.51929640893361e-07,1.5,14.760384315288494,0.0677489134862309
16.5,14.0168,18.416870065390697,0.0542980428514407,5.446880515912553e-07,1.5,15.224466812060232,0.0656837452729601
18.0,14.0168,21.16430132983363,0.0472493745205933,3.426324894892997e-07,1.5,15.63208764491623,0.0639709821691803
19.5,14.0168,24.25404517041112,0.0412302357389833,2.3057399678782333e-07,nan,15.994333623294771,0.0625221421256063
nan,nan,nan,nan,1.4180927454834084e-07,nan,16.461057268005348,0.0607494393415213
nan,nan,nan,nan,8.106320454993332e-08,nan,17.010383315630964,0.0587876229150634
nan,nan,nan,nan,5.1009593240654406e-08,nan,17.473685430030486,0.0572289116685932
Name:	297.63514416313194_8_210_0.025
Lambda:	297.63514416313194	Maximal Depth:	20	Filter time:	8 to 210 [us]
Chi2:	1.165757080602804	RelRMS:	8.26752605392892	AbsRMS:	2.653986546473225e-06	Phi model:	0.0905904503045009
depth_vector,start_model,resistivity_model,conductivity_model,E/I[V/A],modelled_thickness,rhoa,sigma
0.0,14.0168,15.704255144454962,0.0636770092437712,0.0002159319668453,1.0,13.577222857941477,0.0736527646679297
1.0,14.0168,15.444324210725732,0.0647487055021496,0.0001293643622385,1.0,13.42243094962792,0.0745021526840278
2.0,14.0168,14.95270328828306,0.0668775391793937,8.444847925155278e-05,1.0,13.313353585709272,0.075112554741535
3.0,14.0168,14.288998614833837,0.0699839104863422,5.873781365332523e-05,1.0,13.239576354447928,0.0755311177055935
4.0,14.0168,13.534103862254618,0.0738874187886875,3.754073674718739e-05,1.0,13.208157417387117,0.0757107875382835
5.0,14.0168,12.777794909711734,0.0782607646363107,2.228800530486967e-05,1.0,13.23298744987738,0.0755687257913379
6.0,14.0168,12.106819842468443,0.0825980738965147,1.4364269347706972e-05,1.5,13.313210917192988,0.075113359671075
7.5,14.0168,11.686490828376082,0.0855688858773491,9.84921148478548e-06,1.5,13.420969717683915,0.0745102642383856
9.0,14.0168,11.643493764527436,0.0858848744391959,6.173866217737448e-06,1.5,13.59885869961032,0.0735355828080378
10.5,14.0168,12.047672399574836,0.0830035849941678,3.5925754992454272e-06,1.5,13.867700975391726,0.0721100059609377
12.0,14.0168,12.92167356553869,0.077389356334379,2.2727614205726204e-06,1.5,14.139925918716267,0.0707217283703271
13.5,14.0168,14.254493778494744,0.0701533155466148,1.5409294889272317e-06,1.5,14.392419203486186,0.0694810223258211
15.0,14.0168,16.012941507304237,0.0624494880933558,9.539319730718228e-07,1.5,14.739722086035082,0.0678438843122716
16.5,14.0168,18.15075151070552,0.055094137529798,5.4727071311015e-07,1.5,15.17653119912075,0.0658912097158232
18.0,14.0168,20.61675439248676,0.0485042398508867,3.450778662572209e-07,1.5,15.55814948261793,0.0642749962723544
19.5,14.0168,23.36041540536992,0.0428074579431548,2.3271583493258906e-07,nan,15.89604482768656,0.0629087304949136
nan,nan,nan,nan,1.4351464836776526e-07,nan,16.330393957779442,0.0612355098465718
nan,nan,nan,nan,8.229683713533821e-08,nan,16.83996492285599,0.0593825464946636
nan,nan,nan,nan,5.1919832583686616e-08,nan,17.268855854133367,0.0579077159741678
Name:	379.26901907322497_8_210_0.025
Lambda:	379.26901907322497	Maximal Depth:	20	Filter time:	8 to 210 [us]
Chi2:	1.4589375965339169	RelRMS:	9.00801318693202	AbsRMS:	2.99849541850065e-06	Phi model:	0.0746781409871218
depth_vector,start_model,resistivity_model,conductivity_model,E/I[V/A],modelled_thickness,rhoa,sigma
0.0,14.0168,15.382936235305053,0.0650070951802375,0.0002173612693803,1.0,13.517637604745444,0.0739774233664131
1.0,14.0168,15.15526876553858,0.0659836533070195,0.0001297944146404,1.0,13.392765877574528,0.0746671754842251
2.0,14.0168,14.724834649854856,0.0679124773743966,8.452385660559312e-05,1.0,13.305437283563354,0.0751572442669985
3.0,14.0168,14.144362021099434,0.0706995478840459,5.868853027515031e-05,1.0,13.24698722625296,0.0754888627066986
4.0,14.0168,13.48551201584706,0.0741536545905622,3.7444936038905954e-05,1.0,13.23067602786897,0.0755819277785662
5.0,14.0168,12.827981616995126,0.0779545862986856,2.220213930477714e-05,1.0,13.267084240643044,0.0753745119772851
6.0,14.0168,12.249543860118347,0.0816356928404302,1.430111402617824e-05,1.5,13.352377212510076,0.0748930309625377
7.5,14.0168,11.902513912322796,0.0840158648304279,9.805120016045384e-06,1.5,13.46117372366582,0.0742877270978176
9.0,14.0168,11.900186584368695,0.0840322958728675,6.148464554486525e-06,1.5,13.636287687915532,0.0733337417694846
10.5,14.0168,12.304321614094532,0.0812722579402106,3.58133157800973e-06,1.5,13.89671176022708,0.0719594690639002
12.0,14.0168,13.132438527708995,0.0761473200799709,2.2684988773944035e-06,1.5,14.157633130525404,0.0706332754056107
13.5,14.0168,14.370026863804933,0.0695892923150192,1.5400868085530571e-06,1.5,14.397668735906857,0.0694556888578818
15.0,14.0168,15.980910976719969,0.0625746555660525,9.552427271260765e-07,1.5,14.726235411533017,0.0679060175295608
16.5,14.0168,17.916303428191878,0.0558150850708672,5.494160860048826e-07,1.5,15.136997657855796,0.0660632988524656
18.0,14.0168,20.123118053209303,0.0496940880312788,3.472269193015824e-07,1.5,15.493888195220766,0.064541578421126
19.5,14.0168,22.549519431569188,0.0443468430905896,2.346466234442947e-07,nan,15.808724452571733,0.0632562103919346
nan,nan,nan,nan,1.4508209482333378e-07,nan,16.212560295055855,0.0616805724574518
nan,nan,nan,nan,8.344702311080695e-08,nan,16.68486562785412,0.0599345552013661
nan,nan,nan,nan,5.277560873974618e-08,nan,17.081667046907477,0.0585422955062833
Name:	483.2930238571752_8_210_0.025
Lambda:	483.2930238571752	Maximal Depth:	20	Filter time:	8 to 210 [us]
Chi2:	1.7966407020197153	RelRMS:	9.777161802543258	AbsRMS:	3.3426771764979355e-06	Phi model:	0.0602880527199894
depth_vector,start_model,resistivity_model,conductivity_model,E/I[V/A],modelled_thickness,rhoa,sigma
0.0,14.0168,15.067258844638811,0.0663690728559971,0.0002187906175287,1.0,13.458699948731777,0.0743013815457139
1.0,14.0168,14.872005567239752,0.0672404266848052,0.0001302159836449,1.0,13.363844564701552,0.0748287661651901
2.0,14.0168,14.502868705462577,0.0689518756812123,8.459036878314241e-05,1.0,13.29846178793738,0.0751966667984915
3.0,14.0168,14.0059002791189,0.0713984806453947,5.8631792768808114e-05,1.0,13.255531849328472,0.0754402019750463
4.0,14.0168,13.443693327131554,0.0743843210096021,3.734377388993658e-05,1.0,13.254559349626144,0.0754457370948515
5.0,14.0168,12.88615978845093,0.0776026385220085,2.211304840695718e-05,1.0,13.302694714251109,0.0751727391690576
6.0,14.0168,12.40172537722688,0.0806339416155986,1.4236026215925471e-05,1.5,13.393044745223651,0.0746656207772791
7.5,14.0168,12.128926142428863,0.0824475298354604,9.759862885568585e-06,1.5,13.502755198238924,0.0740589594729839
9.0,14.0168,12.167281375652262,0.0821876283720275,6.122508129159683e-06,1.5,13.674801278593558,0.0731272052607735
10.5,14.0168,12.570048033035098,0.0795541908329959,3.56991852884486e-06,1.5,13.926314576754176,0.0718065066309216
12.0,14.0168,13.350165188741116,0.0749054401846167,2.264227720705411e-06,1.5,14.175431833244245,0.0705445881129912
13.5,14.0168,14.49016368773972,0.0690123328866264,1.5393019006129778e-06,1.5,14.402562679201196,0.069432088043894
15.0,14.0168,15.952249074254112,0.0626870853975026,9.566431991586035e-07,1.5,14.7118596469716,0.0679723722218793
16.5,14.0168,17.68716251602603,0.0565381812426904,5.516529478370719e-07,1.5,15.096051266776952,0.0662424883387073
18.0,14.0168,19.641814911316867,0.0509117922409419,3.494567277525258e-07,1.5,15.427909118434282,0.0648175972727979
19.5,14.0168,21.76523640684185,0.0459448260201599,2.3664621364323546e-07,nan,15.719545884520976,0.0636150692485779
nan,nan,nan,nan,1.467036693943386e-07,nan,16.092869823417303,0.0621393207658254
nan,nan,nan,nan,8.463656121876566e-08,nan,16.528163708079767,0.0605027889160579
nan,nan,nan,nan,5.36608280023591e-08,nan,16.893287513232163,0.0591951092537033
Name:	615.8482110660261_8_210_0.025
Lambda:	615.8482110660261	Maximal Depth:	20	Filter time:	8 to 210 [us]
Chi2:	2.168548630122757	RelRMS:	10.59742265096026	AbsRMS:	3.688458484325649e-06	Phi model:	0.0478328784082957
depth_vector,start_model,resistivity_model,conductivity_model,E/I[V/A],modelled_thickness,rhoa,sigma
0.0,14.0168,14.764433353483552,0.067730333840686,0.0002202253026798,1.0,13.40018404762942,0.0746258406933527
1.0,14.0168,14.600203318026972,0.0684921968699773,0.0001306499936779,1.0,13.334232323987624,0.0749949435184993
2.0,14.0168,14.29018804066862,0.0699780854635424,8.467155475841256e-05,1.0,13.28995974967532,0.0752447726581286
3.0,14.0168,13.8742893497578,0.0720757636510915,5.858961823579759e-05,1.0,13.261892234600555,0.0754040209579579
4.0,14.0168,13.406763180069907,0.0745892193789601,3.72554747152518e-05,1.0,13.275494166722524,0.0753267627887393
5.0,14.0168,12.948005706932117,0.077231970902254,2.2034019005215742e-05,1.0,13.33448424093362,0.0749935267035108
6.0,14.0168,12.556903557288123,0.0796374675840838,1.4178659282851868e-05,1.5,13.429145983130296,0.0744648990528661
7.5,14.0168,12.356841835978091,0.0809268268764602,9.720565022962103e-06,1.5,13.539122941891389,0.0738600280307597
9.0,14.0168,12.432785511879262,0.0804324983363158,6.100746450609177e-06,1.5,13.707301125855432,0.072953821530465
10.5,14.0168,12.82938224204725,0.0779460757449865,3.561209099400676e-06,1.5,13.949011150833044,0.0716896695534062
12.0,14.0168,13.555613057685978,0.0737701788730981,2.2617825971213607e-06,1.5,14.1856463253249,0.0704937918982761
13.5,14.0168,14.593331601677155,0.0685244485149007,1.5398099142521573e-06,1.5,14.399394712128574,0.069447363586589
15.0,14.0168,15.906220506065385,0.062868485924653,9.588790056941128e-07,1.5,14.688981774185244,0.0680782381905751
16.5,14.0168,17.44763239797201,0.0573143666252524,5.543876770620483e-07,1.5,15.046365664542405,0.0664612320539674
18.0,14.0168,19.16721728129512,0.0521724142489832,3.520086388576319e-07,1.5,15.353254934365369,0.0651327685415871
19.5,14.0168,21.016157944363805,0.047582436459,2.388673872587234e-07,nan,15.62194590589985,0.0640125120150579
nan,nan,nan,nan,1.4846517540420568e-07,nan,15.96532457704297,0.0626357450595104
nan,nan,nan,nan,8.590865428444852e-08,nan,16.364597759632275,0.061107520923415
nan,nan,nan,nan,5.4599489412418296e-08,nan,16.699111546719053,0.0598834253668108
Name:	784.7599703514607_8_210_0.025
Lambda:	784.7599703514607	Maximal Depth:	20	Filter time:	8 to 210 [us]
Chi2:	2.571471440969516	RelRMS:	11.375631018232085	AbsRMS:	4.0032204543288e-06	Phi model:	0.037245511028596
depth_vector,start_model,resistivity_model,conductivity_model,E/I[V/A],modelled_thickness,rhoa,sigma
0.0,14.0168,14.481129155654513,0.0690553885164076,0.000221536185862,1.0,13.347270358183597,0.0749216860949303
1.0,14.0168,14.347289504508016,0.0696995763336199,0.0001310165879773,1.0,13.309347251094884,0.0751351648682647
2.0,14.0168,14.095049694305713,0.0709468942421673,8.471152084809691e-05,1.0,13.285779369865722,0.0752684484786914
3.0,14.0168,13.758059942017544,0.0726846666037534,5.851983002684445e-05,1.0,13.272433844704638,0.0753441314306474
4.0,14.0168,13.382198833933383,0.0747261352494845,3.71499011446017e-05,1.0,13.300633369292791,0.0751843895125101
5.0,14.0168,13.018606569098354,0.0768131362363812,2.194462606547154e-05,1.0,13.370672323798972,0.0747905547142952
6.0,14.0168,12.717348293208262,0.0786327445741226,1.4114392435297734e-05,1.5,13.4698795937491,0.0742397133575021
7.5,14.0168,12.587356231812468,0.0794448001298847,9.67633908598887e-06,1.5,13.580345501603466,0.073635829065021
9.0,14.0168,12.700304867530194,0.0787382673432207,6.075699596469243e-06,1.5,13.744947195194117,0.0727540081310495
10.5,14.0168,13.09271562431109,0.0763783487470818,3.55042895452808e-06,1.5,13.977232410797834,0.0715449218135251
12.0,14.0168,13.76959201571802,0.0726237929822828,2.2579322321056314e-06,1.5,14.201768570203969,0.0704137653741274
13.5,14.0168,14.711693384667138,0.0679731404028731,1.539307571917798e-06,1.5,14.402527303393358,0.0694322585845327
15.0,14.0168,15.883568999577523,0.0629581424695292,9.60444455270222e-07,1.5,14.67301617177876,0.0681523136274696
16.5,14.0168,17.240942985539462,0.0580014678337914,5.567087269003753e-07,1.5,15.004515321301476,0.0666466046111019
18.0,14.0168,18.736919581349586,0.0533705658317167,3.542856333474985e-07,1.5,15.287400666536142,0.0654133440872641
19.5,14.0168,20.32651039637844,0.0491968360775871,2.408959058705269e-07,nan,15.534123602680332,0.0643744073098179
nan,nan,nan,nan,1.501032064679281e-07,nan,15.848962443493738,0.0630956129503932
nan,nan,nan,nan,8.710767035804422e-08,nan,16.214081298853216,0.0616747863519549
nan,nan,nan,nan,5.549131075379557e-08,nan,16.51971045611056,0.0605337486184635
Name:	1000.0_8_210_0.025
Lambda:	1000	Maximal Depth:	20	Filter time:	8 to 210 [us]
Chi2:	2.9868161308674046	RelRMS:	12.131944696222371	AbsRMS:	4.287473440646618e-06	Phi model:	0.0286837311883789
depth_vector,start_model,resistivity_model,conductivity_model,E/I[V/A],modelled_thickness,rhoa,sigma
0.0,14.0168,14.22429155468293,0.0703022710238795,0.0002227224340559,1.0,13.29983534123815,0.0751889007903239
1.0,14.0168,14.118635175664512,0.070828375941298,0.0001313351508526,1.0,13.287816687150904,0.0752569081545942
2.0,14.0168,13.920148364477834,0.071838314780599,8.473380355946395e-05,1.0,13.283450066004312,0.0752816470895051
3.0,14.0168,13.656752755115876,0.0732238488849698,5.8444945920427264e-05,1.0,13.283768525704032,0.0752798423177131
4.0,14.0168,13.366504948852349,0.0748138727233898,3.704593494510678e-05,1.0,13.325506459371164,0.0750440520252609
5.0,14.0168,13.091943979755175,0.0763828505183307,2.1858717618469263e-05,1.0,13.405682081325606,0.0745952346127185
6.0,14.0168,12.874847974901025,0.0776708200321633,1.4053302597735872e-05,1.5,13.508887161635482,0.0740253425789169
7.5,14.0168,12.80983536999707,0.0780650157567347,9.634621325268236e-06,1.5,13.619519055472844,0.0734240317831312
9.0,14.0168,12.956036237115203,0.0771841002678964,6.052316559600278e-06,1.5,13.780326707075908,0.0725672200127534
10.5,14.0168,13.342476740321356,0.0749486035810705,3.540561274383581e-06,1.5,14.003190417872636,0.0714122974949818
12.0,14.0168,13.970811179202215,0.071577805123346,2.2545738484293068e-06,1.5,14.21586825017533,0.0703439271103027
13.5,14.0168,14.821564187886814,0.0674692621725625,1.539066264099541e-06,1.5,14.404032697371582,0.0694250020817071
15.0,14.0168,15.86126445851466,0.0630466759201646,9.621014070212207e-07,1.5,14.656164542912247,0.0682306750222453
16.5,14.0168,17.04910404913899,0.058654108574726,5.590265154585329e-07,1.5,14.96301297255602,0.0668314598025224
18.0,14.0168,18.34240646083481,0.0545184734694014,3.565282562817935e-07,1.5,15.22322638304809,0.0656890973593847
19.5,14.0168,19.700590159418912,0.0507599006886551,2.4288180308759e-07,nan,15.449332385708429,0.0647277160613788
nan,nan,nan,nan,1.51699987319488e-07,nan,15.737549883813166,0.0635422926302237
nan,nan,nan,nan,8.82733657502847e-08,nan,16.071021727651935,0.0622237974004721
nan,nan,nan,nan,5.6357319938647547e-08,nan,16.35004172234696,0.0611619234361473
Name:	10_8_210_0.025
Lambda:	10	Maximal Depth:	20	Filter time:	8 to 210 [us]
Chi2:	0.1438490910281291	RelRMS:	3.515431852140756	AbsRMS:	3.229300197642133e-07	Phi model:	0.2618970668761127
depth_vector,start_model,resistivity_model,conductivity_model,E/I[V/A],modelled_thickness,rhoa,sigma
0.0,14.0168,17.912292494726298,0.0558275832250069,0.0002060781194983,1.0,14.006651354163475,0.071394652063125
1.0,14.0168,17.436355044163292,0.0573514359777127,0.0001261026225521,1.0,13.65289867761193,0.0732445192492202
2.0,14.0168,16.54374687615986,0.0604457990977265,8.3661109245992e-05,1.0,13.3967548314333,0.0746449429419774
3.0,14.0168,15.349001729558225,0.0651508168165918,5.888661279788756e-05,1.0,13.217263776101747,0.0756586247304914
4.0,14.0168,14.004959225679968,0.0714032782163596,3.809334357663832e-05,1.0,13.080109151398666,0.076451961403783
5.0,14.0168,12.666858673889156,0.078946171718277,2.2836874948462843e-05,1.0,13.02009799903697,0.0768043374231104
6.0,14.0168,11.471613872398772,0.0871716927646985,1.478554496862089e-05,1.5,13.059111046685354,0.0765748906204315
7.5,14.0168,10.619487498458891,0.0941665028698532,1.0151430196218892e-05,1.5,13.153259344317725,0.0760267834627624
9.0,14.0168,10.265483614475883,0.0974138226269095,6.353430784828574e-06,1.5,13.341410143581117,0.0749545954466533
10.5,14.0168,10.516099193451698,0.0950922943578445,3.675539742804917e-06,1.5,13.658226871733104,0.0732159459197143
12.0,14.0168,11.420646768723184,0.0875607152774062,2.306554016542201e-06,1.5,14.00148007950344,0.0714210208007855
13.5,14.0168,13.064728960919751,0.0765419629439905,1.549984529255164e-06,1.5,14.336310617908945,0.0697529529494707
15.0,14.0168,15.588677087941663,0.0641491253143945,9.468965413750242e-07,1.5,14.812642628948629,0.0675098984731921
16.5,14.0168,19.21449498688923,0.0520440428271644,5.33482763425909e-07,1.5,15.43691085149708,0.0647798001569089
18.0,14.0168,24.259387481518083,0.0412211561714757,3.30767030165437e-07,1.5,16.003729416229216,0.0624854353627042
19.5,14.0168,31.15697917705291,0.0320955377065726,2.196589628802561e-07,nan,16.519887418149295,0.0605331001772667
nan,nan,nan,nan,1.327974971930171e-07,nan,17.1975886174833,0.058147686995105
nan,nan,nan,nan,7.437833285829711e-08,nan,18.01491922203224,0.0555095467082084
nan,nan,nan,nan,4.6011318630283386e-08,nan,18.71727552883789,0.0534265790156954
Name:	58.06735210785115_8_210_0.025
Lambda:	58.06735210785115	Maximal Depth:	20	Filter time:	8 to 210 [us]
Chi2:	0.2389539978493653	RelRMS:	4.596528379506657	AbsRMS:	8.365590579621109e-07	Phi model:	0.2049536958780333
depth_vector,start_model,resistivity_model,conductivity_model,E/I[V/A],modelled_thickness,rhoa,sigma
0.0,14.0168,17.48848296900757,0.0571804885404961,0.0002083845508285,1.0,13.90310795198335,0.0719263637636752
1.0,14.0168,17.057570525809183,0.0586249957745704,0.0001269658151118,1.0,13.59094775129365,0.0735783860183566
2.0,14.0168,16.24304014354595,0.0615648296847522,8.392545541325414e-05,1.0,13.36860888155832,0.0748020986222041
3.0,14.0168,15.141612219543848,0.066043165384282,5.8899204455492704e-05,1.0,13.2153799567651,0.0756694096780841
4.0,14.0168,13.892130340196838,0.0719832002372237,3.798028115224303e-05,1.0,13.106054827109825,0.0763006116784666
5.0,14.0168,12.63682219654538,0.0791338189654498,2.270445780443784e-05,1.0,13.070672873398102,0.076507155345861
6.0,14.0168,11.509092119641087,0.0868878265639588,1.4676720723574894e-05,1.5,13.123584914149188,0.0761986916335528
7.5,14.0168,10.724679800029351,0.093242877050489,1.006964341926683e-05,1.5,13.22438478085385,0.0756178844287555
9.0,14.0168,10.460574407058845,0.0955970447784583,6.301974893146627e-06,1.5,13.413933792329718,0.0745493466332608
10.5,14.0168,10.81723118218618,0.0924450983026784,3.649624801106391e-06,1.5,13.722806036871884,0.0728713935993188
12.0,14.0168,11.852744116604551,0.084368648319936,2.2944001506813867e-06,1.5,14.050882163791735,0.0711699086465146
13.5,14.0168,13.609943239467286,0.073475692176299,1.5451150314190812e-06,1.5,14.366415826834482,0.0696067837694171
15.0,14.0168,16.12604403967423,0.0620114888400243,9.470867290626352e-07,1.5,14.81065951134602,0.0675189379131921
16.5,14.0168,19.434813559495545,0.0514540567594699,5.361462167451009e-07,1.5,15.385743703904854,0.0649952332006026
18.0,14.0168,23.56789044571964,0.0424306113567164,3.339495534918376e-07,1.5,15.901890713995307,0.0628856038558922
19.5,14.0168,28.559099479156085,0.0350151096581267,2.2272782321568445e-07,nan,16.36779036568474,0.0610956016455655
nan,nan,nan,nan,1.3541824183383917e-07,nan,16.974983809785005,0.0589102181896375
nan,nan,nan,nan,7.636879346772924e-08,nan,17.700518678489395,0.0564955196039115
nan,nan,nan,nan,4.7518918038686937e-08,nan,18.319265529119185,0.0545873413107343
Name:	172.21381097981777_8_210_0.025
Lambda:	172.21381097981777	Maximal Depth:	20	Filter time:	8 to 210 [us]
Chi2:	0.6603700329545138	RelRMS:	6.6490559862715255	AbsRMS:	1.8837613477425948e-06	Phi model:	0.1314534854206231
depth_vector,start_model,resistivity_model,conductivity_model,E/I[V/A],modelled_thickness,rhoa,sigma
0.0,14.0168,16.426773281606316,0.060876228268137,0.0002127419189553,1.0,13.712612138281422,0.0729255658889604
1.0,14.0168,16.09800129980787,0.0621195129367976,0.0001283572889689,1.0,13.492546468516457,0.0741149939585831
2.0,14.0168,15.474959725522288,0.0646205235901671,8.422884924562232e-05,1.0,13.33648693157009,0.0749822652045497
3.0,14.0168,14.631739313256311,0.0683445746668,5.880260657116892e-05,1.0,13.2298490260544,0.0755866524274491
4.0,14.0168,13.670515742868831,0.073150129725109,3.771978225463564e-05,1.0,13.166327269642156,0.0759513248850891
5.0,14.0168,12.701185587732947,0.078732807507814,2.245638654161198e-05,1.0,13.16675593771794,0.075948852149326
6.0,14.0168,11.831366726512377,0.0845210889929685,1.4489457032115185e-05,1.5,13.236416723175388,0.0755491475460363
7.5,14.0168,11.252147712150364,0.0888719225504099,9.936632106048755e-06,1.5,13.342137062436228,0.0749505116999152
9.0,14.0168,11.11778674915549,0.0899459597995941,6.22373981932288e-06,1.5,13.52611217952194,0.073931073964769
10.5,14.0168,11.515236217581,0.0868414664801439,3.613880727344033e-06,1.5,13.813143631779049,0.0723948166078112
12.0,14.0168,12.48099085292801,0.0801218438330481,2.2800349828121664e-06,1.5,14.109837961813668,0.0708725360777609
13.5,14.0168,14.018571326581515,0.0713339452861245,1.541410020221657e-06,1.5,14.389427844003372,0.0694954664522494
15.0,14.0168,16.108249962280354,0.0620799902125702,9.502503070726732e-07,1.5,14.77776943099906,0.0676692111532284
16.5,14.0168,18.715390955350387,0.0534319588827033,5.421381419636611e-07,1.5,15.272167625980464,0.0654785898433196
18.0,14.0168,21.797474863724027,0.0458768736402686,3.401193688533771e-07,1.5,15.708996135226808,0.0636577914585859
19.5,14.0168,25.312899777435,0.039505548901649,2.283329930588025e-07,nan,16.098815484227366,0.062116371293263
nan,nan,nan,nan,1.400011836033857e-07,nan,16.602481736081657,0.0602319590466244
nan,nan,nan,nan,7.974338755290281e-08,nan,17.19755967126986,0.0581477848668607
nan,nan,nan,nan,5.0031178668039523e-08,nan,17.700760683132337,0.0564947471976689
Name:	1000_8_210_0.025
Lambda:	1000	Maximal Depth:	20	Filter time:	8 to 210 [us]
Chi2:	2.9868161308674046	RelRMS:	12.131944696222371	AbsRMS:	4.287473440646618e-06	Phi model:	0.0286837311883789
depth_vector,start_model,resistivity_model,conductivity_model,E/I[V/A],modelled_thickness,rhoa,sigma
0.0,14.0168,14.22429155468293,0.0703022710238795,0.0002227224340559,1.0,13.29983534123815,0.0751889007903239
1.0,14.0168,14.118635175664512,0.070828375941298,0.0001313351508526,1.0,13.287816687150904,0.0752569081545942
2.0,14.0168,13.920148364477834,0.071838314780599,8.473380355946395e-05,1.0,13.283450066004312,0.0752816470895051
3.0,14.0168,13.656752755115876,0.0732238488849698,5.8444945920427264e-05,1.0,13.283768525704032,0.0752798423177131
4.0,14.0168,13.366504948852349,0.0748138727233898,3.704593494510678e-05,1.0,13.325506459371164,0.0750440520252609
5.0,14.0168,13.091943979755175,0.0763828505183307,2.1858717618469263e-05,1.0,13.405682081325606,0.0745952346127185
6.0,14.0168,12.874847974901025,0.0776708200321633,1.4053302597735872e-05,1.5,13.508887161635482,0.0740253425789169
7.5,14.0168,12.80983536999707,0.0780650157567347,9.634621325268236e-06,1.5,13.619519055472844,0.0734240317831312
9.0,14.0168,12.956036237115203,0.0771841002678964,6.052316559600278e-06,1.5,13.780326707075908,0.0725672200127534
10.5,14.0168,13.342476740321356,0.0749486035810705,3.540561274383581e-06,1.5,14.003190417872636,0.0714122974949818
12.0,14.0168,13.970811179202215,0.071577805123346,2.2545738484293068e-06,1.5,14.21586825017533,0.0703439271103027
13.5,14.0168,14.821564187886814,0.0674692621725625,1.539066264099541e-06,1.5,14.404032697371582,0.0694250020817071
15.0,14.0168,15.86126445851466,0.0630466759201646,9.621014070212207e-07,1.5,14.656164542912247,0.0682306750222453
16.5,14.0168,17.04910404913899,0.058654108574726,5.590265154585329e-07,1.5,14.96301297255602,0.0668314598025224
18.0,14.0168,18.34240646083481,0.0545184734694014,3.565282562817935e-07,1.5,15.22322638304809,0.0656890973593847
19.5,14.0168,19.700590159418912,0.0507599006886551,2.4288180308759e-07,nan,15.449332385708429,0.0647277160613788
nan,nan,nan,nan,1.51699987319488e-07,nan,15.737549883813166,0.0635422926302237
nan,nan,nan,nan,8.82733657502847e-08,nan,16.071021727651935,0.0622237974004721
nan,nan,nan,nan,5.6357319938647547e-08,nan,16.35004172234696,0.0611619234361473
Name:	337.1817380817165_8_210_0.025
Lambda:	337.1817380817165	Maximal Depth:	20	Filter time:	8 to 210 [us]
Chi2:	1.3108572462499697	RelRMS:	8.6441375579439	AbsRMS:	2.830652252116753e-06	Phi model:	0.0822340182772156
depth_vector,start_model,resistivity_model,conductivity_model,E/I[V/A],modelled_thickness,rhoa,sigma
0.0,14.0168,15.538710424377138,0.0643554048366329,0.0002166647847056,1.0,13.546591057819503,0.0738193096500665
1.0,14.0168,15.295415946423544,0.0653790654339037,0.0001295857326992,1.0,13.407140293328334,0.0745871213488845
2.0,14.0168,14.83515311671215,0.0674074606532693,8.448802148240014e-05,1.0,13.309199302341844,0.075136000091609
3.0,14.0168,14.214030865909209,0.0703530201554852,5.871328234261316e-05,1.0,13.243263896526466,0.0755100863211135
4.0,14.0168,13.508274928352142,0.0740286976171271,3.749213576055983e-05,1.0,13.21956942615772,0.0756454289669441
5.0,14.0168,12.802510710276389,0.0781096788458309,2.2244282005183385e-05,1.0,13.250322256653028,0.0754698625912963
6.0,14.0168,12.17886391325412,0.0821094649815169,1.433206354261491e-05,1.5,13.3331476720526,0.0750010443592464
7.5,14.0168,11.796070781034995,0.0847739911503192,9.8267068195494e-06,1.5,13.441452623380062,0.0743967209511716
9.0,14.0168,11.774001232890647,0.0849328941130481,6.160887326286036e-06,1.5,13.617950776156755,0.0734324874892975
10.5,14.0168,12.17831475401386,0.0821131675604302,3.5868210062747405e-06,1.5,13.8825293828033,0.0720329827818502
12.0,14.0168,13.029062491833091,0.0767514931044979,2.2705727934675743e-06,1.5,14.14901086728291,0.0706763186048802
13.5,14.0168,14.313290763965645,0.0698651355925462,1.5404890908469674e-06,1.5,14.395162095060108,0.0694677832313651
15.0,14.0168,15.9960656147443,0.0625153724724819,9.545936421332376e-07,1.5,14.732910150794508,0.0678752527345096
16.5,14.0168,18.02971039131004,0.0554640079233873,5.483608784114067e-07,1.5,15.156410125312371,0.0659786843805396
18.0,14.0168,20.361721183225868,0.0491117617710926,3.461713138289522e-07,1.5,15.525369972134474,0.0644107033709881
19.5,14.0168,22.94066300436808,0.043590719231157,2.336987182754465e-07,nan,15.8514434420101,0.0630857375013408
nan,nan,nan,nan,1.443127994848151e-07,nan,16.270125954313354,0.0614623391858187
nan,nan,nan,nan,8.288257259159978e-08,nan,16.760531906343434,0.0596639775866257
nan,nan,nan,nan,5.235562383301288e-08,nan,17.17289551395447,0.058231298221515
Name:	510.744775086489_8_210_0.025
Lambda:	510.744775086489	Maximal Depth:	20	Filter time:	8 to 210 [us]
Chi2:	1.8792987652577464	RelRMS:	9.955452852056723	AbsRMS:	3.420011667013742e-06	Phi model:	0.0572538614917653
depth_vector,start_model,resistivity_model,conductivity_model,E/I[V/A],modelled_thickness,rhoa,sigma
0.0,14.0168,14.99688912128857,0.0666804956622948,0.0002191120268106,1.0,13.445535269479846,0.0743741308886311
1.0,14.0168,14.808940664171844,0.0675267747151799,0.0001303094035595,1.0,13.357456699092836,0.0748645511288024
2.0,14.0168,14.453674898892794,0.0691865568442115,8.460389120188994e-05,1.0,13.297044736017387,0.0752046804273226
3.0,14.0168,13.975586910628332,0.0715533455871901,5.861783395696429e-05,1.0,13.25763614785099,0.0754282278415142
4.0,14.0168,13.435278806986334,0.0744309079376902,3.7320170841976486e-05,1.0,13.260147302477964,0.0754139435399127
5.0,14.0168,12.900467762046862,0.0775165690458137,2.2092510911494424e-05,1.0,13.310937680140793,0.0751261875030747
6.0,14.0168,12.437424522423328,0.0804024979767401,1.4221097308336353e-05,1.5,13.402416200266885,0.0746134118697259
7.5,14.0168,12.181438838310408,0.0820921085984537,9.749517375441572e-06,1.5,13.512305633165711,0.074006614944049
9.0,14.0168,12.228924958002064,0.0817733368578441,6.116600123252593e-06,1.5,13.683605494961173,0.0730801542304211
10.5,14.0168,12.631201702597584,0.079169031066486,3.567340443559326e-06,1.5,13.933023384834572,0.0717719315025662
12.0,14.0168,13.400127649367404,0.0746261547775038,2.2632788873879806e-06,1.5,14.179393396113934,0.070524878749331
13.5,14.0168,14.517749187477936,0.0688812010103146,1.5391455077622854e-06,1.5,14.403538293995076,0.06942738510418
15.0,14.0168,15.94607527063976,0.0627113558056019,9.56980897246145e-07,1.5,14.708398443012085,0.0679883675897491
16.5,14.0168,17.63593006293248,0.056702424903681,5.521766112513155e-07,1.5,15.086505408174894,0.0662844027125149
18.0,14.0168,19.53456674324384,0.0511913068328406,3.499755019558609e-07,1.5,15.412659327459744,0.0648817299308215
19.5,14.0168,21.59143043576122,0.046314671136551,2.3711022933233337e-07,nan,15.699030821240894,0.0636981996778421
nan,nan,nan,nan,1.4707931864320064e-07,nan,16.065456720638693,0.0622453514636367
nan,nan,nan,nan,8.49118647997214e-08,nan,16.49241899759153,0.0606339191446709
nan,nan,nan,nan,5.3865637104883664e-08,nan,16.850438979926434,0.0593456349232965
Name:	660.1765784576426_8_210_0.025
Lambda:	660.1765784576426	Maximal Depth:	20	Filter time:	8 to 210 [us]
Chi2:	2.2821897159502424	RelRMS:	10.821058391505106	AbsRMS:	3.780978895108483e-06	Phi model:	0.044579779961448
depth_vector,start_model,resistivity_model,conductivity_model,E/I[V/A],modelled_thickness,rhoa,sigma
0.0,14.0168,14.68077908061584,0.0681162760170117,0.0002206104870379,1.0,13.384581753802324,0.074712831405129
1.0,14.0168,14.5254487009909,0.0688446891097954,0.0001307583005752,1.0,13.32686815785301,0.075036384254371
2.0,14.0168,14.232373274238135,0.0702623505392519,8.468382040481467e-05,1.0,13.288676435802332,0.0752520391952505
3.0,14.0168,13.839604758725772,0.0722563987508029,5.856946929719173e-05,1.0,13.264933611356216,0.0753867323650901
4.0,14.0168,13.398897273734637,0.0746330074460876,3.722462648572114e-05,1.0,13.282827465276716,0.0752851757364272
5.0,14.0168,12.967935842780788,0.077113274782023,2.200777576077089e-05,1.0,13.345082634951002,0.07493396836532
6.0,14.0168,12.603063196355537,0.0793457895449713,1.4159730400911756e-05,1.5,13.44111147067196,0.0743986092356994
7.5,14.0168,12.423536728981697,0.0804923768339811,9.70749664257562e-06,1.5,13.551271266725042,0.0737938146405117
9.0,14.0168,12.510480790948016,0.0799329791324688,6.093303289808336e-06,1.5,13.718461452921478,0.0728944716892462
10.5,14.0168,12.90617247118467,0.0774823056357474,3.557964480203364e-06,1.5,13.957490222414028,0.0716461186119351
12.0,14.0168,13.61836695621124,0.0734302433775958,2.2605859129641515e-06,1.5,14.190652178227577,0.0704689247146991
13.5,14.0168,14.628473474932704,0.0683598327408253,1.5396079305292662e-06,1.5,14.400654071607244,0.0694412903071972
15.0,14.0168,15.900215187574542,0.0628922305895246,9.592971505674052e-07,1.5,14.684712976126734,0.0680980283118725
16.5,14.0168,17.387449398970695,0.0575127482504247,5.550398964637152e-07,1.5,15.034576176213578,0.0665133481835101
18.0,14.0168,19.04071483004228,0.0525190366499375,3.526557130029377e-07,1.5,15.33446846253968,0.0652125636074627
19.5,14.0168,20.812197124385243,0.0480487472813872,2.394466719776168e-07,nan,15.596739994638488,0.0641159627168086
nan,nan,nan,nan,1.489346056483744e-07,nan,15.931759291678908,0.0627677070492959
nan,nan,nan,nan,8.625308674432695e-08,nan,16.32100313287693,0.0612707437072667
nan,nan,nan,nan,5.48559854670774e-08,nan,16.647016336633786,0.0600708246918325
Name:	435.8331147440403_8_210_0.025
Lambda:	435.8331147440403	Maximal Depth:	20	Filter time:	8 to 210 [us]
Chi2:	1.6477037866098525	RelRMS:	9.447398987174838	AbsRMS:	3.196948593933412e-06	Phi model:	0.0662072224840751
depth_vector,start_model,resistivity_model,conductivity_model,E/I[V/A],modelled_thickness,rhoa,sigma
0.0,14.0168,15.200501246932204,0.0657873042312879,0.0002181851801631,1.0,13.483585953072478,0.0741642470690174
1.0,14.0168,14.991601904482726,0.0667040124445263,0.0001300388175974,1.0,13.375979824409823,0.0747608783152543
2.0,14.0168,14.59640311027497,0.0685100289739231,8.456368123676335e-05,1.0,13.301259558373218,0.0751808500248756
3.0,14.0168,14.063825348923652,0.071104409731349,5.86570944457204e-05,1.0,13.251719735284624,0.0754619038114242
4.0,14.0168,13.460397645152923,0.0742920102631662,3.738755661652362e-05,1.0,13.244209487733931,0.0755046951595069
5.0,14.0168,12.860333039357432,0.0777584839319188,2.215136500077258e-05,1.0,13.28734995602654,0.0752595516268799
6.0,14.0168,12.335874925164944,0.0810643757387665,1.4263956537756457e-05,1.5,13.3755557110455,0.0747632488401362
7.5,14.0168,12.031468276361094,0.0831153752002784,9.77926024318401e-06,1.5,13.484893967580131,0.0741570532481873
9.0,14.0168,12.052628845675889,0.0829694511300552,6.133621100520686e-06,1.5,13.65827883625316,0.0732156673610807
10.5,14.0168,12.456169570412133,0.0802815018170079,3.5747994030588016e-06,1.5,13.913635437919712,0.0718719420572596
12.0,14.0168,13.256967183150818,0.0754320340530802,2.266051561642812e-06,1.5,14.16782470942817,0.070582465587292
13.5,14.0168,14.438622577112127,0.0692586841064177,1.5396345839729228e-06,1.5,14.40048787280771,0.0694420917424811
15.0,14.0168,15.963916108898031,0.0626412713007565,9.560417753184855e-07,1.5,14.71802892808212,0.0679438805893356
16.5,14.0168,17.783624722564575,0.0562315059837694,5.506945192750173e-07,1.5,15.11356163186458,0.0661657407008323
18.0,14.0168,19.844418793764177,0.0503920024261045,3.485017381350597e-07,1.5,15.456080708672223,0.0646994551108232
19.5,14.0168,22.094899617057195,0.0452593140196031,2.357899311818283e-07,nan,15.757580410985094,0.0634615197205574
nan,nan,nan,nan,1.460092675604649e-07,nan,16.14385325034965,0.0619430804091545
nan,nan,nan,nan,8.412710699168702e-08,nan,16.594823689259503,0.0602597544104804
nan,nan,nan,nan,5.3281643109284914e-08,nan,16.973341420314764,0.0589159185122581
Name:	563.3475436367097_8_210_0.025
Lambda:	563.3475436367097	Maximal Depth:	20	Filter time:	8 to 210 [us]
Chi2:	2.030817477074569	RelRMS:	10.274636484951916	AbsRMS:	3.5557931044970507e-06	Phi model:	0.0521039210960746
depth_vector,start_model,resistivity_model,conductivity_model,E/I[V/A],modelled_thickness,rhoa,sigma
0.0,14.0168,14.873931788413495,0.0672317188370448,0.0002196765690749,1.0,13.42248979002983,0.0745018260876455
1.0,14.0168,14.69880485329122,0.0680327421161788,0.0001304723288555,1.0,13.346334438984837,0.0749269400202489
2.0,14.0168,14.367896175283889,0.069599612065699,8.462645276378325e-05,1.0,13.294681287239271,0.0752180498647859
3.0,14.0168,13.923052298010608,0.0718233314503088,5.859234180813962e-05,1.0,13.261481259359172,0.0754063577395819
4.0,14.0168,13.421353121774734,0.0745081357242292,3.727804601219296e-05,1.0,13.270134884258049,0.0753571842880262
5.0,14.0168,12.926625592510296,0.0773597094495721,2.2056073290736097e-05,1.0,13.325593823302368,0.0750435600289202
6.0,14.0168,12.501391268472572,0.0799910968727067,1.4194686841794834e-05,1.5,13.41903530081183,0.0745210052424187
7.5,14.0168,12.27510936954357,0.0814656692575915,9.731256961352863e-06,1.5,13.529203977310178,0.0739141786669119
9.0,14.0168,12.338620211965008,0.081046339284378,6.106207754236145e-06,1.5,13.69912683288278,0.0729973532035373
10.5,14.0168,12.739832682920268,0.0784939665134422,3.562837073395906e-06,1.5,13.944761661511476,0.0717115160713051
12.0,14.0168,13.488747634433826,0.074135866953817,2.26164912269578e-06,1.5,14.186204443838935,0.070491018507371
13.5,14.0168,14.566560252645314,0.0686503870959101,1.5389091552504135e-06,1.5,14.405013029224849,0.0694202773694965
15.0,14.0168,15.935132944826831,0.0627544183950243,9.576089661857624e-07,1.5,14.701966521670236,0.0680181116264978
16.5,14.0168,17.545731724264343,0.0569939182768353,5.531245671433037e-07,1.5,15.06926344540202,0.0663602440572583
18.0,14.0168,19.346460208182176,0.0516890422971056,3.509090549303838e-07,1.5,15.38531146025227,0.0649970592134898
19.5,14.0168,21.287769334579004,0.0469753304953206,2.379431248248557e-07,nan,15.66237418396192,0.0638472806392269
nan,nan,nan,nan,1.477523913717178e-07,nan,16.016629773829557,0.0624351073928145
nan,nan,nan,nan,8.5404581740211e-08,nan,16.42892569945764,0.0608682526352293
nan,nan,nan,nan,5.4231996836811646e-08,nan,16.77446545654878,0.0596144182710512
Name:	598.5323658376641_8_210_0.025
Lambda:	598.5323658376641	Maximal Depth:	20	Filter time:	8 to 210 [us]
Chi2:	2.12253171673168	RelRMS:	10.505485933421031	AbsRMS:	3.649936778296371e-06	Phi model:	0.0492168827317556
depth_vector,start_model,resistivity_model,conductivity_model,E/I[V/A],modelled_thickness,rhoa,sigma
0.0,14.0168,14.79927407483288,0.0675708818516013,0.0002200649871962,1.0,13.40669120495388,0.0745896198183853
1.0,14.0168,14.631365536393416,0.0683463206159837,0.0001306045938493,1.0,13.337322244880388,0.0749775690831685
2.0,14.0168,14.314332051813114,0.0698600532934637,8.466610843230905e-05,1.0,13.29052968003704,0.0752415459785657
3.0,14.0168,13.888846975250743,0.0720002172809558,5.8597713898725313e-05,1.0,13.26067072754287,0.0754109668014729
4.0,14.0168,13.41021354773167,0.0745700280193636,3.726810279870086e-05,1.0,13.2724951138321,0.0753437836234603
5.0,14.0168,12.939945902196168,0.0772800757868918,2.204481343854964e-05,1.0,13.330130988685182,0.075018017516018
6.0,14.0168,12.537985609144716,0.0797576286313998,1.418646054621596e-05,1.5,13.424222325657391,0.0744922108514788
7.5,14.0168,12.329421336195932,0.08110680726469,9.725957819603815e-06,1.5,13.534117746027723,0.0738873429923794
9.0,14.0168,12.400801304253452,0.0806399502310388,6.103822686059127e-06,1.5,13.702695222252345,0.0729783435871842
10.5,14.0168,12.79772716126572,0.0781388747704086,3.5625535689468123e-06,1.5,13.94550145848824,0.0717077118364451
12.0,14.0168,13.52970082737008,0.0739114643227762,2.2622812227928726e-06,1.5,14.18356182548002,0.0705041520814294
13.5,14.0168,14.57881695038855,0.0685926713671611,1.5398971854520752e-06,1.5,14.398850665276363,0.069449987589048
15.0,14.0168,15.908747857053202,0.0628584982919725,9.587093582133164e-07,1.5,14.690714572726318,0.0680702082291167
16.5,14.0168,17.472647547728904,0.0572323110889957,5.541205100770187e-07,1.5,15.051201639289417,0.0664398779556321
18.0,14.0168,19.219862089714844,0.0520295096464366,3.517430377759566e-07,1.5,15.36098278804628,0.065100001334432
19.5,14.0168,21.10119302266537,0.0473906853951751,2.386294087771104e-07,nan,15.632330402191885,0.063969988752271
nan,nan,nan,nan,1.4827221629615134e-07,nan,15.979172921066018,0.0625814618153144
nan,nan,nan,nan,8.576702993337501e-08,nan,16.382607696324982,0.0610403434261765
nan,nan,nan,nan,5.4494011282629144e-08,nan,16.720653036994605,0.0598062765723019
Name:	542.6442025437801_8_210_0.025
Lambda:	542.6442025437801	Maximal Depth:	20	Filter time:	8 to 210 [us]
Chi2:	1.97217185240911	RelRMS:	10.151990628199368	AbsRMS:	3.504081880648356e-06	Phi model:	0.0540373641292717
depth_vector,start_model,resistivity_model,conductivity_model,E/I[V/A],modelled_thickness,rhoa,sigma
0.0,14.0168,14.920625509720216,0.0670213188682028,0.0002194615442147,1.0,13.431255784096962,0.0744532019994758
1.0,14.0168,14.740631982031156,0.0678396965081959,0.0001304103805397,1.0,13.35056067462011,0.0749032212483057
2.0,14.0168,14.40045912654589,0.0694422303630996,8.461795852125462e-05,1.0,13.295570982995727,0.075213016520986
3.0,14.0168,13.942947674946984,0.0717208457862051,5.860212234771566e-05,1.0,13.26000568082773,0.0754147489880695
4.0,14.0168,13.426528059460878,0.074479418325526,3.729412792680301e-05,1.0,13.266319725705609,0.0753788556793442
5.0,14.0168,12.916524481700923,0.077420207070154,2.2069960044698174e-05,1.0,13.320003459633307,0.0750750555756634
6.0,14.0168,12.476880186791591,0.0801482409888515,1.420474018090962e-05,1.5,13.412703046979296,0.0745561872575127
7.5,14.0168,12.23926939774995,0.0817042233079564,9.738199669955394e-06,1.5,13.522772912809174,0.0739493302481453
9.0,14.0168,12.29666503573918,0.0813228625073211,6.1101506924761086e-06,1.5,13.693232747798518,0.073028774024218
10.5,14.0168,12.698309958621476,0.0787506371523915,3.5645375019954347e-06,1.5,13.940326498520674,0.0717343313376568
12.0,14.0168,13.454925402443829,0.0743222255114375,2.262256972351053e-06,1.5,14.18366318650444,0.0705036482360555
13.5,14.0168,14.547991318788636,0.0687380118730554,1.5389882567135316e-06,1.5,14.404519429024354,0.0694226561967108
15.0,14.0168,15.939379343898974,0.0627377000336443,9.573612041672524e-07,1.5,14.704502960225597,0.0680063789102503
16.5,14.0168,17.58016666224522,0.0568822821314645,5.527573363948094e-07,1.5,15.075936999913091,0.066330868854504
18.0,14.0168,19.418110225818825,0.0514983172085599,3.505488827360644e-07,1.5,15.39584810374845,0.0649525763869109
19.5,14.0168,21.4032158486208,0.0467219509008707,2.376223607612145e-07,nan,15.676466003602512,0.0637898873234692
nan,nan,nan,nan,1.4749351375324413e-07,nan,16.03536567111705,0.0623621575279198
nan,nan,nan,nan,8.521523729994585e-08,nan,16.453252920685436,0.0607782549031854
nan,nan,nan,nan,5.4091271898488433e-08,nan,16.803546713196003,0.0595112458737469
Name:	576.5359626136418_8_210_0.025
Lambda:	576.5359626136418	Maximal Depth:	20	Filter time:	8 to 210 [us]
Chi2:	2.067516855047494	RelRMS:	10.350840929574147	AbsRMS:	3.587653452517796e-06	Phi model:	0.0509304100589913
depth_vector,start_model,resistivity_model,conductivity_model,E/I[V/A],modelled_thickness,rhoa,sigma
0.0,14.0168,14.845239854964294,0.067361660018285,0.0002198090626671,1.0,13.417095494410994,0.0745317792823758
1.0,14.0168,14.67312093212253,0.0681518270466094,0.0001305104483326,1.0,13.343735515213291,0.0749415333404871
2.0,14.0168,14.347914003762993,0.0696965426289656,8.463164240048133e-05,1.0,13.294137792559765,0.0752211249502516
3.0,14.0168,13.910857026561391,0.071886297018983,5.858628694658089e-05,1.0,13.26239495497224,0.0754011627157195
4.0,14.0168,13.418226750757864,0.0745254956988649,3.726812606396671e-05,1.0,13.27248959010996,0.075343814979908
5.0,14.0168,12.932932021906222,0.0773219868708942,2.204751994078897e-05,1.0,13.329040049125204,0.0750241575022974
6.0,14.0168,12.51659367879428,0.0798939412481055,1.4188501616600186e-05,1.5,13.422934877537784,0.074499355701518
7.5,14.0168,12.297288637286616,0.0813187385850161,9.726990589628826e-06,1.5,13.533159732799591,0.0738925734820342
9.0,14.0168,12.36455597758934,0.0808763373155083,6.103790005379638e-06,1.5,13.702744133173889,0.0729780830964385
10.5,14.0168,12.765491082307417,0.0783361951022761,3.561799633417797e-06,1.5,13.947469309802203,0.0716975945806316
12.0,14.0168,13.509633163710266,0.0740212548987793,2.2612831385545528e-06,1.5,14.18773507504613,0.070483413646399
13.5,14.0168,14.577987971795714,0.0685965718955673,1.538867456516138e-06,1.5,14.405273250075492,0.0694190233423555
15.0,14.0168,15.932452646692107,0.0627649754984597,9.57766996902399e-07,1.5,14.700349269450774,0.0680255946080226
16.5,14.0168,17.524454302880812,0.0570631177848209,5.533546379678524e-07,1.5,15.065086210863168,0.0663786443703798
18.0,14.0168,19.302321280010485,0.0518072404605347,3.511337715194424e-07,1.5,15.37874662396879,0.0650248049760722
19.5,14.0168,21.21680133358175,0.0471324581060769,2.3814289107536845e-07,nan,15.653614033425638,0.0638830111605326
nan,nan,nan,nan,1.479134029390196e-07,nan,16.005004364594864,0.0624804578130655
nan,nan,nan,nan,8.552224174048682e-08,nan,16.41385382363716,0.0609241443688213
nan,nan,nan,nan,5.4319404676422064e-08,nan,16.756465587032597,0.0596784563430771
Name:	584.8407730771074_8_210_0.025
Lambda:	584.8407730771074	Maximal Depth:	20	Filter time:	8 to 210 [us]
Chi2:	2.090333542975904	RelRMS:	10.39791426858675	AbsRMS:	3.607249275511679e-06	Phi model:	0.0502145215710154
depth_vector,start_model,resistivity_model,conductivity_model,E/I[V/A],modelled_thickness,rhoa,sigma
0.0,14.0168,14.827600740322126,0.0674417943612821,0.0002198905645136,1.0,13.413779949326528,0.0745502016417234
1.0,14.0168,14.657330707925595,0.0682252464604127,0.0001305338354267,1.0,13.342141647401569,0.0749504859435182
2.0,14.0168,14.335635777656726,0.0697562365220371,8.463476916586617e-05,1.0,13.293810362858135,0.0752229776643964
3.0,14.0168,13.90337886555544,0.0719249622462222,5.858250631895058e-05,1.0,13.262965542117067,0.0753979188760206
4.0,14.0168,13.416336719612277,0.0745359945042359,3.7261982866610055e-05,1.0,13.273948329491056,0.075335535078005
5.0,14.0168,12.93685522822638,0.0772985383509697,2.204223317608397e-05,1.0,13.331171251268437,0.0750121636840312
6.0,14.0168,12.5260038016223,0.0798339211641054,1.4184681367866654e-05,1.5,13.425344831729564,0.0744859824856485
7.5,14.0168,12.310999445691946,0.0812281735866648,9.724356630061794e-06,1.5,13.53560336911869,0.0738792333618084
9.0,14.0168,12.380573945983508,0.080771699629032,6.102298023351194e-06,1.5,13.704977544796076,0.0729661903298565
10.5,14.0168,12.78132905399503,0.0782391248809475,3.5611598564543302e-06,1.5,13.94913973980449,0.0716890086882172
12.0,14.0168,13.522525053875862,0.0739506856904197,2.2610577444610674e-06,1.5,14.188677931272482,0.0704787299312753
13.5,14.0168,14.585043446806084,0.0685633884908985,1.538842122316157e-06,1.5,14.405431353828371,0.0694182614486057
15.0,14.0168,15.930809684413868,0.0627714485208096,9.578648259036835e-07,1.5,14.69934833144118,0.0680302267455659
16.5,14.0168,17.511364741673912,0.0571057718659802,5.534968313074513e-07,1.5,15.062505953212892,0.0663900152541812
18.0,14.0168,19.275181288584992,0.0518801864962075,3.512726035612007e-07,1.5,15.374694304041666,0.065041943613612
19.5,14.0168,21.17319483626673,0.0472295280770353,2.382662897200897e-07,nan,15.648208872305648,0.0639050774539321
nan,nan,nan,nan,1.4801285309014496e-07,nan,15.997834363849275,0.0625084606613834
nan,nan,nan,nan,8.55949130120713e-08,nan,16.404562115077375,0.0609586524154097
nan,nan,nan,nan,5.437339148472007e-08,nan,16.74537219697312,0.0597179918270648
Name:	590.0331330834591_8_210_0.025
Lambda:	590.0331330834591	Maximal Depth:	20	Filter time:	8 to 210 [us]
Chi2:	2.1044853273479096	RelRMS:	10.42699658745904	AbsRMS:	3.6193225950750777e-06	Phi model:	0.0497756721313286
depth_vector,start_model,resistivity_model,conductivity_model,E/I[V/A],modelled_thickness,rhoa,sigma
0.0,14.0168,14.81673582815268,0.06749124851777,0.0002199407835216,1.0,13.411738028924656,0.0745615518170227
1.0,14.0168,14.647603779030131,0.0682705523091513,0.0001305482219691,1.0,13.341161417979862,0.0749559928607341
2.0,14.0168,14.328074948752182,0.0697930464194765,8.463667036803212e-05,1.0,13.293611281966689,0.0752241041797679
3.0,14.0168,13.898780594274886,0.0719487578940497,5.8580155080907214e-05,1.0,13.263320431134831,0.0753959014405292
4.0,14.0168,13.415185571284889,0.0745423903893281,3.725818169618187e-05,1.0,13.27485114116261,0.0753304115704321
5.0,14.0168,12.939289401328374,0.0772839967469417,2.2038965837052515e-05,1.0,13.33248880794826,0.0750047507562011
6.0,14.0168,12.531823980028474,0.0797968437470606,1.4182321451530071e-05,1.5,13.426834094828813,0.0744777207297987
7.5,14.0168,12.319473508471829,0.081172300042881,9.722729970231132e-06,1.5,13.537113041707173,0.0738709942747061
9.0,14.0168,12.390469044638383,0.0807071948928939,6.10137688526679e-06,1.5,13.706356890187696,0.0729588473444679
10.5,14.0168,12.791109209773238,0.0781793027954084,3.560765032792974e-06,1.5,13.950170856919286,0.071683709845317
12.0,14.0168,13.530484832133777,0.0739071816277479,2.2609187713980765e-06,1.5,14.189259353850677,0.070475841977518
13.5,14.0168,14.589400386859095,0.0685429129013907,1.538826643613437e-06,1.5,14.405527954276772,0.0694177959443073
15.0,14.0168,15.929799960524225,0.0627754273423463,9.57925352189443e-07,1.5,14.698729141699497,0.0680330925456034
16.5,14.0168,17.50329870586768,0.0571320878883685,5.535847109766286e-07,1.5,15.060911830352444,0.0663970423082012
18.0,14.0168,19.258461855747967,0.0519252268166751,3.513583844974411e-07,1.5,15.372191808204075,0.0650525320316588
19.5,14.0168,21.146342561396224,0.0472895015814958,2.3834252699469986e-07,nan,15.64487182507507,0.0639187083909012
nan,nan,nan,nan,1.480742908363313e-07,nan,15.993408932706624,0.0625257569669836
nan,nan,nan,nan,8.56398063431125e-08,nan,16.39882864581758,0.0609799651912969
nan,nan,nan,nan,5.440674240613267e-08,nan,16.738528306679434,0.0597424087517272
Name:	593.2652115972885_8_210_0.025
Lambda:	593.2652115972885	Maximal Depth:	20	Filter time:	8 to 210 [us]
Chi2:	2.1132504879294185	RelRMS:	10.44496597266933	AbsRMS:	3.62676960111084e-06	Phi model:	0.0495058236273594
depth_vector,start_model,resistivity_model,conductivity_model,E/I[V/A],modelled_thickness,rhoa,sigma
0.0,14.0168,14.810035063689275,0.0675217847695556,0.0002199717610467,1.0,13.410478860623751,0.0745685527260499
1.0,14.0168,14.641604571828209,0.0682985252807668,0.0001305570870198,1.0,13.34055748594635,0.0749593861466024
2.0,14.0168,14.32341279830629,0.0698157634693212,8.463783325481044e-05,1.0,13.293489516088066,0.0752247932184983
3.0,14.0168,13.895947866132246,0.0719634248511567,5.857869628398585e-05,1.0,13.263540629624885,0.0753946497337552
4.0,14.0168,13.414480736776095,0.0745463070559621,3.725583076506063e-05,1.0,13.275409584978908,0.075327242718861
5.0,14.0168,12.940797389030802,0.0772749908632094,2.20369465765791e-05,1.0,13.333303238884117,0.0750001692816589
6.0,14.0168,12.535422503246382,0.0797739365977511,1.4180863409662285e-05,1.5,13.4277544219973,0.0744726160884953
7.5,14.0168,12.324710634892076,0.0811378075821864,9.721725131008211e-06,1.5,13.5380458245654,0.0738659045004452
9.0,14.0168,12.396582716268666,0.0806673922070192,6.100807973320025e-06,1.5,13.707208972843926,0.0729543119960564
10.5,14.0168,12.79715039443575,0.0781423964849865,3.5605212484165048e-06,1.5,13.950807616663049,0.0716804379701706
12.0,14.0168,13.535400866083757,0.0738803386684869,2.2608330106192507e-06,1.5,14.189618181543588,0.0704740597813053
13.5,14.0168,14.592091551821213,0.0685302717878844,1.5388171471228046e-06,1.5,14.405587221366352,0.0694175103474297
15.0,14.0168,15.92917820679755,0.0627778776166409,9.579627841246825e-07,1.5,14.698346242022764,0.068034864843569
16.5,14.0168,17.498322844236892,0.0571483340947359,5.536390225430268e-07,1.5,15.059926838261854,0.0664013849960651
18.0,14.0168,19.24814948996977,0.0519530462147076,3.514113906845789e-07,1.5,15.370645962351206,0.0650590744494015
19.5,14.0168,21.129784625966096,0.0473265590587759,2.383896328669921e-07,nan,15.64281080254303,0.0639271300166483
nan,nan,nan,nan,1.4811225079882576e-07,nan,15.990676162411203,0.0625364424770648
nan,nan,nan,nan,8.56675437235836e-08,nan,16.39528872020179,0.0609931314456103
nan,nan,nan,nan,5.4427348318582776e-08,nan,16.73430329325216,0.0597574922885038
Name:	595.2715921370673_8_210_0.025
Lambda:	595.2715921370673	Maximal Depth:	20	Filter time:	8 to 210 [us]
Chi2:	2.113760725920463	RelRMS:	10.487867364020415	AbsRMS:	3.642523489275153e-06	Phi model:	0.0494852422886213
depth_vector,start_model,resistivity_model,conductivity_model,E/I[V/A],modelled_thickness,rhoa,sigma
0.0,14.0168,14.80598114458672,0.0675402724233249,0.0002200341391577,1.0,13.407944224038806,0.0745826491586325
1.0,14.0168,14.63736494605358,0.0683183075427529,0.0001305958375244,1.0,13.337918407944024,0.0749742178213058
2.0,14.0168,14.31898312095483,0.0698373614629498,8.466503880998656e-05,1.0,13.290641617758446,0.0752409122719732
3.0,14.0168,13.891657086379194,0.0719856525238088,5.859925329210094e-05,1.0,13.260438489338403,0.0754122875200556
4.0,14.0168,13.410889656919496,0.0745662685759284,3.727051936414291e-05,1.0,13.27192139497543,0.0753470405858933
5.0,14.0168,12.938410000970055,0.0772892496006097,2.204688242639103e-05,1.0,13.329296998953774,0.0750227112561518
6.0,14.0168,12.53436417381299,0.0797806722489535,1.4187956814925552e-05,1.5,13.42327849246394,0.0744974486345803
7.5,14.0168,12.324167171125264,0.0811413855487887,9.726992586113769e-06,1.5,13.533157880993889,0.0738925835931028
9.0,14.0168,12.394669794503644,0.0806798419465313,6.104413253325287e-06,1.5,13.701811436111848,0.0729830507931562
10.5,14.0168,12.791655458122667,0.0781759642662203,3.562811895800142e-06,1.5,13.944827357777774,0.0717111782271185
12.0,14.0168,13.524727813529555,0.0739386414120395,2.2623772016082585e-06,1.5,14.183160674841774,0.0705061461916461
13.5,14.0168,14.576031577800224,0.0686057789229156,1.5399141775074517e-06,1.5,14.398744743131962,0.0694504984871676
15.0,14.0168,15.909236662723078,0.0628565669868435,9.586769882768305e-07,1.5,14.69104526097509,0.0680686760019979
16.5,14.0168,17.477459868793556,0.0572165524914478,5.540693697202947e-07,1.5,15.052127771193527,0.0664357900225761
18.0,14.0168,19.22999390104724,0.0520020965760962,3.5169216296961386e-07,1.5,15.36246413692044,0.0650937239681953
19.5,14.0168,21.11756886954712,0.047353935776294,2.385838122570417e-07,nan,15.634322035400306,0.0639618397098212
nan,nan,nan,nan,1.482352385722847e-07,nan,15.98183017893285,0.0625710565563507
nan,nan,nan,nan,8.57398869797533e-08,nan,16.38606504403072,0.0610274643309981
nan,nan,nan,nan,5.4473795270576753e-08,nan,16.72478963169344,0.0597914844982565
Name:	592.0285829646854_8_210_0.025
Lambda:	592.0285829646854	Maximal Depth:	20	Filter time:	8 to 210 [us]
Chi2:	2.109900805756471	RelRMS:	10.438102696751244	AbsRMS:	3.623926432992315e-06	Phi model:	0.0496087724543735
depth_vector,start_model,resistivity_model,conductivity_model,E/I[V/A],modelled_thickness,rhoa,sigma
0.0,14.0168,14.812593252699994,0.0675101235104611,0.0002199599340871,1.0,13.41095956565304,0.0745658798764192
1.0,14.0168,14.643894944854296,0.0682878430749319,0.0001305537032519,1.0,13.34078799724171,0.0749580909468583
2.0,14.0168,14.325192608439574,0.0698070893239409,8.463739016230639e-05,1.0,13.2935359119769,0.0752245306757732
3.0,14.0168,13.897029038875711,0.071957826180156,5.8579253999727605e-05,1.0,13.263456443994494,0.0753951282776508
4.0,14.0168,13.414749361411754,0.0745448142979513,3.725672888719493e-05,1.0,13.275196236724785,0.0753284533175923
5.0,14.0168,12.940221068651017,0.0772784324699521,2.2037717855533825e-05,1.0,13.332992143266486,0.075001919243238
6.0,14.0168,12.53404786724903,0.0797826855770162,1.41814202871936e-05,1.5,13.427402898030415,0.074474565751407
7.5,14.0168,12.322710254757371,0.0811509789101739,9.722108899069547e-06,1.5,13.537689557296256,0.0738678484070453
9.0,14.0168,12.394247672205044,0.0806825897341529,6.101025242554265e-06,1.5,13.70688354420909,0.0729560440762978
10.5,14.0168,12.794843166992916,0.0781564874964405,3.560614344379637e-06,1.5,13.950564443359124,0.0716816874371007
12.0,14.0168,13.533523427586406,0.0738905877209791,2.2608657563433136e-06,1.5,14.189481169002594,0.070474740273417
13.5,14.0168,14.591063769127665,0.0685350990046276,1.5388207679753545e-06,1.5,14.405564623747551,0.0694176192407968
15.0,14.0168,15.929415484359437,0.0627769425050069,9.579484840859004e-07,1.5,14.69849251738924,0.0680341877792526
16.5,14.0168,17.500222617275753,0.0571421302385506,5.536182774610063e-07,1.5,15.06030305111354,0.0663997262608909
18.0,14.0168,19.2520865804067,0.0519424217122378,3.513911449844088e-07,1.5,15.371236351922969,0.0650565756133792
19.5,14.0168,21.136105786262085,0.0473124051380351,2.3837164105840346e-07,nan,15.64359791775568,0.0639239134921121
nan,nan,nan,nan,1.480977523663641e-07,nan,15.99171977922084,0.0625323613598688
nan,nan,nan,nan,8.56569497528933e-08,nan,16.396640528226172,0.0609881029152611
nan,nan,nan,nan,5.4419478124232283e-08,nan,16.735916674459276,0.0597517315275656
Name:	594.0307813148213_8_210_0.025
Lambda:	594.0307813148213	Maximal Depth:	20	Filter time:	8 to 210 [us]
Chi2:	2.115321747107165	RelRMS:	10.449207452562089	AbsRMS:	3.6285259459923343e-06	Phi model:	0.049442274431569
depth_vector,start_model,resistivity_model,conductivity_model,E/I[V/A],modelled_thickness,rhoa,sigma
0.0,14.0168,14.80845480433194,0.0675289902432945,0.0002199790671526,1.0,13.410181926545697,0.0745702038553617
1.0,14.0168,14.64018973619832,0.0683051256861425,0.0001305591768241,1.0,13.340415127874518,0.0749601860522706
2.0,14.0168,14.32231341922171,0.06982112251907,8.463810642291335e-05,1.0,13.293460913059484,0.0752249550767927
3.0,14.0168,13.89528017995466,0.0719668827867609,5.857835128258597e-05,1.0,13.263592707289442,0.0753943537070779
4.0,14.0168,13.414315088687763,0.0745472275989175,3.725527560383496e-05,1.0,13.275541467407782,0.0753264943998749
5.0,14.0168,12.941153774874646,0.0772728627907588,2.203646990598636e-05,1.0,13.33349551319642,0.0749990877493662
6.0,14.0168,12.536272148821878,0.0797685299209125,1.418051926828536e-05,1.5,13.427971669669615,0.0744714112153473
7.5,14.0168,12.325946920584196,0.0811296695047429,9.721487978044588e-06,1.5,13.538265994882456,0.0738647032328959
9.0,14.0168,12.398025746740682,0.0806580031714234,6.100673715628842e-06,1.5,13.707410075384969,0.0729532416773425
10.5,14.0168,12.798576152097406,0.078133691444741,3.560463725213408e-06,1.5,13.950957876674291,0.071679665929748
12.0,14.0168,13.536560986476497,0.0738740069208889,2.2608127801272813e-06,1.5,14.1897028303127,0.0704736393678205
13.5,14.0168,14.592726663856396,0.0685272891787128,1.538814913352353e-06,1.5,14.4056011622967,0.0694174431690686
15.0,14.0168,15.929031691977007,0.0627784550459317,9.579716234595309e-07,1.5,14.698255826119848,0.0680352833581062
16.5,14.0168,17.49714923526657,0.0571521672790239,5.536518436685421e-07,1.5,15.059694338409969,0.0664024101372021
18.0,14.0168,19.245717397429736,0.0519596115514795,3.514239027000748e-07,1.5,15.37028112489952,0.0650606187273973
19.5,14.0168,21.12588003864589,0.0473353061823074,2.384007517771576e-07,nan,15.64232441604524,0.0639291177834313
nan,nan,nan,nan,1.4812121072614872e-07,nan,15.990031299823949,0.0625389645116585
nan,nan,nan,nan,8.56740906908228e-08,nan,16.394453455736937,0.0609962389231138
nan,nan,nan,nan,5.4432212014068505e-08,nan,16.733306435392866,0.0597610522380015
Name:	594.5044232983769_8_210_0.025
Lambda:	594.5044232983769	Maximal Depth:	20	Filter time:	8 to 210 [us]
Chi2:	2.111692255820454	RelRMS:	10.4837078188559	AbsRMS:	3.640771841161052e-06	Phi model:	0.0495487459729382
depth_vector,start_model,resistivity_model,conductivity_model,E/I[V/A],modelled_thickness,rhoa,sigma
0.0,14.0168,14.807566038934322,0.0675330434029905,0.0002200268504143,1.0,13.408240328883876,0.0745810020906182
1.0,14.0168,14.638782609827189,0.0683116913921987,0.0001305937676072,1.0,13.338059345319696,0.074973425601896
2.0,14.0168,14.32008229557093,0.0698320009172915,8.466478504094294e-05,1.0,13.29066817544888,0.0752407619240125
3.0,14.0168,13.892321473749726,0.0719822098768411,5.859961613376954e-05,1.0,13.260383751271153,0.0754125988174466
4.0,14.0168,13.411049982497111,0.0745653771557864,3.727108970420051e-05,1.0,13.271785999100176,0.0753478092600197
5.0,14.0168,12.938047802746246,0.0772914132986692,2.20473708931529e-05,1.0,13.32910012158408,0.075023819378525
6.0,14.0168,12.53350940230975,0.0797861132027167,1.4188310115409931e-05,1.5,13.423055657823458,0.0744986853583642
7.5,14.0168,12.32292678499783,0.0811495529793635,9.72723693659328e-06,1.5,13.5329312426392,0.07389382108506
9.0,14.0168,12.393222133252594,0.0806892662172876,6.104552723939951e-06,1.5,13.701602738611662,0.0729841624426871
10.5,14.0168,12.79022175644916,0.0781847272894838,3.562872912998255e-06,1.5,13.94466814605117,0.0717119969816691
12.0,14.0168,13.523553427916791,0.0739450622449341,2.262399879431755e-06,1.5,14.183065895324772,0.0705066173548297
13.5,14.0168,14.575373820918957,0.0686088749617367,1.539918200668278e-06,1.5,14.398719664531034,0.0694506194507933
15.0,14.0168,15.909352268668716,0.0628561102370812,9.586693521652045e-07,1.5,14.69112327349132,0.0680683145450423
16.5,14.0168,17.478596861458424,0.0572128305221726,5.540572985815458e-07,1.5,15.052346395589112,0.0664348250909929
18.0,14.0168,19.232387919115386,0.0519956234350953,3.516801530184696e-07,1.5,15.36281388918262,0.065092242034132
19.5,14.0168,21.121438771162254,0.0473452595173265,2.385730477891451e-07,nan,15.634792314541595,0.0639599158007312
nan,nan,nan,nan,1.4822650854331526e-07,nan,15.982457689141356,0.0625685998643005
nan,nan,nan,nan,8.573347871431853e-08,nan,16.386881566333034,0.0610244234665433
nan,nan,nan,nan,5.446902238196142e-08,nan,16.72576663218272,0.0597879919044105
Name:	594.7973389496985_8_210_0.025
Lambda:	594.7973389496985	Maximal Depth:	20	Filter time:	8 to 210 [us]
Chi2:	2.1124822476196514	RelRMS:	10.48529662823954	AbsRMS:	3.641440965721132e-06	Phi model:	0.049524482830304
depth_vector,start_model,resistivity_model,conductivity_model,E/I[V/A],modelled_thickness,rhoa,sigma
0.0,14.0168,14.80696059464827,0.0675358047728872,0.0002200296346891,1.0,13.408127215925498,0.0745816312670609
1.0,14.0168,14.638241049947752,0.06831421866793,0.0001305945583305,1.0,13.338005505784682,0.074973728235927
2.0,14.0168,14.319662396610326,0.0698340486181234,8.466488200164991e-05,1.0,13.290658028204843,0.0752408193693528
3.0,14.0168,13.89206765883523,0.0719835250272488,5.859947754686725e-05,1.0,13.260404658337904,0.0754124799178898
4.0,14.0168,13.41098871568875,0.0745657178005195,3.72708718478213e-05,1.0,13.271837716706685,0.0753475156451915
5.0,14.0168,12.938186136665609,0.0772905869058487,2.2047184306424764e-05,1.0,13.32917532482812,0.0750233960939286
6.0,14.0168,12.53383589415797,0.0797840348672588,1.4188175158534258e-05,1.5,13.42314077709879,0.0744982129447751
7.5,14.0168,12.323400574655484,0.0811464330759982,9.727143596546451e-06,1.5,13.533017815667428,0.0738933483736555
9.0,14.0168,12.393775102117637,0.0806856661316322,6.104499446500866e-06,1.5,13.701682459616343,0.0729837377962414
10.5,14.0168,12.790769399601968,0.0781813797715029,3.5628496039259083e-06,1.5,13.94472896570592,0.0717116842112375
12.0,14.0168,13.52400202253396,0.0739426094682461,2.262391215732605e-06,1.5,14.183102104133887,0.0705064373546697
13.5,14.0168,14.575625072331803,0.06860769229707,1.5399166629999533e-06,1.5,14.39872924966075,0.0694505732180193
15.0,14.0168,15.90930810216266,0.062856284734599,9.58672268391673e-07,1.5,14.691093480435738,0.068068452585351
16.5,14.0168,17.478162526304658,0.0572142522702256,5.540619091276276e-07,1.5,15.052262891523588,0.0664351936454107
18.0,14.0168,19.231473385461637,0.0519980960354273,3.5168474032449e-07,1.5,15.362680295893384,0.0650928080738171
19.5,14.0168,21.119960417551216,0.0473485735877125,2.385771594247433e-07,nan,15.634612680823508,0.0639606506675116
nan,nan,nan,nan,1.4822984312150548e-07,nan,15.982217994023127,0.0625695382439389
nan,nan,nan,nan,8.573592646367276e-08,nan,16.386569669315534,0.061025584986987
nan,nan,nan,nan,5.4470845474078245e-08,nan,16.725393432132602,0.0597893259765604
Name:	594.3234635999033_8_210_0.025
Lambda:	594.3234635999033	Maximal Depth:	20	Filter time:	8.0 to 210.0 [us]
Chi2:	2.111204069819495	RelRMS:	10.48272588147485	AbsRMS:	3.6403582729341255e-06	Phi model:	0.04956374575590727
depth_vector,start_model,resistivity_model,conductivity_model,E/I[V/A],modelled_thickness,rhoa,sigma
0.0,14.0168,14.807940262670312,0.06753133671945745,0.00022002512952798672,1.0,13.408310242195075,0.07458061321202618
1.0,14.0168,14.639117347073913,0.06831012938084559,0.00013059327888087884,1.0,13.338092622464293,0.07497323855104883
2.0,14.0168,14.320341838275636,0.06983073527806327,8.466472511207625e-05,1.0,13.290674447203628,0.07524072641854537
3.0,14.0168,13.892478368909263,0.07198139694339598,5.8599701791897625e-05,1.0,13.26037082902193,0.07541267230712573
4.0,14.0168,13.41108786737766,0.07456516651661721,3.727122435770413e-05,1.0,13.271754033536194,0.07534799073830899
5.0,14.0168,12.93796231707887,0.07729192399022072,2.2047486219970723e-05,1.0,13.329053639972338,0.07502408100460427
6.0,14.0168,12.533307617020245,0.07978739775300807,1.4188393530942286e-05,1.5,13.423003047101968,0.0744989773518602
7.5,14.0168,12.322633959115876,0.08115148135681115,9.727294629606747e-06,1.5,13.532877732978262,0.0738941132648454
9.0,14.0168,12.392880367685066,0.08069149143144641,6.104585655024355e-06,1.5,13.7015534631907,0.07298442491842298
10.5,14.0168,12.789883278508308,0.07818679640965658,3.5628873210159664e-06,1.5,13.944630551979673,0.07171219031385764
12.0,14.0168,13.523276166548301,0.07394657830575395,2.2624052352325975e-06,1.5,14.183043511564026,0.07050672862877833
13.5,14.0168,14.575218534052643,0.06860960593240242,1.5399191518479215e-06,1.5,14.398713735314798,0.0694506480497188
15.0,14.0168,15.909379574387964,0.0628560023553571,9.586675502797145e-07,1.5,14.691141682176411,0.06806822925227249
16.5,14.0168,17.478865326571746,0.057211951766673236,5.540544492916396e-07,1.5,15.052398001181242,0.0664345973260556
18.0,14.0168,19.23295320021441,0.05199409521720522,3.5167731799639486e-07,1.5,15.362896453237337,0.06509189221211445
19.5,14.0168,21.12235255866185,0.04734321128400635,2.3857050670888837e-07,nan,15.634903334667511,0.0639594616349616
nan,nan,nan,nan,1.482244476760962e-07,nan,15.98260583225505,0.06256801991461651
nan,nan,nan,nan,8.573196592037881e-08,nan,16.387074336921017,0.06102370560112385
nan,nan,nan,nan,5.446789564606709e-08,nan,16.725997293522184,0.05978716739284003
