Name:	10.0_8_210_0.025
Lambda:	10	Maximal Depth:	20	Filter time:	8 to 210 [us]
Chi2:	3.0258241042907854	RelRMS:	4.4332568635177125	AbsRMS:	2.18361780904609e-07	Phi model:	0.4616541518494712
depth_vector,start_model,resistivity_model,conductivity_model,E/I[V/A],modelled_thickness,rhoa,sigma
0.0,16.2367,16.69083720455804,0.0599131120712694,0.0001581493044376,1.0,16.710035898822376,0.0598442759821045
1.0,16.2367,16.8388638229622,0.059386429542613,9.464939429072776e-05,1.0,16.530870370009893,0.06049288256559
2.0,16.2367,17.13855901323728,0.0583479625811966,6.229039867084565e-05,1.0,16.30802173625621,0.0613195160132014
3.0,16.2367,17.52384616970649,0.0570650980564245,4.383543998826863e-05,1.0,16.09171602949119,0.0621437762241954
4.0,16.2367,17.888728928917285,0.0559011209781088,2.849151904123529e-05,1.0,15.87451117702206,0.0629940656974353
5.0,16.2367,18.09583714410947,0.0552613284500915,1.7274023481785104e-05,1.0,15.683501573223236,0.0637612713800673
6.0,16.2367,18.02142243082749,0.0554895155384292,1.132161910051501e-05,1.5,15.6026899856543,0.0640915124840292
7.5,16.2367,17.34864451967236,0.0576413908801957,7.864222916389687e-06,1.5,15.593645662327662,0.0641286855976134
9.0,16.2367,16.027397733121926,0.0623931605524094,4.998456927184093e-06,1.5,15.654888118254194,0.063877811993684
10.5,16.2367,14.23121581254175,0.0702680651584747,2.946152320732855e-06,1.5,15.82844579014698,0.0631773967740084
12.0,16.2367,12.364720831552612,0.0808752590230888,1.8789429930869563e-06,1.5,16.05242430687424,0.0622958863336152
13.5,16.2367,10.982782452179215,0.0910516077646224,1.2801823689335864e-06,1.5,16.285749481463164,0.0614033760704856
15.0,16.2367,10.669889932358062,0.0937216790744343,7.956023236808031e-07,1.5,16.63553874175384,0.0601122702140136
16.5,16.2367,12.238981447642685,0.0817061455871891,4.572037992766563e-07,1.5,17.109373368103874,0.0584474941592103
18.0,16.2367,17.21346968552843,0.058094040206241,2.881012698376272e-07,1.5,17.54712194268378,0.0569894027787814
19.5,16.2367,28.90193328847353,0.0345997615460144,1.9394629694256174e-07,nan,17.94948701300736,0.0557118985782343
nan,nan,nan,nan,1.191888176205676e-07,nan,18.482915373346305,0.0541040187546425
nan,nan,nan,nan,6.797580505200735e-08,nan,19.12906336473966,0.0522764748557049
nan,nan,nan,nan,4.2655814860017415e-08,nan,19.686428091299813,0.0507964164632759
Name:	12.742749857031335_8_210_0.025
Lambda:	12.742749857031336	Maximal Depth:	20	Filter time:	8 to 210 [us]
Chi2:	3.060999950933463	RelRMS:	4.460478516654852	AbsRMS:	2.542511660840328e-07	Phi model:	0.4038949571976186
depth_vector,start_model,resistivity_model,conductivity_model,E/I[V/A],modelled_thickness,rhoa,sigma
0.0,16.2367,17.139571308638132,0.0583445164405023,0.0001577325084381,1.0,16.739459604861402,0.0597390849887163
1.0,16.2367,17.23877778466606,0.0580087528530881,9.466275479358044e-05,1.0,16.529314911816243,0.0604985751275834
2.0,16.2367,17.43654066156714,0.0573508254538216,6.23769155591636e-05,1.0,16.29293874557262,0.0613762818123732
3.0,16.2367,17.674410018152987,0.0565789748553373,4.391199126912335e-05,1.0,16.073008919741035,0.0622161043394799
4.0,16.2367,17.86138215389269,0.0559867087207504,2.8539462248081828e-05,1.0,15.856727888912868,0.0630647134141216
5.0,16.2367,17.884043439609215,0.0559157666652285,1.7293117934610725e-05,1.0,15.671954666935898,0.0638082499121671
6.0,16.2367,17.64302079484175,0.0566796361931607,1.1326976794404276e-05,1.5,15.597769518362496,0.0641117307716817
7.5,16.2367,16.869640596661068,0.0592780856397098,7.863770206238442e-06,1.5,15.594244131320602,0.0641262244953269
9.0,16.2367,15.55133919083658,0.0643031437825776,4.995270302595923e-06,1.5,15.661545208649516,0.063850660115435
10.5,16.2367,13.875919165514986,0.0720672978900916,2.94281262028803e-06,1.5,15.840418978317604,0.0631296433111271
12.0,16.2367,12.224775697690276,0.0818010918751612,1.876347232039136e-06,1.5,16.067225638431676,0.0622384985748921
13.5,16.2367,11.099451711799205,0.0900945403399481,1.278308504227967e-06,1.5,16.301661050049447,0.0613434420535302
15.0,16.2367,11.039553967868736,0.0905833698454265,7.944796213768271e-07,1.5,16.651207162652952,0.060055705885571
16.5,16.2367,12.794469806731346,0.0781587682104565,4.566809279314383e-07,1.5,17.12243032506896,0.0584029241769434
18.0,16.2367,17.719584170310924,0.0564347329140767,2.878798232838425e-07,1.5,17.556119335264075,0.0569601960947799
19.5,16.2367,28.57657601352322,0.0349936955192522,1.938779262115837e-07,nan,17.953706669687037,0.0556988046200173
nan,nan,nan,nan,1.192201141909205e-07,nan,18.47968058825152,0.0541134894201445
nan,nan,nan,nan,6.804943047609755e-08,nan,19.115263205259,0.052314215570146
nan,nan,nan,nan,4.273378442158703e-08,nan,19.66247500082313,0.0508582973383634
Name:	16.237767391887218_8_210_0.025
Lambda:	16.237767391887218	Maximal Depth:	20	Filter time:	8 to 210 [us]
Chi2:	3.101331571383421	RelRMS:	4.491010966009412	AbsRMS:	3.1341877718382496e-07	Phi model:	0.3522204513812604
depth_vector,start_model,resistivity_model,conductivity_model,E/I[V/A],modelled_thickness,rhoa,sigma
0.0,16.2367,17.647872663065538,0.0566640534580043,0.0001573370875998,1.0,16.767494366826813,0.0596392029794518
1.0,16.2367,17.686692954053914,0.0565396822683458,9.468663759170088e-05,1.0,16.526535337011616,0.0605087502981023
2.0,16.2367,17.76220318192451,0.0562993222044457,6.246742747587472e-05,1.0,16.277196552328157,0.0614356407619202
3.0,16.2367,17.83255598371865,0.0560772107438223,4.3989420584601816e-05,1.0,16.054142452229424,0.0622892193074523
4.0,16.2367,17.82376768162021,0.0561048605358111,2.8586817164362385e-05,1.0,15.839211621812431,0.063134455418405
5.0,16.2367,17.653862606549435,0.0566448273834989,1.731133845491631e-05,1.0,15.660956045664769,0.0638530621683736
6.0,16.2367,17.243691577189885,0.0579922225773748,1.133163193135498e-05,1.5,15.593497422572671,0.0641292952376694
7.5,16.2367,16.378714410734045,0.0610548529587056,7.86281479235664e-06,1.5,15.595507347780975,0.0641210303518779
9.0,16.2367,15.077258262100155,0.0663250560954911,4.991782961879103e-06,1.5,15.668838632967187,0.0638209393449239
10.5,16.2367,13.540958027342644,0.0738500184389276,2.939327638632601e-06,1.5,15.8529371850866,0.0630797932474453
12.0,16.2367,12.125442461122852,0.0824712172942344,1.873683895392451e-06,1.5,16.082447807449455,0.0621795893245054
13.5,16.2367,11.259700288435656,0.088812310663993,1.2764060957916996e-06,1.5,16.31785480897375,0.0612825651230862
15.0,16.2367,11.445145616773765,0.0873732876351019,7.933546584761074e-07,1.5,16.6669441901888,0.0599990009319562
16.5,16.2367,13.36483673893592,0.0748232110525293,4.561683847721975e-07,1.5,17.135253575168207,0.0583592180654486
18.0,16.2367,18.207169671225465,0.0549234185245384,2.8767146198265604e-07,1.5,17.56459561210214,0.0569327083915893
19.5,16.2367,28.24782675871644,0.0354009534447257,1.93822321265162e-07,nan,17.95714028580588,0.0556881543544238
nan,nan,nan,nan,1.192623402834971e-07,nan,18.475318379942607,0.0541262661587273
nan,nan,nan,nan,6.813134483979974e-08,nan,19.09993860386096,0.0523561892391557
nan,nan,nan,nan,4.2818025175523634e-08,nan,19.636677059913158,0.0509251130906169
Name:	20.6913808111479_8_210_0.025
Lambda:	20.6913808111479	Maximal Depth:	20	Filter time:	8 to 210 [us]
Chi2:	3.145157659695641	RelRMS:	4.523713713811999	AbsRMS:	3.759432625457897e-07	Phi model:	0.3082870487284485
depth_vector,start_model,resistivity_model,conductivity_model,E/I[V/A],modelled_thickness,rhoa,sigma
0.0,16.2367,18.17208935942253,0.0550294454435688,0.0001569922401921,1.0,16.792039580702525,0.05955202732783
1.0,16.2367,18.14736886699649,0.0551044069985615,9.472262459282312e-05,1.0,16.522349233191242,0.0605240808002732
2.0,16.2367,18.10002758746572,0.0552485345764058,6.255815777374621e-05,1.0,16.261454484905364,0.0614951141626504
3.0,16.2367,17.9989827706741,0.0555586953296776,4.406387518715312e-05,1.0,16.036052930132666,0.0623594848655645
4.0,16.2367,17.795360795628945,0.0561944212024984,2.863080043132497e-05,1.0,15.822985768175831,0.0631991973355156
5.0,16.2367,17.429910023316967,0.0573726426965052,1.732723318921414e-05,1.0,15.651377104974122,0.0638921414577757
6.0,16.2367,16.85272854295937,0.0593375723967128,1.133484548684826e-05,1.5,15.590549995985862,0.0641414190171272
7.5,16.2367,15.901149801115023,0.0628885340058791,7.860970567445274e-06,1.5,15.59794644427863,0.0641110035588564
9.0,16.2367,14.632256551616134,0.0683421587417116,4.987841308434422e-06,1.5,15.67709243741266,0.0637873383723595
10.5,16.2367,13.248770072688233,0.0754787044015094,2.9356537550488668e-06,1.5,15.866160748285465,0.0630272197455242
12.0,16.2367,12.0599940246678,0.0829187807186783,1.8709404469106016e-06,1.5,16.098165603720062,0.0621188789217644
13.5,16.2367,11.451021858401765,0.0873284508898467,1.274470426453357e-06,1.5,16.33437303253333,0.0612205927958355
15.0,16.2367,11.869494377195144,0.0842495870692941,7.922235587376796e-07,1.5,16.682804606401977,0.0599419596160859
16.5,16.2367,13.93114386044935,0.0717816146338858,4.556603259218826e-07,1.5,17.147988354026506,0.058315878186679
18.0,16.2367,18.66461940286313,0.0535773046540987,2.87469215728257e-07,1.5,17.57283291675624,0.056906021057451
19.5,16.2367,27.92681763037541,0.0358078751841857,1.9377230270962888e-07,nan,17.960230344150133,0.0556785732052547
nan,nan,nan,nan,1.1930880827130033e-07,nan,18.470520932492065,0.0541403246640905
nan,nan,nan,nan,6.821599291312509e-08,nan,19.084134806833468,0.0523995460167221
nan,nan,nan,nan,4.2904055160949044e-08,nan,19.610418343667423,0.0509933027677055
Name:	26.366508987303583_8_210_0.025
Lambda:	26.366508987303583	Maximal Depth:	20	Filter time:	8 to 210 [us]
Chi2:	3.1914682807230577	RelRMS:	4.557690925097214	AbsRMS:	4.296744233749555e-07	Phi model:	0.2719035678427058
depth_vector,start_model,resistivity_model,conductivity_model,E/I[V/A],modelled_thickness,rhoa,sigma
0.0,16.2367,18.69219541522221,0.0534982637291304,0.0001567176968837,1.0,16.81164509731283,0.0594825785466908
1.0,16.2367,18.60541544929191,0.0537477920192348,9.477487440761254e-05,1.0,16.516276111422485,0.060546335823752
2.0,16.2367,18.435734671691808,0.0542424816698792,6.264945222017205e-05,1.0,16.24565289656408,0.0615549283471086
3.0,16.2367,18.16715839804114,0.0550443816303062,4.413493978360744e-05,1.0,16.01883449838755,0.0624265142448821
4.0,16.2367,17.77149951447384,0.0562698718352696,2.867091687524641e-05,1.0,15.808222607235477,0.0632582185135915
5.0,16.2367,17.2177623883586,0.058079556300308,1.7340547753179765e-05,1.0,15.643364365438057,0.0639248678634225
6.0,16.2367,16.48250932385408,0.0606703736883536,1.133652427475237e-05,1.5,15.58901078977979,0.0641477521239258
7.5,16.2367,15.458079806770206,0.0646910879294353,7.858225010296575e-06,1.5,15.601579373254104,0.0640960748957446
9.0,16.2367,14.230137103875364,0.0702733917951967,4.983482573254766e-06,1.5,15.686232275695408,0.0637501716425187
10.5,16.2367,12.995861202598574,0.076947574647846,2.93184283886902e-06,1.5,15.879906714122118,0.0629726621196516
12.0,16.2367,12.028799611343922,0.0831338148701834,1.8681646459995217e-06,1.5,16.114107897403727,0.0620574223758994
13.5,16.2367,11.664970865478915,0.0857267464730135,1.272541588674717e-06,1.5,16.350874602939367,0.0611588079710569
15.0,16.2367,12.300976551683735,0.0812943586875728,7.911161635812435e-07,1.5,16.698369239841465,0.0598860874158927
16.5,16.2367,14.482420496872958,0.0690492311154699,4.551764302417868e-07,1.5,17.16013949279176,0.0582745845638409
18.0,16.2367,19.08713807895972,0.0523913011926249,2.8728642259376826e-07,1.5,17.580286227957778,0.056881895267991
19.5,16.2367,27.61356728506788,0.0362140823630836,1.937372110075622e-07,nan,17.962399041373704,0.0556718508310971
nan,nan,nan,nan,1.1936540657560804e-07,nan,18.464681815859297,0.0541574455478079
nan,nan,nan,nan,6.83067416974781e-08,nan,19.06722826930704,0.0524460076669729
nan,nan,nan,nan,4.299395399969627e-08,nan,19.583072346954538,0.0510645103221259
Name:	33.59818286283781_8_210_0.025
Lambda:	33.59818286283781	Maximal Depth:	20	Filter time:	8 to 210 [us]
Chi2:	3.2383227093078166	RelRMS:	4.591635012222664	AbsRMS:	4.65842109643539e-07	Phi model:	0.243056736677258
depth_vector,start_model,resistivity_model,conductivity_model,E/I[V/A],modelled_thickness,rhoa,sigma
0.0,16.2367,19.170411365882327,0.0521637215245002,0.0001565376270906,1.0,16.824535243556923,0.0594370058681387
1.0,16.2367,19.026025998831905,0.0525595833865356,9.484530621947968e-05,1.0,16.50809847762205,0.0605763287246907
2.0,16.2367,18.74458041521868,0.0533487534982699,6.273861071634588e-05,1.0,16.23025800393469,0.061613315066068
3.0,16.2367,18.32307922539292,0.0545759797083754,4.419961210347399e-05,1.0,16.00320497976595,0.0624874830550739
4.0,16.2367,17.753874246193305,0.0563257340979766,2.870484826164356e-05,1.0,15.79576244401315,0.0633081184617977
5.0,16.2367,17.03013015113785,0.0587194572868949,1.7349965104770843e-05,1.0,15.637703167013308,0.0639480100958453
6.0,16.2367,16.154600985678638,0.061901869373717,1.133593410643155e-05,1.5,15.589551845647344,0.0641455257919555
7.5,16.2367,15.070287485144783,0.0663557348183124,7.854155977174976e-06,1.5,15.606967422006454,0.0640739467803309
9.0,16.2367,13.888091138984011,0.0720041357730573,4.9785092783887126e-06,1.5,15.69667707237666,0.0637077513532989
10.5,16.2367,12.79187591623752,0.0781746169637745,2.9278199899106893e-06,1.5,15.894449467469142,0.062915044780046
12.0,16.2367,12.029112850284108,0.0831316500598281,1.8653254459206863e-06,1.5,16.130455206696567,0.0619945306679782
13.5,16.2367,11.888711097348224,0.0841134074006601,1.2706049031047622e-06,1.5,16.367485307440244,0.0610967403493208
15.0,16.2367,12.718281971503927,0.0786269719637101,7.900256496920481e-07,1.5,16.713732130766523,0.0598310414559778
16.5,16.2367,14.99513643942231,0.0666882895023878,4.547121505577094e-07,1.5,17.171818308291115,0.0582349511301996
18.0,16.2367,19.4597676024649,0.0513880751522096,2.871188387162939e-07,1.5,17.587126336441163,0.0568597723624674
19.5,16.2367,27.31467243356691,0.0366103603267489,1.9371293463172867e-07,nan,17.963899725339754,0.0556672000673332
nan,nan,nan,nan,1.194283465947721e-07,nan,18.45819385570846,0.0541764816112133
nan,nan,nan,nan,6.84003975038903e-08,nan,19.049819360672277,0.0524939360876285
nan,nan,nan,nan,4.3085101234781017e-08,nan,19.555443726911083,0.0511366560618543
Name:	42.81332398719393_8_210_0.025
Lambda:	42.81332398719393	Maximal Depth:	20	Filter time:	8 to 210 [us]
Chi2:	3.2857061681734705	RelRMS:	4.625415778701985	AbsRMS:	4.79712362841066e-07	Phi model:	0.2201922490330503
depth_vector,start_model,resistivity_model,conductivity_model,E/I[V/A],modelled_thickness,rhoa,sigma
0.0,16.2367,19.591691144121853,0.0510420459695758,0.0001564664167691,1.0,16.82963959641997,0.0594189788955862
1.0,16.2367,19.39535159502581,0.0515587456664855,9.493941677771804e-05,1.0,16.497187356968784,0.0606163934713136
2.0,16.2367,19.01396848456636,0.0525929135104909,6.282794258498213e-05,1.0,16.214869701442126,0.0616717875883431
3.0,16.2367,18.45614709410684,0.0541824897093124,4.425891032338703e-05,1.0,15.988907691511626,0.0625433593897656
4.0,16.2367,17.73450477503759,0.0563872525725985,2.8732841438140395e-05,1.0,15.785501354300028,0.0633492707995363
5.0,16.2367,16.864023769565737,0.0592978291340341,1.7355423398299384e-05,1.0,15.634424282301657,0.0639614214085267
6.0,16.2367,15.871886186302518,0.063004484045696,1.1332958202017798e-05,1.5,15.59228081750548,0.0641342989973152
7.5,16.2367,14.742522697333646,0.0678309961280142,7.848657165605421e-06,1.5,15.61425612149294,0.0640440372067104
9.0,16.2367,13.604658839355272,0.0735042320287533,4.972850699202635e-06,1.5,15.708582256379104,0.0636594686699947
10.5,16.2367,12.637186878814736,0.079131535332157,2.9235527339185304e-06,1.5,15.90991220561037,0.0628538980653436
12.0,16.2367,12.05782312589238,0.0829337094730348,1.8624122774863844e-06,1.5,16.147271565996608,0.0619299672958884
13.5,16.2367,12.116053154693374,0.0825351281669337,1.2686611713375364e-06,1.5,16.38419892838969,0.0610344151929974
15.0,16.2367,13.11367873925673,0.0762562527177388,7.889599745176965e-07,1.5,16.728779283673695,0.0597772248077862
16.5,16.2367,15.462100622818925,0.0646742654438687,4.542778926936258e-07,1.5,17.182759936318327,0.0581978683113852
18.0,16.2367,19.77972418077812,0.0505568222721627,2.869764118883865e-07,1.5,17.592944866843418,0.056840967079062
19.5,16.2367,27.02443100662645,0.037003554293328,1.9370824109526106e-07,nan,17.96418990014939,0.055666300877374
nan,nan,nan,nan,1.1950465058295416e-07,nan,18.45033595381725,0.0541995550922804
nan,nan,nan,nan,6.850206541190738e-08,nan,19.030966063696276,0.0525459399513939
nan,nan,nan,nan,4.318127464522378e-08,nan,19.52639699242069,0.0512127250300276
Name:	54.5559478116852_8_210_0.025
Lambda:	54.5559478116852	Maximal Depth:	20	Filter time:	8 to 210 [us]
Chi2:	3.333833414290897	RelRMS:	4.659276180560176	AbsRMS:	4.6858113890349683e-07	Phi model:	0.2020096929140968
depth_vector,start_model,resistivity_model,conductivity_model,E/I[V/A],modelled_thickness,rhoa,sigma
0.0,16.2367,19.932566098528756,0.0501691550930721,0.0001565155733873,1.0,16.826115638348277,0.0594314232407215
1.0,16.2367,19.69268814747789,0.0507802689257572,9.505943179249472e-05,1.0,16.483299013674905,0.0606674670628967
2.0,16.2367,19.22737767114587,0.0520091723948752,6.291713610866902e-05,1.0,16.19954156900751,0.0617301419142113
3.0,16.2367,18.556876056712248,0.0538883806166441,4.431189197166429e-05,1.0,15.976160359727432,0.0625932625539232
4.0,16.2367,17.710388154827154,0.0564640363191271,2.8753841117285584e-05,1.0,15.77781470993856,0.0633801333317783
5.0,16.2367,16.72258396768352,0.0597993708348246,1.7356092699986696e-05,1.0,15.634022340305876,0.0639630658210019
6.0,16.2367,15.639506988860408,0.0639406344913732,1.1326993453168023e-05,1.5,15.597754225123849,0.0641117936317566
7.5,16.2367,14.478999630720336,0.0690655449619795,7.841292126596118e-06,1.5,15.624031858161782,0.0640039657546917
9.0,16.2367,13.385345389251851,0.0747085690297524,4.966228615216043e-06,1.5,15.722543279234165,0.0636029414732645
10.5,16.2367,12.531821580027607,0.0797968590291561,2.918883617630404e-06,1.5,15.926874270399049,0.0627869588861232
12.0,16.2367,12.11178890127623,0.0825641866904259,1.8593308920388208e-06,1.5,16.165106739890824,0.0618616391522048
13.5,16.2367,12.34013964640488,0.0810363600942988,1.2666506496718304e-06,1.5,16.401531820574633,0.0609699149408451
15.0,16.2367,13.476940651220492,0.0742008164819987,7.878858311357806e-07,1.5,16.74398032453994,0.05972295598881
16.5,16.2367,15.873309317054236,0.0629988353421427,4.538572406954302e-07,1.5,17.193375383333752,0.0581619360773883
18.0,16.2367,20.04071999910089,0.0498984068459049,2.8685025566088944e-07,1.5,17.598102719200728,0.0568243074811088
19.5,16.2367,26.741821634400527,0.0373946103474718,1.937179825267117e-07,nan,17.963587655625684,0.0556681671373607
nan,nan,nan,nan,1.195917756624135e-07,nan,18.441373898126304,0.0542258947475493
nan,nan,nan,nan,6.861068691254117e-08,nan,19.010874753215933,0.0526014722089964
nan,nan,nan,nan,4.328200324543548e-08,nan,19.496089856560022,0.0512923364304007
Name:	69.51927961775606_8_210_0.025
Lambda:	69.51927961775606	Maximal Depth:	20	Filter time:	8 to 210 [us]
Chi2:	3.385028466802704	RelRMS:	4.6946964463846985	AbsRMS:	4.315866650946413e-07	Phi model:	0.1868647941830988
depth_vector,start_model,resistivity_model,conductivity_model,E/I[V/A],modelled_thickness,rhoa,sigma
0.0,16.2367,20.184715936544183,0.0495424361256187,0.0001566954622664,1.0,16.81323540779959,0.0594769522786854
1.0,16.2367,19.910238877203973,0.0502254144798302,9.521141860462014e-05,1.0,16.46575272140419,0.0607321157386311
2.0,16.2367,19.378708687779117,0.0516030255736614,6.300954311344955e-05,1.0,16.183699341797503,0.0617905695650998
3.0,16.2367,18.62020689323184,0.0537050960676212,4.436031733531582e-05,1.0,15.964531464839157,0.0626388567808854
4.0,16.2367,17.677621808959326,0.0565686952015899,2.876844781188835e-05,1.0,15.772473644869583,0.0634015958761976
5.0,16.2367,16.601484433656317,0.0602355773663644,1.7351960235541024e-05,1.0,15.636504460536612,0.0639529123995582
6.0,16.2367,15.452313509982384,0.0647152285225113,1.1317858882011988e-05,1.5,15.606145661382865,0.0640773206721043
7.5,16.2367,14.27502760007533,0.0700524039613571,7.831858985818917e-06,1.5,15.636574995271252,0.0639526239155579
9.0,16.2367,13.226203891644008,0.0756074840666697,4.958478044507504e-06,1.5,15.738922896559512,0.0635367494060598
10.5,16.2367,12.473405769150512,0.0801705659630845,2.9137088399334194e-06,1.5,15.945726224303158,0.0627127285351157
12.0,16.2367,12.189586706378044,0.0820372358873137,1.8560208163374569e-06,1.5,16.184320545627134,0.0617881978536436
13.5,16.2367,12.560424775930583,0.0796151418315318,1.2645395942978684e-06,1.5,16.419780841976557,0.0609021526915595
15.0,16.2367,13.80804630107042,0.0724215416284111,7.86790789015827e-07,1.5,16.759512715491596,0.0596676059128887
16.5,16.2367,16.229216389139737,0.0616172694985556,4.53450749907386e-07,1.5,17.203649053160024,0.0581272029503715
18.0,16.2367,20.24442886204424,0.0493963058584909,2.867456196193404e-07,1.5,17.602383595604035,0.0568104878847053
19.5,16.2367,26.4581757640797,0.0377955006768692,1.937488574531421e-07,nan,17.96167920848771,0.0556740819381438
nan,nan,nan,nan,1.196964500619705e-07,nan,18.4306210245319,0.0542575314564256
nan,nan,nan,nan,6.873193573388954e-08,nan,18.988510337225357,0.0526634255263081
nan,nan,nan,nan,4.339183978849383e-08,nan,19.4631760253714,0.0513790759892651
Name:	88.58667904100822_8_210_0.025
Lambda:	88.58667904100822	Maximal Depth:	20	Filter time:	8 to 210 [us]
Chi2:	3.442675747599799	RelRMS:	4.733991535206285	AbsRMS:	3.72480317335685e-07	Phi model:	0.1735111221179838
depth_vector,start_model,resistivity_model,conductivity_model,E/I[V/A],modelled_thickness,rhoa,sigma
0.0,16.2367,20.34385429699728,0.0491548939252675,0.0001570092172224,1.0,16.79082910355988,0.0595563205266609
1.0,16.2367,20.04423859407871,0.0498896476065402,9.539744267418086e-05,1.0,16.444340388704568,0.0608111956066592
2.0,16.2367,19.4649190748447,0.0513744750828345,6.310604965803207e-05,1.0,16.167195575411156,0.0618536464988961
3.0,16.2367,18.64348249491145,0.0536380475199813,4.440430574081589e-05,1.0,15.953986387146184,0.0626802590734113
4.0,16.2367,17.633315055973636,0.0567108338293558,2.8776266524438577e-05,1.0,15.76961652132742,0.0634130829147026
5.0,16.2367,16.49698465974777,0.0606171382604225,1.7342447996895892e-05,1.0,15.642221629890171,0.0639295378662283
6.0,16.2367,15.306153078469109,0.0653332025933206,1.1305015174941764e-05,1.5,15.617963592081608,0.0640288341117023
7.5,16.2367,14.126567928589226,0.0707886023735608,7.81990871021596e-06,1.5,15.652501338040612,0.0638875524367264
9.0,16.2367,13.123894450131193,0.076196894435554,4.949273560354211e-06,1.5,15.758430648299347,0.0634580956897456
10.5,16.2367,12.460164033904332,0.0802557652755599,2.907824143701753e-06,1.5,15.967232369762772,0.0626282612316524
12.0,16.2367,12.291217925075156,0.0813589024371549,1.8523525762675063e-06,1.5,16.20568019266085,0.0617067588716748
13.5,16.2367,12.77748816002441,0.0782626434457278,1.2622436335524592e-06,1.5,16.439686007486358,0.0608284123884493
15.0,16.2367,14.108237994948963,0.0708805734889091,7.856276699749344e-07,1.5,16.7760502368476,0.0596087866858886
16.5,16.2367,16.532171803780944,0.0604881204882771,4.530364771624943e-07,1.5,17.214135209747322,0.0580917942037402
18.0,16.2367,20.392801904512066,0.0490369104099786,2.8665211510741964e-07,1.5,17.606211261572888,0.0567981370405675
19.5,16.2367,26.16811294053104,0.038214448335368,1.9379614701781305e-07,nan,17.958757118955226,0.0556831407305193
nan,nan,nan,nan,1.1981768566883118e-07,nan,18.418186441124057,0.0542941620879243
nan,nan,nan,nan,6.88666159523983e-08,nan,18.96374544957957,0.0527321990615609
nan,nan,nan,nan,4.35120377805911e-08,nan,19.42731601665145,0.0514739143144058
Name:	112.88378916846884_8_210_0.025
Lambda:	112.88378916846884	Maximal Depth:	20	Filter time:	8 to 210 [us]
Chi2:	3.5123729139887714	RelRMS:	4.780664575221811	AbsRMS:	3.029167069321948e-07	Phi model:	0.1608574402764252
depth_vector,start_model,resistivity_model,conductivity_model,E/I[V/A],modelled_thickness,rhoa,sigma
0.0,16.2367,20.410804418089462,0.0489936594127437,0.0001574681986682,1.0,16.758185781327366,0.0596723304687455
1.0,16.2367,20.09548536660864,0.0497624208500897,9.562468746525222e-05,1.0,16.418277577010542,0.0609077289203732
2.0,16.2367,19.48595791216445,0.0513190064613519,6.321072885179547e-05,1.0,16.14934168175621,0.0619220287554936
3.0,16.2367,18.625506133676414,0.0536898161490451,4.4446019777081605e-05,1.0,15.944002601372922,0.0627195080809815
4.0,16.2367,17.573783934524016,0.0569029415478064,2.8778061280394622e-05,1.0,15.768960861978846,0.0634157195742136
5.0,16.2367,16.40399108185838,0.0609607744243367,1.7327568604267056e-05,1.0,15.651175125322055,0.0638929659909113
6.0,16.2367,15.195043402687578,0.0658109340986237,1.1288262336744183e-05,1.5,15.63341211930482,0.0639655624996386
7.5,16.2367,14.02793432453827,0.0712863331738555,7.805209043024995e-06,1.5,15.67214756819116,0.0638074645257706
9.0,16.2367,13.07421207120411,0.0764864448085935,4.938420414257081e-06,1.5,15.781510358283091,0.063365291236218
10.5,16.2367,12.490477025908364,0.0800609935013491,2.901103987173725e-06,1.5,15.991880668669252,0.0625317322407967
12.0,16.2367,12.417601733564778,0.0805308481827855,1.8482512576066453e-06,1.5,16.229645224970337,0.0616156413857671
13.5,16.2367,12.995454918275774,0.0769499803037814,1.2597197016592466e-06,1.5,16.461637348223924,0.0607472986341721
15.0,16.2367,14.383894630333897,0.0695222000508207,7.843792993722893e-07,1.5,16.79384534922963,0.0595456239595461
16.5,16.2367,16.789471166709426,0.0595611374575528,4.526134601275075e-07,1.5,17.224859207541662,0.0580556269256566
18.0,16.2367,20.49024616339309,0.0488037084584446,2.865749112716321e-07,1.5,17.609373217872147,0.05678793831146
19.5,16.2367,25.86217229836508,0.038666512173195,1.9386710584876837e-07,nan,17.95437470054298,0.0556967322270353
nan,nan,nan,nan,1.1996308742906385e-07,nan,18.403300873318905,0.0543380780917297
nan,nan,nan,nan,6.902130082158115e-08,nan,18.935401530372665,0.0528111325442972
nan,nan,nan,nan,4.364794150747617e-08,nan,19.38696868931172,0.0515810396161269
Name:	143.8449888287663_8_210_0.025
Lambda:	143.8449888287663	Maximal Depth:	20	Filter time:	8 to 210 [us]
Chi2:	3.6009137207421733	RelRMS:	4.839018070831911	AbsRMS:	2.639914412562079e-07	Phi model:	0.1482514238805021
depth_vector,start_model,resistivity_model,conductivity_model,E/I[V/A],modelled_thickness,rhoa,sigma
0.0,16.2367,20.3917958049596,0.0490393298150222,0.0001580725115719,1.0,16.715447371712447,0.0598249019462261
1.0,16.2367,20.06866771511362,0.0498289181023663,9.58943093773953e-05,1.0,16.387488093420323,0.0610221648552413
2.0,16.2367,19.4446456044174,0.0514280393864736,6.332417046919627e-05,1.0,16.13004883931189,0.0619960925079666
3.0,16.2367,18.566348402001008,0.0538608873617939,4.44854778208053e-05,1.0,15.93457312426853,0.062756623111352
4.0,16.2367,17.49853956470914,0.0571476263091571,2.877343711521962e-05,1.0,15.770650298116331,0.0634089261442466
5.0,16.2367,16.31985468892187,0.0612750553887476,1.7306770125501497e-05,1.0,15.663711855809868,0.0638418281187346
6.0,16.2367,15.113993946426532,0.0661638481227812,1.1267085287658205e-05,1.5,15.6529951734628,0.0638855368520999
7.5,16.2367,13.97408239193881,0.0715610493735794,7.787329145714702e-06,1.5,15.696127485873571,0.0637099820258209
9.0,16.2367,13.073448097661544,0.0764909144496371,4.925603423755228e-06,1.5,15.808875377344016,0.0632556064951412
10.5,16.2367,12.562920183338472,0.0795993276568171,2.8933479907298588e-06,1.5,16.020446796096145,0.0624202316407105
12.0,16.2367,12.570856023061102,0.0795490774984225,1.843588262549099e-06,1.5,16.257000171982174,0.0615119634262803
13.5,16.2367,13.218849724921856,0.0756495474878326,1.2568829827086897e-06,1.5,16.48639674184586,0.0606560678878844
15.0,16.2367,14.64131987961455,0.0682998533070999,7.829974102579374e-07,1.5,16.81359885103146,0.0594756666231901
16.5,16.2367,17.007910955263743,0.0587961685965031,4.521586194550216e-07,1.5,17.236408625952023,0.058016726204457
18.0,16.2367,20.541549033579432,0.0486818203615166,2.865026723624104e-07,1.5,17.61233311687675,0.0567783946263067
19.5,16.2367,25.536047515112767,0.039160328136458,1.9395626948053438e-07,nan,17.948871742100224,0.055713808331163
nan,nan,nan,nan,1.2013114993575744e-07,nan,18.386132822763187,0.0543888162692884
nan,nan,nan,nan,6.919648129831341e-08,nan,18.90342963619747,0.0529004534756559
nan,nan,nan,nan,4.38006099120557e-08,nan,19.341893218840376,0.0517012470643736
Name:	183.29807108324357_8_210_0.025
Lambda:	183.2980710832436	Maximal Depth:	20	Filter time:	8 to 210 [us]
Chi2:	3.71711739776088	RelRMS:	4.914218553540114	AbsRMS:	3.241807727759548e-07	Phi model:	0.1352617783695096
depth_vector,start_model,resistivity_model,conductivity_model,E/I[V/A],modelled_thickness,rhoa,sigma
0.0,16.2367,20.29193321875013,0.0492806668157167,0.0001588278590427,1.0,16.662408818450512,0.0600153321705014
1.0,16.2367,19.968331937050344,0.0500792957144579,9.62101153486606e-05,1.0,16.351607583474653,0.0611560664537121
2.0,16.2367,19.344147922424355,0.0516952209014473,6.344848676547905e-05,1.0,16.1089725991502,0.0620772053490706
3.0,16.2367,18.467683875902026,0.0541486418502578,4.452371538766482e-05,1.0,15.925448600470736,0.0627925796683957
4.0,16.2367,17.407174575462875,0.0574475768979532,2.8762657018352403e-05,1.0,15.774590558103984,0.0633930875300128
5.0,16.2367,16.242405398005154,0.0615672356092538,1.7279925163717745e-05,1.0,15.6799304039242,0.0637757932745499
6.0,16.2367,15.05944109574837,0.0664035267738006,1.1241269598526808e-05,1.5,15.676950851200978,0.0637879144670146
7.5,16.2367,13.960944721817755,0.0716283904797094,7.766062470424777e-06,1.5,15.724769394945096,0.0635939373661951
9.0,16.2367,13.118973204387917,0.0762254777428411,4.910663098003307e-06,1.5,15.840924021951452,0.063127630598711
10.5,16.2367,12.67714370184255,0.0788821223076185,2.88445680007174e-06,1.5,16.05335137838216,0.0622922887831773
12.0,16.2367,12.753201347357605,0.0784116844675391,1.838304449098206e-06,1.5,16.288136784128984,0.0613943763644219
13.5,16.2367,13.452229950554097,0.0743371176136347,1.2536988740884636e-06,1.5,16.514299392394115,0.0605535830639332
15.0,16.2367,14.88705892431018,0.0671724351387516,7.814671538519585e-07,1.5,16.835541106241173,0.0593981502399875
16.5,16.2367,17.194922558153507,0.0581567027486156,4.516695416591189e-07,1.5,17.24884902516603,0.0579748827612209
18.0,16.2367,20.551968257740867,0.04865714015607,2.8643784345773097e-07,1.5,17.614990459415917,0.056769829214722
19.5,16.2367,25.184576083123808,0.0397068426603416,1.9406788535621242e-07,nan,17.941989026398183,0.055735180671925
nan,nan,nan,nan,1.2032666482244373e-07,nan,18.366210738789466,0.0544478125739893
nan,nan,nan,nan,6.939645449532655e-08,nan,18.867097356564454,0.0530023236272785
nan,nan,nan,nan,4.39736015627214e-08,nan,19.291132707900967,0.0518372878949941
Name:	233.57214690901213_8_210_0.025
Lambda:	233.57214690901213	Maximal Depth:	20	Filter time:	8 to 210 [us]
Chi2:	3.8710929455243295	RelRMS:	5.011866391584848	AbsRMS:	4.89058571289595e-07	Phi model:	0.1217385210037945
depth_vector,start_model,resistivity_model,conductivity_model,E/I[V/A],modelled_thickness,rhoa,sigma
0.0,16.2367,20.11604586046303,0.0497115589682286,0.0001597341255827,1.0,16.599325246486057,0.0602434126177322
1.0,16.2367,19.799648553300585,0.0505059469771902,9.657251224224584e-05,1.0,16.310674720252564,0.0613095421955981
2.0,16.2367,19.18937846315433,0.0521121620442322,6.358381905464219e-05,1.0,16.086106842348066,0.062165445610955
3.0,16.2367,18.333515987537147,0.0545449111168738,4.456061118720621e-05,1.0,15.916656631377329,0.0628272647428134
4.0,16.2367,17.30011841051595,0.0578030725727371,2.874542496995282e-05,1.0,15.780894201358848,0.063367765301531
5.0,16.2367,16.170410377555033,0.0618413495175129,1.724669416509434e-05,1.0,15.700065376026414,0.0636940022891225
6.0,16.2367,15.030183470710044,0.0665327873042097,1.1210517144312788e-05,1.5,15.70560754674166,0.0636715260472342
7.5,16.2367,13.986911173447492,0.0714954136477525,7.74116747143793e-06,1.5,15.758464449947631,0.0634579595731691
9.0,16.2367,13.208886469564831,0.0757066087519294,4.893427726787045e-06,1.5,15.878098261856366,0.0629798344555078
10.5,16.2367,12.832993733995464,0.0779241399729614,2.8743240965134387e-06,1.5,16.091057269782137,0.0621463203588199
12.0,16.2367,12.965999866054528,0.0771247887035721,1.8323329955635068e-06,1.5,16.323505573229774,0.061261350726034
13.5,16.2367,13.699592845414331,0.0729948700873055,1.2501241427747046e-06,1.5,16.545766178836708,0.060438422082809
15.0,16.2367,15.12667883500177,0.0661083646256897,7.797646594965814e-07,1.5,16.860037380835713,0.059311849518001
16.5,16.2367,17.356932291191903,0.0576138676595211,4.5113544755036194e-07,1.5,17.262460150736725,0.0579291706551642
18.0,16.2367,20.526585201561375,0.0487173092933126,2.8637561715252425e-07,1.5,17.617542064173335,0.0567616070594534
19.5,16.2367,24.806393788010165,0.0403121875975111,1.94200057270376e-07,nan,17.933847263909133,0.0557604838094302
nan,nan,nan,nan,1.205496206211385e-07,nan,18.34355828836435,0.0545150501489298
nan,nan,nan,nan,6.962206626584632e-08,nan,18.826315827185,0.0531171371594653
nan,nan,nan,nan,4.4167929912395697e-08,nan,19.234506880664288,0.0519898953585995
Name:	297.63514416313194_8_210_0.025
Lambda:	297.63514416313194	Maximal Depth:	20	Filter time:	8 to 210 [us]
Chi2:	4.074366630313816	RelRMS:	5.137650412760121	AbsRMS:	7.214354682757508e-07	Phi model:	0.1077063948166468
depth_vector,start_model,resistivity_model,conductivity_model,E/I[V/A],modelled_thickness,rhoa,sigma
0.0,16.2367,19.874089528111533,0.0503167704153449,0.0001607886386551,1.0,16.52666922301145,0.0605082601040757
1.0,16.2367,19.57086019945021,0.0510963743958526,9.698131999266004e-05,1.0,16.26480593080917,0.0614824427819195
2.0,16.2367,18.98610564942921,0.0526700956196387,6.373041248843957e-05,1.0,16.06142974288026,0.0622609578355427
3.0,16.2367,18.166826809046427,0.0550453863248168,4.459638431180349e-05,1.0,15.908143763505857,0.062860885271483
4.0,16.2367,17.179721593712827,0.058208160973107,2.872186058293185e-05,1.0,15.78952447485686,0.0633331296070628
5.0,16.2367,16.104190374187386,0.0620956395052837,1.7207102681054123e-05,1.0,15.724138797944963,0.063596487721839
6.0,16.2367,15.023920975720392,0.0665605204936889,1.1174818769408726e-05,1.5,15.739037862418607,0.0635362853016436
7.5,16.2367,14.04906137652416,0.0711791324131439,7.712626642133945e-06,1.5,15.797316990361374,0.0633018885808358
9.0,16.2367,13.341407686591484,0.0749546092504938,4.873881464274902e-06,1.5,15.920521725855735,0.062812011893803
10.5,16.2367,13.029746049083192,0.0767474666223723,2.862941211414092e-06,1.5,16.133680451680565,0.0619821374915005
12.0,16.2367,13.211088216101556,0.0756939915654494,1.8256708516581312e-06,1.5,16.363192723325824,0.0611127679608939
13.5,16.2367,13.964605054758582,0.0716096156016413,1.246159153288541e-06,1.5,16.580844121345553,0.0603105603479281
15.0,16.2367,15.365972777995673,0.0650788605738008,7.77892814505715e-07,1.5,16.887073439058536,0.0592168917609533
16.5,16.2367,17.500492102663223,0.057141250322202,4.505603999544769e-07,1.5,17.277145012572625,0.0578799332454695
18.0,16.2367,20.47048246606318,0.0488508271193823,2.8632013175853625e-07,1.5,17.619818035682176,0.0567542750994864
19.5,16.2367,24.400837800580167,0.040982199388917,1.943566315873484e-07,nan,17.924214260847602,0.0557904511431962
nan,nan,nan,nan,1.2080329739744093e-07,nan,18.31786933805349,0.054591501967022
nan,nan,nan,nan,6.987587128477194e-08,nan,18.78070055132539,0.053246150071299
nan,nan,nan,nan,4.438559064992573e-08,nan,19.171573150457547,0.0521605604376881
Name:	379.26901907322497_8_210_0.025
Lambda:	379.26901907322497	Maximal Depth:	20	Filter time:	8 to 210 [us]
Chi2:	4.337194972155659	RelRMS:	5.295664019990599	AbsRMS:	9.9854277604161e-07	Phi model:	0.0934464062564162
depth_vector,start_model,resistivity_model,conductivity_model,E/I[V/A],modelled_thickness,rhoa,sigma
0.0,16.2367,19.575779712299173,0.0510835335652921,0.0001619752390966,1.0,16.445856150277436,0.0608055908346936
1.0,16.2367,19.291285208277728,0.0518368781137976,9.74299085765524e-05,1.0,16.214843061827274,0.0616718889098707
2.0,16.2367,18.742337303692985,0.0533551383584885,6.388536966409491e-05,1.0,16.035447362030343,0.0623618398304158
3.0,16.2367,17.97378790016841,0.0556365750811285,4.4629723585944765e-05,1.0,15.900220314324296,0.0628922103110177
4.0,16.2367,17.049811221948943,0.0586516757858678,2.869158733098957e-05,1.0,15.8006291522874,0.0632886191025648
5.0,16.2367,16.04562809064542,0.0623222721074408,1.7161162050428253e-05,1.0,15.752188760657356,0.0634832412939082
6.0,16.2367,15.040821285770509,0.0664857311313218,1.113427050762081e-05,1.5,15.777226497965046,0.0633824962916632
7.5,16.2367,14.146050902884063,0.0706911071411543,7.680540220687074e-06,1.5,15.841283263952196,0.0631261990166895
9.0,16.2367,13.51439184498252,0.073995190569472,4.8521003841629e-06,1.5,15.968130968459992,0.0626247368571302
10.5,16.2367,13.26560764757686,0.0753829019044343,2.850351826625933e-06,1.5,16.18115152393282,0.06180029885518
12.0,16.2367,13.487493117711445,0.0741427625780824,1.8183407885600647e-06,1.5,16.407138571994242,0.0609490799149417
13.5,16.2367,14.247861381008802,0.0701859720036942,1.2418145798159413e-06,1.5,16.619494419950698,0.0601703021001385
15.0,16.2367,15.60736492309173,0.0640723148928529,7.758533625137322e-07,1.5,16.916654032656417,0.0591133446407055
16.5,16.2367,17.6300853621695,0.056721222810741,4.499413952694901e-07,1.5,17.292987346907488,0.0578269086734068
18.0,16.2367,20.38955847686505,0.0490447108570127,2.862671330382124e-07,1.5,17.621992692121193,0.0567472712916911
19.5,16.2367,23.97308251873768,0.0417134508763479,1.9453331092703987e-07,nan,17.913359845961963,0.0558242567892935
nan,nan,nan,nan,1.2108394373867965e-07,nan,18.289553825183965,0.0546760194129526
nan,nan,nan,nan,7.015500896108998e-08,nan,18.730850143174035,0.0533878597264002
nan,nan,nan,nan,4.4624429814004854e-08,nan,19.103105171108798,0.0523475105770962
Name:	483.2930238571752_8_210_0.025
Lambda:	483.2930238571752	Maximal Depth:	20	Filter time:	8 to 210 [us]
Chi2:	4.668413269965908	RelRMS:	5.4881344795128015	AbsRMS:	1.3082385385336795e-06	Phi model:	0.0793212636005627
depth_vector,start_model,resistivity_model,conductivity_model,E/I[V/A],modelled_thickness,rhoa,sigma
0.0,16.2367,19.23411553117182,0.0519909531779273,0.0001632729726927,1.0,16.35859650410382,0.0611299386074553
1.0,16.2367,18.972438078684725,0.052708038674454,9.791041662744256e-05,1.0,16.16174861285742,0.061874492912509
2.0,16.2367,18.46792318802688,0.0541479401781527,6.404576629922442e-05,1.0,16.008663321867346,0.0624661772125615
3.0,16.2367,17.76234275420374,0.0562988798177162,4.4659690068020806e-05,1.0,15.89310686044584,0.0629203596742158
4.0,16.2367,16.914657111201656,0.0591203234819199,2.8654731313671564e-05,1.0,15.814174873341978,0.0632344088774245
5.0,16.2367,15.995628028978029,0.0625170826796158,1.7109321561701337e-05,1.0,15.783991671435087,0.0633553299327786
6.0,16.2367,15.079633657879937,0.0663146083444437,1.108930560566127e-05,1.5,15.819846712610284,0.0632117376461607
7.5,16.2367,14.275071950339738,0.0700521863202378,7.645262322422987e-06,1.5,15.889977322136644,0.0629327518678632
9.0,16.2367,13.724480317410992,0.072862503852433,4.8283300392777525e-06,1.5,16.020496515821527,0.0624200379190757
10.5,16.2367,13.537693946974134,0.0738678244549555,2.836700261117423e-06,1.5,16.233024293860257,0.0616028154641661
12.0,16.2367,13.793629171641443,0.0724972367718799,1.8104280036935168e-06,1.5,16.454910616150734,0.0607721319992152
13.5,16.2367,14.54956818113921,0.0687305621411027,1.237141704116669e-06,1.5,16.66131772051856,0.0600192623881417
15.0,16.2367,15.852977640195874,0.0630796322745361,7.736712343632864e-07,1.5,16.94844787853949,0.0590024530367894
16.5,16.2367,17.74968382417828,0.0563390317205436,4.492869985194826e-07,1.5,17.30977502666768,0.0577708259327106
18.0,16.2367,20.28952795385414,0.0492865088963315,2.862185750308884e-07,1.5,17.62398572525872,0.0567408539469479
19.5,16.2367,23.529102010803587,0.0425005595003515,1.9472929300986566e-07,nan,17.901338758763032,0.0558617438324539
nan,nan,nan,nan,1.2138939989960666e-07,nan,18.258859203814584,0.0547679342305834
nan,nan,nan,nan,7.045714017615045e-08,nan,18.6772645941249,0.0535410308592275
nan,nan,nan,nan,4.488241342456768e-08,nan,19.029831906426377,0.0525490716322249
Name:	615.8482110660261_8_210_0.025
Lambda:	615.8482110660261	Maximal Depth:	20	Filter time:	8 to 210 [us]
Chi2:	5.072785323494661	RelRMS:	5.714118253423652	AbsRMS:	1.6401120803314952e-06	Phi model:	0.0657702906589626
depth_vector,start_model,resistivity_model,conductivity_model,E/I[V/A],modelled_thickness,rhoa,sigma
0.0,16.2367,18.86198702833022,0.0530166836875683,0.0001646514009263,1.0,16.26716806146717,0.061473515010197
1.0,16.2367,18.627146144177303,0.0536850890769755,9.841111264676169e-05,1.0,16.10688353112299,0.0620852567827737
2.0,16.2367,18.17375838340495,0.0550243917027714,6.420719153909974e-05,1.0,15.981820156759454,0.0625710957945583
3.0,16.2367,17.539768238585804,0.057013296093622,4.468490613521642e-05,1.0,15.887127222325574,0.0629440418022673
4.0,16.2367,16.779181311561178,0.0595976634039338,2.8611565063460986e-05,1.0,15.83007676694168,0.0631708875909132
5.0,16.2367,15.956535554640697,0.0626702454662325,1.7052361601435368e-05,1.0,15.819120950778178,0.063214637723015
6.0,16.2367,15.139858444797149,0.0660508157091556,1.1040672577468716e-05,1.5,15.86626920594231,0.0630267889079731
7.5,16.2367,14.43335168939634,0.0692839765509672,7.607407037741136e-06,1.5,15.942647203922457,0.0627248403109594
9.0,16.2367,13.96733532054416,0.0715956177073466,4.803000598051621e-06,1.5,16.07677166892539,0.0622015427346579
10.5,16.2367,13.841304960949822,0.0722475231071982,2.822243830772908e-06,1.5,16.28841088458712,0.061393343223325
12.0,16.2367,14.125051553103107,0.0707962017866272,1.8020877782008745e-06,1.5,16.505641413232347,0.0605853462440007
13.5,16.2367,14.866690181805485,0.0672644675964152,1.232236582690092e-06,1.5,16.70550385755126,0.0598605111541115
15.0,16.2367,16.101952737298078,0.062104268737768,7.71395707210021e-07,1.5,16.981762139623335,0.0588867039697083
16.5,16.2367,17.861605961827046,0.0559860072009846,4.486166053318854e-07,1.5,17.32701538567734,0.0577133440319218
18.0,16.2367,20.175776091004806,0.0495643882787657,2.8618122032917137e-07,1.5,17.625519309253622,0.056735916965294
19.5,16.2367,23.07687797483653,0.0433334180251947,1.9494570848248906e-07,nan,17.888087740070684,0.0559031247236071
nan,nan,nan,nan,1.2171761438657936e-07,nan,18.226020797926523,0.0548666113732167
nan,nan,nan,nan,7.077922388057605e-08,nan,18.620560438162123,0.0537040763794917
nan,nan,nan,nan,4.5156650952605367e-08,nan,18.952707932144715,0.0527629087927826
Name:	784.7599703514607_8_210_0.025
Lambda:	784.7599703514607	Maximal Depth:	20	Filter time:	8 to 210 [us]
Chi2:	5.555082262745324	RelRMS:	5.971785757537392	AbsRMS:	1.9874742782747903e-06	Phi model:	0.0530901077859216
depth_vector,start_model,resistivity_model,conductivity_model,E/I[V/A],modelled_thickness,rhoa,sigma
0.0,16.2367,18.47248251595976,0.054134575530713,0.0001660881409773,1.0,16.17321988049788,0.0618306068543486
1.0,16.2367,18.266238709836955,0.0547458081483117,9.892481761213734e-05,1.0,16.05107438925481,0.062301125504062
2.0,16.2367,17.868353821415514,0.0559648644746156,6.436804032163075e-05,1.0,15.955184493834317,0.0626755522874986
3.0,16.2367,17.312428535513106,0.0577619712883546,4.4705873513630176e-05,1.0,15.88215938214061,0.0629637303051179
4.0,16.2367,16.646705671374914,0.0600719457495764,2.856355338628074e-05,1.0,15.847810689740792,0.0631001984802454
5.0,16.2367,15.928761141509357,0.0627795213398022,1.699181323774409e-05,1.0,15.85667840766633,0.0630649102094751
6.0,16.2367,15.219533325545807,0.0657050369817523,1.0989657279525236e-05,1.5,15.915333368698905,0.0628324884458107
7.5,16.2367,14.617116010628315,0.0684129481679481,7.5680044990391665e-06,1.5,15.997935836572465,0.0625080641787502
9.0,16.2367,14.238068206024202,0.0702342470572584,4.776852491303734e-06,1.5,16.13538691179375,0.0619755823313462
10.5,16.2367,14.17126012931758,0.0705653548713847,2.8074635176881723e-06,1.5,16.34552936219912,0.0611788078465426
12.0,16.2367,14.477637680659877,0.0690720421423352,1.7936447813883549e-06,1.5,16.557397471709056,0.06039596510917
13.5,16.2367,15.196541250175525,0.0658044474421737,1.2273282351226075e-06,1.5,16.75001347351453,0.0597014445141325
15.0,16.2367,16.35346266565418,0.0611491291138125,7.691736819319008e-07,1.5,17.0144515577178,0.0587735664947952
16.5,16.2367,17.966214246294207,0.0556600286677681,4.480167509192978e-07,1.5,17.342478153716247,0.0576618861005002
18.0,16.2367,20.04913120592848,0.0498774729801909,2.862103550130055e-07,1.5,17.62432316654239,0.0567397675672661
19.5,16.2367,22.61593524819588,0.0442166105016493,1.95220100917522e-07,nan,17.87132202630927,0.0559555694048739
nan,nan,nan,nan,1.220918496284677e-07,nan,18.188757548435884,0.0549790164246811
nan,nan,nan,nan,7.113462771718911e-08,nan,18.55848713876884,0.053883702508864
nan,nan,nan,nan,4.545558014402459e-08,nan,18.86952422411556,0.0529955068354073
Name:	1000.0_8_210_0.025
Lambda:	1000	Maximal Depth:	20	Filter time:	8 to 210 [us]
Chi2:	6.1002580568437965	RelRMS:	6.250053305736579	AbsRMS:	2.330088698669397e-06	Phi model:	0.0418720192963874
depth_vector,start_model,resistivity_model,conductivity_model,E/I[V/A],modelled_thickness,rhoa,sigma
0.0,16.2367,18.0858938089487,0.0552917102446554,0.0001675055510889,1.0,16.08185360421015,0.0621818867781637
1.0,16.2367,17.909277674308704,0.0558369811549979,9.94200205398108e-05,1.0,15.997730658689008,0.0625088658719766
2.0,16.2367,17.568579937798294,0.0569197967929399,6.451511025694823e-05,1.0,15.93092743344836,0.0627709845630464
3.0,16.2367,17.093113873062116,0.0585030912112479,4.471716499596171e-05,1.0,15.879485678502569,0.062974331804322
4.0,16.2367,16.525102162565393,0.0605139980474866,2.850971688419653e-05,1.0,15.867755290862272,0.0630208861725935
5.0,16.2367,15.914882612322137,0.0628342680470509,1.692835378441842e-05,1.0,15.89628172676456,0.0629077929788008
6.0,16.2367,15.31584950864548,0.0652918402884228,1.0937147006778492e-05,1.5,15.966233369786194,0.0626321798535374
7.5,16.2367,14.818747961570988,0.0674820843564699,7.527817420562033e-06,1.5,16.05482170340554,0.0622865839604983
9.0,16.2367,14.525993178596565,0.0688421086052455,4.750401083250744e-06,1.5,16.195228678339458,0.0617465810370102
10.5,16.2367,14.515328203889348,0.0688926895729476,2.792626392427573e-06,1.5,16.403373696398248,0.0609630688484268
12.0,16.2367,14.839028303116612,0.0673898573122858,1.7852230950545708e-06,1.5,16.609428990282765,0.0602067657223522
13.5,16.2367,15.528559243528557,0.0643974746347923,1.222463232485936e-06,1.5,16.79442375547979,0.059543573185934
15.0,16.2367,16.600761028963674,0.0602382022279147,7.669976673559114e-07,1.5,17.046616983879446,0.058662666084753
16.5,16.2367,18.063293621575603,0.055360889378754,4.474538689630073e-07,1.5,17.35701927655626,0.0576135789254251
18.0,16.2367,19.918702238059204,0.0502040739425921,2.8626744871139173e-07,1.5,17.62197973735574,0.0567473130093415
19.5,16.2367,22.167291342928564,0.0451115106726381,1.9551574620842817e-07,nan,17.853301637423332,0.0560120486568065
nan,nan,nan,nan,1.2248089614972598e-07,nan,18.15022079409181,0.0550957484949999
nan,nan,nan,nan,7.149963264455274e-08,nan,18.4952726802012,0.0540678700601413
nan,nan,nan,nan,4.576117355248045e-08,nan,18.785423243445024,0.0532327638851011
