Name:	5.000000000000001_8_210_0.015
Lambda:	5.000000000000001	Maximal Depth:	20	Filter time:	8.0 to 210.0 [us]
Chi2:	3.6420517407171134	RelRMS:	2.8626240438823793	AbsRMS:	8.416616359699754e-07	Phi model:	1.3002032928149687
depth_vector,start_model,resistivity_model,conductivity_model,E/I[V/A],modelled_thickness,rhoa,sigma,rel_err
0.0,14.4649,20.872028165454346,0.04791101238810693,0.00018077143274194865,1.0,15.28512660419111,0.0654230760329983,0.015
1.0,14.4649,19.75139432874875,0.050629337015689564,0.0001098584505751861,1.0,14.9675930469974,0.06681100941614702,0.015
2.0,14.4649,17.936738912327282,0.055751494454364586,7.306497474239734e-05,1.0,14.662539539895276,0.06820100960540307,0.015
3.0,14.4649,15.912937651047459,0.06284194797521724,5.1835831368117206e-05,1.0,14.390169001882008,0.06949188712580205,0.015
4.0,14.4649,14.095437806477886,0.0709449407481637,3.4034664656326314e-05,1.0,14.100346337168956,0.07092024380734313,0.015
5.0,14.4649,12.788407114309724,0.07819582150157227,2.0851034718101038e-05,1.0,13.834186558239498,0.07228469818519329,0.015
6.0,14.4649,12.143777727007414,0.08234669824168707,1.3763476222313942e-05,1.5,13.697871294032844,0.07300404409812396,0.015
7.5,14.4649,12.451317122297374,0.08031278861328138,9.602945770961945e-06,1.5,13.64945216180961,0.07326301364665339,0.015
9.0,14.4649,13.205440622692993,0.07572636374446622,6.121033151531861e-06,1.5,13.676997990105123,0.07311546003907206,0.015
10.5,14.4649,13.528683196848512,0.07391702395935686,3.6060958869809723e-06,1.5,13.833016363603388,0.07229081306020432,0.015
12.0,14.4649,12.733171751371883,0.07853502799820941,2.291326559268111e-06,1.5,14.06344461623538,0.07110633470590567,0.015
13.5,14.4649,10.876647571700117,0.0919400939864866,1.5525002532443075e-06,1.5,14.32081907001571,0.06982840821540405,0.015
15.0,14.4649,8.966236549613836,0.11152951346605602,9.555002114992906e-07,1.5,14.723589714707936,0.06791821963098192,0.015
16.5,14.4649,8.725449969528135,0.11460726993934951,5.408512771207046e-07,1.5,15.296383069383355,0.0653749318034249,0.015
18.0,14.4649,13.812079754004353,0.07240039283078156,3.355925753677238e-07,1.5,15.849945742622586,0.06309169862398133,0.015
19.5,14.4649,36.87871572572211,0.027115911720931255,2.2255229269138034e-07,nan,16.376395592056703,0.061063498031584285,0.015
nan,nan,nan,nan,1.3399756379906495e-07,nan,17.094755003139657,0.05849747479951237,0.015
nan,nan,nan,nan,7.448183399551677e-08,nan,17.998226142826475,0.05556103096296345,0.015
nan,nan,nan,nan,4.569795247636044e-08,nan,18.80274511363536,0.053183723650799306,0.015
Name:	5.8538995686138975_8_210_0.015
Lambda:	5.8538995686138975	Maximal Depth:	20	Filter time:	8.0 to 210.0 [us]
Chi2:	3.6821395842675733	RelRMS:	2.8783352939854034	AbsRMS:	8.361864273888758e-07	Phi model:	1.1649007991468694
depth_vector,start_model,resistivity_model,conductivity_model,E/I[V/A],modelled_thickness,rhoa,sigma,rel_err
0.0,14.4649,20.009202423215832,0.049977004522666145,0.00018072194262855505,1.0,15.287916998156822,0.06541113482762657,0.015
1.0,14.4649,19.079902860172865,0.05241116830250675,0.00010981062751819058,1.0,14.97193837085882,0.06679161877572155,0.015
2.0,14.4649,17.571936868304075,0.05690892287484716,7.305444117894788e-05,1.0,14.663948946147311,0.06819445455466701,0.015
3.0,14.4649,15.876249500761284,0.06298716834552448,5.18459312536915e-05,1.0,14.388300082746385,0.06950091353732203,0.015
4.0,14.4649,14.336009679050315,0.06975441719053337,3.4049901266436053e-05,1.0,14.096139619036967,0.070941408571854,0.015
5.0,14.4649,13.200524686999787,0.07575456458824137,2.086239387114092e-05,1.0,13.829164478572496,0.07231094847049098,0.015
6.0,14.4649,12.592808267762688,0.07941040463229937,1.3769906769422764e-05,1.5,13.693606357676574,0.07302678154169406,0.015
7.5,14.4649,12.721318543644072,0.07860820374627189,9.605999298576862e-06,1.5,13.646559442634608,0.07327854351887392,0.015
9.0,14.4649,13.143380266225224,0.0760839281634206,6.121639383446991e-06,1.5,13.67609501090594,0.07312028756765397,0.015
10.5,14.4649,13.144806893674865,0.07607567064991946,3.6055332526163892e-06,1.5,13.834455397706986,0.07228329350541306,0.015
12.0,14.4649,12.213277093824502,0.08187810628693899,2.290552435456256e-06,1.5,14.066613061265201,0.07109031830509856,0.015
13.5,14.4649,10.504886560975487,0.09519379330709685,1.5518038121555478e-06,1.5,14.325103486589066,0.06980752362006906,0.015
15.0,14.4649,8.939239778879696,0.11186633592295522,9.5500010773817e-07,1.5,14.72872945589843,0.06789451887172311,0.015
16.5,14.4649,9.112113812167992,0.10974401995118142,5.405751819507953e-07,1.5,15.301590976571866,0.0653526813996722,0.015
18.0,14.4649,14.531839048688632,0.06881441479289169,3.354541982438567e-07,1.5,15.854304249496069,0.06307435408474547,0.015
19.5,14.4649,36.58714020989817,0.027332007756360882,2.2249299447228848e-07,nan,16.379305190673488,0.06105265079067018,0.015
nan,nan,nan,nan,1.3399608626532725e-07,nan,17.094880668654923,0.05849704478099074,0.015
nan,nan,nan,nan,7.451013814192547e-08,nan,17.99366786661081,0.05557510605470315,0.015
nan,nan,nan,nan,4.573321054923315e-08,nan,18.793079872378403,0.0532110759274628,0.015
Name:	6.853628031883595_8_210_0.015
Lambda:	6.853628031883595	Maximal Depth:	20	Filter time:	8.0 to 210.0 [us]
Chi2:	3.7200793151045777	RelRMS:	2.8931260703580306	AbsRMS:	8.275136096561397e-07	Phi model:	1.0555055346469744
depth_vector,start_model,resistivity_model,conductivity_model,E/I[V/A],modelled_thickness,rhoa,sigma,rel_err
0.0,14.4649,19.31410964770713,0.05177561990897751,0.00018066366172010063,1.0,15.291204675692079,0.06539707114048815,0.015
1.0,14.4649,18.543664983575095,0.0539267723443959,0.00010977305437384071,1.0,14.975354574823042,0.06677638215533314,0.015
2.0,14.4649,17.29023527015173,0.0578361129490417,7.305248843078868e-05,1.0,14.66421026393269,0.06819323932223931,0.015
3.0,14.4649,15.870471131099796,0.06301010170015675,5.1860949676972425e-05,1.0,14.385522141434784,0.06951433463229593,0.015
4.0,14.4649,14.565414305766149,0.06865578822595664,3.4067137384975416e-05,1.0,14.091384631399109,0.07096534699448565,0.015
5.0,14.4649,13.573790995561218,0.07367138630077708,2.087406249240096e-05,1.0,13.824010320694626,0.07233790895706972,0.015
6.0,14.4649,12.99300472490627,0.07696449136842856,1.3776188344564952e-05,1.5,13.689443427969227,0.07304898882571634,0.015
7.5,14.4649,12.956789051049334,0.07717961572578144,9.608834922987191e-06,1.5,13.643874523259575,0.07329296368822777,0.015
9.0,14.4649,13.083761938308001,0.07643061718144656,6.122066243048848e-06,1.5,13.675459295219852,0.07312368662817358,0.015
10.5,14.4649,12.806114534025921,0.0780876976652828,3.6048679936669e-06,1.5,13.83615739478947,0.07227440187812462,0.015
12.0,14.4649,11.773795499038375,0.084934378219978,2.289724215497695e-06,1.5,14.070004895496355,0.07107318067245935,0.015
13.5,14.4649,10.201186572666202,0.0980278120468331,1.5510788559887902e-06,1.5,14.329566729818348,0.06978578060696722,0.015
15.0,14.4649,8.945183231244783,0.11179200851996893,9.544890259779212e-07,1.5,14.733986658552748,0.06787029357187062,0.015
16.5,14.4649,9.501967439349581,0.10524136252654334,5.402967322639659e-07,1.5,15.306847788337183,0.06533023740929433,0.015
18.0,14.4649,15.210003113102879,0.06574620613578543,3.3531579876408853e-07,1.5,15.858666458799911,0.06305700435770903,0.015
19.5,14.4649,36.305814247487206,0.027543797618289526,2.2243416760184684e-07,nan,16.38219293886609,0.061041888819874685,0.015
nan,nan,nan,nan,1.3399496956539047e-07,nan,17.094975646477394,0.058496719777782244,0.015
nan,nan,nan,nan,7.453846192461908e-08,nan,17.989109316053053,0.05558918912720286,0.015
nan,nan,nan,nan,4.5768281289338094e-08,nan,18.7834782967468,0.053238275904053126,0.015
Name:	8.024090035856696_8_210_0.015
Lambda:	8.024090035856696	Maximal Depth:	20	Filter time:	8.0 to 210.0 [us]
Chi2:	3.7528063281005317	RelRMS:	2.9058241925873967	AbsRMS:	8.161225376294624e-07	Phi model:	0.9750710222007262
depth_vector,start_model,resistivity_model,conductivity_model,E/I[V/A],modelled_thickness,rhoa,sigma,rel_err
0.0,14.4649,18.762996562362986,0.0532963909403425,0.00018060083955465084,1.0,15.294750509729798,0.06538190991502917,0.015
1.0,14.4649,18.124620837615506,0.05517356798574337,0.00010974768394348815,1.0,14.977662393022925,0.06676609298296322,0.015
2.0,14.4649,17.085314961020018,0.05852979604306332,7.30602283338084e-05,1.0,14.66317457441109,0.06819805594793325,0.015
3.0,14.4649,15.895323821253536,0.06291158401333771,5.188204169918843e-05,1.0,14.381623036144092,0.06953318116368273,0.015
4.0,14.4649,14.779185432019798,0.06766272773284603,3.408800719410578e-05,1.0,14.085632568859296,0.07099432667374934,0.015
5.0,14.4649,13.899634786463073,0.07194433633421111,2.0887987312011872e-05,1.0,13.817865856215544,0.07237007584280322,0.015
6.0,14.4649,13.33082011538995,0.07501413951610796,1.378421610627321e-05,1.5,13.684127867105923,0.07307736449933448,0.015
7.5,14.4649,13.143785210498107,0.07608158410876095,9.61314064591158e-06,1.5,13.639800160759947,0.07331485712502438,0.015
9.0,14.4649,13.017877471099,0.07681743834354723,6.123648345091414e-06,1.5,13.67310373824745,0.07313628413442981,0.015
10.5,14.4649,12.506675490500362,0.07995729966445243,3.6050266672402533e-06,1.5,13.835751397119472,0.07227652270538733,0.015
12.0,14.4649,11.408114592904393,0.08765690350112532,2.289481628966144e-06,1.5,14.07099875465087,0.07106816064989496,0.015
13.5,14.4649,9.978936045795612,0.10021108416877031,1.5507744569323265e-06,1.5,14.331441820416435,0.06977665000707811,0.015
15.0,14.4649,8.991422242066635,0.11121711038343526,9.542446238581343e-07,1.5,14.73650234043953,0.06785870737154676,0.015
16.5,14.4649,9.85059651762373,0.10151669477182394,5.401651829504109e-07,1.5,15.309332859769617,0.06531963274688696,0.015
18.0,14.4649,15.752686797782479,0.0634812342070288,3.352614850671967e-07,1.5,15.860379190675106,0.06305019495296407,0.015
19.5,14.4649,36.07368345704131,0.027721039388474412,2.224247667614956e-07,nan,16.382654534031747,0.06104016891296196,0.015
nan,nan,nan,nan,1.3401720062617407e-07,nan,17.093085093380974,0.058503189713086615,0.015
nan,nan,nan,nan,7.45744473365455e-08,nan,17.983321832491097,0.055607079121125724,0.015
nan,nan,nan,nan,4.5804834752681675e-08,nan,18.773483827204213,0.05326661844995033,0.015
Name:	9.394443439884116_8_210_0.015
Lambda:	9.394443439884116	Maximal Depth:	20	Filter time:	8.0 to 210.0 [us]
Chi2:	3.7879202288134017	RelRMS:	2.9193870101153347	AbsRMS:	7.972453576607497e-07	Phi model:	0.899944047355772
depth_vector,start_model,resistivity_model,conductivity_model,E/I[V/A],modelled_thickness,rhoa,sigma,rel_err
0.0,14.4649,18.330808988064316,0.05455296602845663,0.00018049584351708295,1.0,15.300681329759849,0.06535656670758827,0.015
1.0,14.4649,17.801691893313304,0.05617443589031115,0.0001097182741116468,1.0,14.980338767944376,0.06675416460806924,0.015
2.0,14.4649,16.935448931271825,0.059047740869358906,7.306950192562274e-05,1.0,14.661933900179937,0.06820382678084012,0.015
3.0,14.4649,15.935779346226887,0.06275187289392092,5.190360843421044e-05,1.0,14.377638905480643,0.06955244922855922,0.015
4.0,14.4649,14.97961948896403,0.06675736995433912,3.410749763858578e-05,1.0,14.080265979653358,0.07102138563611275,0.015
5.0,14.4649,14.191209092441234,0.07046615926000535,2.0899233195771518e-05,1.0,13.812908479665772,0.07239604906324527,0.015
6.0,14.4649,13.620560144575443,0.07341841960870181,1.3789432348180496e-05,1.5,13.680676711156368,0.07309579936089831,0.015
7.5,14.4649,13.295603785575956,0.07521283095731787,9.614933308030721e-06,1.5,13.63810472081914,0.07332397136337118,0.015
9.0,14.4649,12.941816418468337,0.07726890628528557,6.123269781111356e-06,1.5,13.673667281520082,0.07313326991300255,0.015
10.5,14.4649,12.240675509226374,0.08169483777641624,3.603859674013244e-06,1.5,13.83873807591227,0.07226092397402922,0.015
12.0,14.4649,11.091515790480212,0.09015900251057611,2.2883461026344615e-06,1.5,14.075653256996526,0.07104466000559755,0.015
13.5,14.4649,9.785176478499254,0.10219539751758971,1.5498557974787697e-06,1.5,14.337104460875137,0.06974909074066689,0.015
15.0,14.4649,9.055741152448554,0.1104271846075915,9.536297403393956e-07,1.5,14.742836216544728,0.06782955364299433,0.015
16.5,14.4649,10.236428780709943,0.09769031968301795,5.398401924721336e-07,1.5,15.315476515371934,0.06529343040657688,0.015
18.0,14.4649,16.342511413714558,0.061190105650518606,3.35100935647247e-07,1.5,15.865444672187113,0.06303006443639415,0.015
19.5,14.4649,35.79579315557732,0.027936243671253604,2.2235511087505003e-07,nan,16.386075754401745,0.06102742444183885,0.015
nan,nan,nan,nan,1.3401236504942974e-07,nan,17.093496271497113,0.05850178243917657,0.015
nan,nan,nan,nan,7.460238480046566e-08,nan,17.978831897673647,0.05562096612791591,0.015
nan,nan,nan,nan,4.584045339409045e-08,nan,18.76375773645317,0.05329422890902372,0.015
Name:	10.998825680021056_8_210_0.015
Lambda:	10.998825680021056	Maximal Depth:	20	Filter time:	8.0 to 210.0 [us]
Chi2:	3.8220968127489527	RelRMS:	2.9325275495185283	AbsRMS:	7.739733332802032e-07	Phi model:	0.8377275164188038
depth_vector,start_model,resistivity_model,conductivity_model,E/I[V/A],modelled_thickness,rhoa,sigma,rel_err
0.0,14.4649,18.008877118952302,0.05552817054582561,0.00018037062262585916,1.0,15.307762096026257,0.06532633534065636,0.015
1.0,14.4649,17.565048999049626,0.05693123885131809,0.00010969364855995511,1.0,14.982580680217396,0.06674417587621427,0.015
2.0,14.4649,16.83714937837031,0.05939247657234905,7.308456887870392e-05,1.0,14.659918716357986,0.06821320222493249,0.015
3.0,14.4649,15.989080972974547,0.0625426815768989,5.1928619017885875e-05,1.0,14.373022029221685,0.0695747907410778,0.015
4.0,14.4649,15.158272554546492,0.06597057787432811,3.412839491146509e-05,1.0,14.074517702750004,0.0710503920006162,0.015
5.0,14.4649,14.43622172531726,0.06927020234430649,2.091062369323214e-05,1.0,13.807891884949479,0.07242235153144515,0.015
6.0,14.4649,13.853879831721585,0.07218194557385103,1.3794463131495253e-05,1.5,13.677350318361848,0.07311357658635823,0.015
7.5,14.4649,13.400480530796058,0.07462418961035533,9.616510881152474e-06,1.5,13.636613140626066,0.07333199157940543,0.015
9.0,14.4649,12.856811425084024,0.0777797827888313,6.122728826756197e-06,1.5,13.674472665433031,0.07312896259084613,0.015
10.5,14.4649,12.00411190824183,0.083304788196236,3.6026087220764753e-06,1.5,13.841941420270594,0.07224420113031017,0.015
12.0,14.4649,10.82572220441963,0.09237259012537263,2.2871734817883507e-06,1.5,14.080463850949657,0.07102038757995568,0.015
13.5,14.4649,9.639199942272791,0.10374304983699859,1.5489237210303264e-06,1.5,14.34285552416367,0.06972112340637342,0.015
15.0,14.4649,9.144759378959918,0.10935224849117192,9.530165517886817e-07,1.5,14.749159415025058,0.06780047403795052,0.015
16.5,14.4649,10.61000178493697,0.09425069102435978,5.395228286611741e-07,1.5,15.321481947501363,0.06526783789103903,0.015
18.0,14.4649,16.879915626093076,0.059242002279572645,3.349483219533524e-07,1.5,15.870263525575393,0.06301092596152993,0.015
19.5,14.4649,35.521934235381956,0.02815162016160541,2.2229235863736258e-07,nan,16.389159424795082,0.06101594194557072,0.015
nan,nan,nan,nan,1.340127336679447e-07,nan,17.093464926306115,0.05850188971699018,0.015
nan,nan,nan,nan,7.463373432915655e-08,nan,17.973796932569087,0.055636547121992265,0.015
nan,nan,nan,nan,4.5878355465009044e-08,nan,18.753421951330154,0.053323601558971555,0.015
Name:	12.87720418070694_8_210_0.015
Lambda:	12.87720418070694	Maximal Depth:	20	Filter time:	8.0 to 210.0 [us]
Chi2:	3.856705584222178	RelRMS:	2.9457745270980773	AbsRMS:	7.470207058131297e-07	Phi model:	0.7841202204139125
depth_vector,start_model,resistivity_model,conductivity_model,E/I[V/A],modelled_thickness,rhoa,sigma,rel_err
0.0,14.4649,17.781566617675814,0.05623801442815209,0.000180232737058221,1.0,15.315568485551193,0.06529303831871514,0.015
1.0,14.4649,17.40273384785094,0.05746223603387981,0.00010967803637957267,1.0,14.984002448943917,0.06673784280317444,0.015
2.0,14.4649,16.781684562839015,0.05958877347834183,7.310832027231541e-05,1.0,14.65674340649213,0.06822798027268835,0.015
3.0,14.4649,16.049876765315915,0.062305774344698944,5.1959166681227416e-05,1.0,14.367388050343692,0.06960207356382209,0.015
4.0,14.4649,15.313513616609947,0.06530179977215292,3.4151986105051116e-05,1.0,14.068035446069226,0.07108313053614118,0.015
5.0,14.4649,14.634743201159585,0.06833054644380537,2.092279950819606e-05,1.0,13.802534455064666,0.07245046214197731,0.015
6.0,14.4649,14.03142973682504,0.07126857481782715,1.37996122726859e-05,1.5,13.673947759554185,0.07313176981397237,0.015
7.5,14.4649,13.462813653738339,0.07427867797325718,9.618003669124542e-06,1.5,13.63520209945817,0.07333958035280883,0.015
9.0,14.4649,12.762491302644351,0.0783546077553685,6.122044151983821e-06,1.5,13.675492193303278,0.07312351072012514,0.015
10.5,14.4649,11.791485509539848,0.08480695661212105,3.6012444989646644e-06,1.5,13.845436934920828,0.07222596186024362,0.015
12.0,14.4649,10.601021716332307,0.09433053027892253,2.2859270391301237e-06,1.5,14.085581802638174,0.07099458254629595,0.015
13.5,14.4649,9.530794710647553,0.10492304475751915,1.5479452632249288e-06,1.5,14.34889897682586,0.06969175834431943,0.015
15.0,14.4649,9.254664675749664,0.10805361782802747,9.523804963883849e-07,1.5,14.755725585173073,0.06777030341393889,0.015
16.5,14.4649,10.980158187043605,0.09107336915965224,5.391979966240334e-07,1.5,15.327634800005596,0.06524163793357309,0.015
18.0,14.4649,17.381319694897023,0.05753303072226384,3.347945090521126e-07,1.5,15.875123948581582,0.06299163415913665,0.015
19.5,14.4649,35.24583530670779,0.028372146419514296,2.22230972702848e-07,nan,16.392177358625656,0.06100470841195446,0.015
nan,nan,nan,nan,1.3401564144834338e-07,nan,17.093217670481028,0.05850273595514674,0.015
nan,nan,nan,nan,7.466764385043924e-08,nan,17.968354780661453,0.055653397999256775,0.015
nan,nan,nan,nan,4.591842430112255e-08,nan,18.74251075931417,0.05335464457466275,0.015
Name:	15.076371999678692_8_210_0.015
Lambda:	15.076371999678692	Maximal Depth:	20	Filter time:	8.0 to 210.0 [us]
Chi2:	3.8915123357026955	RelRMS:	2.9590374710927647	AbsRMS:	7.174506840713048e-07	Phi model:	0.7382213038464214
depth_vector,start_model,resistivity_model,conductivity_model,E/I[V/A],modelled_thickness,rhoa,sigma,rel_err
0.0,14.4649,17.614863710859577,0.05677023770462097,0.00018008090748088162,1.0,15.324175837606537,0.06525636423108211,0.015
1.0,14.4649,17.29323796987638,0.0578260706145333,0.0001096655031293189,1.0,14.985144070026177,0.06673275847912839,0.015
2.0,14.4649,16.76132634078592,0.059661149700705074,7.31356506038368e-05,1.0,14.653091757300505,0.06824498314506064,0.015
3.0,14.4649,16.12158993312112,0.06202862150373535,5.199165436106812e-05,1.0,14.361402323943365,0.06963108319393,0.015
4.0,14.4649,15.45198414685927,0.06471660794469929,3.4176238210848216e-05,1.0,14.061379362469877,0.07111677839152974,0.015
5.0,14.4649,14.797840412471459,0.06757742833590845,2.093493350809467e-05,1.0,13.79720059099178,0.07247847078869767,0.015
6.0,14.4649,14.164927558371602,0.07059690181112087,1.3804595177785209e-05,1.5,13.670657063818044,0.0731493735327973,0.015
7.5,14.4649,13.491345150487922,0.07412159342493987,9.61936389280886e-06,1.5,13.633916680992241,0.07334649487730495,0.015
9.0,14.4649,12.657668793260516,0.07900348921536347,6.121294233089197e-06,1.5,13.676609092247604,0.07311753909577164,0.015
10.5,14.4649,11.595044933089602,0.08624373650732729,3.5998758193793696e-06,1.5,13.84894608676082,0.07220766069383217,0.015
12.0,14.4649,10.41078777133689,0.09605421049435013,2.2847026180611082e-06,1.5,14.090613863231432,0.07096922885733438,0.015
13.5,14.4649,9.458781777584246,0.10572185969760241,1.5469972434945447e-06,1.5,14.354760504341819,0.0696633008748237,0.015
15.0,14.4649,9.382671818225916,0.10657944979568527,9.517753393004148e-07,1.5,14.76197957219658,0.06774159218343913,0.015
16.5,14.4649,11.335192940929224,0.08822081857902836,5.388983724974189e-07,1.5,15.33331565309394,0.06521746650394046,0.015
18.0,14.4649,17.828807566904462,0.05608900069437597,3.3465994398346223e-07,1.5,15.879379201406154,0.0629747540704518,0.015
19.5,14.4649,34.97289947305912,0.02859356859360019,2.2218417304518788e-07,nan,16.394479116815344,0.06099614345016481,0.015
nan,nan,nan,nan,1.3402848837159726e-07,nan,17.09212537154018,0.058506474663770236,0.015
nan,nan,nan,nan,7.470765412937404e-08,nan,17.96193881092014,0.0556732772851915,0.015
nan,nan,nan,nan,4.5962450733322416e-08,nan,18.73054015204832,0.053388743297434635,0.015
Name:	17.651113509036346_8_210_0.015
Lambda:	17.651113509036346	Maximal Depth:	20	Filter time:	8.0 to 210.0 [us]
Chi2:	3.9265326035191648	RelRMS:	2.9723220481499175	AbsRMS:	6.876475523827132e-07	Phi model:	0.6986837028296703
depth_vector,start_model,resistivity_model,conductivity_model,E/I[V/A],modelled_thickness,rhoa,sigma,rel_err
0.0,14.4649,17.508339838804577,0.057115637987769224,0.00017992270583103368,1.0,15.333157304601382,0.06521814001737962,0.015
1.0,14.4649,17.231722758645468,0.05803250284410953,0.00010965347303645476,1.0,14.986240064365585,0.0667278780871667,0.015
2.0,14.4649,16.76853325895482,0.05963550804098949,7.316149813127336e-05,1.0,14.649640319901769,0.0682610615798863,0.015
3.0,14.4649,16.19740125488469,0.06173829889522726,5.202096148767616e-05,1.0,14.356007947602961,0.06965724758929039,0.015
4.0,14.4649,15.572765238088213,0.06421467123604856,3.4196951041135854e-05,1.0,14.05570087623439,0.07114550948439835,0.015
5.0,14.4649,14.924036590188992,0.06700600028395778,2.0944166799037803e-05,1.0,13.79314527157636,0.07249978016694333,0.015
6.0,14.4649,14.253034127821975,0.07016049993509778,1.3807496070014124e-05,1.5,13.668742234781279,0.07315962089440935,0.015
7.5,14.4649,13.486412712360405,0.07414870220332884,9.619288203149712e-06,1.5,13.633988200154667,0.07334611012709075,0.015
9.0,14.4649,12.547509407513049,0.0796970910738056,6.119705757557036e-06,1.5,13.67897565691883,0.07310488921692025,0.015
10.5,14.4649,11.424303152844207,0.08753269119535216,3.5981058873078187e-06,1.5,13.853487306588812,0.07218399077930314,0.015
12.0,14.4649,10.263430217226546,0.09743331214173996,2.2832882084067404e-06,1.5,14.09643232660426,0.07093993549791286,0.015
13.5,14.4649,9.420834469338601,0.10614770944703861,1.545962599285947e-06,1.5,14.361164459902126,0.06963223649392114,0.015
15.0,14.4649,9.521962728333738,0.1050203648691441,9.511516472523394e-07,1.5,14.768432047217065,0.06771199520726631,0.015
16.5,14.4649,11.663631893675952,0.08573658780694222,5.386124788493943e-07,1.5,15.338741087276981,0.06519439856961075,0.015
18.0,14.4649,18.204659241976287,0.054930992484286706,3.345467189530016e-07,1.5,15.882961843610792,0.06296054916245158,0.015
19.5,14.4649,34.687957968052935,0.02882844821597698,2.221588559952742e-07,nan,16.39572462785993,0.060991509841582775,0.015
nan,nan,nan,nan,1.3405969440301573e-07,nan,17.089472831322283,0.05851555573833496,0.015
nan,nan,nan,nan,7.476126996667094e-08,nan,17.95335005424136,0.05569991099035897,0.015
nan,nan,nan,nan,4.6016501083698863e-08,nan,18.715870189056982,0.05343059071785462,0.015
Name:	20.665569151220556_8_210_0.015
Lambda:	20.665569151220556	Maximal Depth:	20	Filter time:	8.0 to 210.0 [us]
Chi2:	3.965851810869669	RelRMS:	2.9871669813481727	AbsRMS:	6.518772059870197e-07	Phi model:	0.6606507673291934
depth_vector,start_model,resistivity_model,conductivity_model,E/I[V/A],modelled_thickness,rhoa,sigma,rel_err
0.0,14.4649,17.477384482505528,0.05721679928715751,0.0001797392722362974,1.0,15.343587738791125,0.06517380530707527,0.015
1.0,14.4649,17.229845767202928,0.05803882481081192,0.00010965038799860824,1.0,14.986521157160153,0.06672662651413448,0.015
2.0,14.4649,16.809295462291256,0.05949089313370253,7.319995322983591e-05,1.0,14.64450914449602,0.0682849790411609,0.015
3.0,14.4649,16.276834394097353,0.061437007699890404,5.206041547746257e-05,1.0,14.348753896694049,0.06969246299711084,0.015
4.0,14.4649,15.671180429852319,0.06381140236858493,3.422419991822356e-05,1.0,14.04823923782187,0.0711832979970696,0.015
5.0,14.4649,15.011272004143695,0.06661660648904111,2.0956627733684278e-05,1.0,13.78767707247756,0.07252853361326268,0.015
6.0,14.4649,14.29498328745635,0.06995461134099304,1.3811972805987444e-05,1.5,13.665788533816443,0.07317543349404736,0.015
7.5,14.4649,13.444424963779584,0.07438027306441773,9.619982010977849e-06,1.5,13.633332656208822,0.07334963689487803,0.015
9.0,14.4649,12.41886653107982,0.08052264653117663,6.118359627828184e-06,1.5,13.680981968170483,0.07309416841031967,0.015
10.5,14.4649,11.255096210812853,0.0888486407641094,3.5963307995886585e-06,1.5,13.858045495483127,0.0721602480180873,0.015
12.0,14.4649,10.131262123077155,0.09870438528307185,2.281803808817085e-06,1.5,14.102545171834842,0.07090918609480283,0.015
13.5,14.4649,9.407179457689802,0.10630178838382426,1.544848322864561e-06,1.5,14.368069294772136,0.0695987734666517,0.015
15.0,14.4649,9.685466677536626,0.1032474772040966,9.504590005725285e-07,1.5,14.775606169324227,0.06767911844294477,0.015
16.5,14.4649,12.0106910978739,0.08325915568480628,5.38277996085574e-07,1.5,15.34509469804819,0.06516740493802195,0.015
18.0,14.4649,18.588675607186435,0.05379619404479775,3.3440011773152797e-07,1.5,15.887603571455978,0.06294215458627267,0.015
19.5,14.4649,34.40186965470045,0.02906818757344389,2.2211033123630576e-07,nan,16.398112539053454,0.060982628190800484,0.015
nan,nan,nan,nan,1.3407666114364067e-07,nan,17.08803107520971,0.0585204928290855,0.015
nan,nan,nan,nan,7.480717866801877e-08,nan,17.946004063066752,0.05572271111082721,0.015
nan,nan,nan,nan,4.6066093803544665e-08,nan,18.702435325538076,0.05346897249442725,0.015
Name:	24.19483326789813_8_210_0.015
Lambda:	24.19483326789813	Maximal Depth:	20	Filter time:	8.0 to 210.0 [us]
Chi2:	4.0086189536560966	RelRMS:	3.0032303684076944	AbsRMS:	6.139409835940505e-07	Phi model:	0.6253475346662289
depth_vector,start_model,resistivity_model,conductivity_model,E/I[V/A],modelled_thickness,rhoa,sigma,rel_err
0.0,14.4649,17.507134749978793,0.05711956949444348,0.000179543792812353,1.0,15.354722670079815,0.06512654259452033,0.015
1.0,14.4649,17.27613071031988,0.05788333144542898,0.00010965275492006438,1.0,14.9863054942637,0.06672758675463872,0.015
2.0,14.4649,16.87727136165279,0.0592512840832862,7.324419124743212e-05,1.0,14.638611891541412,0.06831248805618155,0.015
3.0,14.4649,16.35801448806929,0.061132113602744974,5.210356320828034e-05,1.0,14.340831192833788,0.06973096514096805,0.015
4.0,14.4649,15.748889578887631,0.0634965401840497,3.425317953211206e-05,1.0,14.04031452383865,0.07122347567799343,0.015
5.0,14.4649,15.061465249742882,0.06639460261126129,2.0969483195229486e-05,1.0,13.78204142038685,0.072558191453464,0.015
6.0,14.4649,14.296214550809244,0.06994858649091794,1.3816390575095222e-05,1.5,13.662875302324139,0.073191036137898,0.015
7.5,14.4649,13.37180333594041,0.07478422878926316,9.620495346313913e-06,1.5,13.632847682314493,0.07335224622932388,0.015
9.0,14.4649,12.2813124343461,0.08142452244789287,6.116821395409964e-06,1.5,13.683275495770651,0.07308191670255335,0.015
10.5,14.4649,11.096491078303817,0.09011857829140503,3.594417160933291e-06,1.5,13.862963666785632,0.07213464768690887,0.015
12.0,14.4649,10.020907297722992,0.09979136322588532,2.280230209655616e-06,1.5,14.10903258744874,0.07087658163675874,0.015
13.5,14.4649,9.421322167091324,0.10614221467693778,1.5436779108560173e-06,1.5,14.37533092899229,0.0695636159570554,0.015
15.0,14.4649,9.86517908814901,0.10136663420548493,9.497384724345293e-07,1.5,14.783078327620725,0.06764490979741335,0.015
16.5,14.4649,12.354692198167918,0.08094090762927225,5.379344392840315e-07,1.5,15.351627527167524,0.0651396731864629,0.015
18.0,14.4649,18.945556905175955,0.05278282422654984,3.342523284452249e-07,1.5,15.89228635029938,0.06292360821834563,0.015
19.5,14.4649,34.109706721040155,0.02931716793047541,2.2206394012233974e-07,nan,16.40039626635164,0.06097413646349996,0.015
nan,nan,nan,nan,1.340973393518376e-07,nan,17.086274346613173,0.058526509624856816,0.015
nan,nan,nan,nan,7.485686201167035e-08,nan,17.938062540881518,0.055747380617107475,0.015
nan,nan,nan,nan,4.611893287002423e-08,nan,18.688147512691874,0.053509851595555935,0.015
Name:	28.326824805926805_8_210_0.015
Lambda:	28.326824805926805	Maximal Depth:	20	Filter time:	8.0 to 210.0 [us]
Chi2:	4.055862631820953	RelRMS:	3.0208758533903945	AbsRMS:	5.745155130831778e-07	Phi model:	0.5920498747051602
depth_vector,start_model,resistivity_model,conductivity_model,E/I[V/A],modelled_thickness,rhoa,sigma,rel_err
0.0,14.4649,17.586320739831447,0.05686237700277405,0.000179337132675802,1.0,15.366516472081345,0.06507655797049708,0.015
1.0,14.4649,17.362961311046476,0.05759386213478405,0.00010965978818944289,1.0,14.98566470118292,0.06673044005322389,0.015
2.0,14.4649,16.969549705607204,0.058929082818831226,7.329339399617655e-05,1.0,14.63205977259234,0.0683430778401496,0.015
3.0,14.4649,16.444517479388274,0.06081054073209568,5.214977631144809e-05,1.0,14.332357749884913,0.06977219083217692,0.015
4.0,14.4649,15.812555665362643,0.06324088409000811,3.4283445031614855e-05,1.0,14.032050094190225,0.07126542403194784,0.015
5.0,14.4649,15.08408230490487,0.06629505062265746,2.0982443567341216e-05,1.0,13.776365602950015,0.07258808519032509,0.015
6.0,14.4649,14.262379772843406,0.07011452618195399,1.3820543225406105e-05,1.5,13.660138314632617,0.07320570092096425,0.015
7.5,14.4649,13.270634049320474,0.07535434978340053,9.620672236714508e-06,1.5,13.63268057498433,0.0733531453700293,0.015
9.0,14.4649,12.13168905194095,0.0824287529723662,6.114981864523709e-06,1.5,13.686019526375095,0.07306726386535135,0.015
10.5,14.4649,10.946168513755666,0.09135616711393901,3.592294425750765e-06,1.5,13.86842433709983,0.07210624478260812,0.015
12.0,14.4649,9.933860971584473,0.10066579377952557,2.278520013349586e-06,1.5,14.116091613430614,0.07084113842450272,0.015
13.5,14.4649,9.458505712655562,0.10572494539618361,1.5424183733247392e-06,1.5,14.38315578627529,0.06952577131607106,0.015
15.0,14.4649,10.062287345147322,0.09938098224577774,9.489695996578924e-07,1.5,14.79106226596967,0.06760839634221107,0.015
16.5,14.4649,12.699216977162319,0.07874501253095789,5.375705727634257e-07,1.5,15.358554138115496,0.06511029560512398,0.015
18.0,14.4649,19.27932298657417,0.05186904128824363,3.3409680011182735e-07,1.5,15.897218072838582,0.06290408771007326,0.015
19.5,14.4649,33.810017999304186,0.029577032464773608,2.220156883277552e-07,nan,16.402772434437917,0.0609653035178664,0.015
nan,nan,nan,nan,1.3411966513837105e-07,nan,17.084378153899458,0.058533005473878075,0.015
nan,nan,nan,nan,7.490944835061559e-08,nan,17.929666560066703,0.05577348561669402,0.015
nan,nan,nan,nan,4.617464789673479e-08,nan,18.673111554105304,0.05355293878593838,0.015
Name:	33.164477502323265_8_210_0.015
Lambda:	33.164477502323265	Maximal Depth:	20	Filter time:	8.0 to 210.0 [us]
Chi2:	4.108073411526114	RelRMS:	3.040257419353459	AbsRMS:	5.349445723408319e-07	Phi model:	0.5606347998582587
depth_vector,start_model,resistivity_model,conductivity_model,E/I[V/A],modelled_thickness,rhoa,sigma,rel_err
0.0,14.4649,17.70832550754271,0.05647061319118279,0.0001791255515290071,1.0,15.378614598881667,0.06502536321267327,0.015
1.0,14.4649,17.48416466810278,0.05719461118004392,0.00010967212340140187,1.0,14.984541019612662,0.0667354441281278,0.015
2.0,14.4649,17.081991753682793,0.05854118269225864,7.3347076101958e-05,1.0,14.62491951408644,0.0683764446728626,0.015
3.0,14.4649,16.534871382432627,0.060478244848184544,5.219851412775733e-05,1.0,14.323434934375529,0.06981565557295548,0.015
4.0,14.4649,15.864663606696656,0.06303316759757129,3.4314618355985865e-05,1.0,14.0235504726057,0.07130861773938416,0.015
5.0,14.4649,15.083666863856298,0.06629687655037082,2.099534391511345e-05,1.0,13.770721871887071,0.07261783436651205,0.015
6.0,14.4649,14.199494774889308,0.07042504088021649,1.3824371763443021e-05,1.5,13.657616161522753,0.07321921982382797,0.015
7.5,14.4649,13.146784087845031,0.07606422934446443,9.620499650406133e-06,1.5,13.632843616202878,0.0733522681072555,0.015
9.0,14.4649,11.973369747320264,0.08351867695590107,6.112852395974697e-06,1.5,13.6891977760064,0.07305029968613205,0.015
10.5,14.4649,10.80399139616834,0.09255838544583182,3.58997949155324e-06,1.5,13.874385567146447,0.07207526381333444,0.015
12.0,14.4649,9.866536042780524,0.10135269315026861,2.276687727443318e-06,1.5,14.12366438309025,0.07080315510734336,0.015
13.5,14.4649,9.51747659677595,0.10506986697910563,1.5410809636365012e-06,1.5,14.391476089191114,0.06948557561451682,0.015
15.0,14.4649,10.274787505389224,0.097325613739018,9.481598600150565e-07,1.5,14.799482228250495,0.0675699314730833,0.015
16.5,14.4649,13.04334564866022,0.07666744613968868,5.371906036333387e-07,1.5,15.36579562579287,0.06507961086775162,0.015
18.0,14.4649,19.59248471233435,0.05103997857762548,3.339359538845192e-07,1.5,15.902322449480259,0.06288389656145373,0.015
19.5,14.4649,33.50435514383101,0.029846866047924067,2.2196699815273927e-07,nan,16.40517106327791,0.06095638967389046,0.015
nan,nan,nan,nan,1.3414430765305921e-07,nan,17.08228580555311,0.05854017497324158,0.015
nan,nan,nan,nan,7.496515607562712e-08,nan,17.92078292457612,0.05580113347774693,0.015
nan,nan,nan,nan,4.6233281315595835e-08,nan,18.657320621820027,0.05359826420255031,0.015
Name:	38.82830410883109_8_210_0.015
Lambda:	38.82830410883109	Maximal Depth:	20	Filter time:	8.0 to 210.0 [us]
Chi2:	4.165005980108865	RelRMS:	3.0612519424648714	AbsRMS:	4.971455724822244e-07	Phi model:	0.5313710685323367
depth_vector,start_model,resistivity_model,conductivity_model,E/I[V/A],modelled_thickness,rhoa,sigma,rel_err
0.0,14.4649,17.8653964046907,0.05597412883250898,0.00017892029857586095,1.0,15.390373662864727,0.0649756803769417,0.015
1.0,14.4649,17.633350550387277,0.05671071967533914,0.00010969067790099894,1.0,14.982851185954935,0.06674297085306496,0.015
2.0,14.4649,17.20896802414125,0.05810923691630843,7.340394439179959e-05,1.0,14.617364955580925,0.06841178304289372,0.015
3.0,14.4649,16.624230185896266,0.060153161308388534,5.2248340591867174e-05,1.0,14.314327154226728,0.06986007719578495,0.015
4.0,14.4649,15.902911662263685,0.06288156667391409,3.434563399980701e-05,1.0,14.015106605844439,0.0713515799860552,0.015
5.0,14.4649,15.062501135962252,0.06639003648686637,2.1007633620618125e-05,1.0,13.76535066175844,0.07264616968880443,0.015
6.0,14.4649,14.116641834857502,0.07083837726411328,1.3827613566760038e-05,1.5,13.65548144582719,0.07323066593932341,0.015
7.5,14.4649,13.010216940608878,0.07686266912880547,9.619860146447285e-06,1.5,13.633447794138833,0.07334901743856098,0.015
9.0,14.4649,11.813209600536144,0.08465099950098362,6.110409513758774e-06,1.5,13.69284607157811,0.07303083630478213,0.015
10.5,14.4649,10.668983109833023,0.09372964505664595,3.587489684173968e-06,1.5,13.880804271411249,0.07204193506709038,0.015
12.0,14.4649,9.819341223565507,0.10183982583272418,2.274758332751553e-06,1.5,14.131649486972725,0.07076314770769336,0.015
13.5,14.4649,9.59493426231811,0.10422166245862352,1.5396891814413106e-06,1.5,14.400147442701176,0.06944373340474772,0.015
15.0,14.4649,10.497160216855862,0.09526385987652598,9.473275815660345e-07,1.5,14.808149055855033,0.06753038453543979,0.015
16.5,14.4649,13.38214105824045,0.07472645787007456,5.368065290363377e-07,1.5,15.373124036705775,0.06504858723655264,0.015
18.0,14.4649,19.882376585869338,0.05029579817488785,3.33777616215833e-07,1.5,15.907351222144488,0.06286401714748767,0.015
19.5,14.4649,33.19519425298508,0.030124842541328852,2.2192307123843174e-07,nan,16.40733579170782,0.060948347293860755,0.015
nan,nan,nan,nan,1.3417426188293673e-07,nan,17.079743312184362,0.05854888927321403,0.015
nan,nan,nan,nan,7.502545980153984e-08,nan,17.911178764348506,0.05583105462553143,0.015
nan,nan,nan,nan,4.629559733450342e-08,nan,18.640574451588336,0.05364641538258986,0.015
Name:	45.4593985345391_8_210_0.015
Lambda:	45.4593985345391	Maximal Depth:	20	Filter time:	8.0 to 210.0 [us]
Chi2:	4.2278429946500555	RelRMS:	3.0842578909622045	AbsRMS:	4.6070889003513307e-07	Phi model:	0.5037571076130865
depth_vector,start_model,resistivity_model,conductivity_model,E/I[V/A],modelled_thickness,rhoa,sigma,rel_err
0.0,14.4649,18.054512760931757,0.055387814295598414,0.0001787183841279277,1.0,15.401963419809016,0.0649267871077959,0.015
1.0,14.4649,17.80853514466477,0.056152849848494606,0.00010971574694991409,1.0,14.980568802341429,0.06675313956327895,0.015
2.0,14.4649,17.352367415196476,0.05762902410216614,7.34650724717097e-05,1.0,14.609255383850153,0.06844975830222348,0.015
3.0,14.4649,16.719193826337225,0.059811496318963125,5.230033884623613e-05,1.0,14.304837815887813,0.06990641997278291,0.015
4.0,14.4649,15.935249025525021,0.06275396125898025,3.4377301788587237e-05,1.0,14.006498297811747,0.07139543222992653,0.015
5.0,14.4649,15.025928162749207,0.06655162923506457,2.1019767104269127e-05,1.0,13.760052863448212,0.07267413940366245,0.015
6.0,14.4649,14.012560170821294,0.071364546364791,1.3830505758345114e-05,1.5,13.653577652100871,0.07324087689545095,0.015
7.5,14.4649,12.856438576345106,0.07778203847525285,9.618870014751316e-06,1.5,13.634383363298761,0.07334398434855624,0.015
9.0,14.4649,11.647894919222459,0.08585242285708684,6.107684538233195e-06,1.5,13.69691852557126,0.07300912231704268,0.015
10.5,14.4649,10.544403862750093,0.0948370351720566,3.584813809904455e-06,1.5,13.887710937433454,0.07200610701829649,0.015
12.0,14.4649,9.786719527244667,0.10217928461280201,2.2727095735274353e-06,1.5,14.140140966164235,0.07072065281335507,0.015
13.5,14.4649,9.69050970250386,0.10319374632498611,1.5382199609378054e-06,1.5,14.409315453280175,0.06939954942636482,0.015
15.0,14.4649,10.733403699916666,0.09316709106988717,9.464531256585155e-07,1.5,14.81726877514076,0.06748882099498126,0.015
16.5,14.4649,13.7221345391191,0.07287495958804348,5.364042432127885e-07,1.5,15.3808093066417,0.06501608465870405,0.015
18.0,14.4649,20.157810358329595,0.04960856274683529,3.3361181418132794e-07,1.5,15.912621324832353,0.06284319720720405,0.015
19.5,14.4649,32.882457263848735,0.030411352532932777,2.2187675341556167e-07,nan,16.409619118293786,0.06093986659843793,0.015
nan,nan,nan,nan,1.342049317612071e-07,nan,17.077141055096916,0.05855781109810156,0.015
nan,nan,nan,nan,7.508770464251584e-08,nan,17.901278940598708,0.055861930497718676,0.015
nan,nan,nan,nan,4.635995437835355e-08,nan,18.623319185844938,0.0536961209771925,0.015
Name:	53.22295069415713_8_210_0.015
Lambda:	53.22295069415713	Maximal Depth:	20	Filter time:	8.0 to 210.0 [us]
Chi2:	4.295695525441993	RelRMS:	3.108908961717034	AbsRMS:	4.273819337186989e-07	Phi model:	0.47827781307472794
depth_vector,start_model,resistivity_model,conductivity_model,E/I[V/A],modelled_thickness,rhoa,sigma,rel_err
0.0,14.4649,18.26061884950095,0.054762656635118874,0.00017853783223595657,1.0,15.412345477614267,0.06488305115223732,0.015
1.0,14.4649,17.995943937206057,0.05556807708944519,0.00010975022233209418,1.0,14.977431448773258,0.0667671224815992,0.015
2.0,14.4649,17.502016042611352,0.057136274904865024,7.35297914742079e-05,1.0,14.600681669067583,0.06848995291216846,0.015
3.0,14.4649,16.81319323421349,0.05947710146845162,5.235331490121007e-05,1.0,14.295186192259116,0.06995361841047602,0.015
4.0,14.4649,15.962795670048457,0.06264566813170042,3.440864327496965e-05,1.0,13.997991692045156,0.0714388193678015,0.015
5.0,14.4649,14.98139380732958,0.06674946355864128,2.1031256962739938e-05,1.0,13.755040785173957,0.0727006204938238,0.015
6.0,14.4649,13.900513226023978,0.07193978982933094,1.3832847474511424e-05,1.5,13.65203669650045,0.07324914386263986,0.015
7.5,14.4649,12.696478372711923,0.07876199766931148,9.617469128307733e-06,1.5,13.635707326246033,0.07333686299317956,0.015
9.0,14.4649,11.48239235352804,0.08708986500472121,6.104702260889339e-06,1.5,13.701378987132609,0.07298535431646196,0.015
10.5,14.4649,10.432197562697937,0.09585708035051664,3.582004691147123e-06,1.5,13.894970770093515,0.07196848532796661,0.015
12.0,14.4649,9.768409311934274,0.10237081269498798,2.270591948342224e-06,1.5,14.148931292465177,0.07067671609463087,0.015
13.5,14.4649,9.799345228063249,0.10204763448237458,1.5367153131396798e-06,1.5,14.41871967106716,0.06935428545757891,0.015
15.0,14.4649,10.97608315276744,0.09110718150380141,9.455667261959436e-07,1.5,14.82652739753781,0.06744667670233197,0.015
16.5,14.4649,14.056577397597941,0.07114107308731392,5.360024698718368e-07,1.5,15.388494379920589,0.0649836153759677,0.015
18.0,14.4649,20.415301915611927,0.04898286609395098,3.334503617194524e-07,1.5,15.917757370860507,0.06282292013262045,0.015
19.5,14.4649,32.569695231519816,0.030703388315167127,2.2183570098389944e-07,nan,16.411643541440178,0.060932349491685744,0.015
nan,nan,nan,nan,1.342405888557508e-07,nan,17.0741168917966,0.05856818284291226,0.015
nan,nan,nan,nan,7.515390300737828e-08,nan,17.890765320005045,0.05589475811198657,0.015
nan,nan,nan,nan,4.6427340743539046e-08,nan,18.605294439426523,0.05374814159785064,0.015
Name:	62.312361621777015_8_210_0.015
Lambda:	62.312361621777015	Maximal Depth:	20	Filter time:	8.0 to 210.0 [us]
Chi2:	4.368813570680116	RelRMS:	3.135256055576683	AbsRMS:	3.9706262315561967e-07	Phi model:	0.45481613445722924
depth_vector,start_model,resistivity_model,conductivity_model,E/I[V/A],modelled_thickness,rhoa,sigma,rel_err
0.0,14.4649,18.48311953662278,0.05410342112534534,0.0001783769540611502,1.0,15.421611014785684,0.0648440684336569,0.015
1.0,14.4649,18.19700621157114,0.05495409455672541,0.00010979182261654212,1.0,14.973647895820765,0.06678399324984167,0.015
2.0,14.4649,17.659516829156924,0.05662669084744945,7.359611540029986e-05,1.0,14.59190837958234,0.06853113204844716,0.015
3.0,14.4649,16.908210637791726,0.059142863867858914,5.2405688745527005e-05,1.0,14.285660272001872,0.07000026466819152,0.015
4.0,14.4649,15.983853840830676,0.06256313464563251,3.443854043611743e-05,1.0,13.989889126651885,0.07148019479975135,0.015
5.0,14.4649,14.926296101043803,0.06699585705860876,2.104139943698872e-05,1.0,13.750620250387646,0.07272399221204649,0.015
6.0,14.4649,13.778041018951743,0.07257925844642911,1.3834175705610255e-05,1.5,13.65116285333298,0.07325383271329493,0.015
7.5,14.4649,12.533422501311673,0.07978666640299933,9.615339067429712e-06,1.5,13.63772104025367,0.073326034243431,0.015
9.0,14.4649,11.323870396045496,0.08830902907094543,6.101265768281999e-06,1.5,13.70652330422757,0.07295796153438597,0.015
10.5,14.4649,10.329533227949893,0.0968097955572839,3.578951838787729e-06,1.5,13.902871270551456,0.07192758823266693,0.015
12.0,14.4649,9.76457901918119,0.10241096907871151,2.2683388179194213e-06,1.5,14.158299120590906,0.07062995289777889,0.015
13.5,14.4649,9.920983540186166,0.10079645792671431,1.5351323863755235e-06,1.5,14.42862972046608,0.06930665069196172,0.015
15.0,14.4649,11.224407765552533,0.08909156018627358,9.44643916943431e-07,1.5,14.83618170907383,0.06740278729455022,0.015
16.5,14.4649,14.383868270622381,0.06952232745640478,5.355887177800573e-07,1.5,15.396418622329666,0.06495016955109836,0.015
18.0,14.4649,20.652910717276317,0.04841932518322913,3.332862514927205e-07,1.5,15.92298221372211,0.06280230591090027,0.015
19.5,14.4649,32.25641050035346,0.031001589590665773,2.2179570548063873e-07,nan,16.413616444734302,0.06092502547303113,0.015
nan,nan,nan,nan,1.342790358159616e-07,nan,17.070857612993983,0.05857936506006709,0.015
nan,nan,nan,nan,7.522305474376408e-08,nan,17.87979911535922,0.0559290400047601,0.015
nan,nan,nan,nan,4.649725704914454e-08,nan,18.586639006819464,0.053802088674186795,0.015
Name:	72.95406136340671_8_210_0.015
Lambda:	72.95406136340671	Maximal Depth:	20	Filter time:	8.0 to 210.0 [us]
Chi2:	4.446219447062484	RelRMS:	3.1629090653843637	AbsRMS:	3.6989427310232537e-07	Phi model:	0.43359191359497834
depth_vector,start_model,resistivity_model,conductivity_model,E/I[V/A],modelled_thickness,rhoa,sigma,rel_err
0.0,14.4649,18.70564875295684,0.05345978710532175,0.00017825160050398224,1.0,15.428840224453184,0.06481368563368094,0.015
1.0,14.4649,18.397510464145533,0.05435518038969871,0.00010984384849421772,1.0,14.968919494595665,0.06680508906210879,0.015
2.0,14.4649,17.815357222322085,0.056131347102433136,7.366424449258418e-05,1.0,14.582910013355791,0.06857341909702164,0.015
3.0,14.4649,17.001252518711404,0.058819195756277975,5.245706376796275e-05,1.0,14.276331423933069,0.07004600623964109,0.015
4.0,14.4649,16.00203887006053,0.06249203667858715,3.446658712975662e-05,1.0,13.982298715172588,0.07151899844014001,0.015
5.0,14.4649,14.868602635615044,0.0672558157956741,2.105002734713758e-05,1.0,13.746862623533788,0.07274387090244586,0.015
6.0,14.4649,13.653307802560658,0.07324232445799336,1.3834466351933938e-05,1.5,13.650971655779028,0.07325485871744948,0.015
7.5,14.4649,12.372587828291277,0.08082383522979651,9.612518891447114e-06,1.5,13.640388318440525,0.07331169587365001,0.015
9.0,14.4649,11.177470051250351,0.08946568368466677,6.0974433094232655e-06,1.5,13.71225107636394,0.0729274861166828,0.015
10.5,14.4649,10.239948558063267,0.09765674059100303,3.5757207513816666e-06,1.5,13.911245270799,0.0718842907686412,0.015
12.0,14.4649,9.77297261933519,0.10232301255214458,2.266002319232677e-06,1.5,14.168029962324386,0.07058144305589409,0.015
13.5,14.4649,10.049824562446465,0.09950422455499724,1.5335109073442703e-06,1.5,14.438798803451116,0.06925783880034281,0.015
15.0,14.4649,11.471631931817523,0.08717155553312489,9.437111637289229e-07,1.5,14.845956039806802,0.06735841041955648,0.015
16.5,14.4649,14.698434239664788,0.06803445752755267,5.351782087787704e-07,1.5,15.40429084208275,0.06491697737023473,0.015
18.0,14.4649,20.869406552785307,0.047917030964473514,3.331285118163649e-07,1.5,15.928008277829612,0.06278248871780863,0.015
19.5,14.4649,31.94611236560403,0.03130271341174794,2.2176227123512632e-07,nan,16.415266148537484,0.06091890262096633,0.015
nan,nan,nan,nan,1.343230536907931e-07,nan,17.067127978110452,0.05859216625565567,0.015
nan,nan,nan,nan,7.529624278133653e-08,nan,17.868211113584277,0.05596531144853956,0.015
nan,nan,nan,nan,4.6570080771173807e-08,nan,18.5672574464871,0.05385825035722756,0.015
Name:	85.41314966877566_8_210_0.015
Lambda:	85.41314966877566	Maximal Depth:	20	Filter time:	8.0 to 210.0 [us]
Chi2:	4.529121725397121	RelRMS:	3.1922599960127815	AbsRMS:	3.4452286883839834e-07	Phi model:	0.41417460665763844
depth_vector,start_model,resistivity_model,conductivity_model,E/I[V/A],modelled_thickness,rhoa,sigma,rel_err
0.0,14.4649,18.930526814588948,0.052824731704209246,0.0001781648731799969,1.0,15.433846798659653,0.0647926607698895,0.015
1.0,14.4649,18.598424579482955,0.053767995010887124,0.00010990848747419827,1.0,14.963049941504964,0.06683129468318952,0.015
2.0,14.4649,17.96866552494501,0.05565243554741166,7.373563421318847e-05,1.0,14.57349585925216,0.06861771600018247,0.015
3.0,14.4649,17.088612519221503,0.05851850165571877,5.250837160738767e-05,1.0,14.267029960315622,0.07009167309394769,0.015
4.0,14.4649,16.013729679509126,0.0624464144214687,3.449324300001407e-05,1.0,13.975094244022022,0.07155586807063997,0.015
5.0,14.4649,14.805870906386643,0.06754077529938757,2.1057278968503387e-05,1.0,13.743706382711595,0.07276057652526063,0.015
6.0,14.4649,13.529057477464683,0.07391497904903557,1.383372616886061e-05,1.5,13.651458587881407,0.07325224579941327,0.015
7.5,14.4649,12.218558836184489,0.08184271266416161,9.608965502521376e-06,1.5,13.643750915446681,0.07329362769792702,0.015
9.0,14.4649,11.038485471546826,0.09059213807706083,6.093174705919985e-06,1.5,13.71865445213747,0.07289344618226698,0.015
10.5,14.4649,10.162069870967246,0.09840514901958827,3.5722586839789963e-06,1.5,13.920231908675095,0.07183788363301616,0.015
12.0,14.4649,9.792702931335743,0.10211685241672068,2.263542622644817e-06,1.5,14.178291972606347,0.07053035738945736,0.015
13.5,14.4649,10.1866069104844,0.09816811513270098,1.531821784820396e-06,1.5,14.449411186904666,0.06920697231637289,0.015
15.0,14.4649,11.719663079715293,0.08532668500776501,9.427500710914722e-07,1.5,14.85604419661243,0.06731266996553674,0.015
16.5,14.4649,15.003584787377086,0.06665073808502929,5.347610809345521e-07,1.5,15.412300304997597,0.06488324132094284,0.015
18.0,14.4649,21.068249634231304,0.04746478788514156,3.3297173138862e-07,1.5,15.933007709288615,0.06276278893764801,0.015
19.5,14.4649,31.635942438142674,0.031609616244412074,2.2173239776753075e-07,nan,16.416740508067715,0.060913431597981814,0.015
nan,nan,nan,nan,1.3437140341398546e-07,nan,17.0630336525457,0.058606225619839074,0.015
nan,nan,nan,nan,7.537323133248224e-08,nan,17.85604161206549,0.056003453717552436,0.015
nan,nan,nan,nan,4.6645934884200884e-08,nan,18.54712300403064,0.053916717961199755,0.015
Name:	100.0_8_210_0.015
Lambda:	100.0	Maximal Depth:	20	Filter time:	8.0 to 210.0 [us]
Chi2:	4.616407008585698	RelRMS:	3.222873837015315	AbsRMS:	3.2117095228406835e-07	Phi model:	0.39673115074365295
depth_vector,start_model,resistivity_model,conductivity_model,E/I[V/A],modelled_thickness,rhoa,sigma,rel_err
0.0,14.4649,19.14099550126293,0.052243886684682606,0.00017812677225513237,1.0,15.436047564134144,0.0647834230780367,0.015
1.0,14.4649,18.7856408694215,0.05323214719960708,0.00010998501316699397,1.0,14.956108446741364,0.06686231271730848,0.015
2.0,14.4649,18.109867599187314,0.05521851523888972,7.380758366191161e-05,1.0,14.564023251566102,0.0686623457493085,0.015
3.0,14.4649,17.16697262160472,0.05825138899222656,5.25570715197828e-05,1.0,14.25821528279456,0.07013500498948867,0.015
4.0,14.4649,16.020771399457306,0.062418966919025785,3.451667540871612e-05,1.0,13.968768660247347,0.07158827125871328,0.015
5.0,14.4649,14.744319050628372,0.06782273203436832,2.1062138263165995e-05,1.0,13.741592406548671,0.07277176985131953,0.015
6.0,14.4649,13.411915944036862,0.07456056272441933,1.3831401457721669e-05,1.5,13.652988189877263,0.07324403904058381,0.015
7.5,14.4649,12.076981286770089,0.08280214867066699,9.60437314529754e-06,1.5,13.64809976674059,0.07327027330478095,0.015
9.0,14.4649,10.914472030478766,0.09162147259230594,6.0883311024447806e-06,1.5,13.725929452341791,0.07285481128779875,0.015
10.5,14.4649,10.09848744394589,0.0990247307382163,3.568532007341476e-06,1.5,13.929921640648768,0.07178791279643022,0.015
12.0,14.4649,9.822617219319097,0.10180586066544492,2.2609583343406384e-06,1.5,14.18909382802579,0.07047666412810914,0.015
13.5,14.4649,10.326202354177184,0.0968410230306476,1.530073882751203e-06,1.5,14.460413422293037,0.06915431604869196,0.015
15.0,14.4649,11.960108769703112,0.08361127973460923,9.417721503173871e-07,1.5,14.866326599574082,0.06726611266758056,0.015
16.5,14.4649,15.288684512440414,0.06540785109315973,5.343466339231242e-07,1.5,15.42026861116543,0.06484971340096664,0.015
18.0,14.4649,21.240946575361107,0.04707888118131098,3.328224996608235e-07,1.5,15.937770072850903,0.06274403479464445,0.015
19.5,14.4649,31.32867660887192,0.03191963747733958,2.2171063495584387e-07,nan,16.417814786973604,0.06090944580477486,0.015
nan,nan,nan,nan,1.3442675375148559e-07,nan,17.058349518028283,0.05862231858616452,0.015
nan,nan,nan,nan,7.545531211196777e-08,nan,17.84308998437762,0.056044104517521474,0.015
nan,nan,nan,nan,4.672545073774771e-08,nan,18.526075103987555,0.05397797398461155,0.015
