Name:	5.000000000000001_8_210_0.015
Lambda:	5.000000000000001	Maximal Depth:	20	Filter time:	8.0 to 210.0 [us]
Chi2:	0.8790460615393012	RelRMS:	1.4063618447837056	AbsRMS:	4.3394208084083183e-07	Phi model:	1.3266017914864765
depth_vector,start_model,resistivity_model,conductivity_model,E/I[V/A],modelled_thickness,rhoa,sigma,rel_err
0.0,16.5139,15.277246273413269,0.06545682265659898,0.0001545235261495258,1.0,16.970416467238934,0.05892607302422312,0.015
1.0,16.5139,15.358154430559296,0.06511199014969035,9.046992596620816e-05,1.0,17.03615004217601,0.05869870818960403,0.015
2.0,16.5139,15.750076211570141,0.06349175626625803,5.900518001266597e-05,1.0,16.907858145544967,0.059144096868561015,0.015
3.0,16.5139,16.551204324502685,0.06041856413551629,4.149105069847866e-05,1.0,16.692305254658994,0.05990784284997962,0.015
4.0,16.5139,17.751227117561932,0.05633413359973654,2.710146522232969e-05,1.0,16.412783838436283,0.0609281161467654,0.015
5.0,16.5139,19.19584991108548,0.05209459360392823,1.662549652679064e-05,1.0,16.08874935433367,0.062155235188037755,0.015
6.0,16.5139,20.680284534113596,0.04835523410475465,1.1028912932359157e-05,1.5,15.87754553961858,0.06298202688222443,0.015
7.5,16.5139,21.56471685623309,0.04637204405078747,7.742742821318178e-06,1.5,15.75632688383717,0.06346656853291101,0.015
9.0,16.5139,21.12536023659798,0.04733647089565747,4.983750442078773e-06,1.5,15.685670196957982,0.06375245605979502,0.015
10.5,16.5139,18.99426587273758,0.05264746775158589,2.9763789338816835e-06,1.5,15.721099739755546,0.06360878160903706,0.015
12.0,16.5139,15.499456593235458,0.06451839095032773,1.9165363300900456e-06,1.5,15.841817134711652,0.0631240716577178,0.015
13.5,16.5139,11.550444426842859,0.08657675523515203,1.3149194429217856e-06,1.5,15.997650809849663,0.0625091778715601,0.015
15.0,16.5139,8.45065481476044,0.11833402522291381,8.231203681641703e-07,1.5,16.262675625248228,0.061490496585166705,0.015
16.5,16.5139,7.522145358324751,0.13294079712156864,4.760960905843436e-07,1.5,16.653706786449995,0.06004669187604726,0.015
18.0,16.5139,11.206068879332136,0.08923735975283408,3.0118773226676995e-07,1.5,17.035092265897184,0.05870235302463935,0.015
19.5,16.5139,28.8691741533235,0.03463902343340421,2.032482160106777e-07,nan,17.397567931263815,0.05747929848303554,0.015
nan,nan,nan,nan,1.2514645840595583e-07,nan,17.891569516342557,0.05589224573543298,0.015
nan,nan,nan,nan,7.143938134516482e-08,nan,18.50567037783438,0.054037491189607184,0.015
nan,nan,nan,nan,4.4824469553211815e-08,nan,19.04622808041617,0.0525038341333435,0.015
Name:	5.8538995686138975_8_210_0.015
Lambda:	5.8538995686138975	Maximal Depth:	20	Filter time:	8.0 to 210.0 [us]
Chi2:	0.9408100198240449	RelRMS:	1.454930426035589	AbsRMS:	4.069487315507862e-07	Phi model:	1.243442500529635
depth_vector,start_model,resistivity_model,conductivity_model,E/I[V/A],modelled_thickness,rhoa,sigma,rel_err
0.0,16.5139,14.729035596954112,0.06789310769313334,0.00015417125047559804,1.0,16.996257820073275,0.05883648098224064,0.015
1.0,16.5139,14.995331159491382,0.06668742352962603,9.029263134349451e-05,1.0,17.0584437048378,0.058621994907800325,0.015
2.0,16.5139,15.680603529639072,0.06377305555298467,5.893257035299703e-05,1.0,16.92174318803203,0.05909556650802111,0.015
3.0,16.5139,16.86729454862818,0.05928633054441621,4.147020711033637e-05,1.0,16.697897998960155,0.059887777495243655,0.015
4.0,16.5139,18.35343214121538,0.054485721924149015,2.7107959822368015e-05,1.0,16.41016225363083,0.06093784964123344,0.015
5.0,16.5139,20.00705934502257,0.04998235786453963,1.6640479085103433e-05,1.0,16.079090705644642,0.06219257160163573,0.015
6.0,16.5139,21.39246943165837,0.04674542147621893,1.1043149399702827e-05,1.5,15.863896730720457,0.06303621468132094,0.015
7.5,16.5139,21.974496044718624,0.04550730073467788,7.75462669378791e-06,1.5,15.740225181399902,0.06353149262322448,0.015
9.0,16.5139,21.106454528975238,0.04737887164455716,4.992667878771806e-06,1.5,15.66698711390466,0.06382848168123446,0.015
10.5,16.5139,18.67820792109699,0.0535383268150957,2.9825207574116013e-06,1.5,15.699509638007127,0.06369625695691082,0.015
12.0,16.5139,14.90722261609203,0.06708157688076123,1.9209599271405926e-06,1.5,15.817487375388113,0.06322116631216612,0.015
13.5,16.5139,10.976956159567836,0.09109993567099844,1.3182569615393813e-06,1.5,15.970637860730575,0.06261490672572642,0.015
15.0,16.5139,8.288652304463257,0.12064687518156866,8.254727270924391e-07,1.5,16.23176497926957,0.06160759481653116,0.015
16.5,16.5139,7.78389686059886,0.12847035590385047,4.776586892889715e-07,1.5,16.61736665430409,0.06017800658812499,0.015
18.0,16.5139,11.604759225055044,0.08617154226181342,3.022955311359212e-07,1.5,16.99344868879729,0.05884620704796884,0.015
19.5,16.5139,28.58429968720075,0.034984239982894245,2.0407044379921197e-07,nan,17.350805036525443,0.05763421339210975,0.015
nan,nan,nan,nan,1.2571334219989253e-07,nan,17.83774293723826,0.05606090431499545,0.015
nan,nan,nan,nan,7.180521746426276e-08,nan,18.442761259323106,0.05422181559144156,0.015
nan,nan,nan,nan,4.5076759499612464e-08,nan,18.975095114593156,0.05270065809740954,0.015
Name:	6.853628031883595_8_210_0.015
Lambda:	6.853628031883595	Maximal Depth:	20	Filter time:	8.0 to 210.0 [us]
Chi2:	0.9200637714197112	RelRMS:	1.4387993208555354	AbsRMS:	3.981368749569252e-07	Phi model:	1.1984320964995692
depth_vector,start_model,resistivity_model,conductivity_model,E/I[V/A],modelled_thickness,rhoa,sigma,rel_err
0.0,16.5139,14.63837929466423,0.06831357350909097,0.00015424283997611657,1.0,16.99099837442414,0.058854693406672286,0.015
1.0,16.5139,14.953184442404975,0.0668753872361897,9.037935789105963e-05,1.0,17.04752929053379,0.058659526724220576,0.015
2.0,16.5139,15.722374492126342,0.0636036242808485,5.8997919983985854e-05,1.0,16.909245188994195,0.05913924535501295,0.015
3.0,16.5139,16.986175416255005,0.05887140427403364,4.151189221803225e-05,1.0,16.686717745395555,0.05992790285410891,0.015
4.0,16.5139,18.50167661202241,0.05404915570463483,2.712532728748538e-05,1.0,16.40315691039167,0.06096387454334986,0.015
5.0,16.5139,20.131520406236813,0.049673347060771256,1.664034361614639e-05,1.0,16.07917797205944,0.06219223406430887,0.015
6.0,16.5139,21.418909759263585,0.046687717126568704,1.103616572712466e-05,1.5,15.870588461777452,0.06300963586878891,0.015
7.5,16.5139,21.86886555321242,0.04572710905221626,7.74556120363718e-06,1.5,15.752504475496139,0.06348196895011542,0.015
9.0,16.5139,20.899220000247965,0.04784867569163515,4.9837298383685934e-06,1.5,15.685713428672717,0.06375228035035047,0.015
10.5,16.5139,18.443854270067867,0.054218602324508626,2.9752965362987026e-06,1.5,15.724912345450019,0.06359335925260967,0.015
12.0,16.5139,14.756548486655047,0.06776652419123219,1.9154445022454627e-06,1.5,15.84783658841878,0.06310009536133002,0.015
13.5,16.5139,10.992717161158154,0.09096931953579378,1.314055663991566e-06,1.5,16.00466061956879,0.06248179975633516,0.015
15.0,16.5139,8.332885118667257,0.12000645463835913,8.225806561780689e-07,1.5,16.26978836356549,0.06146361450155042,0.015
16.5,16.5139,7.902392874408801,0.1265439488890019,4.7585771424485234e-07,1.5,16.659267998236153,0.06002664703550467,0.015
18.0,16.5139,11.890235412806092,0.08410262415182916,3.011117025738464e-07,1.5,17.03795968093393,0.058692473672128403,0.015
19.5,16.5139,28.597430464732618,0.034968176642067056,2.0325568714787274e-07,nan,17.39714160317432,0.05748070705003274,0.015
nan,nan,nan,nan,1.2520639090006796e-07,nan,17.88585962703983,0.05591008879932171,0.015
nan,nan,nan,nan,7.151704086928448e-08,nan,18.492271223739266,0.05407664574572431,0.015
nan,nan,nan,nan,4.489851683203838e-08,nan,19.025281444923106,0.05256164030450387,0.015
Name:	8.024090035856696_8_210_0.015
Lambda:	8.024090035856696	Maximal Depth:	20	Filter time:	8.0 to 210.0 [us]
Chi2:	0.9398753214609828	RelRMS:	1.454207506956009	AbsRMS:	3.8620437899058487e-07	Phi model:	1.1491033944389353
depth_vector,start_model,resistivity_model,conductivity_model,E/I[V/A],modelled_thickness,rhoa,sigma,rel_err
0.0,16.5139,14.557114360232848,0.06869493329885501,0.00015424521491950584,1.0,16.990823964852382,0.05885529754581788,0.015
1.0,16.5139,14.928504523803008,0.06698594614119137,9.04324434630306e-05,1.0,17.04085715406441,0.05868249413507292,0.015
2.0,16.5139,15.768981141490785,0.06341563801917648,5.9052678690701014e-05,1.0,16.89879043822306,0.05917583294826348,0.015
3.0,16.5139,17.04305693958452,0.05867491985415958,4.155585184796072e-05,1.0,16.67494770108314,0.05997020308105937,0.015
4.0,16.5139,18.587813553805223,0.05379868896927278,2.7153135159662358e-05,1.0,16.391955876468728,0.0610055326854276,0.015
5.0,16.5139,20.174018146101357,0.049568707272787435,1.6653453560474275e-05,1.0,16.070738289392228,0.062224894836354065,0.015
6.0,16.5139,21.523764240012294,0.04646027473860812,1.1041751246803108e-05,1.5,15.865235871264066,0.06303089396932646,0.015
7.5,16.5139,21.93077796237458,0.04559801762234083,7.74750585951869e-06,1.5,15.749868402873961,0.06349259399637426,0.015
9.0,16.5139,20.861688141229294,0.04793475931718506,4.983531192366607e-06,1.5,15.686130252733243,0.06375058627514292,0.015
10.5,16.5139,18.18515645744626,0.0549899035699817,2.9743642111835696e-06,1.5,15.728198193868696,0.06358007367874019,0.015
12.0,16.5139,14.550466130200578,0.06872632059013047,1.9145289430966034e-06,1.5,15.852888649438407,0.06307998637430821,0.015
13.5,16.5139,10.865774804708996,0.092032093244434,1.313312599894085e-06,1.5,16.010696942036766,0.062458242987190486,0.015
15.0,16.5139,8.318727407556729,0.12021069461797732,8.220773915412655e-07,1.5,16.276427782199107,0.061438542497246285,0.015
16.5,16.5139,8.041902779422497,0.12434868058325517,4.755809473657504e-07,1.5,16.665730671655275,0.060003369771286355,0.015
18.0,16.5139,12.209623066522457,0.08190261030595597,3.009632112118583e-07,1.5,17.043563426388154,0.05867317620044898,0.015
19.5,16.5139,28.48158842903448,0.035110401320896406,2.0317898180817447e-07,nan,17.40151990941286,0.057466244627233876,0.015
nan,nan,nan,nan,1.251825305861013e-07,nan,17.888132301287612,0.05590298546305019,0.015
nan,nan,nan,nan,7.152242460649624e-08,nan,18.49134322781526,0.05407935960518912,0.015
nan,nan,nan,nan,4.491318708875258e-08,nan,19.021138326795594,0.05257308909799961,0.015
Name:	9.394443439884116_8_210_0.015
Lambda:	9.394443439884116	Maximal Depth:	20	Filter time:	8.0 to 210.0 [us]
Chi2:	0.9717069053263643	RelRMS:	1.4786279237808	AbsRMS:	3.531217446277823e-07	Phi model:	1.0796518412171774
depth_vector,start_model,resistivity_model,conductivity_model,E/I[V/A],modelled_thickness,rhoa,sigma,rel_err
0.0,16.5139,14.460042852955038,0.06915608827505246,0.00015398233131218582,1.0,17.010156655373162,0.0587884062598636,0.015
1.0,16.5139,14.879235641928899,0.06720775341322326,9.037877414531803e-05,1.0,17.047602695762762,0.058659274142314054,0.015
2.0,16.5139,15.804333911567051,0.06327378335559647,5.9059242078365733e-05,1.0,16.89753841439918,0.05918021758410997,0.015
3.0,16.5139,17.182472612810685,0.05819884149004451,4.15744347631252e-05,1.0,16.669978425629125,0.05998808003629795,0.015
4.0,16.5139,18.81046190232827,0.05316190560297856,2.7167859800523973e-05,1.0,16.386032517686477,0.061027585470774394,0.015
5.0,16.5139,20.44176374632608,0.04891945785156264,1.6658848420830568e-05,1.0,16.06726849896881,0.06223833254944233,0.015
6.0,16.5139,21.735638390707695,0.04600739035240459,1.1041761154211723e-05,1.5,15.865226381026904,0.06303093167305145,0.015
7.5,16.5139,21.964814439203632,0.045527359348648176,7.745154534566697e-06,1.5,15.753055874031045,0.06347974691364504,0.015
9.0,16.5139,20.637223445903217,0.04845613086573011,4.980294832756473e-06,1.5,15.692925092991937,0.06372298306875719,0.015
10.5,16.5139,17.819098124591413,0.056119563010876554,2.9715091075513235e-06,1.5,15.7382712905459,0.06353937999535614,0.015
12.0,16.5139,14.183853462468965,0.07050270243175026,1.912373604037985e-06,1.5,15.864797736311305,0.0630326346809454,0.015
13.5,16.5139,10.669482671400647,0.09372525649069019,1.3117488539596254e-06,1.5,16.023418732192166,0.0624086542774377,0.015
15.0,16.5139,8.354809485761901,0.11969153835334964,8.211070701260011e-07,1.5,16.289248081429335,0.06139018787122879,0.015
16.5,16.5139,8.287000379951085,0.1206709248402258,4.750836221725548e-07,1.5,16.67735928040181,0.059961531270429455,0.015
18.0,16.5139,12.584805105104474,0.07946090476954577,3.0070986728786e-07,1.5,17.053134727811983,0.05864024509048758,0.015
19.5,16.5139,28.291598880816583,0.03534618188999069,2.0305519017467017e-07,nan,17.4085916937007,0.05744290047091231,0.015
nan,nan,nan,nan,1.2515007743403013e-07,nan,17.891224594971497,0.055893323270954844,0.015
nan,nan,nan,nan,7.153784225495899e-08,nan,18.488686328455866,0.054087131028931125,0.015
nan,nan,nan,nan,4.4942474793664596e-08,nan,19.012873746906664,0.05259594174513976,0.015
Name:	10.998825680021056_8_210_0.015
Lambda:	10.998825680021056	Maximal Depth:	20	Filter time:	8.0 to 210.0 [us]
Chi2:	1.0091214434000058	RelRMS:	1.506825553158033	AbsRMS:	3.226498667185764e-07	Phi model:	1.0117718888481808
depth_vector,start_model,resistivity_model,conductivity_model,E/I[V/A],modelled_thickness,rhoa,sigma,rel_err
0.0,16.5139,14.45278984199062,0.0691907936760165,0.00015372328328798802,1.0,17.029261160174507,0.05872245369861675,0.015
1.0,16.5139,14.89814525493875,0.06712244933096614,9.035051743884226e-05,1.0,17.051156883120456,0.05864704705109689,0.015
2.0,16.5139,15.860936548838694,0.0630479793498208,5.9088419193598616e-05,1.0,16.891975429122414,0.05919970723352827,0.015
3.0,16.5139,17.273001665182065,0.05789381714793342,4.1610059148271035e-05,1.0,16.660462417327047,0.060022343615144205,0.015
4.0,16.5139,18.94623377287871,0.052780938522540934,2.7194097688306697e-05,1.0,16.37549091528392,0.061066871532178546,0.015
5.0,16.5139,20.585545095602164,0.048577776073252345,1.667126346781871e-05,1.0,16.059290672926366,0.062269250888263385,0.015
6.0,16.5139,21.845314532799257,0.04577640658359795,1.104645345026816e-05,1.5,15.860733258058813,0.0630487874507253,0.015
7.5,16.5139,21.899496177550926,0.04566315096440873,7.746172263923385e-06,1.5,15.751676035665927,0.06348530770539831,0.015
9.0,16.5139,20.377112772349648,0.04907466583572781,4.979332158213686e-06,1.5,15.694947679189168,0.06371477117607453,0.015
10.5,16.5139,17.458918774550284,0.05727731556078326,2.970119255848915e-06,1.5,15.743180668622864,0.06351956577574328,0.015
12.0,16.5139,13.843355186891046,0.07223682311835423,1.911235232724406e-06,1.5,15.871096712660057,0.06300761806853082,0.015
13.5,16.5139,10.510712450998799,0.09514102917970829,1.3109308411760956e-06,1.5,16.03008371566441,0.06238270602559684,0.015
15.0,16.5139,8.414272446748832,0.11884568824324049,8.206443392556153e-07,1.5,16.29537077421539,0.06136712161114661,0.015
16.5,16.5139,8.53484990486221,0.11716667676022177,4.749094457936457e-07,1.5,16.68143672371858,0.05994687487428138,0.015
18.0,16.5139,12.95178555885195,0.07720943150703619,3.006772569988027e-07,1.5,17.054367716757515,0.05863600554463279,0.015
19.5,16.5139,28.07020951793028,0.035624956748585526,2.0309003304946282e-07,nan,17.406600515315382,0.057449471487562395,0.015
nan,nan,nan,nan,1.252227690972796e-07,nan,17.884300035684152,0.05591496441038911,0.015
nan,nan,nan,nan,7.161820765302819e-08,nan,18.474852521739265,0.05412763099587967,0.015
nan,nan,nan,nan,4.501505198932029e-08,nan,18.99243210850128,0.05265255098910612,0.015
Name:	12.87720418070694_8_210_0.015
Lambda:	12.87720418070694	Maximal Depth:	20	Filter time:	8.0 to 210.0 [us]
Chi2:	1.0475603811256449	RelRMS:	1.5352559583120662	AbsRMS:	2.9910036109970177e-07	Phi model:	0.9537987177151737
depth_vector,start_model,resistivity_model,conductivity_model,E/I[V/A],modelled_thickness,rhoa,sigma,rel_err
0.0,16.5139,14.481862974923727,0.06905188936889985,0.00015350160942228275,1.0,17.045652016156193,0.0586659870242676,0.015
1.0,16.5139,14.951788699895747,0.06688163002243154,9.03449698335504e-05,1.0,17.05185489003242,0.058644646371260475,0.015
2.0,16.5139,15.945965489450991,0.0627117875466084,5.9129122263317007e-05,1.0,16.884222518947155,0.05922689060025233,0.015
3.0,16.5139,17.378172854443793,0.05754344880648882,4.1651053262522287e-05,1.0,16.64952883253764,0.06006175970852293,0.015
4.0,16.5139,19.04125688568507,0.05251754156795106,2.7222052868414952e-05,1.0,16.36427799201422,0.06110871500031965,0.015
5.0,16.5139,20.63211233424855,0.04846813471154074,1.6683760179092877e-05,1.0,16.051270363406154,0.06230036485335204,0.015
6.0,16.5139,21.79854790044178,0.04587461534443464,1.1050836435221662e-05,1.5,15.856539189325007,0.06306546391114294,0.015
7.5,16.5139,21.726990126378972,0.046025703246667805,7.7468173626119e-06,1.5,15.75080156674019,0.06348883234689633,0.015
9.0,16.5139,20.105383019898053,0.049737923371582234,4.978015787490869e-06,1.5,15.69771443875088,0.06370354129588647,0.015
10.5,16.5139,17.157046602638285,0.058285089687069296,2.9684330424029078e-06,1.5,15.74914202936144,0.06349552236786486,0.015
12.0,16.5139,13.605293207012064,0.07350080478123086,1.9098497458534774e-06,1.5,15.878771500821205,0.06297716419360798,0.015
13.5,16.5139,10.408053763513912,0.09607944220134249,1.3099036736158984e-06,1.5,16.038462668067833,0.06235011551269027,0.015
15.0,16.5139,8.481203279795398,0.11790779763318256,8.200143256881148e-07,1.5,16.30371614917547,0.06133570965356711,0.015
16.5,16.5139,8.770052687335763,0.11402440049693567,4.746094287348703e-07,1.5,16.688465925909448,0.0599216251775104,0.015
18.0,16.5139,13.260012768102849,0.07541470868003343,3.005474425862436e-07,1.5,17.05927818583215,0.058619127322192745,0.015
19.5,16.5139,27.888668101081628,0.03585685757295868,2.0304813071897568e-07,nan,17.408995192349735,0.05744156908259951,0.015
nan,nan,nan,nan,1.2523908036701795e-07,nan,17.882747155258965,0.055919819886617345,0.015
nan,nan,nan,nan,7.165999066861648e-08,nan,18.46767036352317,0.05414868146960064,0.015
nan,nan,nan,nan,4.505996333696112e-08,nan,18.979810150050987,0.05268756600272493,0.015
Name:	15.076371999678692_8_210_0.015
Lambda:	15.076371999678692	Maximal Depth:	20	Filter time:	8.0 to 210.0 [us]
Chi2:	1.0880513643767074	RelRMS:	1.5646455093239464	AbsRMS:	2.883404796252958e-07	Phi model:	0.901266314058463
depth_vector,start_model,resistivity_model,conductivity_model,E/I[V/A],modelled_thickness,rhoa,sigma,rel_err
0.0,16.5139,14.539404527006596,0.06877860768936747,0.00015322539049891578,1.0,17.066131294640947,0.05859558811164291,0.015
1.0,16.5139,15.028766390937312,0.06653906075770948,9.03117172323343e-05,1.0,17.056040273412453,0.058630255555788914,0.015
2.0,16.5139,16.042164430140172,0.06233572809671433,5.915364372839342e-05,1.0,16.879556089211956,0.059243264142421315,0.015
3.0,16.5139,17.48009968796411,0.0572079117311069,4.168182502647197e-05,1.0,16.64133343913545,0.06009133845298108,0.015
4.0,16.5139,19.10800653476245,0.05233408300236548,2.724450098830483e-05,1.0,16.355287853933138,0.06114230510223144,0.015
5.0,16.5139,20.628857649487212,0.04847578169336283,1.6693806662575652e-05,1.0,16.044829851078298,0.06232537267653198,0.015
6.0,16.5139,21.704231722368664,0.046073964413556594,1.1054128937188757e-05,1.5,15.853390424502262,0.0630779898320328,0.015
7.5,16.5139,21.55720912390647,0.04638819404924833,7.747007234618853e-06,1.5,15.750544207269582,0.0634898697365933,0.015
9.0,16.5139,19.86835711996642,0.05033128778398414,4.97662669566677e-06,1.5,15.700635366765862,0.06369168996286216,0.015
10.5,16.5139,16.880818808810687,0.059238832625705645,2.966830365138452e-06,1.5,15.754813293931846,0.06347266586682826,0.015
12.0,16.5139,13.383835628396701,0.07471699651468251,1.9085721173890492e-06,1.5,15.885857044864762,0.06294907458727626,0.015
13.5,16.5139,10.308041466050481,0.09701163924238164,1.3089742168116066e-06,1.5,16.04605400407168,0.06232061787566278,0.015
15.0,16.5139,8.556941420973516,0.11686418672318442,8.194584446714643e-07,1.5,16.31108841804728,0.06130798720296051,0.015
16.5,16.5139,9.008267691252637,0.11100913452772247,4.743568271563852e-07,1.5,16.694389959666765,0.05990036188300234,0.015
18.0,16.5139,13.53287588530164,0.0738941233537893,3.004480446324745e-07,1.5,17.063040486596137,0.05860620214700595,0.015
19.5,16.5139,27.715551838719474,0.03608082587780083,2.0302617492236237e-07,nan,17.410250273437885,0.05743742819858595,0.015
nan,nan,nan,nan,1.2526667721232517e-07,nan,17.88012062259544,0.05592803432971707,0.015
nan,nan,nan,nan,7.17071922133186e-08,nan,18.459565195799613,0.05417245690204801,0.015
nan,nan,nan,nan,4.5107598248695994e-08,nan,18.9664456495047,0.052724691725574556,0.015
Name:	17.651113509036346_8_210_0.015
Lambda:	17.651113509036346	Maximal Depth:	20	Filter time:	8.0 to 210.0 [us]
Chi2:	1.138933726843415	RelRMS:	1.6008125703522205	AbsRMS:	2.780951683231472e-07	Phi model:	0.8441738858985768
depth_vector,start_model,resistivity_model,conductivity_model,E/I[V/A],modelled_thickness,rhoa,sigma,rel_err
0.0,16.5139,14.690621060035918,0.06807064152790522,0.00015299651851577014,1.0,17.083146871896975,0.058537224288873445,0.015
1.0,16.5139,15.175725615312407,0.06589470746565115,9.033096529244855e-05,1.0,17.053617277432323,0.05863858580451062,0.015
2.0,16.5139,16.166533457046246,0.06185617978380802,5.9215117400603685e-05,1.0,16.867871821588416,0.059284301575030104,0.015
3.0,16.5139,17.55692829597334,0.05695757157186481,4.173603719267019e-05,1.0,16.62691970597959,0.06014343111552809,0.015
4.0,16.5139,19.10543325127302,0.05234113180518263,2.7279038420230208e-05,1.0,16.341480209292264,0.061193966959698635,0.015
5.0,16.5139,20.519322450902333,0.04873455263412098,1.670840345000086e-05,1.0,16.03548377221156,0.06236169823157654,0.015
6.0,16.5139,21.46747653347998,0.046582093542314226,1.10589350741578e-05,1.5,15.848796908928621,0.0630962719597118,0.015
7.5,16.5139,21.21777884853348,0.0471302866873418,7.747493434330053e-06,1.5,15.749885242301687,0.06349252611150201,0.015
9.0,16.5139,19.50149862688932,0.051278110422814716,4.974929201414874e-06,1.5,15.704206636734177,0.06367720593161773,0.015
10.5,16.5139,16.592152031504114,0.060269457397766374,2.9647936299734882e-06,1.5,15.762027896003111,0.0634436131313774,0.015
12.0,16.5139,13.222449685089154,0.07562895105040117,1.9069257565668357e-06,1.5,15.894999190946445,0.0629128688832891,0.015
13.5,16.5139,10.290680578219067,0.09717530268275636,1.3077600601105742e-06,1.5,16.055984169485097,0.06228207436206443,0.015
15.0,16.5139,8.667421326521596,0.11537456901282533,8.187134247209735e-07,1.5,16.32098218846014,0.061270822334887225,0.015
16.5,16.5139,9.237751989368581,0.10825144484836424,4.7399722334749465e-07,1.5,16.702832494895333,0.05987008492754848,0.015
18.0,16.5139,13.824652749866388,0.07233454742721583,3.002864641994749e-07,1.5,17.06916087851482,0.05858518805448213,0.015
19.5,16.5139,27.525195218453103,0.036330350868123626,2.0296715759062952e-07,nan,17.413625061554377,0.05742629673403212,0.015
nan,nan,nan,nan,1.2527628717662675e-07,nan,17.879206219603166,0.05593089467828708,0.015
nan,nan,nan,nan,7.174800535700438e-08,nan,18.45256417114663,0.05419301028979219,0.015
nan,nan,nan,nan,4.515350502508074e-08,nan,18.953588235208493,0.052760458209300115,0.015
Name:	20.665569151220556_8_210_0.015
Lambda:	20.665569151220556	Maximal Depth:	20	Filter time:	8.0 to 210.0 [us]
Chi2:	1.2079906687323632	RelRMS:	1.6486294321792927	AbsRMS:	2.897874138547124e-07	Phi model:	0.7781205203617163
depth_vector,start_model,resistivity_model,conductivity_model,E/I[V/A],modelled_thickness,rhoa,sigma,rel_err
0.0,16.5139,14.911130804799926,0.06706399488347978,0.0001526664357204329,1.0,17.10776185605711,0.058452999779509074,0.015
1.0,16.5139,15.37383507828535,0.06504557873216957,9.03292584249726e-05,1.0,17.053832107588242,0.05863784712381693,0.015
2.0,16.5139,16.317444000026427,0.06128410797661573,5.927593704832348e-05,1.0,16.85633174210037,0.059324888433608614,0.015
3.0,16.5139,17.625204728432426,0.056736929607792384,4.179348266026111e-05,1.0,16.611680326404333,0.060198606062175176,0.015
4.0,16.5139,19.078263312136542,0.05241567241415811,2.7316585350900882e-05,1.0,16.32650242045551,0.06125010576344251,0.015
5.0,16.5139,20.376900841810347,0.04907517623819172,1.672419391916404e-05,1.0,16.025388709727203,0.062400982473081165,0.015
6.0,16.5139,21.206309773051746,0.04715577630912314,1.1063907511641297e-05,1.5,15.844047950452765,0.06311518389285256,0.015
7.5,16.5139,20.839056872748966,0.047986816587063996,7.747722915416249e-06,1.5,15.749574241796145,0.06349377987286824,0.015
9.0,16.5139,19.079979544467133,0.05241095765692175,4.9728180643959095e-06,1.5,15.708650982800554,0.0636591901554693,0.015
10.5,16.5139,16.234909494175753,0.06159566213527389,2.9624058887924505e-06,1.5,15.770496370730857,0.0634095450448816,0.015
12.0,16.5139,13.006123795688023,0.07688685850672392,1.9050381737346004e-06,1.5,15.905497029601372,0.06287134555675448,0.015
13.5,16.5139,10.268074087911351,0.09738924665310941,1.3063920397419362e-06,1.5,16.067191158393662,0.062238632138112704,0.015
15.0,16.5139,8.825705146089605,0.11330539412401158,8.178963656121605e-07,1.5,16.331849896112963,0.0612300508736615,0.015
16.5,16.5139,9.53581324568423,0.10486782555778192,4.7362383065133054e-07,1.5,16.711610060641128,0.05983863890859812,0.015
18.0,16.5139,14.14510692246657,0.07069582474570817,3.001361759984142e-07,1.5,17.074858468801704,0.058565639172186885,0.015
19.5,16.5139,27.291119108004096,0.03664195652961385,2.029295770274468e-07,nan,17.41577488334514,0.05741920797083275,0.015
nan,nan,nan,nan,1.2531108290485465e-07,nan,17.87589632989587,0.05594125080752385,0.015
nan,nan,nan,nan,7.181202025396829e-08,nan,18.441596512744223,0.05422524016881843,0.015
nan,nan,nan,nan,4.5218905992150194e-08,nan,18.935308536035798,0.052811391908238484,0.015
Name:	24.19483326789813_8_210_0.015
Lambda:	24.19483326789813	Maximal Depth:	20	Filter time:	8.0 to 210.0 [us]
Chi2:	1.2878987999795235	RelRMS:	1.7022844356786933	AbsRMS:	3.2220501088571374e-07	Phi model:	0.7133960951559241
depth_vector,start_model,resistivity_model,conductivity_model,E/I[V/A],modelled_thickness,rhoa,sigma,rel_err
0.0,16.5139,15.173915922973233,0.0659025662904857,0.0001523213373796852,1.0,17.133591606424787,0.05836487894488031,0.015
1.0,16.5139,15.610617371723714,0.0640589655224879,9.033009917267135e-05,1.0,17.053726288358018,0.058638210974610576,0.015
2.0,16.5139,16.49327439039316,0.060630774479958335,5.934080299301115e-05,1.0,16.844045635124225,0.05936816021886924,0.015
3.0,16.5139,17.705030206755982,0.05648112363109183,4.185376098449209e-05,1.0,16.5957269252205,0.06025647472424372,0.015
4.0,16.5139,19.03172649506233,0.05254384042663939,2.7355623710320243e-05,1.0,16.310966028005467,0.06130844723010448,0.015
5.0,16.5139,20.187486799643917,0.04953563610590887,1.674045461209948e-05,1.0,16.0150096156813,0.062441423639286314,0.015
6.0,16.5139,20.874402370985084,0.04790556310201129,1.1068964923402932e-05,1.5,15.839221484253956,0.06313441610713742,0.015
7.5,16.5139,20.413259405255168,0.048987767222639665,7.747909651035075e-06,1.5,15.7493211827184,0.06349480008683116,0.015
9.0,16.5139,18.64437366316929,0.05363548371568164,4.970619122280462e-06,1.5,15.713283520118445,0.06364042236746086,0.015
10.5,16.5139,15.883816882850109,0.06295715994306812,2.95994310167146e-06,1.5,15.77924293331292,0.06337439661878921,0.015
12.0,16.5139,12.81625663597946,0.07802590322611597,1.9030990224304544e-06,1.5,15.91629973592602,0.06282867353539566,0.015
13.5,16.5139,10.269390296916766,0.09737676445117052,1.3049904793314523e-06,1.5,16.07869321422577,0.06219410910304831,0.015
15.0,16.5139,9.003730760566281,0.11106507142347134,8.170624161110089e-07,1.5,16.34296093810086,0.06118842257455738,0.015
16.5,16.5139,9.84861080384338,0.10153716294787019,4.732453260626576e-07,1.5,16.720519573823236,0.0598067539459448,0.015
18.0,16.5139,14.461856359825598,0.06914741614900533,2.999859308505078e-07,1.5,17.080559181792964,0.05854609262827594,0.015
19.5,16.5139,27.05359106883913,0.036963669534867044,2.02894261533705e-07,nan,17.417795735136842,0.057412546065326996,0.015
nan,nan,nan,nan,1.2534919378244312e-07,nan,17.872272848948075,0.055952592513092585,0.015
nan,nan,nan,nan,7.187933033373287e-08,nan,18.43008185208446,0.05425911876169443,0.015
nan,nan,nan,nan,4.528715759517732e-08,nan,18.91627900588407,0.05286451948022872,0.015
Name:	28.326824805926805_8_210_0.015
Lambda:	28.326824805926805	Maximal Depth:	20	Filter time:	8.0 to 210.0 [us]
Chi2:	1.3802708271361745	RelRMS:	1.762273917714381	AbsRMS:	3.722079031591348e-07	Phi model:	0.6497528018327703
depth_vector,start_model,resistivity_model,conductivity_model,E/I[V/A],modelled_thickness,rhoa,sigma,rel_err
0.0,16.5139,15.487723495468876,0.0645672684105293,0.0001519617216868721,1.0,17.160611923164463,0.05827298026885263,0.015
1.0,16.5139,15.889156283700757,0.06293600378427955,9.033382431927475e-05,1.0,17.05325744908202,0.05863982309455078,0.015
2.0,16.5139,16.694254365738935,0.05990084840520142,5.940988048685874e-05,1.0,16.83098641504587,0.05941422417797576,0.015
3.0,16.5139,17.787607042041763,0.056218916779331676,4.191690276262211e-05,1.0,16.57905668965745,0.06031706258799587,0.015
4.0,16.5139,18.964981270181397,0.052728762857904746,2.7396065336527746e-05,1.0,16.29491008756823,0.061368856570919256,0.015
5.0,16.5139,19.95864446809555,0.050103603057739116,1.675703713115297e-05,1.0,16.004442392694834,0.06248265172027775,0.015
6.0,16.5139,20.494576615816097,0.048793396357760276,1.1073954091032249e-05,1.5,15.834463745781338,0.06315338593429934,0.015
7.5,16.5139,19.946786565422677,0.05013338848942608,7.747914851578933e-06,1.5,15.749314135227019,0.06349482849943709,0.015
9.0,16.5139,18.188360778122522,0.054980215765393685,4.968221392045522e-06,1.5,15.718338741045706,0.06361995478495917,0.015
10.5,16.5139,15.53643392348903,0.06436483461549902,2.9573273677558934e-06,1.5,15.788545977062226,0.06333705468843116,0.015
12.0,16.5139,12.646197876155798,0.07907515047550251,1.9010538905324262e-06,1.5,15.927712738268083,0.06278365365024383,0.015
13.5,16.5139,10.295944389905662,0.097125621713771,1.3035166701810942e-06,1.5,16.09081041610872,0.062147273763096915,0.015
15.0,16.5139,9.206299346298893,0.1086212779298795,8.16187087552182e-07,1.5,16.354643639182324,0.061144713517585186,0.015
16.5,16.5139,10.178310921350587,0.0982481285674173,4.728480060916213e-07,1.5,16.729884762693096,0.05977327484227242,0.015
18.0,16.5139,14.777490166255943,0.06767048996476255,2.9982760414840493e-07,1.5,17.086571682794535,0.058525491161398886,0.015
19.5,16.5139,26.811379563091705,0.03729759588263003,2.028561715074309e-07,nan,17.41997601072045,0.057405360339451025,0.015
nan,nan,nan,nan,1.2538794074438775e-07,nan,17.868590772653704,0.055964122337527115,0.015
nan,nan,nan,nan,7.194874289291521e-08,nan,18.418226329374352,0.05429404450335957,0.015
nan,nan,nan,nan,4.5357709205322565e-08,nan,18.896658377159092,0.05291940934957724,0.015
Name:	33.164477502323265_8_210_0.015
Lambda:	33.164477502323265	Maximal Depth:	20	Filter time:	8.0 to 210.0 [us]
Chi2:	1.4864825373962425	RelRMS:	1.828820852117983	AbsRMS:	4.3540617783493076e-07	Phi model:	0.5873664205231584
depth_vector,start_model,resistivity_model,conductivity_model,E/I[V/A],modelled_thickness,rhoa,sigma,rel_err
0.0,16.5139,15.852412459790328,0.06308188123015987,0.00015158984046060531,1.0,17.188666146989668,0.058177870897512,0.015
1.0,16.5139,16.210005086278276,0.061690295263787255,9.03407495599224e-05,1.0,17.05238593819224,0.05864282005020185,0.015
2.0,16.5139,16.92091428083431,0.059098461430814216,5.9483114132985336e-05,1.0,16.81716907566416,0.059463040152642754,0.015
3.0,16.5139,17.877420599616375,0.05593648112868467,4.1982821158092856e-05,1.0,16.561697986350115,0.06038028231309277,0.015
4.0,16.5139,18.886127708414413,0.05294891655076895,2.7437842058699815e-05,1.0,16.278365521182707,0.06143122899524036,0.015
5.0,16.5139,19.703419297334136,0.05075261227046513,1.6773911743253124e-05,1.0,15.993706909986955,0.06252459205536458,0.015
6.0,16.5139,20.076593237227357,0.04980924742479383,1.1078863675425723e-05,1.5,15.829785385179772,0.06317205038902322,0.015
7.5,16.5139,19.445452621231667,0.05142590504209413,7.747734758103875e-06,1.5,15.749558192603162,0.06349384457461503,0.015
9.0,16.5139,17.714276534808413,0.056451642156257864,4.965625967504597e-06,1.5,15.723815352905,0.06359779592649875,0.015
10.5,16.5139,15.190736369323607,0.0658295934895832,2.954562109240396e-06,1.5,15.798395739808964,0.06329756618769775,0.015
12.0,16.5139,12.493523284427926,0.08004147246809167,1.8989069683559273e-06,1.5,15.939715825611481,0.06273637566318645,0.015
13.5,16.5139,10.34779738310787,0.09663892352902437,1.301975011988997e-06,1.5,16.10350991059779,0.06209826339423653,0.015
15.0,16.5139,9.435062976199195,0.10598763384225321,8.152746282828386e-07,1.5,16.366844161078234,0.06109913372170343,0.015
16.5,16.5139,10.527514194554586,0.094989185625345,4.724356003232275e-07,1.5,16.73961941938436,0.059738514654760135,0.015
18.0,16.5139,15.09550546236379,0.06624488345178016,2.996643615964609e-07,1.5,17.0927764076855,0.05850424624699155,0.015
19.5,16.5139,26.56313821878828,0.037646154297111385,2.0281796911599018e-07,nan,17.422163403535574,0.05739815296400357,0.015
nan,nan,nan,nan,1.2542940393653038e-07,nan,17.86465267619183,0.05597645910758159,0.015
nan,nan,nan,nan,7.202176238774329e-08,nan,18.405775306299265,0.05433077299698188,0.015
nan,nan,nan,nan,4.5431679907396406e-08,nan,18.876141435754104,0.05297692875440409,0.015
Name:	38.82830410883109_8_210_0.015
Lambda:	38.82830410883109	Maximal Depth:	20	Filter time:	8.0 to 210.0 [us]
Chi2:	1.6053861043754376	RelRMS:	1.9005574800159912	AbsRMS:	5.058232350463652e-07	Phi model:	0.5277588258615338
depth_vector,start_model,resistivity_model,conductivity_model,E/I[V/A],modelled_thickness,rhoa,sigma,rel_err
0.0,16.5139,16.257391162357763,0.06151048406311292,0.0001512184468231496,1.0,17.216798301196302,0.058082808574839107,0.015
1.0,16.5139,16.565406681936768,0.06036676425761517,9.035212145645879e-05,1.0,17.050955076850297,0.05864774116716065,0.015
2.0,16.5139,17.172804686302253,0.05823160620918503,5.9559358163017294e-05,1.0,16.802813845228176,0.05951384150363539,0.015
3.0,16.5139,17.97803231789644,0.055623439891391145,4.205021333808586e-05,1.0,16.54399807974248,0.06044488129048222,0.015
4.0,16.5139,18.80358453627697,0.053181349442748105,2.7479994868796234e-05,1.0,16.261714513779328,0.06149413084042597,0.015
5.0,16.5139,19.43133846180885,0.051463258795344496,1.6790596413625013e-05,1.0,15.983109949039292,0.06256604648209328,0.015
6.0,16.5139,19.638432800143235,0.05092056021867011,1.1083463483323644e-05,1.5,15.825405345831818,0.06318953468470781,0.015
7.5,16.5139,18.92866207181187,0.05282993569255891,7.747257610320688e-06,1.5,15.750204854946466,0.06349123768291451,0.015
9.0,16.5139,17.235513667087268,0.058019738739181766,4.96279281137927e-06,1.5,15.729799051729058,0.06357360298827705,0.015
10.5,16.5139,14.854718354010247,0.06731867788863431,2.951635832837004e-06,1.5,15.80883578950054,0.06325576489725773,0.015
12.0,16.5139,12.359292679273981,0.08091077911577887,1.8966522081004016e-06,1.5,15.952346192708392,0.06268670375628425,0.015
13.5,16.5139,10.422167600031955,0.09594933015632313,1.3003596561718605e-06,1.5,16.116843409299566,0.062046889369353236,0.015
15.0,16.5139,9.686965315812662,0.1032315041293309,8.143182558539852e-07,1.5,16.379656298589577,0.06105134208988917,0.015
16.5,16.5139,10.893193615204531,0.09180044304034193,4.720007647385007e-07,1.5,16.749898873091226,0.05970185298291584,0.015
18.0,16.5139,15.413848445619559,0.0648767245589591,2.9948916341973794e-07,1.5,17.09944182718996,0.058481441096509476,0.015
19.5,16.5139,26.314380055420607,0.038002035308979505,2.0277327415407884e-07,nan,17.42472341982232,0.05738972010668488,0.015
nan,nan,nan,nan,1.2546825698430694e-07,nan,17.8609644549723,0.055988018033461276,0.015
nan,nan,nan,nan,7.20943304143673e-08,nan,18.393422092950797,0.05436726210851465,0.015
nan,nan,nan,nan,4.550595880390035e-08,nan,18.855594959226593,0.05303465640635597,0.015
Name:	45.4593985345391_8_210_0.015
Lambda:	45.4593985345391	Maximal Depth:	20	Filter time:	8.0 to 210.0 [us]
Chi2:	1.7365001547392258	RelRMS:	1.9766449727159547	AbsRMS:	5.833782724727329e-07	Phi model:	0.47156616786821315
depth_vector,start_model,resistivity_model,conductivity_model,E/I[V/A],modelled_thickness,rhoa,sigma,rel_err
0.0,16.5139,16.697380408415718,0.059889633915029314,0.00015083824092155645,1.0,17.24571749918598,0.05798541000379957,0.015
1.0,16.5139,16.948998484815153,0.05900053627923291,9.036067030341799e-05,1.0,17.049879621466836,0.05865144049116565,0.015
2.0,16.5139,17.443339181332362,0.057328473040883544,5.9634346335988695e-05,1.0,16.788724911510936,0.059563784937256614,0.015
3.0,16.5139,18.088703247556936,0.055283122638161486,4.2116941023780533e-05,1.0,16.526519215946994,0.060508809322356666,0.015
4.0,16.5139,18.72627772677689,0.05340089550044909,2.7522017160998278e-05,1.0,16.245157381090422,0.06155680591706752,0.015
5.0,16.5139,19.162376351274368,0.05218559439959524,1.680751389518805e-05,1.0,15.972383026529561,0.0626080653299533,0.015
6.0,16.5139,19.205090366212957,0.052069528491221026,1.1088443098615697e-05,1.5,15.820667059358893,0.06320845993711996,0.015
7.5,16.5139,18.41597557703136,0.05430068017939885,7.747200941078046e-06,1.5,15.750281661275121,0.06349092806757091,0.015
9.0,16.5139,16.759844079473247,0.059666426206479925,4.960358533704443e-06,1.5,15.734944858192751,0.06355281248280496,0.015
10.5,16.5139,14.521233811024334,0.06886467176369082,2.9490402713900313e-06,1.5,15.818110397325068,0.06321867624397827,0.015
12.0,16.5139,12.233223220813853,0.08174460499491089,1.894662458777922e-06,1.5,15.963512866673963,0.06264285363453041,0.015
13.5,16.5139,10.5132741908032,0.0951178464340614,1.2989571432925758e-06,1.5,16.128442465170117,0.06200226724679284,0.015
15.0,16.5139,9.959479810114281,0.10040685046466552,8.135199441372979e-07,1.5,16.390370179637053,0.06101143470465192,0.015
16.5,16.5139,11.273860451859154,0.08870076086803892,4.7167461299916185e-07,1.5,16.757619420412137,0.05967434722750172,0.015
18.0,16.5139,15.730046921615822,0.06357260121238584,2.993920608340109e-07,1.5,17.10313889755893,0.05846879955718107,0.015
19.5,16.5139,26.055277392942408,0.03837994065151922,2.0278678716008036e-07,nan,17.423949329259635,0.05739226974912761,0.015
nan,nan,nan,nan,1.255472002817209e-07,nan,17.853476427977352,0.056011500283101534,0.015
nan,nan,nan,nan,7.219260483575257e-08,nan,18.376725892786776,0.05441665756099238,0.015
nan,nan,nan,nan,4.5597836424496586e-08,nan,18.830257653123358,0.05310601790061704,0.015
Name:	53.22295069415713_8_210_0.015
Lambda:	53.22295069415713	Maximal Depth:	20	Filter time:	8.0 to 210.0 [us]
Chi2:	1.867462788661203	RelRMS:	2.049827132830402	AbsRMS:	6.645486601960178e-07	Phi model:	0.42342569899400295
depth_vector,start_model,resistivity_model,conductivity_model,E/I[V/A],modelled_thickness,rhoa,sigma,rel_err
0.0,16.5139,17.138124033918924,0.05834944349923304,0.00015045896113792195,1.0,17.274687556022315,0.05788816710907048,0.015
1.0,16.5139,17.332054938428854,0.05769656301877899,9.035307856289456e-05,1.0,17.050834663261654,0.05864815533955275,0.015
2.0,16.5139,17.710632183345233,0.05646325832120112,5.969373860473117e-05,1.0,16.77758710593074,0.059603326371436824,0.015
3.0,16.5139,18.19804777835389,0.05495094925453896,4.217173671287639e-05,1.0,16.512200333151675,0.06056128073932655,0.015
4.0,16.5139,18.656851346614232,0.05359961235803467,2.755652955395083e-05,1.0,16.23159069085587,0.06160825633456577,0.015
5.0,16.5139,18.922264599400755,0.05284779708828661,1.682066592269364e-05,1.0,15.96405610270098,0.06264072197984877,0.015
6.0,16.5139,18.818457817172057,0.053139317244555964,1.1091506530670438e-05,1.5,15.817753853069823,0.06322010124123442,0.015
7.5,16.5139,17.95653801866892,0.05569002215016767,7.746132278671904e-06,1.5,15.751730242002973,0.06348508923378066,0.015
9.0,16.5139,16.334888442514455,0.06121866112028791,4.957498603137918e-06,1.5,15.740995829689757,0.06352838224592232,0.015
10.5,16.5139,14.217723834729988,0.07033474637883141,2.9463016673521966e-06,1.5,15.827910894741018,0.06317953181883657,0.015
12.0,16.5139,12.11778642334884,0.0825233227475586,1.8926153631482314e-06,1.5,15.975021790554928,0.06259772369082088,0.015
13.5,16.5139,10.609261527570716,0.09425726733206262,1.2975231862534222e-06,1.5,16.140323170424576,0.061956628094807516,0.015
15.0,16.5139,10.237653271549586,0.09767863527660167,8.126992832425403e-07,1.5,16.401402282462,0.0609703964806289,0.015
16.5,16.5139,11.645717260728171,0.08586847659200968,4.7132718876250747e-07,1.5,16.76585331575668,0.059645040497890565,0.015
18.0,16.5139,16.010225335899168,0.062460082792072574,2.9927412352801803e-07,1.5,17.10763191473604,0.05845344376030371,0.015
19.5,16.5139,25.82022904476436,0.03872932336372023,2.0278073934407037e-07,nan,17.424295766882388,0.05739112865041336,0.015
nan,nan,nan,nan,1.2560910623858256e-07,nan,17.847609935332965,0.056029911210704865,0.015
nan,nan,nan,nan,7.227735632727634e-08,nan,18.3623575433998,0.05445923801649543,0.015
nan,nan,nan,nan,4.567906622362923e-08,nan,18.807927486503594,0.05316906930429157,0.015
Name:	62.312361621777015_8_210_0.015
Lambda:	62.312361621777015	Maximal Depth:	20	Filter time:	8.0 to 210.0 [us]
Chi2:	2.0060477277553828	RelRMS:	2.1245252145949243	AbsRMS:	7.345056981154442e-07	Phi model:	0.37938144307050464
depth_vector,start_model,resistivity_model,conductivity_model,E/I[V/A],modelled_thickness,rhoa,sigma,rel_err
0.0,16.5139,17.596675669837655,0.05682891579993677,0.00015013458902810744,1.0,17.299560398806367,0.05780493705892075,0.015
1.0,16.5139,17.731642357551507,0.05639635516188508,9.036638257271168e-05,1.0,17.049161105523506,0.05865391228404926,0.015
2.0,16.5139,17.993674955309434,0.055575084160610994,5.976023914190439e-05,1.0,16.7651381867162,0.05964758470003824,0.015
3.0,16.5139,18.32046665342422,0.054583762461808974,4.222789901863667e-05,1.0,16.49755647684442,0.06061503722709338,0.015
4.0,16.5139,18.594198599698174,0.053780215083656914,2.7589412572146063e-05,1.0,16.21869082036078,0.061657257732825765,0.015
5.0,16.5139,18.67748547735732,0.0535403976735679,1.683137152623595e-05,1.0,15.957286086849923,0.06266729784484341,0.015
6.0,16.5139,18.420631829905336,0.054286954390811416,1.1092289630986332e-05,1.5,15.81700936993753,0.06322307691747606,0.015
7.5,16.5139,17.49480528095576,0.05715982452737359,7.743121843037514e-06,1.5,15.75581270373006,0.06346863972070817,0.015
9.0,16.5139,15.921925955078454,0.06280647220828459,4.9531472155445625e-06,1.5,15.750213558129039,0.06349120259921032,0.015
10.5,16.5139,13.9475445234197,0.07169720794372608,2.9425211633772304e-06,1.5,15.841464957397555,0.06312547499169424,0.015
12.0,16.5139,12.042603316885053,0.0830385236220386,1.8898213558608802e-06,1.5,15.990763432344464,0.06253610118309319,0.015
13.5,16.5139,10.731946575639789,0.09317974078159112,1.2955352180049282e-06,1.5,16.15683024752306,0.06189332837443817,0.015
15.0,16.5139,10.522975029193098,0.09503015993345752,8.115011026240939e-07,1.5,16.417542748937944,0.0609104550718889,0.015
16.5,16.5139,12.022368533073559,0.08317828531449507,4.7074186846391687e-07,1.5,16.779748208601784,0.059595649920859424,0.015
18.0,16.5139,16.315166215464693,0.061292663941856,2.989959156594855e-07,1.5,17.118242405318163,0.05841721225359724,0.015
19.5,16.5139,25.60410410367132,0.039056238638578725,2.0266109682664324e-07,nan,17.431152802521215,0.057368552231115866,0.015
nan,nan,nan,nan,1.2559708724277188e-07,nan,17.84874853354222,0.056026336979354725,0.015
nan,nan,nan,nan,7.231741769121137e-08,nan,18.35557550714353,0.0544793596698085,0.015
nan,nan,nan,nan,4.5731027061563876e-08,nan,18.793678067728795,0.05320938223993157,0.015
Name:	72.95406136340671_8_210_0.015
Lambda:	72.95406136340671	Maximal Depth:	20	Filter time:	8.0 to 210.0 [us]
Chi2:	2.162479037609889	RelRMS:	2.2058054843123065	AbsRMS:	7.935105763347827e-07	Phi model:	0.33674464177042573
depth_vector,start_model,resistivity_model,conductivity_model,E/I[V/A],modelled_thickness,rhoa,sigma,rel_err
0.0,16.5139,18.081892772330377,0.055303944813246506,0.0001498632167577519,1.0,17.320438127114397,0.05773526008181879,0.015
1.0,16.5139,18.159586070626535,0.055067334470663865,9.041198705486769e-05,1.0,17.043427473898404,0.058673644226284634,0.015
2.0,16.5139,18.307815933558135,0.0546214798984845,5.984620827718288e-05,1.0,16.74907891565601,0.059704775709502535,0.015
3.0,16.5139,18.467883080533717,0.054148057773555074,4.229606953830892e-05,1.0,16.47982513151634,0.06068025552574466,0.015
4.0,16.5139,18.54516255271908,0.053922417620080695,2.762873253556648e-05,1.0,16.203299363014672,0.06171582574611811,0.015
5.0,16.5139,18.42343378865166,0.05427869806854209,1.6845104544029943e-05,1.0,15.948612093762938,0.06270138079231813,0.015
6.0,16.5139,18.001275526703854,0.05555161902369406,1.1094687546387805e-05,1.5,15.814730248115659,0.06323218823913554,0.015
7.5,16.5139,17.017174784761572,0.05876416106952568,7.741083824971188e-06,1.5,15.75857796871998,0.06345750244628366,0.015
9.0,16.5139,15.495212545495173,0.06453606215880683,4.94935133476614e-06,1.5,15.758265561899995,0.06345876048806914,0.015
10.5,16.5139,13.682812277966125,0.07308439081710799,2.939070747981236e-06,1.5,15.853860926496733,0.06307611783882178,0.015
12.0,16.5139,11.987855308529978,0.08341775691006617,1.8872631439561381e-06,1.5,16.00521064045506,0.062479652562171334,0.015
13.5,16.5139,10.878747622219944,0.09192234572640426,1.2937337376408883e-06,1.5,16.171825327713115,0.06183593872278187,0.015
15.0,16.5139,10.83044105341539,0.09233234316756186,8.104467642045252e-07,1.5,16.431778432174752,0.06085768525468424,0.015
16.5,16.5139,12.42669711514429,0.08047190582776095,4.7026382066497456e-07,1.5,16.791117944637428,0.059555296037889456,0.015
18.0,16.5139,16.65004325877074,0.06005990401695985,2.988008702897977e-07,1.5,17.125691002053895,0.05839180444631807,0.015
19.5,16.5139,25.363132517452417,0.039427306517122764,2.0260749273375576e-07,nan,17.434227186804797,0.05735843575314059,0.015
nan,nan,nan,nan,1.2563396541956674e-07,nan,17.845255521078606,0.0560373035185073,0.015
nan,nan,nan,nan,7.239123421110661e-08,nan,18.343095404231548,0.054516425824689935,0.015
nan,nan,nan,nan,4.580735624074566e-08,nan,18.77279489055637,0.05326857326412535,0.015
Name:	85.41314966877566_8_210_0.015
Lambda:	85.41314966877566	Maximal Depth:	20	Filter time:	8.0 to 210.0 [us]
Chi2:	2.317046965049688	RelRMS:	2.283277396936649	AbsRMS:	8.484386329858512e-07	Phi model:	0.30086317273404073
depth_vector,start_model,resistivity_model,conductivity_model,E/I[V/A],modelled_thickness,rhoa,sigma,rel_err
0.0,16.5139,18.555889420310816,0.05389124591922955,0.00014961575625696536,1.0,17.33953123043002,0.05767168597067085,0.015
1.0,16.5139,18.5754680152249,0.05383444439625295,9.045201305215217e-05,1.0,17.038399168607476,0.05869095976119971,0.015
2.0,16.5139,18.60908028742705,0.053737207027669986,5.992238338037512e-05,1.0,16.734881290720697,0.059755428355173855,0.015
3.0,16.5139,18.61009737275777,0.05373427016367154,4.235597443093329e-05,1.0,16.464282971327485,0.06073753723387152,0.015
4.0,16.5139,18.50430143162774,0.0540414888773261,2.7662712740286655e-05,1.0,16.19002748524807,0.06176641768589793,0.015
5.0,16.5139,18.203312677459294,0.05493505592739034,1.685634163299502e-05,1.0,15.94152333176777,0.06272926239158282,0.015
6.0,16.5139,17.63460698158647,0.05670667914766517,1.1096021458112661e-05,1.5,15.813462774191375,0.06323725639852054,0.015
7.5,16.5139,16.588544087444873,0.06028256577120925,7.738659742185443e-06,1.5,15.76186864219675,0.06344425414908349,0.015
9.0,16.5139,15.114297011261124,0.06616252143615649,4.945573316873967e-06,1.5,15.766289900436357,0.06342646280862331,0.015
10.5,16.5139,13.444332213057361,0.07438078620437415,2.9357840345234967e-06,1.5,15.865691356270565,0.06302908442781298,0.015
12.0,16.5139,11.942930298212307,0.08373154452301261,1.8848746198099358e-06,1.5,16.01872905073565,0.06242692518443438,0.015
13.5,16.5139,11.028420150105047,0.09067481891234211,1.2920766949594834e-06,1.5,16.185648903554856,0.06178312688967137,0.015
15.0,16.5139,11.138349817835605,0.08977990603228506,8.094977113853018e-07,1.5,16.444618970886467,0.06081016542678178,0.015
16.5,16.5139,12.81769681765821,0.07801713632533086,4.698514463966711e-07,1.5,16.8009412090769,0.05952047492790098,0.015
18.0,16.5139,16.951360612663866,0.05899231470852725,2.9864745198414054e-07,1.5,17.131555597197355,0.058371815351292176,0.015
19.5,16.5139,25.133435840758562,0.03978763613283279,2.0258099487609908e-07,nan,17.435747433394493,0.05735343459292781,0.015
nan,nan,nan,nan,1.2568609261226373e-07,nan,17.840321072267336,0.05605280285871612,0.015
nan,nan,nan,nan,7.247234940419675e-08,nan,18.329405756305714,0.05455714240250142,0.015
nan,nan,nan,nan,4.588735401748941e-08,nan,18.750970162289107,0.05333057390337827,0.015
Name:	100.0_8_210_0.015
Lambda:	100.0	Maximal Depth:	20	Filter time:	8.0 to 210.0 [us]
Chi2:	2.4692274148386724	RelRMS:	2.3570663298657957	AbsRMS:	8.926703310918984e-07	Phi model:	0.27071231816825
depth_vector,start_model,resistivity_model,conductivity_model,E/I[V/A],modelled_thickness,rhoa,sigma,rel_err
0.0,16.5139,19.00452886678788,0.052619036599617565,0.0001494187463038906,1.0,17.35476943435363,0.05762104784984972,0.015
1.0,16.5139,18.969024722469797,0.05271752315317761,9.049921078609996e-05,1.0,17.032474669452665,0.058711374559885655,0.015
2.0,16.5139,18.895057127803195,0.05292389397058486,5.999534523699409e-05,1.0,16.72131073096672,0.0598039242311351,0.015
3.0,16.5139,18.747888672206624,0.05333933956427213,4.241116708693057e-05,1.0,16.449995779580085,0.06079028915261683,0.015
4.0,16.5139,18.473191603079428,0.05413249759361034,2.7692819681124776e-05,1.0,16.178291096088603,0.06181122555285015,0.015
5.0,16.5139,18.008499884503124,0.0555293337264883,1.6865423057891394e-05,1.0,15.935800192700635,0.06275179080483503,0.015
6.0,16.5139,17.307453604035818,0.05777857464640646,1.1096243943796573e-05,1.5,15.813251394505574,0.06323810170674053,0.015
7.5,16.5139,16.20646872675972,0.0617037564974796,7.735674708423864e-06,1.5,15.765923163310037,0.06342793819566296,0.015
9.0,16.5139,14.776180097618694,0.06767648968769395,4.941606800724662e-06,1.5,15.774725601994442,0.06339254483599811,0.015
10.5,16.5139,13.236520621628246,0.07554855453222482,2.932486649971213e-06,1.5,15.877582399051557,0.06298188067093481,0.015
12.0,16.5139,11.913771395868753,0.08393647710470274,1.8825222587236258e-06,1.5,16.03207072263737,0.06237497434364449,0.015
13.5,16.5139,11.181711505424367,0.08943174750259737,1.2904630487270467e-06,1.5,16.19913887847809,0.0617316764490848,0.015
15.0,16.5139,11.440452967404264,0.0874091264436089,8.085852430733799e-07,1.5,16.456988207229422,0.06076445990042747,0.015
16.5,16.5139,13.19298107031194,0.07579788030245052,4.6946268033890614e-07,1.5,16.810215264718014,0.059487637978012216,0.015
18.0,16.5139,17.230462491262408,0.05803674744697662,2.9850841122458544e-07,1.5,17.13687493279134,0.058353696570808494,0.015
19.5,16.5139,24.914564961915215,0.04013716480816002,2.0256307875760115e-07,nan,17.436775512530296,0.05735005301188782,0.015
nan,nan,nan,nan,1.257421121303743e-07,nan,17.8350219702935,0.05606945714256071,0.015
nan,nan,nan,nan,7.255441215147367e-08,nan,18.315582153324485,0.05459831915954081,0.015
nan,nan,nan,nan,4.5967142359272574e-08,nan,18.729265644814856,0.05339237634641843,0.015
