Name:	10.0_8_210_0.025
Lambda:	10	Maximal Depth:	20	Filter time:	8 to 210 [us]
Chi2:	0.9328057092014372	RelRMS:	2.414546682611248	AbsRMS:	4.225150245571912e-07	Phi model:	0.2442811719488563
depth_vector,start_model,resistivity_model,conductivity_model,E/I[V/A],modelled_thickness,rhoa,sigma
0.0,15.536,21.86532265263595,0.0457345183460828,0.0001554368576743,1.0,16.903873540451027,0.0591580383991276
1.0,15.536,21.384940896260403,0.0467618781296174,9.580981751375528e-05,1.0,16.397121107498357,0.0609863154296459
2.0,15.536,20.478562077865185,0.0488315535142419,6.420288634877552e-05,1.0,15.982534600325003,0.0625682987715643
3.0,15.536,19.20781885439133,0.0520621319672315,4.568672282382953e-05,1.0,15.654021847630927,0.0638813468981672
4.0,15.536,17.723184290132707,0.0564232692968579,3.0019161657715763e-05,1.0,15.331279136774302,0.0652261296059344
5.0,15.536,16.13340513301507,0.0619831952247712,1.8369572839114207e-05,1.0,15.053563906459246,0.0664294519366882
6.0,15.536,14.58581406417868,0.0685597660576176,1.2117342299182882e-05,1.5,14.911920796769794,0.067060442020093
7.5,15.536,13.170986817341262,0.0759244553098613,8.45994798134537e-06,1.5,14.852734226684175,0.0673276707667344
9.0,15.536,12.046665481624096,0.0830105228310185,5.409544948368593e-06,1.5,14.851379016867146,0.0673338145140778
10.5,15.536,11.306370633583022,0.0884457119271966,3.2109927680154184e-06,1.5,14.945674494762637,0.0669089909826703
12.0,15.536,10.966704830104309,0.0911850930148986,2.0604972696658803e-06,1.5,15.095065588387715,0.0662468138442059
13.5,15.536,11.10496608852989,0.0900498022261302,1.411447818564227e-06,1.5,15.259691712461995,0.0655321233772592
15.0,15.536,11.928533802873249,0.0838325997583314,8.832722941153509e-07,1.5,15.515692360362946,0.0644508782962623
16.5,15.536,13.82961889831058,0.0723085724453447,5.118453485734228e-07,1.5,15.868948482067614,0.0630161476124287
18.0,15.536,17.527908619683576,0.0570518720571725,3.248488509669582e-07,1.5,16.197517303097936,0.06173785656699
19.5,15.536,24.26219902566921,0.0412163793950419,2.200527576012701e-07,nan,16.50017279343111,0.0606054259260915
nan,nan,nan,nan,1.3628757317412077e-07,nan,16.902721813072265,0.0591620693435667
nan,nan,nan,nan,7.842510116066502e-08,nan,17.389745276229842,0.0575051551426061
nan,nan,nan,nan,4.95734166732123e-08,nan,17.809559804755693,0.056149619135054
Name:	12.742749857031335_8_210_0.025
Lambda:	12.742749857031336	Maximal Depth:	20	Filter time:	8 to 210 [us]
Chi2:	0.9370085244222184	RelRMS:	2.419980015958575	AbsRMS:	4.113588584630209e-07	Phi model:	0.2366818174901909
depth_vector,start_model,resistivity_model,conductivity_model,E/I[V/A],modelled_thickness,rhoa,sigma
0.0,15.536,21.87959139757708,0.0457046926438826,0.0001554152753648,1.0,16.90543844963831,0.0591525622348703
1.0,15.536,21.40765431688644,0.0467122639966769,9.5845026893152e-05,1.0,16.393105125793536,0.0610012558527769
2.0,15.536,20.515750536560724,0.0487430376099533,6.423995897002945e-05,1.0,15.976385037906692,0.062592382295953
3.0,15.536,19.258543568407887,0.0519250065015518,4.571464718956254e-05,1.0,15.647646456330238,0.0639073743639862
4.0,15.536,17.776962152056132,0.0562525808091647,3.003518724115689e-05,1.0,15.325825210464023,0.0652493413090232
5.0,15.536,16.176021337358016,0.0618198986725203,1.837574504828561e-05,1.0,15.050192834168469,0.0664443313795753
6.0,15.536,14.598044485460267,0.0685023258420677,1.2119031408877496e-05,1.5,14.910535182454058,0.0670666738492893
7.5,15.536,13.137361214915774,0.0761187869954149,8.459756326722591e-06,1.5,14.85295855027912,0.067326653919815
9.0,15.536,11.969386061608798,0.0835464738836897,5.408494530430475e-06,1.5,14.85330187481014,0.0673250977074605
10.5,15.536,11.216342842763344,0.0891556199751141,3.2099212846288306e-06,1.5,14.949000256717628,0.0668941054804404
12.0,15.536,10.905375305677442,0.0916978986939945,2.0596874159446604e-06,1.5,15.099022173892807,0.0662294543635458
13.5,15.536,11.124233867088172,0.0898938310671955,1.410885603559098e-06,1.5,15.263745269534308,0.0655147201647783
15.0,15.536,12.06032231038926,0.0829165236436972,8.829626945464128e-07,1.5,15.519319067747668,0.0644358167800161
16.5,15.536,14.062406234895803,0.0711115852647254,5.117316059610996e-07,1.5,15.871299856336746,0.0630068116065957
18.0,15.536,17.751437551048657,0.0563334657897002,3.248287112641102e-07,1.5,16.198186804290856,0.0617353048265317
19.5,15.536,24.15845603601613,0.0413933737532386,2.200765125801083e-07,nan,16.498985423630685,0.0606097874701888
nan,nan,nan,nan,1.363355436145558e-07,nan,16.89875670099111,0.0591759510888366
nan,nan,nan,nan,7.847762302647967e-08,nan,17.381985579982672,0.0575308266940235
nan,nan,nan,nan,4.96206606224055e-08,nan,17.798253660633844,0.0561852875606441
Name:	16.237767391887218_8_210_0.025
Lambda:	16.237767391887218	Maximal Depth:	20	Filter time:	8 to 210 [us]
Chi2:	0.9419310454219668	RelRMS:	2.426328302989374	AbsRMS:	4.014983610763146e-07	Phi model:	0.2300837596225606
depth_vector,start_model,resistivity_model,conductivity_model,E/I[V/A],modelled_thickness,rhoa,sigma
0.0,15.536,21.92818868397676,0.0456034018318491,0.0001553955555553,1.0,16.906868627712242,0.0591475584284654
1.0,15.536,21.45713173469843,0.0466045514546986,9.58777427565804e-05,1.0,16.3893757576885,0.0610151365607006
2.0,15.536,20.56775613808045,0.048619790767965,6.427262279489385e-05,1.0,15.970971700869708,0.0626135978905744
3.0,15.536,19.309288443631544,0.0517885474091518,4.5737803504222616e-05,1.0,15.642364576006724,0.0639289536528169
4.0,15.536,17.820113854892565,0.0561163642467664,3.004704839111727e-05,1.0,15.321791672335571,0.0652665185237808
5.0,15.536,16.198796264319924,0.0617329821106916,1.8378865783024584e-05,1.0,15.04848910230431,0.0664518539503659
6.0,15.536,14.591440294299062,0.0685333304890199,1.2118552137761428e-05,1.5,14.910928306520042,0.0670649056479423
7.5,15.536,13.091884267828116,0.0763831988995954,8.458012693789475e-06,1.5,14.854999787693382,0.0673174025103958
9.0,15.536,11.8963530285738,0.0840593749696318,5.40645434754199e-06,1.5,14.857038340499232,0.0673081658054331
10.5,15.536,11.1386065211514,0.0897778369404712,3.2082850863987253e-06,1.5,14.954082400510757,0.0668713715236613
12.0,15.536,10.865358550870765,0.0920356190104613,2.05853593522121e-06,1.5,15.10465226344516,0.0662047680779851
13.5,15.536,11.159054625392692,0.0896133260002578,1.410104374231999e-06,1.5,15.269382386361944,0.0654905335852459
15.0,15.536,12.195728166805388,0.0819959240090167,8.825292871017692e-07,1.5,15.524399645509096,0.0644147292542343
16.5,15.536,14.279499168046613,0.0700304673316351,5.115559056963448e-07,1.5,15.87493377910796,0.0629923887503732
18.0,15.536,17.946561649911665,0.0557209798460153,3.2477464483703094e-07,1.5,16.199984468819974,0.061728454241712
19.5,15.536,24.05282224592936,0.0415751627719793,2.200804514683748e-07,nan,16.498788562729693,0.0606105106564594
nan,nan,nan,nan,1.3637364756090486e-07,nan,16.895608784368623,0.0591869764956427
nan,nan,nan,nan,7.852602052112351e-08,nan,17.3748428860888,0.0575544772724622
nan,nan,nan,nan,4.9666078643e-08,nan,17.787401388460832,0.0562195667686864
Name:	20.6913808111479_8_210_0.025
Lambda:	20.6913808111479	Maximal Depth:	20	Filter time:	8 to 210 [us]
Chi2:	0.947633926375672	RelRMS:	2.4336622690603456	AbsRMS:	4.002722283936377e-07	Phi model:	0.2239836579100263
depth_vector,start_model,resistivity_model,conductivity_model,E/I[V/A],modelled_thickness,rhoa,sigma
0.0,15.536,22.03474684782828,0.0453828676547086,0.0001554353569428,1.0,16.903982345104385,0.0591576576208157
1.0,15.536,21.55595668617578,0.046390889282187,9.594297822309798e-05,1.0,16.3819457210031,0.0610428099952688
2.0,15.536,20.635171950103363,0.0484609482498153,6.432318906495607e-05,1.0,15.96260045011993,0.0626464342777236
3.0,15.536,19.36351269382591,0.0516435223201445,4.577117527023524e-05,1.0,15.63476041929572,0.0639600462803283
4.0,15.536,17.8334912489445,0.0560742698129389,3.0063919576902645e-05,1.0,15.316058976119798,0.0652909473356795
5.0,15.536,16.189084598552668,0.0617700150933426,1.838412966582248e-05,1.0,15.045616433866623,0.0664645416421138
6.0,15.536,14.537175936149056,0.0687891516476275,1.211914982634865e-05,1.5,14.910438054037703,0.0670671107298019
7.5,15.536,13.017003260909991,0.0768225973333659,8.45690341265711e-06,1.5,14.85629876676106,0.0673115165290942
9.0,15.536,11.832657652713976,0.0845118678617932,5.404779665084802e-06,1.5,14.860107171953034,0.0672942656757819
10.5,15.536,11.084061561421173,0.0902196360475448,3.206874471761928e-06,1.5,14.95846733492286,0.0668517688082484
12.0,15.536,10.846654245504016,0.0921943280725947,2.0575494537000803e-06,1.5,15.10947977639092,0.0661836155049186
13.5,15.536,11.213777451802946,0.0891760162262913,1.4094539081049083e-06,1.5,15.27407992780776,0.0654703919795139
15.0,15.536,12.333553490774952,0.081079633760697,8.821950658716651e-07,1.5,15.528320362959294,0.0643984652960512
16.5,15.536,14.48015708161467,0.0690600243052398,5.114515928605001e-07,1.5,15.87709221482245,0.0629838251532245
18.0,15.536,18.10762933718454,0.0552253407322885,3.247740133374359e-07,1.5,16.200005468612435,0.0617283742241632
19.5,15.536,23.93741515864852,0.0417756049837612,2.201255447704615e-07,nan,16.496535272041953,0.0606187895524209
nan,nan,nan,nan,1.3644113616129356e-07,nan,16.89003688210832,0.0592065018554994
nan,nan,nan,nan,7.859393027646199e-08,nan,17.364832856809148,0.0575876547874676
nan,nan,nan,nan,4.97251777157347e-08,nan,17.77330487748858,0.0562641560977545
Name:	26.366508987303583_8_210_0.025
Lambda:	26.366508987303583	Maximal Depth:	20	Filter time:	8 to 210 [us]
Chi2:	0.95477286894624	RelRMS:	2.442811992543429	AbsRMS:	4.051590639406145e-07	Phi model:	0.2182140202707199
depth_vector,start_model,resistivity_model,conductivity_model,E/I[V/A],modelled_thickness,rhoa,sigma
0.0,15.536,22.127366972325955,0.0451929052946367,0.000155495715542,1.0,16.89960766201805,0.0591729713493588
1.0,15.536,21.63874761640844,0.0462133954204313,9.600856329439556e-05,1.0,16.37448434878717,0.0610706254132557
2.0,15.536,20.70325749737121,0.0483015776684888,6.436836939764042e-05,1.0,15.955130114403651,0.0626757659028578
3.0,15.536,19.39967412395953,0.0515472576297017,4.579808234580589e-05,1.0,15.62863604519451,0.0639851102238368
4.0,15.536,17.84803234674127,0.0560285851444336,3.0074947126575085e-05,1.0,15.312314798310435,0.0653069123232981
5.0,15.536,16.16253156568507,0.0618714955597126,1.8385110793418515e-05,1.0,15.045081152865048,0.066466906348961
6.0,15.536,14.488668449277554,0.0690194549969057,1.2116709507435914e-05,1.5,14.91243997283127,0.0670581073132152
7.5,15.536,12.962572541484183,0.0771451806190241,8.45361729447051e-06,1.5,14.86014851056703,0.0672940784736371
9.0,15.536,11.771238056567244,0.084952831231044,5.40171540219551e-06,1.5,14.865726494391147,0.0672688280910657
10.5,15.536,11.036544777989103,0.0906080680245473,3.2046692327181698e-06,1.5,14.96532882602066,0.0668211177733208
12.0,15.536,10.84505018849642,0.0922079642435146,2.0560813551999475e-06,1.5,15.116671309480472,0.0661521296274297
13.5,15.536,11.276570814616717,0.0886794413336896,1.408494568924276e-06,1.5,15.2810146891071,0.0654406805009381
15.0,15.536,12.471934894439524,0.080180020859942,8.816864735905645e-07,1.5,15.53429136287978,0.0643737121082694
16.5,15.536,14.666041892132494,0.068184722732617,5.112605343179387e-07,1.5,15.881047491362606,0.0629681386283795
18.0,15.536,18.248396415361825,0.0547993356368662,3.2472639364195093e-07,1.5,16.20158920287592,0.0617223401654012
19.5,15.536,23.81810916641918,0.0419848608893726,2.2014362196836858e-07,nan,16.495632179137818,0.0606221082732863
nan,nan,nan,nan,1.3649561334679906e-07,nan,16.885542559953187,0.0592222604899686
nan,nan,nan,nan,7.865680046500407e-08,nan,17.355578511372833,0.0576183616895694
nan,nan,nan,nan,4.978234263508928e-08,nan,17.75969624931107,0.0563072693340006
Name:	33.59818286283781_8_210_0.025
Lambda:	33.59818286283781	Maximal Depth:	20	Filter time:	8 to 210 [us]
Chi2:	0.9638641839022788	RelRMS:	2.4544146245875504	AbsRMS:	4.216363432512706e-07	Phi model:	0.2124805616273609
depth_vector,start_model,resistivity_model,conductivity_model,E/I[V/A],modelled_thickness,rhoa,sigma
0.0,15.536,22.193242870286124,0.0450587598146312,0.0001556078853102,1.0,16.89148531061146,0.0592014249553167
1.0,15.536,21.69889330523143,0.0460852996479275,9.609119328796566e-05,1.0,16.36509592321709,0.0611056607728955
2.0,15.536,20.751100201004988,0.0481902159554686,6.441803720157771e-05,1.0,15.946927876051802,0.0627080029315078
3.0,15.536,19.428803401264894,0.0514699736955954,4.582487773879104e-05,1.0,15.6225430481441,0.0640100652575123
4.0,15.536,17.85364837204191,0.0560109608502181,3.0083876195150942e-05,1.0,15.309284792639136,0.0653198378333657
5.0,15.536,16.142701230305597,0.0619475009623943,1.8383896086652505e-05,1.0,15.045743876389864,0.0664639786650378
6.0,15.536,14.446512250201092,0.0692208598643648,1.211254302881068e-05,1.5,14.91585950252816,0.0670427339323292
7.5,15.536,12.906387248876053,0.0774810162376837,8.4490533949468e-06,1.5,14.865499336456244,0.0672698560180614
9.0,15.536,11.716760748457585,0.0853478210802966,5.397838187279939e-06,1.5,14.872844247413356,0.067236634994945
10.5,15.536,11.005137627125348,0.0908666510026381,3.202022927169616e-06,1.5,14.973573068418748,0.0667843269893364
12.0,15.536,10.858293964864751,0.0920954989094786,2.054369090959222e-06,1.5,15.125069716431762,0.0661153977302734
13.5,15.536,11.350412576945857,0.0881025243109777,1.4073969436860131e-06,1.5,15.288958739309775,0.0654066779203791
15.0,15.536,12.607778835028274,0.0793161121467084,8.811174994253116e-07,1.5,15.54097806811238,0.0643460144926039
16.5,15.536,14.834810761438906,0.0674090162713342,5.110543484227503e-07,1.5,15.885318697693446,0.0629512079065307
18.0,15.536,18.36321716718049,0.0544566886562362,3.2468042793319084e-07,1.5,16.203118296092732,0.0617165154093297
19.5,15.536,23.689654747659645,0.0422125189519189,2.2016956210312466e-07,nan,16.494336488911927,0.0606268703607589
nan,nan,nan,nan,1.3656019125568333e-07,nan,16.880218807453208,0.0592409382488848
nan,nan,nan,nan,7.872893856409325e-08,nan,17.344975127653772,0.0576535851242392
nan,nan,nan,nan,4.9847139126453136e-08,nan,17.744302313862725,0.0563561182802183
Name:	42.81332398719393_8_210_0.025
Lambda:	42.81332398719393	Maximal Depth:	20	Filter time:	8 to 210 [us]
Chi2:	0.9759437273214636	RelRMS:	2.469746605577007	AbsRMS:	4.532029093660768e-07	Phi model:	0.2065130776828176
depth_vector,start_model,resistivity_model,conductivity_model,E/I[V/A],modelled_thickness,rhoa,sigma
0.0,15.536,22.245568362755247,0.044952773680274,0.0001557820671178,1.0,16.878891914144035,0.0592455953321217
1.0,15.536,21.744165556128305,0.0459893481503668,9.619394745094088e-05,1.0,16.353439741115743,0.0611492148337333
2.0,15.536,20.78027779035592,0.0481225520702181,6.44728238523628e-05,1.0,15.93789251820745,0.0627435527537659
3.0,15.536,19.439640921873814,0.0514412793949698,4.585134623662045e-05,1.0,15.616530210648168,0.0640347110728955
4.0,15.536,17.83438943846861,0.0560714457565342,3.0090157143191825e-05,1.0,15.307154302648977,0.0653289292201715
5.0,15.536,16.11022273407809,0.0620723882286674,1.8379964105783795e-05,1.0,15.04788959940386,0.0664545013700536
6.0,15.536,14.407536838489923,0.0694081168217794,1.2106249287390136e-05,1.5,14.92102864717982,0.0670195080812345
7.5,15.536,12.859712610296762,0.0777622354639014,8.442916881945591e-06,1.5,14.87270153007126,0.0672372801927135
9.0,15.536,11.67606263774457,0.0856453096412274,5.39296150350573e-06,1.5,14.88180892374092,0.0671961322124424
10.5,15.536,10.992116806561134,0.0909742879918366,3.198835397182013e-06,1.5,14.98351851920294,0.0667399982666551
12.0,15.536,10.885916247943609,0.0918618127517657,2.0523582960919547e-06,1.5,15.134947279728276,0.0660722486519261
13.5,15.536,11.432617830502329,0.087469030700212,1.4061313114526012e-06,1.5,15.298131565587273,0.0653674597915913
15.0,15.536,12.738859059154182,0.078499965762742,8.804764881816256e-07,1.5,15.548519994514477,0.064314802974997
16.5,15.536,14.986088127923042,0.0667285546077055,5.108317047264397e-07,1.5,15.88993405884538,0.0629329232139471
18.0,15.536,18.45387369752604,0.054189164637778,3.246384323592566e-07,1.5,16.204515634412466,0.0617111935068497
19.5,15.536,23.548909784219543,0.0424648108622894,2.2020687182169466e-07,nan,16.49247334260018,0.0606337193474184
nan,nan,nan,nan,1.366385790492731e-07,nan,16.87376221387846,0.059263606261887
nan,nan,nan,nan,7.881352098879562e-08,nan,17.33256319147423,0.0576948711481919
nan,nan,nan,nan,4.9922122238202494e-08,nan,17.726529881644698,0.0564126203310367
Name:	54.5559478116852_8_210_0.025
Lambda:	54.5559478116852	Maximal Depth:	20	Filter time:	8 to 210 [us]
Chi2:	0.9925660106594136	RelRMS:	2.4906901787699995	AbsRMS:	5.041672903936057e-07	Phi model:	0.2000647211323657
depth_vector,start_model,resistivity_model,conductivity_model,E/I[V/A],modelled_thickness,rhoa,sigma
0.0,15.536,22.25531203561297,0.0449330927555542,0.0001560319029816,1.0,16.860869622479782,0.0593089219233833
1.0,15.536,21.750604906244394,0.045975732827224,9.632087897229892e-05,1.0,16.339069556912698,0.0612029954653643
2.0,15.536,20.77988097101389,0.0481234710340695,6.453364895552975e-05,1.0,15.927876283040147,0.0627830089981795
3.0,15.536,19.42933048225904,0.0514685774125414,4.587734670207003e-05,1.0,15.610629325703796,0.0640589164687577
4.0,15.536,17.812993140029388,0.0561387966715598,3.0093199812148613e-05,1.0,15.306122499486689,0.0653333331177466
5.0,15.536,16.079467893909996,0.0621911127033466,1.8372725850005043e-05,1.0,15.051841592306772,0.0664370531584065
6.0,15.536,14.370405467221492,0.0695874589120657,1.209736344431368e-05,1.5,14.928334354393163,0.0669867097199438
7.5,15.536,12.823615032593956,0.077981130707549,8.434857689989327e-06,1.5,14.882173563212229,0.0671944857888188
9.0,15.536,11.654135190944617,0.0858064526981813,5.386855734271554e-06,1.5,14.893052060610549,0.0671454041743949
10.5,15.536,10.997255728662024,0.0909317764970865,3.1949754110186086e-06,1.5,14.995584242669334,0.0666862980339599
12.0,15.536,10.930282761238235,0.0914889414888947,2.049971477923857e-06,1.5,15.146692926310577,0.0660210123005101
13.5,15.536,11.52141392053957,0.0867949026826707,1.4046501382087854e-06,1.5,15.308884042726987,0.0653215477502479
15.0,15.536,12.865430373804276,0.0777276757127482,8.797389743883427e-07,1.5,15.557208667453269,0.0642788832737114
16.5,15.536,15.118361361590807,0.0661447346099667,5.105826199322214e-07,1.5,15.895101514036972,0.0629124638881292
18.0,15.536,18.51645694134385,0.0540060122283536,3.245965292750238e-07,1.5,16.205910195585616,0.0617058830964269
19.5,15.536,23.39402420419698,0.0427459590223299,2.202544310228465e-07,nan,16.490099127518754,0.0606424492822602
nan,nan,nan,nan,1.367312761999478e-07,nan,16.866134958864762,0.0592904066307381
nan,nan,nan,nan,7.891164126188135e-08,nan,17.31819244766017,0.0577427467111389
nan,nan,nan,nan,5.0008404952141706e-08,nan,17.706134199917386,0.0564776019829707
Name:	69.51927961775606_8_210_0.025
Lambda:	69.51927961775606	Maximal Depth:	20	Filter time:	8 to 210 [us]
Chi2:	1.020998335304414	RelRMS:	2.526111556454423	AbsRMS:	5.9604357517984e-07	Phi model:	0.1914684654033302
depth_vector,start_model,resistivity_model,conductivity_model,E/I[V/A],modelled_thickness,rhoa,sigma
0.0,15.536,22.099006927579868,0.0452509021458329,0.0001564465902609,1.0,16.831061448821632,0.0594139593061738
1.0,15.536,21.607821947042986,0.0462795372180882,9.64910772304828e-05,1.0,16.319850513233632,0.061275071066926
2.0,15.536,20.66436824132817,0.0483924787015761,6.459950122098798e-05,1.0,15.917049935026826,0.0628257123073676
3.0,15.536,19.35000033714924,0.0516795856628561,4.589655987233136e-05,1.0,15.606272418056223,0.064076800225723
4.0,15.536,17.778273554765388,0.0562484313743701,3.008564207773809e-05,1.0,15.308685732488586,0.0653223939320779
5.0,15.536,16.08215526800263,0.0621807203907314,1.8356512109831685e-05,1.0,15.060703505901486,0.0663979607332521
6.0,15.536,14.396550156846413,0.0694610854062451,1.2081939770262736e-05,1.5,14.941036553228583,0.0669297606252031
7.5,15.536,12.855920118729529,0.0777851752939192,8.422175308600337e-06,1.5,14.897109851995742,0.0671271145836406
9.0,15.536,11.68294581797094,0.0855948504410403,5.377968236276133e-06,1.5,14.90945547232236,0.0670715306710148
10.5,15.536,11.026080428664384,0.0906940600034361,3.1897272149643648e-06,1.5,15.012028323968082,0.0666132502830019
12.0,15.536,10.975752993359391,0.0911099220805192,2.04690073039015e-06,1.5,15.16183778982226,0.0659550652013487
13.5,15.536,11.599699894408271,0.0862091268828478,1.4028474987952342e-06,1.5,15.321995703585928,0.0652656494196746
15.0,15.536,12.979227536187336,0.0770461876264903,8.789308404759419e-07,1.5,15.566743268289324,0.0642395125791711
16.5,15.536,15.23701418645999,0.0656296560312076,5.103913294286111e-07,1.5,15.89907283551652,0.0628967494108289
18.0,15.536,18.55432209433109,0.0538957982359016,3.246475180548325e-07,1.5,16.204213296287648,0.0617123449139674
19.5,15.536,23.184093531780725,0.0431330212945009,2.2039884808032185e-07,nan,16.48289488011114,0.0606689545297432
nan,nan,nan,nan,1.369105264826883e-07,nan,16.85141040542574,0.0593422138527956
nan,nan,nan,nan,7.907732241963873e-08,nan,17.29399418221339,0.0578235420611211
nan,nan,nan,nan,5.0146605975362014e-08,nan,17.67358788015775,0.0565816067897965
Name:	88.58667904100822_8_210_0.025
Lambda:	88.58667904100822	Maximal Depth:	20	Filter time:	8 to 210 [us]
Chi2:	1.0579737169032335	RelRMS:	2.571446233279088	AbsRMS:	7.025469045994958e-07	Phi model:	0.182927021796556
depth_vector,start_model,resistivity_model,conductivity_model,E/I[V/A],modelled_thickness,rhoa,sigma
0.0,15.536,22.00541358537201,0.0454433631124636,0.0001569087506495,1.0,16.797995634350883,0.0595309120068504
1.0,15.536,21.518861648609423,0.0464708596732216,9.668707399618868e-05,1.0,16.29778813934385,0.0613580193490145
2.0,15.536,20.583634613420813,0.0485822848481767,6.467824055646616e-05,1.0,15.904129027306212,0.0628767534696853
3.0,15.536,19.28109796158492,0.0518642663396228,4.592176805787586e-05,1.0,15.600560648834543,0.0641002604015199
4.0,15.536,17.723511395149583,0.0564222279493481,3.007966053005799e-05,1.0,15.310715156965855,0.0653137354949114
5.0,15.536,16.043833411821534,0.0623292435374685,1.833977902254146e-05,1.0,15.069862967757404,0.0663576040564895
6.0,15.536,14.375676791369452,0.0695619423358459,1.2065500108575548e-05,1.5,14.954605259531014,0.066869033494727
7.5,15.536,12.856581644991923,0.0777811729130607,8.408457894923462e-06,1.5,14.913307375893702,0.0670542070108759
9.0,15.536,11.70859148324208,0.085407369573979,5.368209287464746e-06,1.5,14.927519418283316,0.0669903667166022
10.5,15.536,11.07995657345301,0.0902530613157769,3.183850486246536e-06,1.5,15.03049537631641,0.0665314066478276
12.0,15.536,11.058897257263071,0.090424929062727,2.0433801636103304e-06,1.5,15.179247813805524,0.0658794172324204
13.5,15.536,11.707561808263868,0.0854148811150535,1.4007150118966535e-06,1.5,15.337542844298405,0.0651994918711337
15.0,15.536,13.097091978673468,0.0763528271488312,8.779025419549512e-07,1.5,15.57889658069948,0.0641893984480832
16.5,15.536,15.329924046957425,0.0652318952746848,5.100651934751187e-07,1.5,15.905849363858254,0.0628699528786076
18.0,15.536,18.55648287664076,0.0538895224190796,3.2460987835919245e-07,1.5,16.205465897046736,0.0617075748610373
19.5,15.536,22.98220090519865,0.0435119336100571,2.204817575523812e-07,nan,16.47876249355866,0.0606841685102802
nan,nan,nan,nan,1.370507511294662e-07,nan,16.839914001420983,0.0593827260587921
nan,nan,nan,nan,7.922006127938311e-08,nan,17.273214370776476,0.0578931042326343
nan,nan,nan,nan,5.0270108928293577e-08,nan,17.644629186537404,0.0566744695753076
Name:	112.88378916846884_8_210_0.025
Lambda:	112.88378916846884	Maximal Depth:	20	Filter time:	8 to 210 [us]
Chi2:	1.1121890809680106	RelRMS:	2.636509388576128	AbsRMS:	8.399075852371764e-07	Phi model:	0.1730917130844255
depth_vector,start_model,resistivity_model,conductivity_model,E/I[V/A],modelled_thickness,rhoa,sigma
0.0,15.536,21.85886211705784,0.0457480354944751,0.0001574888022217,1.0,16.756724150613273,0.0596775354784008
1.0,15.536,21.38095490145414,0.0467705958227332,9.692302821789934e-05,1.0,16.271326633620543,0.061457803811384
2.0,15.536,20.46233091789321,0.0488702877503341,6.476833917491968e-05,1.0,15.88937621750474,0.0629351326516101
3.0,15.536,19.182607576669177,0.0521305560781136,4.594749241659516e-05,1.0,15.594737307835244,0.0641241965324783
4.0,15.536,17.652324940870443,0.0566497616234504,3.006913930906164e-05,1.0,15.314286438105102,0.0652985043763968
5.0,15.536,16.002363545999266,0.0624907687620938,1.831789170405701e-05,1.0,15.081864830753965,0.0663047979292895
6.0,15.536,14.36365791448198,0.0696201487082035,1.2044844822903652e-05,1.5,14.971697131941497,0.0667926949889028
7.5,15.536,12.875556921472,0.0776665433657742,8.391530890527909e-06,1.5,14.93335559126924,0.0669641859050519
9.0,15.536,11.75839569062296,0.0850456156019206,5.356345082221343e-06,1.5,14.949554075085093,0.0668916273339951
10.5,15.536,11.158415890605864,0.0896184556843671,3.17679404865116e-06,1.5,15.052744752025616,0.0664330669571363
12.0,15.536,11.162749491552686,0.0895836640208347,2.039188979740385e-06,1.5,15.200039493312763,0.0657893027475322
13.5,15.536,11.828482838293423,0.0845416959783387,1.3981937608240926e-06,1.5,15.355975284322936,0.0651212301064921
15.0,15.536,13.216079736683428,0.0756654030487069,8.766985329882457e-07,1.5,15.59315677752811,0.064130696193675
16.5,15.536,15.410753148851375,0.0648897552469415,5.096913338276882e-07,1.5,15.913626395575427,0.0628392281647404
18.0,15.536,18.534377067872445,0.0539537960373863,3.245739231403386e-07,1.5,16.20666266666627,0.061703018108521
19.5,15.536,22.75126731188304,0.0439535954763143,2.205855544629864e-07,nan,16.473592681444224,0.0607032126711737
nan,nan,nan,nan,1.3721966199148377e-07,nan,16.826091743827796,0.0594315076385354
nan,nan,nan,nan,7.9390031665161e-08,nan,17.248551463158464,0.0579758829102792
nan,nan,nan,nan,5.041647573668796e-08,nan,17.610462587288765,0.0567844254540934
Name:	143.8449888287663_8_210_0.025
Lambda:	143.8449888287663	Maximal Depth:	20	Filter time:	8 to 210 [us]
Chi2:	1.1908867564670855	RelRMS:	2.728193949835547	AbsRMS:	1.009159613576054e-06	Phi model:	0.1618820252617041
depth_vector,start_model,resistivity_model,conductivity_model,E/I[V/A],modelled_thickness,rhoa,sigma
0.0,15.536,21.650141033060763,0.0461890755571963,0.0001581921559775,1.0,16.70701812129195,0.0598550856137259
1.0,15.536,21.186912445899765,0.0471989489999297,9.719925249137002e-05,1.0,16.240485059952768,0.0615745155583985
2.0,15.536,20.295846448692625,0.0492711650399984,6.486875793689263e-05,1.0,15.872973833234004,0.0630001668563361
3.0,15.536,19.0534428578756,0.0524839530293422,4.597244408124544e-05,1.0,15.589094074216812,0.0641474094157866
4.0,15.536,17.567042337544848,0.0569247788435488,3.005289958941998e-05,1.0,15.31980287365006,0.0652749913460043
5.0,15.536,15.962322847076909,0.0626475237708354,1.828999898658207e-05,1.0,15.097194423145927,0.0662374724714992
6.0,15.536,14.366301359947194,0.0696073383778492,1.201938882596541e-05,1.5,14.992828826118586,0.0666985537951269
7.5,15.536,12.917516150851169,0.0774142635721889,8.37099344788388e-06,1.5,14.957770667398202,0.0668548824711953
9.0,15.536,11.834009436626507,0.0845022141781448,5.342141812139105e-06,1.5,14.976040152983735,0.0667733252438406
10.5,15.536,11.261945285467508,0.0887946064957718,3.1684460014379088e-06,1.5,15.079173250948497,0.0663166331043446
12.0,15.536,11.28699258114216,0.0885975597849473,2.0342753432339723e-06,1.5,15.22450600566094,0.065683576178312
13.5,15.536,11.962217984187896,0.0835965371406738,1.3952621829561236e-06,1.5,15.37747733045754,0.0650301722779549
15.0,15.536,13.338220655196828,0.0749725188876959,8.753176807317618e-07,1.5,15.609551730600202,0.0640633387337862
16.5,15.536,15.482434240175795,0.0645893264900859,5.09278500037407e-07,1.5,15.922225221077056,0.062805291729968
18.0,15.536,18.48952437293558,0.0540846795098618,3.245506289676299e-07,1.5,16.20743813126179,0.061700065852551
19.5,15.536,22.48706789416393,0.0444700040354985,2.2072099619826002e-07,nan,16.46685282956298,0.0607280583819087
nan,nan,nan,nan,1.3742656654291253e-07,nan,16.809198992959097,0.0594912345566776
nan,nan,nan,nan,7.95943979489694e-08,nan,17.21901393580418,0.0580753348436904
nan,nan,nan,nan,5.059119613460008e-08,nan,17.569893199150886,0.0569155423237477
Name:	183.29807108324357_8_210_0.025
Lambda:	183.2980710832436	Maximal Depth:	20	Filter time:	8 to 210 [us]
Chi2:	1.3026495660038062	RelRMS:	2.853341863065796	AbsRMS:	1.2152398280540503e-06	Phi model:	0.1493722194876975
depth_vector,start_model,resistivity_model,conductivity_model,E/I[V/A],modelled_thickness,rhoa,sigma
0.0,15.536,21.409239759470427,0.0467088047606943,0.0001590394383064,1.0,16.647627569355258,0.0600686191371068
1.0,15.536,20.96159692939577,0.0477062889515653,9.753029501612214e-05,1.0,16.203714692417353,0.0617142438621162
2.0,15.536,20.10020756339704,0.0497507300283318,6.498877398306807e-05,1.0,15.853425858381,0.0630778488468689
3.0,15.536,18.89891046774557,0.0529131032027842,4.600244336572034e-05,1.0,15.582315992050823,0.0641753126114334
4.0,15.536,17.46131017782797,0.0572694711803344,3.003402456234901e-05,1.0,15.326220737370122,0.065247657405957
5.0,15.536,15.909102049909524,0.0628570988395719,1.825740647056776e-05,1.0,15.115156421842311,0.0661587595980773
6.0,15.536,14.365600954419266,0.069610732135252,1.1989684043376706e-05,1.5,15.017582051369883,0.0665886157025379
7.5,15.536,12.969153582417,0.0771060342253757,8.347061963526723e-06,1.5,14.986346855812055,0.0667274025899231
9.0,15.536,11.931984789010164,0.0838083535709029,5.325616465354584e-06,1.5,15.007004511069455,0.0666355500368098
10.5,15.536,11.39587093010884,0.0877510816095605,3.158743674926906e-06,1.5,15.110035366320496,0.0661811819599674
12.0,15.536,11.442658900446968,0.0873922755803669,2.028564998472989e-06,1.5,15.253063612166764,0.0655605998523693
13.5,15.536,12.120340970816494,0.0825059296935467,1.391852113544344e-06,1.5,15.402583865534934,0.0649241717318362
15.0,15.536,13.470742690913852,0.0742349566720259,8.737056351742386e-07,1.5,15.628746278396877,0.0639846589218911
16.5,15.536,15.546879502270892,0.0643215894130994,5.087886413439271e-07,1.5,15.93244346466066,0.0627650116705622
18.0,15.536,18.42179045616692,0.0542835400489118,3.245130177045543e-07,1.5,16.208690408595363,0.0616952989286356
19.5,15.536,22.19294789066001,0.0450593587173182,2.2086844809994618e-07,nan,16.45952316031435,0.0607551014850239
nan,nan,nan,nan,1.3765846906360048e-07,nan,16.790315588091158,0.0595581419987881
nan,nan,nan,nan,7.982528078475662e-08,nan,17.18579560650556,0.0581875883372811
nan,nan,nan,nan,5.0789149777991785e-08,nan,17.524210376333965,0.057063912069355
Name:	233.57214690901213_8_210_0.025
Lambda:	233.57214690901213	Maximal Depth:	20	Filter time:	8 to 210 [us]
Chi2:	1.4593665418717596	RelRMS:	3.020106105205328	AbsRMS:	1.4584580766485626e-06	Phi model:	0.1355793327046218
depth_vector,start_model,resistivity_model,conductivity_model,E/I[V/A],modelled_thickness,rhoa,sigma
0.0,15.536,21.11763717085874,0.0473537826182537,0.0001600335873934,1.0,16.578611196599443,0.0603186834012439
1.0,15.536,20.68951334454892,0.0483336646612555,9.791241644270616e-05,1.0,16.161528548009258,0.0618753354318814
2.0,15.536,19.86530919369275,0.0503390100929061,6.512393918188021e-05,1.0,15.83148233128306,0.0631652790985969
3.0,15.536,18.7154274627872,0.0534318546551153,4.603363952642373e-05,1.0,15.575275295148316,0.06420432262353
4.0,15.536,17.33901390131235,0.0576734066707399,3.0009650999521942e-05,1.0,15.334518158223712,0.0652123522683829
5.0,15.536,15.852467601020304,0.0630816618061176,1.821830869885745e-05,1.0,15.136774153376631,0.0660642743207558
6.0,15.536,14.374406044668047,0.0695680918496756,1.195457775000847e-05,1.5,15.046968503428896,0.0664585693637971
7.5,15.536,13.04153572806547,0.0766780861434894,8.318980022529548e-06,1.5,15.020053655640483,0.0665776583044674
9.0,15.536,12.058185142455198,0.0829312195978098,5.306341722824069e-06,1.5,15.04332348306704,0.0664746723771255
10.5,15.536,11.560823546016971,0.0864990280337362,3.147483149082992e-06,1.5,15.146052641692377,0.0660238032744789
12.0,15.536,11.627222187943184,0.0860050649962591,2.021958824866217e-06,1.5,15.286268902907326,0.0654181871555202
13.5,15.536,12.300468387580562,0.0812977171673943,1.3879160404513642e-06,1.5,15.43169085033592,0.0648017128970823
15.0,15.536,13.614000394166984,0.0734537954346216,8.718496848923331e-07,1.5,15.650918215553132,0.0638940147937293
16.5,15.536,15.6073004436198,0.0640725795990424,5.082266684442428e-07,1.5,15.94418619382894,0.0627187858849165
18.0,15.536,18.33382619304965,0.0545439882253874,3.244710194227305e-07,1.5,16.210089038822282,0.0616899757678723
19.5,15.536,21.86489273888055,0.0457354175912229,2.210387132429857e-07,nan,16.451069609539125,0.0607863211167832
nan,nan,nan,nan,1.3792524938294824e-07,nan,16.768657619825195,0.0596350657680387
nan,nan,nan,nan,8.009051339225752e-08,nan,17.14783228405308,0.0583164089451683
nan,nan,nan,nan,5.10164190361414e-08,nan,17.472126788515407,0.0572340169061335
Name:	297.63514416313194_8_210_0.025
Lambda:	297.63514416313194	Maximal Depth:	20	Filter time:	8 to 210 [us]
Chi2:	1.673743395830284	RelRMS:	3.234330877312845	AbsRMS:	1.7387319793894014e-06	Phi model:	0.1207474414216871
depth_vector,start_model,resistivity_model,conductivity_model,E/I[V/A],modelled_thickness,rhoa,sigma
0.0,15.536,20.77778339988354,0.0481283292232994,0.0001611756719405,1.0,16.500201482592193,0.0606053205504796
1.0,15.536,20.373063646832847,0.0490844193752596,9.834525808935804e-05,1.0,16.11407312258114,0.0620575562983309
2.0,15.536,19.593447454636827,0.0510374706807069,6.527362910709632e-05,1.0,15.807269182904168,0.0632620339686197
3.0,15.536,18.505461927625472,0.0540380998815907,4.606544705960837e-05,1.0,15.56810479972902,0.0642338944183755
4.0,15.536,17.202404664879015,0.0581314077584532,2.9979332970942297e-05,1.0,15.344854924435984,0.0651684232222714
5.0,15.536,15.794530770284796,0.0633130552938844,1.8172430499840804e-05,1.0,15.162239690798147,0.0659533169500606
6.0,15.536,14.394419353329369,0.0694713677192338,1.1913902334868325e-05,1.5,15.081197084313144,0.0663077336904614
7.5,15.536,13.136015071277129,0.076126587444816,8.28664384406965e-06,1.5,15.059102500466093,0.066405019819013
9.0,15.536,12.2140505975406,0.0818729210276366,5.284264036120551e-06,1.5,15.085195090436512,0.0662901602534769
10.5,15.536,11.758420624425206,0.0850454352621769,3.13464205875828e-06,1.5,15.187388415279576,0.0658441051651731
12.0,15.536,11.842447956870505,0.0844420008128337,2.0144474773111515e-06,1.5,15.324244325256071,0.0652560725850532
13.5,15.536,12.50420409151692,0.0799731028605345,1.3834503100349574e-06,1.5,15.4648816576868,0.0646626351326103
15.0,15.536,13.769345021197667,0.0726250957079307,8.69749544161679e-07,1.5,15.676102413544656,0.0637913668601685
16.5,15.536,15.665202250621457,0.0638357541767664,5.075936914428236e-07,1.5,15.957438534505345,0.0626666991596216
18.0,15.536,18.227654730255136,0.0548616931140434,3.2442600961184586e-07,1.5,16.211588294226793,0.06168427064954
19.5,15.536,21.504909373290914,0.0465010097295271,2.2123313206662346e-07,nan,16.441430106297062,0.0608219597404121
nan,nan,nan,nan,1.3822807932633144e-07,nan,16.744157495898715,0.0597223240551182
nan,nan,nan,nan,8.039103011863923e-08,nan,17.105071075730017,0.0584621949580131
nan,nan,nan,nan,5.127375214105098e-08,nan,17.413618282668022,0.0574263190893136
Name:	379.26901907322497_8_210_0.025
Lambda:	379.26901907322497	Maximal Depth:	20	Filter time:	8 to 210 [us]
Chi2:	1.9580097638008755	RelRMS:	3.498222552062043	AbsRMS:	2.0526275461022714e-06	Phi model:	0.1052876772523794
depth_vector,start_model,resistivity_model,conductivity_model,E/I[V/A],modelled_thickness,rhoa,sigma
0.0,15.536,20.39675699554208,0.0490274017687498,0.0001624531540423,1.0,16.41358600960326,0.0609251384441474
1.0,15.536,20.01888794783268,0.0499528246826649,9.882273801306732e-05,1.0,16.06212586262775,0.0622582594951974
2.0,15.536,19.29062038759302,0.0518386645897174,6.543472479081634e-05,1.0,15.781314270159717,0.0633660785712164
3.0,15.536,18.273746908648256,0.0547233145451269,4.609619998232307e-05,1.0,15.561179890892426,0.0642624792600254
4.0,15.536,17.055267234073334,0.05863291300427,2.994237865924102e-05,1.0,15.357477880016484,0.0651148585602863
5.0,15.536,15.73781664412422,0.0635412155709257,1.8119584251840715e-05,1.0,15.191706095233076,0.0658253914162929
6.0,15.536,14.427269214142102,0.0693131863803973,1.1867633883143171e-05,1.5,15.12036979111968,0.0661359486450727
7.5,15.536,13.253580310729076,0.075451310253915,8.250079787947732e-06,1.5,15.10356396504061,0.0662095385112179
9.0,15.536,12.399775801805925,0.0806466194214865,5.2594208176470735e-06,1.5,15.132661708320247,0.0660822279169949
10.5,15.536,11.98858944264108,0.0834126487344036,3.1202462244969857e-06,1.5,15.234065789570158,0.0656423579767286
12.0,15.536,12.088130680410158,0.0827257767506257,2.0060441568829446e-06,1.5,15.367010016070129,0.0650744678993665
13.5,15.536,12.731697474441871,0.0785441220235903,1.37845960087937e-06,1.5,15.50218621083228,0.064507030582644
15.0,15.536,13.93804662458486,0.0717460650645358,8.674031819374606e-07,1.5,15.704359362923292,0.0636765866655419
16.5,15.536,15.72301235949852,0.063601043943458,5.068841402778194e-07,1.5,15.972326853450236,0.06260828551627
18.0,15.536,18.10707545701883,0.0552270300288813,3.243717356912496e-07,1.5,16.21339659382932,0.0616773909287207
19.5,15.536,21.118588977026185,0.0473516484026394,2.214457712274314e-07,nan,16.4309033706263,0.0608609263558637
nan,nan,nan,nan,1.3856193800364505e-07,nan,16.717250493664043,0.0598184492347594
nan,nan,nan,nan,8.072304881241462e-08,nan,17.058136082374137,0.0586230520832391
nan,nan,nan,nan,5.1558307727767664e-08,nan,17.349487504755395,0.0576385901731048
Name:	483.2930238571752_8_210_0.025
Lambda:	483.2930238571752	Maximal Depth:	20	Filter time:	8 to 210 [us]
Chi2:	2.324140337576206	RelRMS:	3.811282869304152	AbsRMS:	2.3973592757677865e-06	Phi model:	0.0896363178438203
depth_vector,start_model,resistivity_model,conductivity_model,E/I[V/A],modelled_thickness,rhoa,sigma
0.0,15.536,19.9813137724607,0.0500467592565536,0.0001638557603065,1.0,16.31978493907777,0.0612753172748923
1.0,15.536,19.633299430065343,0.0509338740318224,9.93405369509914e-05,1.0,16.006262842228345,0.0624755453447734
2.0,15.536,18.96222464049572,0.0527364282914569,6.560552364627584e-05,1.0,15.75391209244127,0.063476296816446
3.0,15.536,18.025086062067693,0.055478237194352,4.612538536497718e-05,1.0,15.554615076403277,0.064289601194762
4.0,15.536,16.90117649907089,0.0591674786696046,2.989896415149648e-05,1.0,15.372340738098185,0.0650519017914845
5.0,15.536,15.68511323531322,0.0637547198415256,1.8060180796788707e-05,1.0,15.225000181835805,0.0656814442073406
6.0,15.536,14.474734084558865,0.0690858978243175,1.1816172931353124e-05,1.5,15.164238756251727,0.0659446224814768
7.5,15.536,13.394695627280068,0.0746564183185594,8.20962401009662e-06,1.5,15.15314201172195,0.0659929141577657
9.0,15.536,12.615323498333169,0.0792686767114713,5.232054794963007e-06,1.5,15.185382944347683,0.0658528009247353
10.5,15.536,12.25064740835774,0.0816283390311087,3.104445704710064e-06,1.5,15.285712676347744,0.0654205676355113
12.0,15.536,12.36373353696605,0.0808817172426211,1.9968417856570324e-06,1.5,15.414186024253576,0.064875303725188
13.5,15.536,12.9830529836142,0.0770234860215152,1.3730026209795248e-06,1.5,15.543234532712276,0.0643366731612651
15.0,15.536,14.120380468588698,0.0708196214843174,8.64841542804216e-07,1.5,15.735354688744444,0.0635511572367227
16.5,15.536,15.7820945620942,0.0633629456511953,5.061107161960962e-07,1.5,15.988595017208649,0.062544582492939
18.0,15.536,17.97539188333843,0.0556316105089708,3.24312980600953e-07,1.5,16.21535476566984,0.0616699427456955
19.5,15.536,20.711543267470137,0.0482822543489849,2.2167780176571805e-07,nan,16.419435866228582,0.0609034322584002
nan,nan,nan,nan,1.3892589249428098e-07,nan,16.68804078112304,0.059923151741765
nan,nan,nan,nan,8.108491643203859e-08,nan,17.007346631476253,0.05879811952261
nan,nan,nan,nan,5.18684681255887e-08,nan,17.28025467531374,0.0578695174804675
Name:	615.8482110660261_8_210_0.025
Lambda:	615.8482110660261	Maximal Depth:	20	Filter time:	8 to 210 [us]
Chi2:	2.779294972644561	RelRMS:	4.167804407482255	AbsRMS:	2.7660511746716355e-06	Phi model:	0.0743502514689163
depth_vector,start_model,resistivity_model,conductivity_model,E/I[V/A],modelled_thickness,rhoa,sigma
0.0,15.536,19.542012777677584,0.0511718015629525,0.0001653565354409,1.0,16.22088943702807,0.0616489005662821
1.0,15.536,19.226357539886724,0.05201193194943,9.988764624928236e-05,1.0,15.947762521880264,0.0627047210308031
2.0,15.536,18.617896547876686,0.0537117604788735,6.57816460244775e-05,1.0,15.72578007058247,0.063589850265721
3.0,15.536,17.76679453486956,0.0562847731501242,4.615152252000027e-05,1.0,15.548741788485945,0.064313885560857
4.0,15.536,16.7453800430714,0.0597179638460198,2.984925956594155e-05,1.0,15.389401215499014,0.0649797861526202
5.0,15.536,15.63926471077996,0.0639416250375704,1.7994953585349048e-05,1.0,15.261769205948047,0.0655232028807161
6.0,15.536,14.537693957633206,0.0687867004845659,1.1760253044130437e-05,1.5,15.212271277854605,0.0657364033111714
7.5,15.536,13.558654458782623,0.073753631161553,8.165888766991747e-06,1.5,15.207199093619014,0.0657583289232797
9.0,15.536,12.858387212943503,0.0777702509217781,5.202599071685658e-06,1.5,15.242646043236304,0.0656054071690351
10.5,15.536,12.541896457168178,0.0797327583922494,3.087498724015085e-06,1.5,15.34159615932182,0.0651822658877891
12.0,15.536,12.66619757202472,0.0789502922494006,1.9869933938190388e-06,1.5,15.465076922367556,0.0646618186912263
13.5,15.536,13.255289110019357,0.0754415834841447,1.36717098331784e-06,1.5,15.587402719383736,0.0641543699102897
15.0,15.536,14.315072108109035,0.0698564416894226,8.62107904989603e-07,1.5,15.768600380237178,0.0634171693039606
16.5,15.536,15.843566916320288,0.0631171001632158,5.052864328229188e-07,1.5,16.00597862585033,0.062476654716067
18.0,15.536,17.83694999505068,0.0560633965043057,3.242505877283869e-07,1.5,16.217434823827183,0.0616620329209381
19.5,15.536,20.29287194202168,0.0492783871527439,2.21925127089212e-07,nan,16.407234462980092,0.0609487237021154
nan,nan,nan,nan,1.3931364235369705e-07,nan,16.657061327126602,0.0600345991625464
nan,nan,nan,nan,8.147043301116009e-08,nan,16.953651929249652,0.05898434179097
nan,nan,nan,nan,5.21989610195342e-08,nan,17.207238600774645,0.0581150772184318
Name:	784.7599703514607_8_210_0.025
Lambda:	784.7599703514607	Maximal Depth:	20	Filter time:	8 to 210 [us]
Chi2:	3.3306405635027687	RelRMS:	4.56251065992095	AbsRMS:	3.157781365542395e-06	Phi model:	0.0598250076713103
depth_vector,start_model,resistivity_model,conductivity_model,E/I[V/A],modelled_thickness,rhoa,sigma
0.0,15.536,19.084380629349127,0.0523988710674811,0.0001669516908399,1.0,16.117401539382147,0.0620447407453704
1.0,15.536,18.80330636053697,0.0531821362065731,0.000100464500456,1.0,15.886657287985711,0.0629459037148267
2.0,15.536,18.26091256661228,0.0547617758067781,6.596515390266857e-05,1.0,15.696601592564452,0.0637080577029937
3.0,15.536,17.501571535352284,0.0571377260596313,4.617716847560362e-05,1.0,15.542984264082136,0.0643377090917394
4.0,15.536,16.58968207565452,0.0602784306196866,2.979577261665428e-05,1.0,15.407812911217452,0.0649021380102534
5.0,15.536,15.601712070079389,0.0640955297411094,1.792594823994059e-05,1.0,15.300910571351226,0.0653555875212
6.0,15.536,14.617452342924404,0.0684113740575355,1.1701454105219402e-05,1.5,15.263189050745158,0.0655171076421397
7.5,15.536,13.746352261888456,0.0727465716685061,8.12008540110555e-06,1.5,15.264332130253589,0.0655122013506258
9.0,15.536,13.128919171753768,0.0761677322343069,5.1718902190933e-06,1.5,15.302923446554908,0.0653469909519234
10.5,15.536,12.86034802501379,0.0777583933230242,3.0699263512307627e-06,1.5,15.40008436159099,0.0649347092210792
12.0,15.536,12.992317400593294,0.0769685629720172,1.976837602779595e-06,1.5,15.517998455783085,0.064441300393823
13.5,15.536,13.54478534594089,0.0738291508104025,1.3611950457964798e-06,1.5,15.63299075866636,0.0639672865824241
15.0,15.536,14.518679292878572,0.0688767882964741,8.5934251049623e-07,1.5,15.80241153678414,0.0632814806570658
16.5,15.536,15.905247387732746,0.0628723323581418,5.044880654562039e-07,1.5,16.022860799837296,0.0624108274104306
18.0,15.536,17.692030289270583,0.0565226253657532,3.242301498619432e-07,1.5,16.21811632796875,0.0616594418104809
19.5,15.536,19.8663628085798,0.0503363403575879,2.2221654137320765e-07,nan,16.392887051831856,0.0610020673501958
nan,nan,nan,nan,1.3974127135292772e-07,nan,16.623061921062835,0.0601573888582412
nan,nan,nan,nan,8.188762274095352e-08,nan,16.896020844659425,0.0591855330431889
nan,nan,nan,nan,5.2554201463316034e-08,nan,17.129609357606217,0.0583784474662267
Name:	1000.0_8_210_0.025
Lambda:	1000	Maximal Depth:	20	Filter time:	8 to 210 [us]
Chi2:	3.966558603545288	RelRMS:	4.979055258998241	AbsRMS:	3.555303733837048e-06	Phi model:	0.0467171437486059
depth_vector,start_model,resistivity_model,conductivity_model,E/I[V/A],modelled_thickness,rhoa,sigma
0.0,15.536,18.629657916516365,0.0536778509021057,0.0001685721049318,1.0,16.013948732513924,0.0624455602239845
1.0,15.536,18.383512875066945,0.0543965675546305,0.0001010436660098,1.0,15.825892688085784,0.0631875888273165
2.0,15.536,17.907951032295788,0.0558411176240412,6.614512463828668e-05,1.0,15.66811663583353,0.0638238802558416
3.0,15.536,17.242111390242783,0.0579975373877873,4.6198355944680056e-05,1.0,15.538231689830242,0.0643573876334009
4.0,15.536,16.442355434968235,0.0608185368547187,2.973842429769289e-05,1.0,15.42761509053486,0.0648188326019048
5.0,15.536,15.575566468230743,0.064203122373731,1.7854404640165595e-05,1.0,15.341757726160903,0.0651815794414997
6.0,15.536,14.71175768213247,0.067972843327518,1.1641060764787823e-05,1.5,15.315933371573289,0.0652914827806721
7.5,15.536,13.95091141627809,0.0716799046428743,8.073276210851416e-06,1.5,15.323277414311148,0.0652601902949333
9.0,15.536,13.417373565400624,0.0745302346339003,5.140655633065457e-06,1.5,15.364847810699438,0.0650836254494914
10.5,15.536,13.19602556141969,0.0757803927664122,3.0521362886313414e-06,1.5,15.45986828084818,0.0646836041442092
12.0,15.536,13.332922686943418,0.0750023099570864,1.9665964385998284e-06,1.5,15.571825718691748,0.0642185456005741
13.5,15.536,13.844307607508478,0.0722318535784085,1.355192537914763e-06,1.5,15.67911852871725,0.0637790956276298
15.0,15.536,14.727220358369578,0.0679014760196545,8.565851250421188e-07,1.5,15.836305810221711,0.0631460399908758
16.5,15.536,15.968013709882005,0.0626251967319603,5.037108625243971e-07,1.5,16.03933826088912,0.0623467117991042
18.0,15.536,17.548114403637005,0.0569861796543075,3.242319540160015e-07,1.5,16.218056165262873,0.0616596705431246
19.5,15.536,19.44771314475259,0.0514199275028807,2.225282682732248e-07,nan,16.377574247693644,0.0610591034347363
nan,nan,nan,nan,1.401856649756276e-07,nan,16.58791286281376,0.0602848597210663
nan,nan,nan,nan,8.231741888941608e-08,nan,16.837157817821296,0.0593924468024852
nan,nan,nan,nan,5.2919075547911295e-08,nan,17.05078012668909,0.0586483429244817
Name:	10_8_210_0.025
Lambda:	10	Maximal Depth:	20	Filter time:	8 to 210 [us]
Chi2:	0.9328057092014372	RelRMS:	2.414546682611248	AbsRMS:	4.225150245571912e-07	Phi model:	0.2442811719488563
depth_vector,start_model,resistivity_model,conductivity_model,E/I[V/A],modelled_thickness,rhoa,sigma
0.0,15.536,21.86532265263595,0.0457345183460828,0.0001554368576743,1.0,16.903873540451027,0.0591580383991276
1.0,15.536,21.384940896260403,0.0467618781296174,9.580981751375528e-05,1.0,16.397121107498357,0.0609863154296459
2.0,15.536,20.478562077865185,0.0488315535142419,6.420288634877552e-05,1.0,15.982534600325003,0.0625682987715643
3.0,15.536,19.20781885439133,0.0520621319672315,4.568672282382953e-05,1.0,15.654021847630927,0.0638813468981672
4.0,15.536,17.723184290132707,0.0564232692968579,3.0019161657715763e-05,1.0,15.331279136774302,0.0652261296059344
5.0,15.536,16.13340513301507,0.0619831952247712,1.8369572839114207e-05,1.0,15.053563906459246,0.0664294519366882
6.0,15.536,14.58581406417868,0.0685597660576176,1.2117342299182882e-05,1.5,14.911920796769794,0.067060442020093
7.5,15.536,13.170986817341262,0.0759244553098613,8.45994798134537e-06,1.5,14.852734226684175,0.0673276707667344
9.0,15.536,12.046665481624096,0.0830105228310185,5.409544948368593e-06,1.5,14.851379016867146,0.0673338145140778
10.5,15.536,11.306370633583022,0.0884457119271966,3.2109927680154184e-06,1.5,14.945674494762637,0.0669089909826703
12.0,15.536,10.966704830104309,0.0911850930148986,2.0604972696658803e-06,1.5,15.095065588387715,0.0662468138442059
13.5,15.536,11.10496608852989,0.0900498022261302,1.411447818564227e-06,1.5,15.259691712461995,0.0655321233772592
15.0,15.536,11.928533802873249,0.0838325997583314,8.832722941153509e-07,1.5,15.515692360362946,0.0644508782962623
16.5,15.536,13.82961889831058,0.0723085724453447,5.118453485734228e-07,1.5,15.868948482067614,0.0630161476124287
18.0,15.536,17.527908619683576,0.0570518720571725,3.248488509669582e-07,1.5,16.197517303097936,0.06173785656699
19.5,15.536,24.26219902566921,0.0412163793950419,2.200527576012701e-07,nan,16.50017279343111,0.0606054259260915
nan,nan,nan,nan,1.3628757317412077e-07,nan,16.902721813072265,0.0591620693435667
nan,nan,nan,nan,7.842510116066502e-08,nan,17.389745276229842,0.0575051551426061
nan,nan,nan,nan,4.95734166732123e-08,nan,17.809559804755693,0.056149619135054
Name:	58.06735210785115_8_210_0.025
Lambda:	58.06735210785115	Maximal Depth:	20	Filter time:	8 to 210 [us]
Chi2:	0.9978737814019056	RelRMS:	2.497340812496746	AbsRMS:	5.161326473164385e-07	Phi model:	0.1983133560482188
depth_vector,start_model,resistivity_model,conductivity_model,E/I[V/A],modelled_thickness,rhoa,sigma
0.0,15.536,22.24474704850536,0.0449544334138513,0.000156086698853,1.0,16.85692326823947,0.0593228066644951
1.0,15.536,21.741294296459127,0.0459954217244032,9.634299207604556e-05,1.0,16.336569313733857,0.0612123623262393
2.0,15.536,20.77274421109805,0.0481400045096468,6.454035001891618e-05,1.0,15.92677376287904,0.0627873551095908
3.0,15.536,19.424346806233924,0.0514817826295742,4.587687496477649e-05,1.0,15.610736338273329,0.064058477340897
4.0,15.536,17.809920245585612,0.0561484827675104,3.008881328436519e-05,1.0,15.307610075610269,0.0653269840987985
5.0,15.536,16.07703208447807,0.0622005351948928,1.8367515934486173e-05,1.0,15.0546877444164,0.066424492953757
6.0,15.536,14.368050442097662,0.0695988647889243,1.209282310481973e-05,1.5,14.932070755991036,0.0669699478619722
7.5,15.536,12.821193300696958,0.0779958601782909,8.431204894122388e-06,1.5,14.886471692854045,0.0671750849114925
9.0,15.536,11.653786210732232,0.0858090222282503,5.384285989021343e-06,1.5,14.897790331229691,0.067124048450577
10.5,15.536,11.001645357333611,0.090895494948254,3.193406602689902e-06,1.5,15.00049504266386,0.0666644665496596
12.0,15.536,10.942936303200698,0.09138315094711,2.0490015107072627e-06,1.5,15.151472697205058,0.0660001849314929
13.5,15.536,11.543934136803433,0.0866255808591181,1.404034891378073e-06,1.5,15.313355942345275,0.0653024721533931
15.0,15.536,12.896765314685036,0.0775388227667707,8.79411185807557e-07,1.5,15.561074252890045,0.0642629155126791
16.5,15.536,15.150600138632017,0.0660039860368391,5.104449404373284e-07,1.5,15.897959584199322,0.06290115374264
18.0,15.536,18.53086199228967,0.0539640304059293,3.245426684528496e-07,1.5,16.207703158608272,0.0616990569369403
19.5,15.536,23.3530417386926,0.0428209742948879,2.2023966741333546e-07,nan,16.490836053999207,0.0606397393513283
nan,nan,nan,nan,1.3674010743059508e-07,nan,16.86540876212029,0.0592929595780684
nan,nan,nan,nan,7.892937964215655e-08,nan,17.315597653915123,0.0577513996332604
nan,nan,nan,nan,5.002644735353254e-08,nan,17.701876713421605,0.0564911854369541
Name:	172.21381097981777_8_210_0.025
Lambda:	172.21381097981777	Maximal Depth:	20	Filter time:	8 to 210 [us]
Chi2:	1.2699850592352948	RelRMS:	2.8173403451164	AbsRMS:	1.158352064118243e-06	Phi model:	0.1527309401232284
depth_vector,start_model,resistivity_model,conductivity_model,E/I[V/A],modelled_thickness,rhoa,sigma
0.0,15.536,21.47659451921401,0.0465623169029592,0.0001588061744599,1.0,16.663925590543084,0.0600098694972274
1.0,15.536,21.024548532856112,0.0475634470075421,9.743966283098191e-05,1.0,16.213760912873916,0.0616760050535831
2.0,15.536,20.1547655927353,0.0496160570758732,6.495614056450436e-05,1.0,15.858735165738656,0.0630567311673385
3.0,15.536,18.94181178956214,0.0527932602809963,4.599442880760299e-05,1.0,15.58412609171937,0.0641678586347777
4.0,15.536,17.490323546535635,0.0571744712062844,3.0039309509193623e-05,1.0,15.324423078713338,0.0652553113982521
5.0,15.536,15.92325847591456,0.0628012163159063,1.8266364668077667e-05,1.0,15.110214163981324,0.0661803988446259
6.0,15.536,14.364889761163214,0.0696141785023363,1.1997813603255064e-05,1.5,15.0107974749988,0.0666187124078882
7.5,15.536,12.95377801477054,0.0771975557138427,8.353596207407647e-06,1.5,14.97853088342914,0.0667622217280539
9.0,15.536,11.903951404360058,0.0840057192802156,5.330118270080925e-06,1.5,14.998553401862534,0.0666730966118251
10.5,15.536,11.35836686416082,0.0880408259355762,3.161380728506824e-06,1.5,15.10163154577639,0.0662180107473009
12.0,15.536,11.399865669667731,0.0877203318860814,2.0301140227332867e-06,1.5,15.2453036633695,0.0655939705814283
13.5,15.536,12.077655398383191,0.082797527087407,1.3927753614097676e-06,1.5,15.395776367062728,0.064952879033718
15.0,15.536,13.4357741330899,0.0744281639520256,8.741405675035109e-07,1.5,15.623561749284931,0.0640058916172407
16.5,15.536,15.530882674699743,0.0643878407264661,5.089194499882609e-07,1.5,15.929713247896562,0.0627757690573648
18.0,15.536,18.441410561892788,0.0542257869398772,3.245215983399214e-07,1.5,16.208404692686578,0.0616963864711011
19.5,15.536,22.272169875404533,0.0448990828282211,2.208272009392533e-07,nan,16.461572688816346,0.0607475372434724
nan,nan,nan,nan,1.375946914746053e-07,nan,16.795503594141007,0.0595397449320211
nan,nan,nan,nan,7.976209509600099e-08,nan,17.194870535401105,0.0581568787006091
nan,nan,nan,nan,5.073507548640672e-08,nan,17.53665989641661,0.0570234016002293
Name:	1000_8_210_0.025
Lambda:	1000	Maximal Depth:	20	Filter time:	8 to 210 [us]
Chi2:	3.966558603545288	RelRMS:	4.979055258998241	AbsRMS:	3.555303733837048e-06	Phi model:	0.0467171437486059
depth_vector,start_model,resistivity_model,conductivity_model,E/I[V/A],modelled_thickness,rhoa,sigma
0.0,15.536,18.629657916516365,0.0536778509021057,0.0001685721049318,1.0,16.013948732513924,0.0624455602239845
1.0,15.536,18.383512875066945,0.0543965675546305,0.0001010436660098,1.0,15.825892688085784,0.0631875888273165
2.0,15.536,17.907951032295788,0.0558411176240412,6.614512463828668e-05,1.0,15.66811663583353,0.0638238802558416
3.0,15.536,17.242111390242783,0.0579975373877873,4.6198355944680056e-05,1.0,15.538231689830242,0.0643573876334009
4.0,15.536,16.442355434968235,0.0608185368547187,2.973842429769289e-05,1.0,15.42761509053486,0.0648188326019048
5.0,15.536,15.575566468230743,0.064203122373731,1.7854404640165595e-05,1.0,15.341757726160903,0.0651815794414997
6.0,15.536,14.71175768213247,0.067972843327518,1.1641060764787823e-05,1.5,15.315933371573289,0.0652914827806721
7.5,15.536,13.95091141627809,0.0716799046428743,8.073276210851416e-06,1.5,15.323277414311148,0.0652601902949333
9.0,15.536,13.417373565400624,0.0745302346339003,5.140655633065457e-06,1.5,15.364847810699438,0.0650836254494914
10.5,15.536,13.19602556141969,0.0757803927664122,3.0521362886313414e-06,1.5,15.45986828084818,0.0646836041442092
12.0,15.536,13.332922686943418,0.0750023099570864,1.9665964385998284e-06,1.5,15.571825718691748,0.0642185456005741
13.5,15.536,13.844307607508478,0.0722318535784085,1.355192537914763e-06,1.5,15.67911852871725,0.0637790956276298
15.0,15.536,14.727220358369578,0.0679014760196545,8.565851250421188e-07,1.5,15.836305810221711,0.0631460399908758
16.5,15.536,15.968013709882005,0.0626251967319603,5.037108625243971e-07,1.5,16.03933826088912,0.0623467117991042
18.0,15.536,17.548114403637005,0.0569861796543075,3.242319540160015e-07,1.5,16.218056165262873,0.0616596705431246
19.5,15.536,19.44771314475259,0.0514199275028807,2.225282682732248e-07,nan,16.377574247693644,0.0610591034347363
nan,nan,nan,nan,1.401856649756276e-07,nan,16.58791286281376,0.0602848597210663
nan,nan,nan,nan,8.231741888941608e-08,nan,16.837157817821296,0.0593924468024852
nan,nan,nan,nan,5.2919075547911295e-08,nan,17.05078012668909,0.0586483429244817
Name:	29.657596692192385_8_210_0.025
Lambda:	29.657596692192385	Maximal Depth:	20	Filter time:	8 to 210 [us]
Chi2:	0.9588942980059	RelRMS:	2.448078708403158	AbsRMS:	4.114492127458925e-07	Phi model:	0.2154391542167432
depth_vector,start_model,resistivity_model,conductivity_model,E/I[V/A],modelled_thickness,rhoa,sigma
0.0,15.536,22.16143586757825,0.0451234299968342,0.0001555427521927,1.0,16.89620049153399,0.0591849037599346
1.0,15.536,21.67006146667404,0.0461466157600835,9.604617985956302e-05,1.0,16.370208682839582,0.061086576193025
2.0,15.536,20.728578723485096,0.0482425743385395,6.439177059736078e-05,1.0,15.951264280809529,0.0626909555503427
3.0,15.536,19.41577388762556,0.0515045141021826,4.581104221597463e-05,1.0,15.625688362199178,0.0639971805926416
4.0,15.536,17.852431901718745,0.0560147774547021,3.007953012248052e-05,1.0,15.310759409249096,0.065313546720348
5.0,15.536,16.153941467221138,0.0619043966470446,1.838479949272612e-05,1.0,15.045250986317756,0.0664661560587727
6.0,15.536,14.468374417228006,0.0691162649764761,1.211490954428175e-05,1.5,14.913917005615708,0.0670514660651161
7.5,15.536,12.934495353493457,0.0773126413261969,8.451567881875704e-06,1.5,14.86255069560218,0.0672832019537467
9.0,15.536,11.743175248762013,0.0851558440384701,5.399939584248452e-06,1.5,14.868985466309862,0.0672540841650427
10.5,15.536,11.01919878066238,0.0907506997473267,3.203442637741448e-06,1.5,14.969148721884157,0.0668040660547416
12.0,15.536,10.849578678740713,0.0921694776922036,2.0552824423122613e-06,1.5,15.120588409796689,0.0661349924287401
13.5,15.536,11.31137781650531,0.0884065598569983,1.4079801299922264e-06,1.5,15.284736649892414,0.0654247451497333
15.0,15.536,12.538352607851998,0.0797552941184443,8.814184014142691e-07,1.5,15.537440907770652,0.0643606631192319
16.5,15.536,14.750166904895403,0.0677958430197906,5.111625811149851e-07,1.5,15.883076265046926,0.0629600955956277
18.0,15.536,18.307346612534666,0.0546228801565006,3.247039757637799e-07,1.5,16.202334909942095,0.0617194994152589
19.5,15.536,23.75692885672365,0.04209298289484,2.201552676331629e-07,nan,16.495050455464163,0.0606242462064576
nan,nan,nan,nan,1.365256955215663e-07,nan,16.883062086730245,0.0592309614726809
nan,nan,nan,nan,7.869064067251514e-08,nan,17.35060241361114,0.0576348864530215
nan,nan,nan,nan,4.981282155684954e-08,nan,17.752451105176412,0.0563302495004992
Name:	87.95730415567415_8_210_0.025
Lambda:	87.95730415567415	Maximal Depth:	20	Filter time:	8 to 210 [us]
Chi2:	1.056672028428281	RelRMS:	2.5698638441903405	AbsRMS:	6.989271802934954e-07	Phi model:	0.1831959813761277
depth_vector,start_model,resistivity_model,conductivity_model,E/I[V/A],modelled_thickness,rhoa,sigma
0.0,15.536,22.0088528428917,0.0454362618142078,0.0001568932736778,1.0,16.79910032512461,0.0595269973180889
1.0,15.536,21.52212109829291,0.0464638218246675,9.66805960755834e-05,1.0,16.298516135121982,0.061355278708169
2.0,15.536,20.58656381763157,0.0485753722116334,6.467566020377614e-05,1.0,15.90455204052954,0.0628750811372556
3.0,15.536,19.283557142888604,0.0518576522262014,4.5920944108032415e-05,1.0,15.600747259995886,0.0640994936546561
4.0,15.536,17.72539876774111,0.0564162201992276,3.007985068644761e-05,1.0,15.31065063019643,0.0653140107597877
5.0,15.536,16.045076387066732,0.0623244150340136,1.834031362509133e-05,1.0,15.069570118301163,0.0663588935948182
6.0,15.536,14.376229444434436,0.0695592682257263,1.2066023466282968e-05,1.5,14.954172824076968,0.0668709671717816
7.5,15.536,12.856356743744003,0.0777825335693649,8.40889320801337e-06,1.5,14.912792681607698,0.0670565212935149
9.0,15.536,11.707522861303104,0.0854151652614151,5.368517740135713e-06,1.5,14.926947630743266,0.066992932831118
10.5,15.536,11.078023044088258,0.0902688138506487,3.184035329349754e-06,1.5,15.029913659510973,0.0665339816750841
12.0,15.536,11.056148422188274,0.0904474109621329,2.0434903637805945e-06,1.5,15.178702090417037,0.0658817858103521
13.5,15.536,11.704195125278742,0.0854394504958481,1.400781408122218e-06,1.5,15.337058180051502,0.0652015522312273
15.0,15.536,13.09361872107119,0.0763730807580893,8.779342306893901e-07,1.5,15.578521701831011,0.064190943090734
16.5,15.536,15.327378782095478,0.0652427276846671,5.100749318021828e-07,1.5,15.905646914052598,0.0628707530981655
18.0,15.536,18.556802567282173,0.0538885940276757,3.246106678549016e-07,1.5,16.205439621157407,0.0617076749151825
19.5,15.536,22.98852810116548,0.0434999577006107,2.2047885002797626e-07,nan,16.478907367012667,0.0606836350085802
nan,nan,nan,nan,1.3704613366133744e-07,nan,16.84029225521273,0.0593813922493216
nan,nan,nan,nan,7.921544112970464e-08,nan,17.273885991182375,0.0578908533094672
nan,nan,nan,nan,5.026613697607198e-08,nan,17.645558675127024,0.0566714842194023
Name:	44.923733528203634_8_210_0.025
Lambda:	44.923733528203634	Maximal Depth:	20	Filter time:	8 to 210 [us]
Chi2:	0.9788158402612894	RelRMS:	2.4733780547326485	AbsRMS:	4.616604293339128e-07	Phi model:	0.2052815709044728
depth_vector,start_model,resistivity_model,conductivity_model,E/I[V/A],modelled_thickness,rhoa,sigma
0.0,15.536,22.25044063151664,0.0449429301900453,0.0001558252926412,1.0,16.875770329874992,0.05925655424628
1.0,15.536,21.748202281081497,0.0459808119804866,9.62170900693974e-05,1.0,16.35081736159666,0.0611590220773128
2.0,15.536,20.78259260462562,0.0481171920666639,6.448437447405288e-05,1.0,15.935989234765358,0.0627510464062336
3.0,15.536,19.43944818092429,0.0514417894321346,4.5856537930293946e-05,1.0,15.615351494378,0.0640395446980511
4.0,15.536,17.83128557650691,0.0560812060190164,3.009103091482164e-05,1.0,15.306857979093715,0.0653301939147675
5.0,15.536,16.104477773017955,0.0620945313529779,1.837880676559185e-05,1.0,15.048521317769634,0.0664517116920436
6.0,15.536,14.399764661671126,0.0694455793893473,1.210470593860365e-05,1.5,14.922296906662163,0.0670138120327536
7.5,15.536,12.851500188703747,0.0778119274261057,8.441481344507773e-06,1.5,14.874387625508138,0.0672296584691054
9.0,15.536,11.670205591634474,0.0856882933336519,5.391854900160068e-06,1.5,14.883845043850132,0.0671869397359246
10.5,15.536,10.991570244318623,0.0909788117413783,3.198127046406785e-06,1.5,14.985730896435827,0.0667301452902666
12.0,15.536,10.893442628476905,0.091798344573447,2.0519169196556906e-06,1.5,15.13711759814674,0.0660627753940705
13.5,15.536,11.449662422882424,0.0873388195272444,1.405855878400562e-06,1.5,15.30012962411612,0.0653589233926355
15.0,15.536,12.764363638987048,0.0783431143363569,8.803383868905757e-07,1.5,15.55014604693522,0.0643080776850382
16.5,15.536,15.013794821275296,0.0666054126824052,5.107844892076557e-07,1.5,15.890913258407132,0.0629290452813306
18.0,15.536,18.46838888062771,0.0541465748021443,3.246300430880331e-07,1.5,16.204794810650316,0.0617101303462829
19.5,15.536,23.519448729124534,0.0425180033561621,2.2021536308720375e-07,nan,16.492049385288322,0.0606352780444646
nan,nan,nan,nan,1.3665568464530024e-07,nan,16.87235409203541,0.0592685522450035
nan,nan,nan,nan,7.883177981738157e-08,nan,17.329886736885154,0.057703781633586
nan,nan,nan,nan,4.993823396513312e-08,nan,17.722716899806805,0.0564247573130788
Name:	68.04805713216612_8_210_0.025
Lambda:	68.04805713216612	Maximal Depth:	20	Filter time:	8 to 210 [us]
Chi2:	1.0181009747383336	RelRMS:	2.522524745590137	AbsRMS:	5.876849977728168e-07	Phi model:	0.1922372278597889
depth_vector,start_model,resistivity_model,conductivity_model,E/I[V/A],modelled_thickness,rhoa,sigma
0.0,15.536,22.11308745323397,0.0452220885986571,0.0001564097393666,1.0,16.83370499824423,0.0594046289931005
1.0,15.536,21.6206624172156,0.0462520518892031,9.647676198129808e-05,1.0,16.321464835997897,0.0612690104747488
2.0,15.536,20.674845381147144,0.0483679554339919,6.459458070565088e-05,1.0,15.91785824942061,0.0628225219957841
3.0,15.536,19.357237630770936,0.0516602636736951,4.5895706562105766e-05,1.0,15.606465855911596,0.0640760060113935
4.0,15.536,17.7817094316675,0.0562375627519307,3.0086996080359013e-05,1.0,15.308226438689973,0.0653243538044748
5.0,15.536,16.082191466566556,0.0621805804313989,1.835842991913764e-05,1.0,15.05965461227336,0.0664025853013267
6.0,15.536,14.394364435707937,0.069471632767565,1.2083646548884434e-05,1.5,14.939629602546171,0.0669360637849796
7.5,15.536,12.85273641034776,0.0778044431997296,8.42354531198843e-06,1.5,14.895494566627905,0.06713439392878
9.0,15.536,11.679648696150732,0.0856190135521431,5.378917059437817e-06,1.5,14.907702101714614,0.0670794192946064
10.5,15.536,11.022357647360392,0.0907246917577091,3.19028879608233e-06,1.5,15.010266577714388,0.0666210686414251
12.0,15.536,10.970644105156063,0.0911523508022662,2.0472344535173703e-06,1.5,15.16019004062182,0.0659622338058094
13.5,15.536,11.592104165091827,0.0862656154360115,1.4030489704074096e-06,1.5,15.320528888041292,0.0652718980726943
15.0,15.536,12.969417924261904,0.077104462655128,8.790280472620244e-07,1.5,15.565595621197197,0.0642442489407987
16.5,15.536,15.227616502358517,0.0656701592035178,5.104226682544523e-07,1.5,15.898422050191051,0.0628993240236683
18.0,15.536,18.552351345778263,0.0539015233897862,3.246518645533599e-07,1.5,16.204068665984483,0.0617128957308849
19.5,15.536,23.20241102870571,0.0430989692736161,2.203918915775646e-07,nan,16.48324172499628,0.0606676779169921
nan,nan,nan,nan,1.368981299044283e-07,nan,16.852427690689332,0.0593386317006707
nan,nan,nan,nan,7.906456004202026e-08,nan,17.295855163895496,0.0578173204229569
nan,nan,nan,nan,5.0135526947372094e-08,nan,17.676191475862478,0.0565732726625833
Name:	52.645293348998436_8_210_0.025
Lambda:	52.64529334899844	Maximal Depth:	20	Filter time:	8 to 210 [us]
Chi2:	0.9897530145524868	RelRMS:	2.487158286268296	AbsRMS:	4.952814502036873e-07	Phi model:	0.2010542620617322
depth_vector,start_model,resistivity_model,conductivity_model,E/I[V/A],modelled_thickness,rhoa,sigma
0.0,15.536,22.256316935957013,0.0449310639706254,0.0001559898191729,1.0,16.863902032818064,0.0592982571918376
1.0,15.536,21.75194522447349,0.0459728998800016,9.630044309098804e-05,1.0,16.341381013759005,0.0611943384196248
2.0,15.536,20.78191363526477,0.048118764111458,6.452421498475899e-05,1.0,15.929428769528627,0.062776890148936
3.0,15.536,19.43237572419129,0.0514605117867859,4.587350563699245e-05,1.0,15.611500716216495,0.0640553408783594
4.0,15.536,17.81706715559226,0.0561259600846331,3.009294706666283e-05,1.0,15.306208201693316,0.0653329673046895
5.0,15.536,16.08427756033682,0.0621725157532695,1.8374005090971035e-05,1.0,15.051142954721808,0.066440137005428
6.0,15.536,14.375534635266416,0.0695626302166721,1.2098842873929055e-05,1.5,14.927117385668552,0.0669921709706721
7.5,15.536,12.828075829943678,0.0779540137785723,8.436172773461242e-06,1.5,14.880626905383473,0.0672014698277411
9.0,15.536,11.65614583432982,0.0857916513925887,5.387837811090053e-06,1.5,14.891242235585176,0.0671535647718045
10.5,15.536,10.995245510859377,0.0909484011987142,3.1955897284663323e-06,1.5,14.993662355526988,0.0666948458814252
12.0,15.536,10.922729096990055,0.0915522110930652,2.050348875927673e-06,1.5,15.144834215948558,0.0660291149933441
13.5,15.536,11.507881802969308,0.0868969648038943,1.4048832554050308e-06,1.5,15.3071904914109,0.0653287747716418
15.0,15.536,12.847095451777758,0.0778386059131849,8.798544157525876e-07,1.5,15.555847847878722,0.0642845063656472
16.5,15.536,15.100032685851174,0.0662250222105152,5.106212763517858e-07,1.5,15.894299281548005,0.0629156392670244
18.0,15.536,18.50889800875146,0.0540280679880117,3.2460280784723105e-07,1.5,16.205701221617222,0.0617066787993149
19.5,15.536,23.417810723336647,0.0427025400373343,2.2024680434973125e-07,nan,16.490479803098406,0.0606410493775996
nan,nan,nan,nan,1.3671669273782352e-07,nan,16.867334335779617,0.0592861906981213
nan,nan,nan,nan,7.889628889080322e-08,nan,17.320438997728996,0.0577352571797468
nan,nan,nan,nan,4.99949377603753e-08,nan,17.70931373783773,0.0564674619696526
Name:	61.69404664601405_8_210_0.025
Lambda:	61.69404664601405	Maximal Depth:	20	Filter time:	8 to 210 [us]
Chi2:	1.007189617128777	RelRMS:	2.50897092590864	AbsRMS:	5.538059537140258e-07	Phi model:	0.1953052608890571
depth_vector,start_model,resistivity_model,conductivity_model,E/I[V/A],modelled_thickness,rhoa,sigma
0.0,15.536,22.132823787651915,0.0451817630499506,0.000156257775173,1.0,16.84461733393851,0.0593661452899379
1.0,15.536,21.640074583519432,0.0462105616198557,9.640885216426072e-05,1.0,16.329128431079532,0.0612402556707608
2.0,15.536,20.693540947170515,0.0483242574363153,6.456565436045459e-05,1.0,15.922612181345947,0.0628037654004752
3.0,15.536,19.37539037708656,0.0516118633244471,4.5885330592010966e-05,1.0,15.608818475926489,0.064066348234
4.0,15.536,17.79864679719857,0.0561840465398412,3.008786084872676e-05,1.0,15.307933116997408,0.0653256055116699
5.0,15.536,16.097594104668598,0.0621210842749465,1.836356350256681e-05,1.0,15.056847836931183,0.0664149635322219
6.0,15.536,14.406513220008437,0.069413048440559,1.208899027529558e-05,1.5,14.935226743740907,0.0669557963302487
7.5,15.536,12.859110361120129,0.0777658774143137,8.42811154915064e-06,1.5,14.890113961997256,0.0671586532213395
9.0,15.536,11.67700306441984,0.0856384120551469,5.3822269338390125e-06,1.5,14.901589677634773,0.0671069343360636
10.5,15.536,11.00793649798381,0.09084354730636,3.192311915158664e-06,1.5,15.0039240970035,0.0666492307968762
12.0,15.536,10.942756422130778,0.0913846531370822,2.048458612351331e-06,1.5,15.154149619345526,0.0659885262531272
13.5,15.536,11.551470705424062,0.0865690634120245,1.4037963192802122e-06,1.5,15.315090873987709,0.0652950745266862
15.0,15.536,12.92133354521799,0.0773913928079107,8.793923491518401e-07,1.5,15.561296465081712,0.0642619978511378
16.5,15.536,15.185618777639236,0.0658517782279966,5.105408719101355e-07,1.5,15.895968019922597,0.0629090344637513
18.0,15.536,18.54367113538008,0.0539267544543576,3.2466788931744653e-07,1.5,16.203535467758886,0.0617149264732846
19.5,15.536,23.275395488799063,0.0429638242014506,2.203647368762666e-07,nan,16.48459580829077,0.0606626945318889
nan,nan,nan,nan,1.3684999926198785e-07,nan,16.856378832512267,0.0593247227020799
nan,nan,nan,nan,7.901490791131568e-08,nan,17.303100093306846,0.057793111905237
nan,nan,nan,nan,5.009232993481928e-08,nan,17.686352032923242,0.0565407721240928
Name:	55.93334405077953_8_210_0.025
Lambda:	55.93334405077953	Maximal Depth:	20	Filter time:	8 to 210 [us]
Chi2:	0.9946152291874087	RelRMS:	2.493259950831704	AbsRMS:	5.06152972237572e-07	Phi model:	0.1993948809179684
depth_vector,start_model,resistivity_model,conductivity_model,E/I[V/A],modelled_thickness,rhoa,sigma
0.0,15.536,22.24795981208597,0.0449479416740388,0.0001560400461212,1.0,16.860283014056805,0.0593109854185885
1.0,15.536,21.744536525667503,0.0459885635557045,9.632105913161292e-05,1.0,16.339049183130086,0.0612030717817099
2.0,15.536,20.7761219252885,0.0481321780646083,6.45305974572316e-05,1.0,15.928378406644908,0.0627810298368367
3.0,15.536,19.4280744695744,0.0514719048234071,4.587317059028615e-05,1.0,15.611576731244613,0.0640550289836276
4.0,15.536,17.814177421511285,0.0561350645802181,3.0088896694118152e-05,1.0,15.307581786003912,0.0653271048281658
5.0,15.536,16.082137945502705,0.0621807873672446,1.836912861563345e-05,1.0,15.053806600591845,0.0664283809757915
6.0,15.536,14.373175467517328,0.0695740480076898,1.2094568119483056e-05,1.5,14.930634446799123,0.0669763902909285
7.5,15.536,12.825206641534926,0.0779714532443837,8.4327203486486e-06,1.5,14.884688128694844,0.0671831341949443
9.0,15.536,11.655036533756308,0.0857998168520291,5.3853986733311694e-06,1.5,14.895738225845324,0.0671332957681089
10.5,15.536,10.998693631450402,0.0909198886257303,3.19409336066597e-06,1.5,14.99834480728726,0.0666740238905648
12.0,15.536,10.934331214065546,0.0914550675686167,2.049419359593732e-06,1.5,15.149413173655995,0.0660091574859774
13.5,15.536,11.529431722165276,0.0867345437396975,1.404290774640453e-06,1.5,15.311495667366804,0.0653104060977718
15.0,15.536,12.877701827774253,0.0776536072487118,8.79536095241649e-07,1.5,15.559600922423115,0.0642690005345117
16.5,15.536,15.13212476399218,0.0660845727613587,5.104852125864389e-07,1.5,15.89712344712609,0.0629044621390784
18.0,15.536,18.524037769756905,0.0539839106586491,3.24547661272936e-07,1.5,16.207536932682103,0.0616996897279021
19.5,15.536,23.379345787481427,0.042772796514069,2.2022973189243898e-07,nan,16.49133203248758,0.060637915604999
nan,nan,nan,nan,1.367229404984188e-07,nan,16.866820479709087,0.0592879968813925
nan,nan,nan,nan,7.891175116218417e-08,nan,17.31817636830563,0.0577428003233713
nan,nan,nan,nan,5.001112412873913e-08,nan,17.70549238881513,0.0564796492545848
Name:	59.42675551189421_8_210_0.025
Lambda:	59.42675551189421	Maximal Depth:	20	Filter time:	8 to 210 [us]
Chi2:	0.999944340218382	RelRMS:	2.499930424304822	AbsRMS:	5.230079409718761e-07	Phi model:	0.197647701374329
depth_vector,start_model,resistivity_model,conductivity_model,E/I[V/A],modelled_thickness,rhoa,sigma
0.0,15.536,22.24248268868208,0.0449590099269288,0.0001561186581462,1.0,16.854622651764327,0.0593309040885184
1.0,15.536,21.738884385898068,0.0460005206453324,9.635814683956868e-05,1.0,16.33485637547227,0.0612187812989624
2.0,15.536,20.770129509407408,0.0481460647391279,6.454728975453438e-05,1.0,15.925632175264504,0.0627918558582049
3.0,15.536,19.42106319812607,0.0514904868903618,4.587973055123387e-05,1.0,15.610088582802229,0.0640611355083345
4.0,15.536,17.806319823967918,0.0561598359394828,3.008907421891641e-05,1.0,15.307521576373867,0.0653273617816376
5.0,15.536,16.073672705590628,0.0622135350343538,1.8366673946093272e-05,1.0,15.055147844977816,0.0664224629539978
6.0,15.536,14.365018893147564,0.0696135527170815,1.2091828311331656e-05,1.5,14.932889718059148,0.066966275039897
7.5,15.536,12.818716954901223,0.0780109275770888,8.430316279077005e-06,1.5,14.887517767512724,0.0671703648396096
9.0,15.536,11.653208000687789,0.0858132799089296,5.38362098856748e-06,1.5,14.899017118108684,0.0671185214482753
10.5,15.536,11.0036451522221,0.0908789756636288,3.1929901344053325e-06,1.5,15.00179937796849,0.0666586703904727
12.0,15.536,10.948475571106451,0.0913369165876432,2.0487453655455965e-06,1.5,15.152735549948396,0.0659946843725789
13.5,15.536,11.552996970221944,0.086557626785285,1.403876408757997e-06,1.5,15.314508396648328,0.0652975579822631
15.0,15.536,12.908586979741482,0.0774678128264064,8.79332368868565e-07,1.5,15.562004093120446,0.0642590757601762
16.5,15.536,15.161928599792422,0.0659546701739309,5.104181450368348e-07,1.5,15.898515975687497,0.0628989524260774
18.0,15.536,18.53487424530753,0.0539523487866754,3.2453785493733425e-07,1.5,16.20786341898382,0.0616984468680016
19.5,15.536,23.33733741661384,0.0428497896802957,2.202443348394184e-07,nan,16.49060307023825,0.0606405960861898
nan,nan,nan,nan,1.367495736294593e-07,nan,16.864630438400475,0.0592956960220733
nan,nan,nan,nan,7.893946525997889e-08,nan,17.31412274974909,0.0577563191883049
nan,nan,nan,nan,5.003532856454351e-08,nan,17.699781943477447,0.0564978711711479
Name:	60.28277833265313_8_210_0.025
Lambda:	60.28277833265313	Maximal Depth:	20	Filter time:	8 to 210 [us]
Chi2:	1.0048197143161213	RelRMS:	2.5060174010720195	AbsRMS:	5.462528023331912e-07	Phi model:	0.1960135519053071
depth_vector,start_model,resistivity_model,conductivity_model,E/I[V/A],modelled_thickness,rhoa,sigma
0.0,15.536,22.13716285251964,0.0451729070550782,0.0001562234454013,1.0,16.847084956252935,0.0593574498256947
1.0,15.536,21.644342427183123,0.0462014497952176,9.639331949272028e-05,1.0,16.330882551099183,0.0612336777801817
2.0,15.536,20.697661439363127,0.0483146370390514,6.45589320802866e-05,1.0,15.923717470205588,0.062799406097921
3.0,15.536,19.3793784118858,0.0516012422455551,4.588284038751501e-05,1.0,15.60938323024472,0.064064030285476
4.0,15.536,17.802348373176283,0.0561723644003479,3.0087962512924416e-05,1.0,15.30789863433425,0.0653257526645159
5.0,15.536,16.100921488831414,0.0621082464561833,1.836467489471035e-05,1.0,15.056240357943109,0.0664176431981864
6.0,15.536,14.409202466764729,0.0694000936072992,1.2090172165058473e-05,1.5,14.93425338681586,0.066960160250315
7.5,15.536,12.86067803624583,0.0777563980049617,8.429129359058401e-06,1.5,14.888915292487647,0.0671640599973431
9.0,15.536,11.676692113831136,0.0856406926080967,5.382968586357561e-06,1.5,14.900220909313624,0.0671130989323073
10.5,15.536,11.005051578570136,0.0908673614894522,3.192766663413403e-06,1.5,15.002499382746834,0.0666555601495321
12.0,15.536,10.936694009995495,0.0914353093435784,2.048734038110863e-06,1.5,15.152791402802436,0.0659944411176316
13.5,15.536,11.54222730958439,0.0866383907696588,1.4039643890457613e-06,1.5,15.31386859460446,0.0653002860656862
15.0,15.536,12.909964728977055,0.0774595454746247,8.794740248984162e-07,1.5,15.560333010301752,0.0642659767845551
16.5,15.536,15.17530635393005,0.0658965279960245,5.105669986093633e-07,1.5,15.895425730378314,0.0629111806731206
18.0,15.536,18.541010749674783,0.0539344922184212,3.2467097513908455e-07,1.5,16.203432797048343,0.0617153175209985
19.5,15.536,23.29227249441577,0.0429326936751124,2.2035812021085017e-07,nan,16.48492579388887,0.0606614802215676
nan,nan,nan,nan,1.3683872112615737e-07,nan,16.85730501245696,0.0593214632624274
nan,nan,nan,nan,7.900337876564481e-08,nan,17.304783439959945,0.0577874900006442
nan,nan,nan,nan,5.008232952869336e-08,nan,17.6887063538872,0.0565332466938852
Name:	58.90379317075645_8_210_0.025
Lambda:	58.90379317075645	Maximal Depth:	20	Filter time:	8 to 210 [us]
Chi2:	0.9991365012122908	RelRMS:	2.4989203934052835	AbsRMS:	5.204691294662098e-07	Phi model:	0.19790591641024
depth_vector,start_model,resistivity_model,conductivity_model,E/I[V/A],modelled_thickness,rhoa,sigma
0.0,15.536,22.24336401094248,0.0449572285697458,0.0001561069034483,1.0,16.855468732269003,0.0593279259025023
1.0,15.536,21.739812362106264,0.0459985570870453,9.635265332952484e-05,1.0,16.335477253339675,0.0612164544990907
2.0,15.536,20.771124141008368,0.0481437592501651,6.45448428859872e-05,1.0,15.926034662181772,0.0627902689659854
3.0,15.536,19.42220710944293,0.0514874542509542,4.587878648948714e-05,1.0,15.61030272442891,0.0640602567197545
4.0,15.536,17.807532554234623,0.0561560113370226,3.008907023036864e-05,1.0,15.307522929130403,0.0653273560085275
5.0,15.536,16.074935618917625,0.0622086472821178,1.8367051735333627e-05,1.0,15.054941399492424,0.0664233737923227
6.0,15.536,14.366192953092089,0.0696078636327076,1.2092243007356403e-05,1.5,14.9325483066052,0.0669678061284197
7.5,15.536,12.819607442764346,0.0780055087072436,8.430678032115261e-06,1.5,14.887091890868724,0.067172286389484
9.0,15.536,11.65340174671744,0.0858118532025794,5.383887381160948e-06,1.5,14.898525649118517,0.0671207355379601
10.5,15.536,11.002840192369536,0.090885624303941,3.193154967584702e-06,1.5,15.001283103711437,0.0666609644712719
12.0,15.536,10.946345593312596,0.0913546892408481,2.048845890892028e-06,1.5,15.152239906212678,0.0659968431195432
13.5,15.536,11.549518824136998,0.0865836936782274,1.4039381380466072e-06,1.5,15.314059487677712,0.0652994720834563
15.0,15.536,12.904091046730471,0.0774948034990323,8.793626796241142e-07,1.5,15.56164648654718,0.0642605524334771
16.5,15.536,15.157640588322838,0.065973328380037,5.104281068201623e-07,1.5,15.898309119149577,0.0628997708187404
18.0,15.536,18.533393565050712,0.0539566591779363,3.245393028581328e-07,1.5,16.20781521173581,0.0616986303789986
19.5,15.536,23.343551223316044,0.042838383519007,2.202421579810627e-07,nan,16.490711731384323,0.0606401965111577
nan,nan,nan,nan,1.367456134593516e-07,nan,16.864956038036645,0.0592945512425074
nan,nan,nan,nan,7.893534814663812e-08,nan,17.31472479169667,0.0577543109711771
nan,nan,nan,nan,5.0031734500948906e-08,nan,17.700629583892702,0.0564951656245032
Name:	59.75228289140659_8_210_0.025
Lambda:	59.75228289140659	Maximal Depth:	20	Filter time:	8 to 210 [us]
Chi2:	1.0039307597707463	RelRMS:	2.504908630782201	AbsRMS:	5.434722328047727e-07	Phi model:	0.1962835746162456
depth_vector,start_model,resistivity_model,conductivity_model,E/I[V/A],modelled_thickness,rhoa,sigma
0.0,15.536,22.13857154851176,0.0451700326648773,0.0001562107672784,1.0,16.84799648763344,0.0593542383946962
1.0,15.536,21.645785659698955,0.0461983693140712,9.638758562786843e-05,1.0,16.331530201205297,0.061231249471418
2.0,15.536,20.699138648821705,0.0483111890289659,6.45564658838771e-05,1.0,15.924123014553754,0.0627978067668816
3.0,15.536,19.38094255034825,0.051597077768647,4.588194577802315e-05,1.0,15.609586131506264,0.0640631975489477
4.0,15.536,17.803800590790924,0.0561677825417373,3.008802808445168e-05,1.0,15.307876393757269,0.0653258475752921
5.0,15.536,16.102136817336817,0.062103558760184,1.8365110121170877e-05,1.0,15.05600248297116,0.0664186925534206
6.0,15.536,14.410201627569451,0.0693952816098568,1.20906282104557e-05,1.5,14.933877848549605,0.066961844079709
7.5,15.536,12.86129905996347,0.0777526434412015,8.42952011272839e-06,1.5,14.888455167975671,0.0671661356882042
9.0,15.536,11.67661780619962,0.0856412376081245,5.383252317271711e-06,1.5,14.89969734843894,0.0671154572213355
10.5,15.536,11.004005252888994,0.0908760016937887,3.1929401342692524e-06,1.5,15.00195599225316,0.0666579745012176
12.0,15.536,10.9344238378162,0.091454292867407,2.048838854689973e-06,1.5,15.152274597133763,0.0659966920206925
13.5,15.536,11.538720620709435,0.0866647207148098,1.4040281900502617e-06,1.5,15.313404668687172,0.0653022643648148
15.0,15.536,12.905612662654194,0.0774856665963456,8.795048759940712e-07,1.5,15.559969126680556,0.0642674797011844
16.5,15.536,15.171313553548584,0.0659138707054208,5.105767127012014e-07,1.5,15.895224115079197,0.0629119786396303
18.0,15.536,18.53992567334936,0.0539376488136342,3.246719515977076e-07,1.5,16.203400308892157,0.0617154412614997
19.5,15.536,23.29876356654633,0.0429207325592099,2.2035543635549214e-07,nan,16.485059647531088,0.0606609876689021
nan,nan,nan,nan,1.3683430147708842e-07,nan,16.8576679963508,0.0593201859365406
nan,nan,nan,nan,7.899890100853702e-08,nan,17.305437338381903,0.0577853064586868
nan,nan,nan,nan,5.007845797282816e-08,nan,17.689618015777178,0.0565303331653691
Name:	59.22645587157314_8_210_0.025
Lambda:	59.22645587157314	Maximal Depth:	20	Filter time:	8.0 to 210.0 [us]
Chi2:	0.9996063212538062	RelRMS:	2.499507853125549	AbsRMS:	5.222849240923524e-07	Phi model:	0.19775653856036
depth_vector,start_model,resistivity_model,conductivity_model,E/I[V/A],modelled_thickness,rhoa,sigma
0.0,15.536,22.24193034557291,0.044960126412725794,0.00015611535833878702,1.0,16.854860154825285,0.05933006805243148
1.0,15.536,21.738602290623536,0.0460011175801918,9.635673961857924e-05,1.0,16.33501541431682,0.06121818526865608
2.0,15.536,20.77032301379405,0.048145616191711454,6.454680303506705e-05,1.0,15.925712234023967,0.062791540202741
3.0,15.536,19.4217872640918,0.05148856726738335,4.5879681529700146e-05,1.0,15.610099702181177,0.06406108987633637
4.0,15.536,17.80733420633388,0.05615663683362053,3.0089270502202292e-05,1.0,15.30745500527061,0.06532764588598715
5.0,15.536,16.07416601223438,0.06221162573777572,1.8366932457212125e-05,1.0,15.055006579064097,0.0664230862170879
6.0,15.536,14.365223809140417,0.06961255969877143,1.2092056599542458e-05,1.5,14.932701770245394,0.0669671178990918
7.5,15.536,12.819040086582755,0.07800896114262607,8.430498985128614e-06,1.5,14.887302671552272,0.06717133533604257
9.0,15.536,11.6532699596455,0.0858128236506091,5.383747005698974e-06,1.5,14.898784623438836,0.0671195688289094
10.5,15.536,11.003340353954334,0.09088149305866233,3.1930639105886033e-06,1.5,15.001568297978993,0.0666596971821086
12.0,15.536,10.947657516022034,0.09134374166678923,2.0487883997199235e-06,1.5,15.152523363485376,0.06599560852087547
13.5,15.536,11.551647261521696,0.086567740285057,1.4039016653782087e-06,1.5,15.314324720971888,0.06529834114269306
15.0,15.536,12.906832853568458,0.07747834122788085,8.79343722380692e-07,1.5,15.561870141873323,0.06425962888028706
16.5,15.536,15.160232374676692,0.06596204961016147,5.104208846117135e-07,1.5,15.898459087714906,0.0628991774915295
18.0,15.536,18.534235914234877,0.05395420694046354,3.245372067264116e-07,1.5,16.207885000711862,0.06169836471298256
19.5,15.536,23.34027308859518,0.042844400157795615,2.2024237405337443e-07,nan,16.49070094573116,0.06064023617254811
nan,nan,nan,nan,1.367471148866937e-07,nan,16.864832590935148,0.059294985266411734
nan,nan,nan,nan,7.893718325004552e-08,nan,17.31445643963689,0.057755206089563596
nan,nan,nan,nan,5.003342150516896e-08,nan,17.700231700455102,0.056496435579105345
