Name:	10.0_8_210_0.025
Lambda:	10	Maximal Depth:	20	Filter time:	8 to 210 [us]
Chi2:	0.9614563138629132	RelRMS:	2.452355626851684	AbsRMS:	1.920358087268806e-07	Phi model:	0.3074747081030525
depth_vector,start_model,resistivity_model,conductivity_model,E/I[V/A],modelled_thickness,rhoa,sigma
0.0,16.9257,12.301902059094663,0.0812882426795709,0.0001888545467902,1.0,15.819729999982032,0.063212204001025
1.0,16.9257,12.97524493034943,0.0770698360892575,0.0001073476484717,1.0,16.197241076814006,0.0617389094388104
2.0,16.9257,14.325292339782054,0.0698066033335284,6.795025693826234e-05,1.0,16.398963901401608,0.0609794622399608
3.0,16.9257,16.265539108777368,0.0614796714275747,4.649837273703972e-05,1.0,16.48627578141279,0.0606565129237638
4.0,16.9257,18.5800134284269,0.0538212743414936,2.9377407050977265e-05,1.0,16.574111143893894,0.0603350605844351
5.0,16.9257,20.931286164458943,0.047775372814786,1.7416429125145842e-05,1.0,16.621150470356802,0.0601643070245626
6.0,16.9257,22.88172020030874,0.0437030079577018,1.129166133688962e-05,1.5,16.655655642467273,0.0600396658928441
7.5,16.9257,23.429265866375893,0.0426816617175842,7.812031798263943e-06,1.5,16.690550463470917,0.05991414136931
9.0,16.9257,22.32884250709934,0.0447851248752395,4.970870606037975e-06,1.5,16.743545321557264,0.0597245076114497
10.5,16.9257,19.89550127874206,0.0502626189704744,2.954263218273675e-06,1.5,16.83594130104452,0.0593967383301555
12.0,16.9257,16.9032159399005,0.0591603398758855,1.9068149234025985e-06,1.5,16.938403019918546,0.0590374428347265
13.5,16.9257,14.223212929483443,0.0703076024353885,1.3164283189158923e-06,1.5,17.03410383625516,0.0587057593174707
15.0,16.9257,12.543446624530851,0.0797229047113995,8.34134991712253e-07,1.5,17.176649828807744,0.058218570557505
16.5,16.9257,12.403145883148484,0.0806247067817406,4.919408699439008e-07,1.5,17.363096452468508,0.0575934138670196
18.0,16.9257,14.54295628227428,0.0687618102255352,3.1740020707709697e-07,1.5,17.52910175654202,0.0570479887611349
19.5,16.9257,20.712704303288213,0.0482795479217673,2.182524637556848e-07,nan,17.679177490150106,0.0565637174329601
nan,nan,nan,nan,1.377903941329146e-07,nan,17.88037589188061,0.055927235872826
nan,nan,nan,nan,8.109220602457829e-08,nan,18.12198050881678,0.0551816066413643
nan,nan,nan,nan,5.2217075729959545e-08,nan,18.33183103203242,0.0545499245685078
Name:	12.742749857031335_8_210_0.025
Lambda:	12.742749857031336	Maximal Depth:	20	Filter time:	8 to 210 [us]
Chi2:	0.9416351862432608	RelRMS:	2.4308979487415443	AbsRMS:	4.798085748037988e-07	Phi model:	0.2458832025079526
depth_vector,start_model,resistivity_model,conductivity_model,E/I[V/A],modelled_thickness,rhoa,sigma
0.0,16.9257,12.676460703722023,0.0788863724167411,0.0001870983439369,1.0,15.918570609549606,0.062819710671767
1.0,16.9257,13.3186250590844,0.0750828254090626,0.0001066811730347,1.0,16.26463100146102,0.0614831040378458
2.0,16.9257,14.584618919693725,0.0685653842247254,6.763620942468328e-05,1.0,16.449686994268006,0.0607914302775764
3.0,16.9257,16.367214414219866,0.0610977515594344,4.631229060483199e-05,1.0,16.530407343791126,0.060494577006029
4.0,16.9257,18.44645180154443,0.0542109675485816,2.9266514674048667e-05,1.0,16.615951540082452,0.06018313170857
5.0,16.9257,20.500364987638307,0.0487796193191193,1.7344553587457005e-05,1.0,16.66703732594738,0.0599986656562646
6.0,16.9257,22.141116630113583,0.0451648404507261,1.1239401250661954e-05,1.5,16.707245155176306,0.0598542722460845
7.5,16.9257,22.567813692158573,0.0443108939855995,7.772489062115044e-06,1.5,16.747111638847347,0.0597117892067044
9.0,16.9257,21.592880352911777,0.0463115612024011,4.943416745064536e-06,1.5,16.80547961507986,0.059504401118233
10.5,16.9257,19.4669538575228,0.0513691051676048,2.9369606936651026e-06,1.5,16.902000296135384,0.059164594869203
12.0,16.9257,16.84802266390388,0.0593541461777858,1.8954793300830904e-06,1.5,17.005867389681956,0.0588032340300815
13.5,16.9257,14.477486675171454,0.0690727625890325,1.308685081830509e-06,1.5,17.10122942003456,0.058475328026912
15.0,16.9257,12.99389899666815,0.0769591944847667,8.2942418272588e-07,1.5,17.241626243023912,0.0579991693303644
16.5,16.9257,12.930719839113076,0.077335215087963,4.893906447524791e-07,1.5,17.423363832015525,0.0573941983672805
18.0,16.9257,14.987044054014474,0.0667242984270895,3.15917130386128e-07,1.5,17.583919305228022,0.0568701426935394
19.5,16.9257,20.56474034956715,0.0486269207877962,2.173434330012884e-07,nan,17.728438189175705,0.0564065480178937
nan,nan,nan,nan,1.3731168666173348e-07,nan,17.921909155699147,0.0557976268773799
nan,nan,nan,nan,8.087977903894104e-08,nan,18.15369766211471,0.0550851963391964
nan,nan,nan,nan,5.211852185940688e-08,nan,18.35493355459112,0.0544812650520257
Name:	16.237767391887218_8_210_0.025
Lambda:	16.237767391887218	Maximal Depth:	20	Filter time:	8 to 210 [us]
Chi2:	0.9830922138036832	RelRMS:	2.485499851068365	AbsRMS:	6.985721015243441e-07	Phi model:	0.1896950789715831
depth_vector,start_model,resistivity_model,conductivity_model,E/I[V/A],modelled_thickness,rhoa,sigma
0.0,16.9257,13.07951490385808,0.0764554348804655,0.0001861390475167,1.0,15.973216285695766,0.0626047993161849
1.0,16.9257,13.666303329622057,0.0731726770495774,0.0001064558378879,1.0,16.28757448270267,0.0613964959031803
2.0,16.9257,14.812244848726586,0.0675117114396046,6.759191400680924e-05,1.0,16.456872924799747,0.0607648855629823
3.0,16.9257,16.40263011528599,0.0609658324897588,4.630475546108882e-05,1.0,16.53220061701959,0.0604880150662168
4.0,16.9257,18.21919330098672,0.0548871721969074,2.9264148464336185e-05,1.0,16.616847204758834,0.0601798877776052
5.0,16.9257,19.979407089948378,0.0500515353382583,1.733447546794274e-05,1.0,16.673496751167864,0.0599754217680797
6.0,16.9257,21.35973242398226,0.046817065876594,1.1226052345345415e-05,1.5,16.720486928307295,0.0598068707142152
7.5,16.9257,21.70372048736843,0.0460750496939914,7.759280612887596e-06,1.5,16.766111738985344,0.059644121163451
9.0,16.9257,20.851783254105843,0.0479575289947009,4.932306391956699e-06,1.5,16.8307071347526,0.0594152100677437
10.5,16.9257,19.033622319852785,0.0525386068503083,2.929111778816646e-06,1.5,16.932180818205055,0.0590591377883719
12.0,16.9257,16.782292244844687,0.0595866157858851,1.8901119431220809e-06,1.5,17.038046762424404,0.0586921736947801
13.5,16.9257,14.735334716272517,0.0678640844782223,1.3049865913457878e-06,1.5,17.133525484229278,0.0583651041883038
15.0,16.9257,13.46711777943626,0.0742549383155287,8.272181650336892e-07,1.5,17.272265840306083,0.0578962835128687
16.5,16.9257,13.490417315216364,0.0741266913123629,4.882787856792678e-07,1.5,17.449803618799365,0.057307235189894
18.0,16.9257,15.430056948316452,0.0648085748062717,3.153417433876484e-07,1.5,17.60530242249323,0.056801069132579
19.5,16.9257,20.39354167173416,0.0490351316164969,2.170468459059964e-07,nan,17.744584716456064,0.0563552213804482
nan,nan,nan,nan,1.3721077646855446e-07,nan,17.93069506285088,0.0557702864554211
nan,nan,nan,nan,8.088394590581986e-08,nan,18.15307417875905,0.0550870882888862
nan,nan,nan,nan,5.215652759156311e-08,nan,18.346015815762847,0.0545077476244625
Name:	20.6913808111479_8_210_0.025
Lambda:	20.6913808111479	Maximal Depth:	20	Filter time:	8 to 210 [us]
Chi2:	1.0356788418264782	RelRMS:	2.550680829984047	AbsRMS:	8.265077625131984e-07	Phi model:	0.1372516646797557
depth_vector,start_model,resistivity_model,conductivity_model,E/I[V/A],modelled_thickness,rhoa,sigma
0.0,16.9257,13.547448135871724,0.073814639478275,0.0001855624022464,1.0,16.00629092989844,0.062475435713347
1.0,16.9257,14.062333703165844,0.0711119520492441,0.0001064599859259,1.0,16.287151400947433,0.0613980907638538
2.0,16.9257,15.05654059690721,0.0664163187794553,6.769203296690488e-05,1.0,16.44064204943628,0.0608248751473965
3.0,16.9257,16.407573240548835,0.0609474652551695,4.639297943738298e-05,1.0,16.51123481344095,0.0605648221528502
4.0,16.9257,17.923292329293968,0.0557933208713888,2.9319368571795383e-05,1.0,16.595976533389305,0.0602555684498654
5.0,16.9257,19.364666319864988,0.0516404457211928,1.7356254845255323e-05,1.0,16.659545417025814,0.0600256474572238
6.0,16.9257,20.489911613239894,0.0488045053036653,1.1232192636063502e-05,1.5,16.714392659177978,0.0598286770205134
7.5,16.9257,20.777438101567405,0.0481291290635375,7.758958441470558e-06,1.5,16.76657584978385,0.059642470171564
9.0,16.9257,20.093272266603385,0.0497679017499842,4.928996952266869e-06,1.5,16.838239969463253,0.0593886297982173
10.5,16.9257,18.615616381425344,0.0537183394581443,2.925688885258805e-06,1.5,16.94538471871047,0.0590131187104791
12.0,16.9257,16.761011307405063,0.0596622710682258,1.887519608350666e-06,1.5,17.05364332164837,0.0586384962520338
13.5,16.9257,15.052785208098024,0.0664328884107125,1.303170781418608e-06,1.5,17.14943744584613,0.0583109506161799
15.0,16.9257,14.006777741928223,0.0713940078456857,8.261890273692554e-07,1.5,17.286606263983114,0.0578482545809766
16.5,16.9257,14.101684505910242,0.0709135138841663,4.878570634776803e-07,1.5,17.45985835317203,0.0572742332596486
18.0,16.9257,15.887130068071038,0.0629440305275612,3.1521250875561005e-07,1.5,17.61011411677485,0.0567855491093854
19.5,16.9257,20.19929152945882,0.0495066868331293,2.170587199752323e-07,nan,17.7439375725293,0.0563572767269072
nan,nan,nan,nan,1.3730663792824094e-07,nan,17.92234847599166,0.0557962591420189
nan,nan,nan,nan,8.100573850407217e-08,nan,18.13487411457243,0.0551423734006756
nan,nan,nan,nan,5.2271410119436976e-08,nan,18.31912527842124,0.0545877592298545
Name:	26.366508987303583_8_210_0.025
Lambda:	26.366508987303583	Maximal Depth:	20	Filter time:	8 to 210 [us]
Chi2:	1.0863074689428538	RelRMS:	2.612227193959264	AbsRMS:	9.4757370362217e-07	Phi model:	0.0980442775239689
depth_vector,start_model,resistivity_model,conductivity_model,E/I[V/A],modelled_thickness,rhoa,sigma
0.0,16.9257,14.004292958331542,0.0714066752941691,0.0001850280513693,1.0,16.037092976960732,0.0623554406921892
1.0,16.9257,14.439856356214328,0.0692527664632647,0.0001064503224729,1.0,16.288137073499712,0.0613943752737057
2.0,16.9257,15.275949283642628,0.0654623802051236,6.777372436830716e-05,1.0,16.42742818662395,0.0608738013424554
3.0,16.9257,16.40569564735743,0.060954440548888,4.6467690722637575e-05,1.0,16.493532099278536,0.0606298271334944
4.0,16.9257,17.66655503983826,0.056604131238093,2.936725058039073e-05,1.0,16.577932288595335,0.0603211536029702
5.0,16.9257,18.860522988661256,0.0530207990839484,1.7375648509989045e-05,1.0,16.647146847832087,0.0600703537453463
6.0,16.9257,19.78997680909968,0.0505306302097427,1.1237963587534724e-05,1.5,16.70867002057588,0.0598491680527864
7.5,16.9257,20.02877115609792,0.0499281754335458,7.75897730253849e-06,1.5,16.766548678191356,0.0596425668271684
9.0,16.9257,19.466374150664738,0.0513706349349014,4.926251145694185e-06,1.5,16.844496282782995,0.0593665719183371
10.5,16.9257,18.249793021086155,0.0547951419966561,2.922712814399801e-06,1.5,16.956885931036446,0.0589730923512131
12.0,16.9257,16.724785247377962,0.0597915001722832,1.885207832301922e-06,1.5,17.067582068145082,0.0585906073869947
13.5,16.9257,15.331906690444768,0.0652234598207687,1.3015130118303e-06,1.5,17.1639968003388,0.0582614883720009
15.0,16.9257,14.514479582005544,0.0688967175398943,8.252109109239003e-07,1.5,17.300263358744417,0.0578025882764697
16.5,16.9257,14.690103268103671,0.068073040859507,4.874172087870187e-07,1.5,17.47036084925797,0.0572398022358235
18.0,16.9257,16.31867871594168,0.0612794710531988,3.150397922309849e-07,1.5,17.61654987491369,0.0567648039542645
19.5,16.9257,20.043923337859848,0.04989043228434,2.170198450367917e-07,nan,17.74605649975903,0.0563505475153636
nan,nan,nan,nan,1.3735303873217658e-07,nan,17.9183118794222,0.0558088287964461
nan,nan,nan,nan,8.10860539453599e-08,nan,18.122897118965504,0.0551788156957259
nan,nan,nan,nan,5.2352885940250953e-08,nan,18.30011386957006,0.0546444687244721
Name:	33.59818286283781_8_210_0.025
Lambda:	33.59818286283781	Maximal Depth:	20	Filter time:	8 to 210 [us]
Chi2:	1.1349796018958669	RelRMS:	2.6700367039536053	AbsRMS:	1.0543351811916963e-06	Phi model:	0.0684831962131225
depth_vector,start_model,resistivity_model,conductivity_model,E/I[V/A],modelled_thickness,rhoa,sigma
0.0,16.9257,14.437637163365414,0.0692634112275266,0.0001845604963034,1.0,16.064166526806595,0.0622503507001922
1.0,16.9257,14.799332923211182,0.0675706131613274,0.0001064439209159,1.0,16.288790114658806,0.0613919138843877
2.0,16.9257,15.48982951598631,0.0645584897476081,6.784650704397591e-05,1.0,16.415677681924247,0.060917375412477
3.0,16.9257,16.418954267648825,0.0609052186697636,4.653360997253868e-05,1.0,16.477951989572347,0.0606871533933843
4.0,16.9257,17.45111652913085,0.0573029237602486,2.940920207238929e-05,1.0,16.562163200588646,0.0603785862926684
5.0,16.9257,18.425256399799185,0.0542733288645524,1.7392431356608966e-05,1.0,16.636436002478447,0.0601090281506822
6.0,16.9257,19.18117385246454,0.0521344526509003,1.1242787288568004e-05,1.5,16.70389045887376,0.0598662929730098
7.5,16.9257,19.377880667676813,0.0516052305796291,7.75878799339344e-06,1.5,16.766821405331303,0.059641596688209
9.0,16.9257,18.926680830674325,0.0528354659195873,4.92368781068586e-06,1.5,16.85034208279238,0.0593459761877002
10.5,16.9257,17.94575456069339,0.0557234858315905,2.920002841988323e-06,1.5,16.967375781120882,0.0589366330362454
12.0,16.9257,16.718831324940183,0.0598127931650496,1.8831170347695548e-06,1.5,17.080212990766956,0.0585472792722532
13.5,16.9257,15.612065128157235,0.0640530251309574,1.3000187253315737e-06,1.5,17.177146876439277,0.0582168859120388
15.0,16.9257,15.00023706165434,0.0666656130759651,8.243320717146835e-07,1.5,17.312557311621404,0.0577615416371057
16.5,16.9257,15.24096368626556,0.0656126489495643,4.870236200705967e-07,1.5,17.47977204383055,0.05720898404696
18.0,16.9257,16.713107638259338,0.0598332770687611,3.14886322741544e-07,1.5,17.622273386656158,0.056746367398727
19.5,16.9257,19.905868581874675,0.0502364413734024,2.1698641098686577e-07,nan,17.747879370602924,0.056344759794591
nan,nan,nan,nan,1.37395869825855e-07,nan,17.914587843295894,0.055820430185014
nan,nan,nan,nan,8.115899334290234e-08,nan,18.112037190638464,0.0552119007638118
nan,nan,nan,nan,5.242664029161641e-08,nan,18.28294664715568,0.0546957784923346
Name:	42.81332398719393_8_210_0.025
Lambda:	42.81332398719393	Maximal Depth:	20	Filter time:	8 to 210 [us]
Chi2:	1.179783764013821	RelRMS:	2.722138360875112	AbsRMS:	1.1443539845263951e-06	Phi model:	0.0471319428412733
depth_vector,start_model,resistivity_model,conductivity_model,E/I[V/A],modelled_thickness,rhoa,sigma
0.0,16.9257,14.832455282091813,0.0674197212114547,0.0001841680659447,1.0,16.086978407550323,0.0621620775925612
1.0,16.9257,15.127916974699016,0.0661029540069838,0.000106441979538,1.0,16.28898817311073,0.0613911674176769
2.0,16.9257,15.689690730169527,0.0637361192899176,6.791013416911852e-05,1.0,16.40542250611714,0.0609554554067185
3.0,16.9257,16.44245087548691,0.0608181838323653,4.6590344568224064e-05,1.0,16.46457211022523,0.0607364706052066
4.0,16.9257,17.275508926156842,0.0578854147958501,2.944491433826002e-05,1.0,16.548768878464987,0.0604274558031507
5.0,16.9257,18.059254898348875,0.0553732701392585,1.7406468076303282e-05,1.0,16.62749096033848,0.0601413648267978
6.0,16.9257,18.66678193747593,0.0535710977580111,1.1246621771970084e-05,1.5,16.70009350056921,0.0598799042631656
7.5,16.9257,18.828951459245587,0.0531097019483243,7.758390753736923e-06,1.5,16.76739372243085,0.0596395609570635
9.0,16.9257,18.47478116942704,0.0541278400447226,4.921330609610734e-06,1.5,16.85572226381847,0.0593270335348692
10.5,16.9257,17.700218231856727,0.0564964785688465,2.9175866116158104e-06,1.5,16.97674229702298,0.0589041161433756
12.0,16.9257,16.735097647229082,0.05975465581855,1.8812703387356903e-06,1.5,17.09138870284074,0.0585089963949969
13.5,16.9257,15.879989891283124,0.0629723322776749,1.298705794326598e-06,1.5,17.18872178976726,0.0581776825659786
15.0,16.9257,15.447954966134205,0.0647334875193675,8.235643603576671e-07,1.5,17.323314603070994,0.0577256733432945
16.5,16.9257,15.7396161031889,0.0635339511106244,4.866829006355617e-07,1.5,17.487929310568,0.0571822988440202
18.0,16.9257,17.062768273521673,0.0586071371286111,3.147558147351755e-07,1.5,17.627144228871057,0.056730686889265
19.5,16.9257,19.78563113380407,0.05054172865335,2.169605113570098e-07,nan,17.749291776202018,0.0563402761422168
nan,nan,nan,nan,1.3743600511539549e-07,nan,17.911099954906536,0.0558313002840488
nan,nan,nan,nan,8.122471140179709e-08,nan,18.10226636702057,0.0552417017695552
nan,nan,nan,nan,5.2492560021706944e-08,nan,18.26763705792621,0.054741617475157
Name:	54.5559478116852_8_210_0.025
Lambda:	54.5559478116852	Maximal Depth:	20	Filter time:	8 to 210 [us]
Chi2:	1.2195941443569756	RelRMS:	2.767584269707408	AbsRMS:	1.2175943981610252e-06	Phi model:	0.032242941220306
depth_vector,start_model,resistivity_model,conductivity_model,E/I[V/A],modelled_thickness,rhoa,sigma
0.0,16.9257,15.179465905106964,0.0658784707084826,0.0001838496541963,1.0,16.105547223188463,0.0620904081148027
1.0,16.9257,15.417577632019215,0.064861032249528,0.0001064439234239,1.0,16.28878985879523,0.0613919148487291
2.0,16.9257,15.868748703159836,0.0630169409514233,6.796430039520039e-05,1.0,16.39670481269525,0.0609878638069854
3.0,16.9257,16.47106415513794,0.0607125314175928,4.6637693536500135e-05,1.0,16.453426440780415,0.0607776139273618
4.0,16.9257,17.13560197504423,0.058358031509857,2.947422289313124e-05,1.0,16.53779655822402,0.0604675475647155
5.0,16.9257,17.759433596568147,0.0563081020890914,1.7417618326069172e-05,1.0,16.620393914091196,0.0601670456891021
6.0,16.9257,18.243089586833094,0.0548152765045756,1.1249352081687146e-05,1.5,16.697391225103864,0.0598895951181008
7.5,16.9257,18.37648753532937,0.054417363387724,7.757694933357135e-06,1.5,16.76839633295398,0.0596359950077489
9.0,16.9257,18.105127909239886,0.0552329707369619,4.919117362039411e-06,1.5,16.860777789933515,0.0593092449505523
10.5,16.9257,17.506543427121606,0.0571214988363021,2.915427340507558e-06,1.5,16.985123656230876,0.0588750497340746
12.0,16.9257,16.765632420809574,0.0596458263488346,1.8796455969203923e-06,1.5,17.101236337574484,0.0584753043733347
13.5,16.9257,16.12677894711775,0.0620086629375374,1.2975604458084706e-06,1.5,17.198835220681893,0.0581434723438412
15.0,16.9257,15.848059541394411,0.063099207659338,8.229005605404065e-07,1.5,17.332629351562154,0.0576946509220698
16.5,16.9257,16.17831053760204,0.0618111512741565,4.86392021068534e-07,1.5,17.494900881095596,0.0571595121799499
18.0,16.9257,17.364621087708773,0.0575883570939438,3.146470363471476e-07,1.5,17.63120664728077,0.0567176155328103
19.5,16.9257,19.682196716547896,0.0508073369249096,2.1694174200378605e-07,nan,17.75031551624738,0.0563370267466328
nan,nan,nan,nan,1.3747353976506157e-07,nan,17.907839606481573,0.0558414650775663
nan,nan,nan,nan,8.128349895473985e-08,nan,18.09353711467332,0.0552683532060201
nan,nan,nan,nan,5.255095300051973e-08,nan,18.254102265145704,0.0547822065130748
Name:	69.51927961775606_8_210_0.025
Lambda:	69.51927961775606	Maximal Depth:	20	Filter time:	8 to 210 [us]
Chi2:	1.2540815726699046	RelRMS:	2.8063180989375853	AbsRMS:	1.2740494392909157e-06	Phi model:	0.0221194111761806
depth_vector,start_model,resistivity_model,conductivity_model,E/I[V/A],modelled_thickness,rhoa,sigma
0.0,16.9257,15.475621869787268,0.0646177587184576,0.0001836045582605,1.0,16.11987702882027,0.0620352126887896
1.0,16.9257,15.66528900293785,0.0638354006627302,0.000106451970281,1.0,16.287968986460893,0.0613950088455616
2.0,16.9257,16.023518309480654,0.0624082664422287,6.801112072078216e-05,1.0,16.389178718334403,0.0610158701168662
3.0,16.9257,16.50030378249439,0.0606049448047693,4.667718473189145e-05,1.0,16.44414485936981,0.0608119186830322
4.0,16.9257,17.024954627453525,0.0587373077862688,2.9497999769212115e-05,1.0,16.528908498312582,0.0605000626691162
5.0,16.9257,17.51686891445646,0.0570878280178663,1.7426242383691398e-05,1.0,16.614909960378476,0.0601869045564915
6.0,16.9257,17.899067885043955,0.0558688310711183,1.1251113789472278e-05,1.5,16.695648186303274,0.05989584763893
7.5,16.9257,18.0098950861866,0.0555250319457435,7.756741745842765e-06,1.5,16.769770028182222,0.0596311099269377
9.0,16.9257,17.808450126622493,0.0561531179237806,4.917041096072063e-06,1.5,16.86552386861278,0.0592925549061081
10.5,16.9257,17.3575053993706,0.0576119653712601,2.913506591857788e-06,1.5,16.992587873600385,0.0588491880953339
12.0,16.9257,16.805093919771533,0.0595057668094005,1.878227784827761e-06,1.5,17.109841360684403,0.058445895489004
13.5,16.9257,16.348293745449098,0.061168462933838,1.2965725958682325e-06,1.5,17.207569896353327,0.0581139583348095
15.0,16.9257,16.197528684758414,0.0617378131851053,8.223359411373025e-07,1.5,17.34056221597956,0.057668257092523
16.5,16.9257,16.55587651557094,0.0604015135688824,4.861503254275976e-07,1.5,17.50069893815397,0.0571405749869715
18.0,16.9257,17.619582992896145,0.0567550321936211,3.145611220460171e-07,1.5,17.63441684236602,0.0567072905749589
19.5,16.9257,19.593241827660687,0.0510380063082901,2.169319529204701e-07,nan,17.750849502468533,0.0563353319997972
nan,nan,nan,nan,1.3751056312076884e-07,nan,17.90462512338726,0.0558514905008419
nan,nan,nan,nan,8.133725570977993e-08,nan,18.085564081038854,0.0552927182983699
nan,nan,nan,nan,5.260341085361976e-08,nan,18.24196451940269,0.0548186572195319
Name:	88.58667904100822_8_210_0.025
Lambda:	88.58667904100822	Maximal Depth:	20	Filter time:	8 to 210 [us]
Chi2:	1.2833590331663434	RelRMS:	2.8387432335829588	AbsRMS:	1.3153759253627435e-06	Phi model:	0.0153755763620688
depth_vector,start_model,resistivity_model,conductivity_model,E/I[V/A],modelled_thickness,rhoa,sigma
0.0,16.9257,15.721405196560733,0.063607545731266,0.0001834252109228,1.0,16.130382985947175,0.0619948082368039
1.0,16.9257,15.870980910192424,0.063008077803042,0.0001064653437241,1.0,16.286604969596723,0.0614001507291891
2.0,16.9257,16.152712857142344,0.0619091052285885,6.805114415814128e-05,1.0,16.382752026655197,0.0610398056671413
3.0,16.9257,16.526836842076833,0.0605076464150738,4.670939554537326e-05,1.0,16.43658406532618,0.0608398920375159
4.0,16.9257,16.937794347710536,0.0590395643890415,2.951658395475625e-05,1.0,16.521969833010704,0.0605254706374061
5.0,16.9257,17.3233683979397,0.057725494085719,1.7432408027824952e-05,1.0,16.610992059816418,0.0602011003556552
6.0,16.9257,17.62455833158241,0.0567390104867504,1.1251858730715344e-05,1.5,16.69491127610603,0.0598984914302127
7.5,16.9257,17.71816598084033,0.0564392500375805,7.755446961588606e-06,1.5,16.771636469506554,0.0596244738441687
9.0,16.9257,17.574879501405697,0.0568993943838998,4.915015359398132e-06,1.5,16.870157664072057,0.0592762687766501
10.5,16.9257,17.245798619266854,0.057985137254404,2.911758934349083e-06,1.5,16.999386571456302,0.0588256520784756
12.0,16.9257,16.849190882675693,0.0593500309280844,1.8769719115081567e-06,1.5,17.117472587561917,0.0584198394292525
13.5,16.9257,16.54301178963099,0.0604484849987709,1.2957118553161464e-06,1.5,17.215189704612833,0.0580882358637063
15.0,16.9257,16.496952214092538,0.0606172574801877,8.218533673222116e-07,1.5,17.34734954397415,0.0576456937969157
16.5,16.9257,16.87484886884484,0.0592597899852157,4.859502880180761e-07,1.5,17.50550128718954,0.0571248994012982
18.0,16.9257,17.830742194821426,0.0560829150617426,3.144950725778483e-07,1.5,17.63688578001631,0.0566993522820827
19.5,16.9257,19.51636080683962,0.0512390609036877,2.169303521320967e-07,nan,17.750936827941974,0.0563350548589574
nan,nan,nan,nan,1.3754766794082672e-07,nan,17.901405014189308,0.0558615370808807
nan,nan,nan,nan,8.138712581320674e-08,nan,18.078175352358155,0.0553153169780244
nan,nan,nan,nan,5.265110857644176e-08,nan,18.230945674564968,0.0548517898001943
Name:	112.88378916846884_8_210_0.025
Lambda:	112.88378916846884	Maximal Depth:	20	Filter time:	8 to 210 [us]
Chi2:	1.3079487792693505	RelRMS:	2.8656396463251377	AbsRMS:	1.3424846667298492e-06	Phi model:	0.0109319381512333
depth_vector,start_model,resistivity_model,conductivity_model,E/I[V/A],modelled_thickness,rhoa,sigma
0.0,16.9257,15.920258060331076,0.0628130521635026,0.0001833074873136,1.0,16.13728840929917,0.0619682795917402
1.0,16.9257,16.03714672002622,0.0623552317290494,0.0001064856934684,1.0,16.284529956561983,0.0614079744805309
2.0,16.9257,16.256941909768624,0.0615121838750688,6.808650196839353e-05,1.0,16.377079748324054,0.0610609470899312
3.0,16.9257,16.548481361264365,0.0604285056839557,4.6735935394032e-05,1.0,16.43036093464335,0.0608629356334774
4.0,16.9257,16.86874427533322,0.0592812353829014,2.9530905486161325e-05,1.0,16.516627654806502,0.0605450471427797
5.0,16.9257,17.17002135150952,0.058241045804645,1.7436477429352343e-05,1.0,16.608407461853297,0.0602104688421711
6.0,16.9257,17.40754825600499,0.0574463436948988,1.1251698361282316e-05,1.5,16.695069909763507,0.0598979222851403
7.5,16.9257,17.48918685633394,0.0571781871972988,7.753819821607118e-06,1.5,16.773982740678704,0.0596161338341485
9.0,16.9257,17.39445737716926,0.0574895771863817,4.913001408944113e-06,1.5,16.874767655405908,0.059260075185666
10.5,16.9257,17.16533105866917,0.0582569597161926,2.9101409899044133e-06,1.5,17.005686727870067,0.0588038587328045
12.0,16.9257,16.89611827976273,0.0591851917370717,1.875844837072052e-06,1.5,17.124328426220185,0.0583964506583997
13.5,16.9257,16.712663217762568,0.0598348681458009,1.294955136147895e-06,1.5,17.22189562322089,0.0580656172745388
15.0,16.9257,16.75071994996226,0.0596989265528406,8.214400090737407e-07,1.5,17.353168649191137,0.0576263632432692
16.5,16.9257,17.140794249439598,0.0583403537460169,4.857869721899802e-07,1.5,17.509424495560086,0.0571120998439196
18.0,16.9257,18.002888543723273,0.0555466417275938,3.144477038257609e-07,1.5,17.638656962285303,0.0566936588277772
19.5,16.9257,19.448832503122265,0.0514169680796758,2.169375270905913e-07,nan,17.750545431276585,0.0563362970378359
nan,nan,nan,nan,1.3758644911678886e-07,nan,17.898040970902468,0.0558720365891294
nan,nan,nan,nan,8.143494986923818e-08,nan,18.07109684927581,0.0553369841543444
nan,nan,nan,nan,5.269573278719264e-08,nan,18.22065190713486,0.054882778349353
Name:	143.8449888287663_8_210_0.025
Lambda:	143.8449888287663	Maximal Depth:	20	Filter time:	8 to 210 [us]
Chi2:	1.3284893041759194	RelRMS:	2.8878570614418475	AbsRMS:	1.3573138862299382e-06	Phi model:	0.0080209682716815
depth_vector,start_model,resistivity_model,conductivity_model,E/I[V/A],modelled_thickness,rhoa,sigma
0.0,16.9257,16.07643918518236,0.0622028291514764,0.0001832428899867,1.0,16.141080696352315,0.061953720374249
1.0,16.9257,16.167336508970138,0.0618531073096158,0.0001065120058069,1.0,16.281847932092116,0.0614180898980737
2.0,16.9257,16.338086422722462,0.0612066783175558,6.811767059938377e-05,1.0,16.372083589112194,0.0610795806506279
3.0,16.9257,16.564541865073227,0.0603699159412628,4.675735365851201e-05,1.0,16.42534301894818,0.0608815291617597
4.0,16.9257,16.8137894304021,0.0594749924839569,2.954130278326721e-05,1.0,16.512751988223712,0.0605592575188656
5.0,16.9257,17.049670698665835,0.058652159192626,1.743852562808934e-05,1.0,16.607106970215778,0.0602151838844334
6.0,16.9257,17.238545704191022,0.0580095338179763,1.1250591652454938e-05,1.5,16.696164742752835,0.059893994543511
7.5,16.9257,17.31262158029476,0.0577613272121768,7.751781646856169e-06,1.5,16.776922865640906,0.0596056862160341
9.0,16.9257,17.25847042432777,0.057942562429541,4.9109160123288325e-06,1.5,16.879544509411524,0.0592433047848198
10.5,16.9257,17.11073091247926,0.0584428570068083,2.9085887765084543e-06,1.5,17.011736421729307,0.0587829469731665
12.0,16.9257,16.944539067785918,0.0590160638775443,1.8748022688096244e-06,1.5,17.130676340824827,0.0583748113678885
13.5,16.9257,16.859734069771694,0.0593129165538221,1.2942724497213756e-06,1.5,17.227951082430103,0.0580452077681976
15.0,16.9257,16.96396458753073,0.058948484290933,8.210789952820038e-07,1.5,17.35825486237847,0.0576094779070997
16.5,16.9257,17.360190622142,0.0576030541234122,4.856530791967364e-07,1.5,17.512642542414067,0.0571016051734105
18.0,16.9257,18.140951542116422,0.0551239000709735,3.144162333938188e-07,1.5,17.639833930551905,0.0566898761029726
19.5,16.9257,19.38828714103098,0.0515775319772174,2.1695289050610245e-07,nan,17.749707423777654,0.0563389568134735
nan,nan,nan,nan,1.3762768152800148e-07,nan,17.894466030013913,0.0558831986560943
nan,nan,nan,nan,8.148202168183845e-08,nan,18.064136449180832,0.055358306377571
nan,nan,nan,nan,5.2738580346453474e-08,nan,18.210781634930942,0.0549125249012845
Name:	183.29807108324357_8_210_0.025
Lambda:	183.2980710832436	Maximal Depth:	20	Filter time:	8 to 210 [us]
Chi2:	1.345611591651171	RelRMS:	2.906174379723037	AbsRMS:	1.357352902198823e-06	Phi model:	0.0061169271143726
depth_vector,start_model,resistivity_model,conductivity_model,E/I[V/A],modelled_thickness,rhoa,sigma
0.0,16.9257,16.19314159300641,0.0617545393681906,0.0001832426757915,1.0,16.14109327471871,0.0619536720952024
1.0,16.9257,16.263907294029636,0.0614858398982077,0.00010655308303,1.0,16.2776631254191,0.0614338798078703
2.0,16.9257,16.396750913282062,0.0609876923354344,6.815064007744062e-05,1.0,16.36680290912456,0.0610992877199306
3.0,16.9257,16.57311176147012,0.060338698875177,4.677761435583027e-05,1.0,16.420599825209994,0.0608991151751188
4.0,16.9257,16.768371984976678,0.0596360816002848,2.9550024125050275e-05,1.0,16.509502798800327,0.0605711760182545
5.0,16.9257,16.955248934778187,0.0589787860884085,1.743961850468881e-05,1.0,16.606413158855414,0.0602176996582038
6.0,16.9257,17.108736959735598,0.0584496682807995,1.1249073678137591e-05,1.5,16.69766672001386,0.0598886069992879
7.5,16.9257,17.179890318479966,0.058207589307152,7.74961671588139e-06,1.5,16.780047251479687,0.059594587846695
9.0,16.9257,17.1603943224535,0.0582737191937105,4.908881038303655e-06,1.5,16.88420912463252,0.0592269375851955
10.5,16.9257,17.078929692539628,0.0585516784717965,2.9071433376256254e-06,1.5,17.017374806271377,0.0587634703580408
12.0,16.9257,16.99526444864672,0.0588399199683901,1.873858802359124e-06,1.5,17.13642592467336,0.0583552255526154
13.5,16.9257,16.988215864657057,0.0588643332511708,1.2936693807948698e-06,1.5,17.233304760922515,0.0580271755111971
15.0,16.9257,17.142519337749285,0.0583344828316987,8.207720554067252e-07,1.5,17.36258217715122,0.0575951197694533
16.5,16.9257,17.538885705174774,0.0570161649268832,4.855496285207386e-07,1.5,17.51512993714676,0.0570934959425657
18.0,16.9257,18.248734623507136,0.0547983200277266,3.1440185294712964e-07,1.5,17.640371812788377,0.056688147540918
19.5,16.9257,19.3331443756718,0.0517246434707417,2.1697778335008775e-07,nan,17.74834983733208,0.0563432662284236
nan,nan,nan,nan,1.3767274643362512e-07,nan,17.890560844495234,0.0558953969465798
nan,nan,nan,nan,8.152959327617956e-08,nan,18.057108952966697,0.0553798508169108
nan,nan,nan,nan,5.2780717682267894e-08,nan,18.20108799435416,0.054941770530981
Name:	233.57214690901213_8_210_0.025
Lambda:	233.57214690901213	Maximal Depth:	20	Filter time:	8 to 210 [us]
Chi2:	1.3602595471043133	RelRMS:	2.921692877767909	AbsRMS:	1.3524540796754005e-06	Phi model:	0.0048385851161786
depth_vector,start_model,resistivity_model,conductivity_model,E/I[V/A],modelled_thickness,rhoa,sigma
0.0,16.9257,16.28013567357241,0.0614245495277599,0.0001832634614511,1.0,16.139872774609668,0.0619583570431325
1.0,16.9257,16.33544594029878,0.0612165718435054,0.0001065899823427,1.0,16.273906241769794,0.0614480620168086
2.0,16.9257,16.43934386641016,0.0608296783695399,6.817569441882523e-05,1.0,16.36279283299235,0.0611142614959774
3.0,16.9257,16.577746513348917,0.06032182958008,4.679099027801988e-05,1.0,16.417470289228785,0.0609107239046494
4.0,16.9257,16.732314390459045,0.0597645954208349,2.955398022964505e-05,1.0,16.508029454621248,0.0605765820050715
5.0,16.9257,16.882672937264445,0.0592323267598663,1.7438140817140447e-05,1.0,16.60735128422284,0.0602142980470347
6.0,16.9257,17.010494688342508,0.0587872380152066,1.1246173373369035e-05,1.5,16.700537399636268,0.059878312659674
7.5,16.9257,17.08149062641977,0.0585429001408875,7.746689807200364e-06,1.5,16.78427362213734,0.0595795816079324
9.0,16.9257,17.09124239518592,0.0585094972546682,4.906518567298725e-06,1.5,16.889628480347625,0.0592079335056763
10.5,16.9257,17.06355183588733,0.0586044458749111,2.905600394227773e-06,1.5,17.023398695601525,0.0587426763527766
12.0,16.9257,17.045857065340076,0.0586652813153839,1.872895809571895e-06,1.5,17.142299481772703,0.0583352309918102
13.5,16.9257,17.100099320015435,0.0584791925055963,1.2930729086338398e-06,1.5,17.238603970455248,0.0580093377464829
15.0,16.9257,17.292491403123734,0.0578285671328631,8.20480834634566e-07,1.5,17.366690374284964,0.0575814952905886
16.5,16.9257,17.685593951649214,0.0565431957068508,4.854600973685009e-07,1.5,17.517283360364882,0.0570864773622734
18.0,16.9257,18.33354852348765,0.0545448143177994,3.143974519410688e-07,1.5,17.640536434992235,0.0566876185248184
19.5,16.9257,19.280620060564804,0.0518655518784547,2.1700950846413935e-07,nan,17.746620014072043,0.0563487581977333
nan,nan,nan,nan,1.377216999728377e-07,nan,17.886321095470873,0.0559086463148208
nan,nan,nan,nan,8.15789077310323e-08,nan,18.0498312039453,0.0554021801478909
nan,nan,nan,nan,5.28235886074513e-08,nan,18.19123882044224,0.054971517326036
Name:	297.63514416313194_8_210_0.025
Lambda:	297.63514416313194	Maximal Depth:	20	Filter time:	8 to 210 [us]
Chi2:	1.3730447676928497	RelRMS:	2.935091883965976	AbsRMS:	1.3405382757595996e-06	Phi model:	0.00396354505498
depth_vector,start_model,resistivity_model,conductivity_model,E/I[V/A],modelled_thickness,rhoa,sigma
0.0,16.9257,16.340674085626304,0.0611969858011932,0.0001833144962782,1.0,16.136877071023306,0.0619698591988211
1.0,16.9257,16.38442597323004,0.0610335694173153,0.0001066296050394,1.0,16.269874490978903,0.0614632891332054
2.0,16.9257,16.46685762614371,0.0607280406926178,6.819746907209765e-05,1.0,16.359309682193775,0.0611272736702604
3.0,16.9257,16.577547893255687,0.0603225523122653,4.6800546299205e-05,1.0,16.415235400311733,0.060919016731311
4.0,16.9257,16.702603501981994,0.059870905747199,2.9554923093584778e-05,1.0,16.507678358947633,0.0605778703858723
5.0,16.9257,16.82714421826742,0.0594277904217643,1.74349440693454e-05,1.0,16.609381226357733,0.0602069388601353
6.0,16.9257,16.937851854960332,0.0590393639384173,1.124233490497494e-05,1.5,16.704338557681837,0.0598646870420456
7.5,16.9257,17.011630227038964,0.0587833139242916,7.743249410861096e-06,1.5,16.789244857961418,0.0595619403052426
9.0,16.9257,17.046763710409778,0.0586621611578589,4.903946786417494e-06,1.5,16.895532925593667,0.0591872422375728
10.5,16.9257,17.062906214799522,0.05860666333222,2.9040094271621645e-06,1.5,17.029615662173114,0.0587212312854036
12.0,16.9257,17.097583177553425,0.0584877985160411,1.871937687644789e-06,1.5,17.148148327541875,0.0583153341631577
13.5,16.9257,17.199163758127607,0.0581423616905468,1.2924972483633713e-06,1.5,17.243722146629388,0.0579921197695399
15.0,16.9257,17.41901986628308,0.0574085113672577,8.202135168300107e-07,1.5,17.370463516532922,0.0575689876696851
16.5,16.9257,17.805121413401967,0.0561636158935314,4.853896400647232e-07,1.5,17.518978480595468,0.0570809537272752
18.0,16.9257,18.398051554309426,0.0543535817935985,3.144069145925638e-07,1.5,17.64018248373129,0.0566887559650957
19.5,16.9257,19.22941079427358,0.0520036734717735,2.170512134303553e-07,nan,17.744346676887194,0.0563559773830695
nan,nan,nan,nan,1.3777699162287364e-07,nan,17.881535437363034,0.0559236092170543
nan,nan,nan,nan,8.163177371591273e-08,nan,18.04203746477944,0.0554261125968804
nan,nan,nan,nan,5.2868571441407504e-08,nan,18.180918769080467,0.0550027208581261
Name:	379.26901907322497_8_210_0.025
Lambda:	379.26901907322497	Maximal Depth:	20	Filter time:	8 to 210 [us]
Chi2:	1.3845514893011517	RelRMS:	2.947022214213544	AbsRMS:	1.321771675967064e-06	Phi model:	0.0033459869780983
depth_vector,start_model,resistivity_model,conductivity_model,E/I[V/A],modelled_thickness,rhoa,sigma
0.0,16.9257,16.37899781318962,0.0610537965390485,0.0001833953198723,1.0,16.132135633347087,0.0619880729202944
1.0,16.9257,16.414461070281114,0.0609218905036444,0.000106674094221,1.0,16.265350532722028,0.0614803842061833
2.0,16.9257,16.48152719544363,0.0606739890145892,6.821805726049392e-05,1.0,16.35601802690463,0.0611395755589815
3.0,16.9257,16.57257195334528,0.0603406642502549,4.680788614487693e-05,1.0,16.413519329887272,0.0609253859517566
4.0,16.9257,16.677298242320322,0.0599617507266494,2.9553885219833545e-05,1.0,16.508064834604053,0.0605764521777143
5.0,16.9257,16.784837936787984,0.0595775785125849,1.7430571808951033e-05,1.0,16.61215862631299,0.0601968728143517
6.0,16.9257,16.885568421329204,0.0592221697871205,1.1237853190262227e-05,1.5,16.70877944767884,0.0598487760959055
7.5,16.9257,16.964784520141514,0.0589456352252954,7.739463069103824e-06,1.5,16.79472022803208,0.0595425220797009
9.0,16.9257,17.02241024143071,0.0587460874116467,4.901244198199177e-06,1.5,16.901743249752982,0.0591654946607128
10.5,16.9257,17.074493293926846,0.0585668917247275,2.9024004497790376e-06,1.5,17.035908783088082,0.0586995394688143
12.0,16.9257,17.150534811502776,0.0583072196284692,1.870996678207333e-06,1.5,17.153897568847455,0.0582957893963446
13.5,16.9257,17.288029468743588,0.0578434923313834,1.2919477022082472e-06,1.5,17.24861168899067,0.0579756804797381
15.0,16.9257,17.526500528518085,0.0570564556440037,8.199717689872031e-07,1.5,17.373877508679232,0.0575576752800544
16.5,16.9257,17.90238401608896,0.0558584822614292,4.853386704710612e-07,1.5,17.520205005000587,0.057076957701955
18.0,16.9257,18.4457717756975,0.0542129661019394,3.144304695346652e-07,1.5,17.63930148627633,0.0566915872931825
19.5,16.9257,19.17893751994044,0.0521405317140375,2.171031416496916e-07,nan,17.741517087671248,0.0563649655809259
nan,nan,nan,nan,1.3783891218848814e-07,nan,17.876179824850123,0.0559403636458095
nan,nan,nan,nan,8.16884996936005e-08,nan,18.03368401881732,0.0554517867207025
nan,nan,nan,nan,5.2915954562138737e-08,nan,18.170063854047694,0.0550355798434485
Name:	483.2930238571752_8_210_0.025
Lambda:	483.2930238571752	Maximal Depth:	20	Filter time:	8 to 210 [us]
Chi2:	1.3952876706423394	RelRMS:	2.958039424636626	AbsRMS:	1.2988884857342183e-06	Phi model:	0.0028938589722161
depth_vector,start_model,resistivity_model,conductivity_model,E/I[V/A],modelled_thickness,rhoa,sigma
0.0,16.9257,16.39966664828339,0.0609768491913019,0.0001834939408638,1.0,16.126354843886567,0.062010293688849
1.0,16.9257,16.429479785157515,0.0608661998478738,0.0001067192991926,1.0,16.26075700788478,0.0614977518891097
2.0,16.9257,16.48627839892575,0.0606565032933788,6.823585829759494e-05,1.0,16.353173317865554,0.0611502110668342
3.0,16.9257,16.564319241179025,0.0603707273109052,4.681230906180433e-05,1.0,16.412485459705863,0.0609292238189694
4.0,16.9257,16.656044362280845,0.0600382646833357,2.9550634137486035e-05,1.0,16.509275594727065,0.0605720096113358
5.0,16.9257,16.75349676485015,0.0596890317308599,1.742495337938852e-05,1.0,16.6157293380424,0.0601839365371978
6.0,16.9257,16.849742250314048,0.0593480888398374,1.1232695293923556e-05,1.5,16.713894014623605,0.0598304619572831
7.5,16.9257,16.936273108309944,0.0590448674041126,7.735309659533488e-06,1.5,16.800731546161572,0.0595212177072413
9.0,16.9257,17.013865035649157,0.0587755926066593,4.898396048244884e-06,1.5,16.908294242498496,0.0591425714302114
10.5,16.9257,17.09543013623591,0.0584951646159738,2.9007638378504247e-06,1.5,17.042315957653976,0.0586774709778153
12.0,16.9257,17.203912706643617,0.0581263121390886,1.8700666803015693e-06,1.5,17.15958427047159,0.0582764701194312
13.5,16.9257,17.368136840835422,0.0575766997441447,1.2914205114252152e-06,1.5,17.253305585077726,0.0579599077445712
15.0,16.9257,17.618171410788833,0.0567595794525889,8.197539270418039e-07,1.5,17.376955336096433,0.0575474805947588
16.5,16.9257,17.98135960156006,0.0556131472902216,4.853069829396152e-07,1.5,17.520967637073593,0.057074473323268
18.0,16.9257,18.47968045157289,0.0541134898203764,3.1446853093925133e-07,1.5,17.63787815332269,0.0566961621634525
19.5,16.9257,19.128507820937102,0.0522779931064696,2.1716595390902254e-07,nan,17.73809592986035,0.0563758367275823
nan,nan,nan,nan,1.3790820508326805e-07,nan,17.870191319662347,0.055959109900503
nan,nan,nan,nan,8.174976368031717e-08,nan,18.024673159601207,0.0554795080690453
nan,nan,nan,nan,5.296630894123376e-08,nan,18.158546000105147,0.0550704885729402
Name:	615.8482110660261_8_210_0.025
Lambda:	615.8482110660261	Maximal Depth:	20	Filter time:	8 to 210 [us]
Chi2:	1.4056609861494582	RelRMS:	2.9685840472468703	AbsRMS:	1.2739572126871534e-06	Phi model:	0.00255081604701
depth_vector,start_model,resistivity_model,conductivity_model,E/I[V/A],modelled_thickness,rhoa,sigma
0.0,16.9257,16.407203563425885,0.0609488384863554,0.0001836012665666,1.0,16.12006969830442,0.0620344712346488
1.0,16.9257,16.433369874341693,0.0608517916682051,0.0001067624782961,1.0,16.256372369774553,0.061514338946818
2.0,16.9257,16.48363299573315,0.0606662378529571,6.825008179225693e-05,1.0,16.350901209690416,0.0611587084513327
3.0,16.9257,16.553723782553753,0.0604093684983385,4.6813643556515045e-05,1.0,16.412173549509987,0.0609303817671277
4.0,16.9257,16.638049581760246,0.0601031987004214,2.9545261500169032e-05,1.0,16.511276945821077,0.0605646676075586
5.0,16.9257,16.73074669708619,0.0597701954434681,1.7418208354907602e-05,1.0,16.620018576326597,0.0601684044700401
6.0,16.9257,16.826754305402442,0.0594291674942289,1.1226950640960212e-05,1.5,16.719595018540673,0.0598100611223586
7.5,16.9257,16.922022014775912,0.0590945927813368,7.73085131677292e-06,1.5,16.807190189954095,0.0594983449760516
9.0,16.9257,17.017528020522246,0.0587629412917112,4.895438522009938e-06,1.5,16.915103532380197,0.0591187631861503
10.5,16.9257,17.123366192600432,0.0583997321993927,2.899117906104544e-06,1.5,17.048765697707534,0.0586552726297637
12.0,16.9257,17.257106692438562,0.0579471413037136,1.8691578445033e-06,1.5,17.165146126748702,0.058257587358472
13.5,16.9257,17.440630239958022,0.0573373775053674,1.2909218659320835e-06,1.5,17.25774826516419,0.0579449870652338
15.0,16.9257,17.696545240051204,0.0565082046487117,8.195634768682939e-07,1.5,17.379647269945522,0.0575385670645509
16.5,16.9257,18.045099304586778,0.0554167080557886,4.852965137728695e-07,1.5,17.52121961947614,0.0570736525035292
18.0,16.9257,18.50208441108164,0.0540479644229198,3.1452237427455405e-07,1.5,17.635865134295912,0.0567026336607287
19.5,16.9257,19.077823077546643,0.0524168819437756,2.1724058326055218e-07,nan,17.734033280723626,0.056388751739119
nan,nan,nan,nan,1.3798553001338954e-07,nan,17.863514579066727,0.0559800254073095
nan,nan,nan,nan,8.18160195938182e-08,nan,18.01494073445484,0.0555094804218495
nan,nan,nan,nan,5.30199688015159e-08,nan,18.14629213305899,0.0551076766905011
Name:	784.7599703514607_8_210_0.025
Lambda:	784.7599703514607	Maximal Depth:	20	Filter time:	8 to 210 [us]
Chi2:	1.4159580811991717	RelRMS:	2.9789638095802	AbsRMS:	1.2492891182771854e-06	Phi model:	0.0022831769704758
depth_vector,start_model,resistivity_model,conductivity_model,E/I[V/A],modelled_thickness,rhoa,sigma
0.0,16.9257,16.40542675611376,0.0609554396155731,0.0001837070225105,1.0,16.113882466864986,0.0620582905489289
1.0,16.9257,16.42947936207398,0.0608662014152689,0.0001068001550476,1.0,16.252548883942342,0.0615288104740302
2.0,16.9257,16.476108413892735,0.0606939439143769,6.825952065727117e-05,1.0,16.34939384969168,0.0611643470818251
3.0,16.9257,16.542054230602574,0.0604519841405194,4.681149175774398e-05,1.0,16.412676494734086,0.0609285146344561
4.0,16.9257,16.62316039526388,0.0601570324909402,2.953776982745288e-05,1.0,16.514068667638675,0.0605544290826173
5.0,16.9257,16.71499644514338,0.0598265158644741,1.74104429221762e-05,1.0,16.62496013332516,0.060150520180525
6.0,16.9257,16.813752323017663,0.0594751237432599,1.1220719233283754e-05,1.5,16.72578457850554,0.0597879277534824
7.5,16.9257,16.918535527835203,0.0591067706986075,7.726166783016843e-06,1.5,16.813983200237082,0.059474307074715
9.0,16.9257,17.030001544673958,0.0587199007220727,4.892423810330377e-06,1.5,16.92205154376679,0.0590944896612342
10.5,16.9257,17.155775475095425,0.0582894082200873,2.8974926394899627e-06,1.5,17.05514045073039,0.0586333488656304
12.0,16.9257,17.308954034435498,0.0577735660982482,1.868288225104969e-06,1.5,17.170472209409084,0.0582395165260521
13.5,16.9257,17.50587452792354,0.0571236814478993,1.2904632725100544e-06,1.5,17.261836626981907,0.0579312631447863
15.0,16.9257,17.76329408727387,0.0562958646682784,8.19406928690924e-07,1.5,17.381860794046094,0.0575312397129849
16.5,16.9257,18.09589955039605,0.0552611378735307,4.853105854286322e-07,1.5,17.520880930850865,0.0570747557697966
18.0,16.9257,18.51488869351797,0.0540105866447956,3.1459389037542146e-07,1.5,17.633192278614374,0.056711228698663
19.5,16.9257,19.026867802030168,0.0525572579998322,2.1732819771742618e-07,nan,17.72926671989688,0.0564039120060018
nan,nan,nan,nan,1.3807153483843426e-07,nan,17.85609568088121,0.0560032841373444
nan,nan,nan,nan,8.188759867770126e-08,nan,18.004441131678735,0.0555418517401522
nan,nan,nan,nan,5.307712583709882e-08,nan,18.13326235811246,0.0551472746740809
Name:	1000.0_8_210_0.025
Lambda:	1000	Maximal Depth:	20	Filter time:	8 to 210 [us]
Chi2:	1.4263855320385772	RelRMS:	2.989398277693041	AbsRMS:	1.227268523868956e-06	Phi model:	0.0020699460309198
depth_vector,start_model,resistivity_model,conductivity_model,E/I[V/A],modelled_thickness,rhoa,sigma
0.0,16.9257,16.397907328086173,0.060983391355506,0.0001838005025365,1.0,16.108418376382133,0.0620793411640078
1.0,16.9257,16.42098119415776,0.0608977008241005,0.0001068284717599,1.0,16.249676746469262,0.0615396857181962
2.0,16.9257,16.46600975410146,0.0607311677166299,6.826270915919788e-05,1.0,16.34888473346246,0.0611662517843328
3.0,16.9257,16.53053513208236,0.0604941093563998,4.680529291732538e-05,1.0,16.414125580375355,0.060923135692077
4.0,16.9257,16.611320202443753,0.0601999111336669,2.952807964132793e-05,1.0,16.51768140168244,0.0605411846663989
5.0,16.9257,16.704927659325108,0.0598625759053661,1.740173483113604e-05,1.0,16.6305059250196,0.0601304617254944
6.0,16.9257,16.808346389411966,0.0594942522501753,1.121409426011497e-05,1.5,16.732371347143165,0.0597643919832521
7.5,16.9257,16.92277006349057,0.0590919805828606,7.721336510296687e-06,1.5,16.820994737581028,0.0594495162504168
9.0,16.9257,17.04831858741545,0.0586568109266898,4.889409627339921e-06,1.5,16.929005474078284,0.0590702154081763
10.5,16.9257,17.190278663070828,0.0581724135832806,2.895923699979716e-06,1.5,17.061299928874902,0.0586121810277526
12.0,16.9257,17.358162976571176,0.0576097828641043,1.8674804708878743e-06,1.5,17.175423094446746,0.0582227287503226
13.5,16.9257,17.563824663739766,0.0569352074018641,1.2900597741673457e-06,1.5,17.265435819089166,0.0579191866616173
15.0,16.9257,17.819402448806024,0.0561186045869346,8.192931937943904e-07,1.5,17.383469398810202,0.0575259159755787
16.5,16.9257,18.13541794497865,0.0551407198352922,4.853539548856686e-07,1.5,17.51983718068033,0.057078156017496
18.0,16.9257,18.51947982455372,0.0539971969771077,3.146858657632295e-07,1.5,17.629756262175494,0.0567222816429681
19.5,16.9257,18.97569556517536,0.0526989904831327,2.174305480475964e-07,nan,17.723702525685134,0.0564216194980029
nan,nan,nan,nan,1.381671996714172e-07,nan,17.84785253973188,0.0560291496007072
nan,nan,nan,nan,8.196499754734633e-08,nan,17.993105050494332,0.0555768444186639
nan,nan,nan,nan,5.3138060033307494e-08,nan,18.119397254671973,0.0551894737967708
Name:	10_8_210_0.025
Lambda:	10	Maximal Depth:	20	Filter time:	8 to 210 [us]
Chi2:	0.9614563138629132	RelRMS:	2.452355626851684	AbsRMS:	1.920358087268806e-07	Phi model:	0.3074747081030525
depth_vector,start_model,resistivity_model,conductivity_model,E/I[V/A],modelled_thickness,rhoa,sigma
0.0,16.9257,12.301902059094663,0.0812882426795709,0.0001888545467902,1.0,15.819729999982032,0.063212204001025
1.0,16.9257,12.97524493034943,0.0770698360892575,0.0001073476484717,1.0,16.197241076814006,0.0617389094388104
2.0,16.9257,14.325292339782054,0.0698066033335284,6.795025693826234e-05,1.0,16.398963901401608,0.0609794622399608
3.0,16.9257,16.265539108777368,0.0614796714275747,4.649837273703972e-05,1.0,16.48627578141279,0.0606565129237638
4.0,16.9257,18.5800134284269,0.0538212743414936,2.9377407050977265e-05,1.0,16.574111143893894,0.0603350605844351
5.0,16.9257,20.931286164458943,0.047775372814786,1.7416429125145842e-05,1.0,16.621150470356802,0.0601643070245626
6.0,16.9257,22.88172020030874,0.0437030079577018,1.129166133688962e-05,1.5,16.655655642467273,0.0600396658928441
7.5,16.9257,23.429265866375893,0.0426816617175842,7.812031798263943e-06,1.5,16.690550463470917,0.05991414136931
9.0,16.9257,22.32884250709934,0.0447851248752395,4.970870606037975e-06,1.5,16.743545321557264,0.0597245076114497
10.5,16.9257,19.89550127874206,0.0502626189704744,2.954263218273675e-06,1.5,16.83594130104452,0.0593967383301555
12.0,16.9257,16.9032159399005,0.0591603398758855,1.9068149234025985e-06,1.5,16.938403019918546,0.0590374428347265
13.5,16.9257,14.223212929483443,0.0703076024353885,1.3164283189158923e-06,1.5,17.03410383625516,0.0587057593174707
15.0,16.9257,12.543446624530851,0.0797229047113995,8.34134991712253e-07,1.5,17.176649828807744,0.058218570557505
16.5,16.9257,12.403145883148484,0.0806247067817406,4.919408699439008e-07,1.5,17.363096452468508,0.0575934138670196
18.0,16.9257,14.54295628227428,0.0687618102255352,3.1740020707709697e-07,1.5,17.52910175654202,0.0570479887611349
19.5,16.9257,20.712704303288213,0.0482795479217673,2.182524637556848e-07,nan,17.679177490150106,0.0565637174329601
nan,nan,nan,nan,1.377903941329146e-07,nan,17.88037589188061,0.055927235872826
nan,nan,nan,nan,8.109220602457829e-08,nan,18.12198050881678,0.0551816066413643
nan,nan,nan,nan,5.2217075729959545e-08,nan,18.33183103203242,0.0545499245685078
Name:	58.06735210785115_8_210_0.025
Lambda:	58.06735210785115	Maximal Depth:	20	Filter time:	8 to 210 [us]
Chi2:	1.2289805732091337	RelRMS:	2.7781840069735	AbsRMS:	1.2336481663600046e-06	Phi model:	0.0292433817344094
depth_vector,start_model,resistivity_model,conductivity_model,E/I[V/A],modelled_thickness,rhoa,sigma
0.0,16.9257,15.260581971528891,0.0655283004190576,0.0001837799334518,1.0,16.109620282144707,0.0620747095515567
1.0,16.9257,15.48538482385944,0.0645770196462427,0.0001064454818582,1.0,16.288630872431387,0.0613925140689698
2.0,16.9257,15.910990078817468,0.0628496400944473,6.797705472686334e-05,1.0,16.39465377206637,0.0609954936470708
3.0,16.9257,16.478672272638153,0.0606845007568018,4.6648600328650416e-05,1.0,16.450861717941084,0.0607870892811294
4.0,16.9257,17.104560652580354,0.0584639395487274,2.9480865855691943e-05,1.0,16.53531214250979,0.060476632759121
5.0,16.9257,17.691846480069778,0.0565232126068084,1.7420080842704936e-05,1.0,16.61882756235396,0.0601727165317765
6.0,16.9257,18.14732478040212,0.0551045408676397,1.1249902387877594e-05,1.5,16.696846701702484,0.0598915482585125
7.5,16.9257,18.27434097962513,0.0547215355735642,7.7574790836077e-06,1.5,16.768707382228538,0.0596348887964852
9.0,16.9257,18.022193336925543,0.0554871419535327,4.918574229020106e-06,1.5,16.862019000115172,0.0593048792077134
10.5,16.9257,17.464256655378954,0.0572598089762957,2.9149133004701573e-06,1.5,16.98712046279136,0.0588681290740477
12.0,16.9257,16.775167203129666,0.0596119244530352,1.8792630230834808e-06,1.5,17.103557199018063,0.0584673695865683
13.5,16.9257,16.18634291675874,0.0617804778474473,1.2972925795545954e-06,1.5,17.201202627544554,0.0581354700396752
15.0,16.9257,15.942858685599422,0.0627240082673041,8.227465923895544e-07,1.5,17.334791693881336,0.0576874540899715
16.5,16.9257,16.281257285324763,0.0614203180058678,4.863255065882924e-07,1.5,17.496496023579674,0.057154300989885
18.0,16.9257,17.434600004267644,0.0573572092135879,3.146229224683564e-07,1.5,17.632107516901566,0.0567147176842832
19.5,16.9257,19.65800890089332,0.0508698518268834,2.1693844263853613e-07,nan,17.75049548934644,0.0563364555428992
nan,nan,nan,nan,1.374831258226741e-07,nan,17.907007176677922,0.0558440609384688
nan,nan,nan,nan,8.129779031175628e-08,nan,18.09141660787804,0.0552748312459148
nan,nan,nan,nan,5.256498889913928e-08,nan,18.250852648016885,0.0547919606434748
Name:	172.21381097981777_8_210_0.025
Lambda:	172.21381097981777	Maximal Depth:	20	Filter time:	8 to 210 [us]
Chi2:	1.3414627206779657	RelRMS:	2.9017512626850865	AbsRMS:	1.3578734780898868e-06	Phi model:	0.0065364173077013
depth_vector,start_model,resistivity_model,conductivity_model,E/I[V/A],modelled_thickness,rhoa,sigma
0.0,16.9257,16.166066863965476,0.0618579651077048,0.0001832404527821,1.0,16.14122381987617,0.0619531710333269
1.0,16.9257,16.241549031188356,0.0615704818598101,0.0001065428199154,1.0,16.278708444352326,0.0614299349004519
2.0,16.9257,16.38324935619944,0.061037952744191,6.814287080696443e-05,1.0,16.368046919940245,0.0610946440275508
3.0,16.9257,16.57128767880452,0.0603453406508082,4.677303265034417e-05,1.0,16.42167214002927,0.0608951385384447
4.0,16.9257,16.779113997628066,0.0595979024960055,2.9548218420733346e-05,1.0,16.510175393820617,0.0605687084568633
5.0,16.9257,16.977348272251835,0.058902013669262,1.743957134688056e-05,1.0,16.606443095435807,0.0602175911032293
6.0,16.9257,17.13895885459059,0.0583466013591691,1.12495880978439e-05,1.5,16.697157683641397,0.0598904327878345
7.5,16.9257,17.210580557268766,0.0581037924126073,7.750240693835245e-06,1.5,16.779146589554927,0.0595977867326401
9.0,16.9257,17.18270815084792,0.0581980437088814,4.909432326978419e-06,1.5,16.882945129549206,0.0592313717971966
10.5,16.9257,17.085456400425734,0.0585293115128655,2.9075227633656592e-06,1.5,17.015894285797007,0.0587685832554031
12.0,16.9257,16.98224272967579,0.058885037501704,1.874102574727875e-06,1.5,17.1349398880096,0.0583602864402088
13.5,16.9257,16.95685494270109,0.0589732001234368,1.2938235777534389e-06,1.5,17.23193549852245,0.0580317863936842
15.0,16.9257,17.09946355851256,0.0584813667737648,8.208495414924264e-07,1.5,17.361489504556268,0.0575987446087252
16.5,16.9257,17.496086974471076,0.0571556372267194,4.855751068082757e-07,1.5,17.514517248655455,0.0570954931730571
18.0,16.9257,18.22322660170129,0.0548750241577219,3.14404830667177e-07,1.5,17.640260431608063,0.0566885054717325
19.5,16.9257,19.34698250725898,0.0516876468785145,2.169709517219012e-07,nan,17.748722389478722,0.0563420835627465
nan,nan,nan,nan,1.3766097640526902e-07,nan,17.891580593220922,0.0558922111319162
nan,nan,nan,nan,8.151733945934189e-08,nan,18.05891848996412,0.0553743016535419
nan,nan,nan,nan,5.276992378403368e-08,nan,18.20356988783349,0.0549342797133631
Name:	1000_8_210_0.025
Lambda:	1000	Maximal Depth:	20	Filter time:	8 to 210 [us]
Chi2:	1.4263855320385772	RelRMS:	2.989398277693041	AbsRMS:	1.227268523868956e-06	Phi model:	0.0020699460309198
depth_vector,start_model,resistivity_model,conductivity_model,E/I[V/A],modelled_thickness,rhoa,sigma
0.0,16.9257,16.397907328086173,0.060983391355506,0.0001838005025365,1.0,16.108418376382133,0.0620793411640078
1.0,16.9257,16.42098119415776,0.0608977008241005,0.0001068284717599,1.0,16.249676746469262,0.0615396857181962
2.0,16.9257,16.46600975410146,0.0607311677166299,6.826270915919788e-05,1.0,16.34888473346246,0.0611662517843328
3.0,16.9257,16.53053513208236,0.0604941093563998,4.680529291732538e-05,1.0,16.414125580375355,0.060923135692077
4.0,16.9257,16.611320202443753,0.0601999111336669,2.952807964132793e-05,1.0,16.51768140168244,0.0605411846663989
5.0,16.9257,16.704927659325108,0.0598625759053661,1.740173483113604e-05,1.0,16.6305059250196,0.0601304617254944
6.0,16.9257,16.808346389411966,0.0594942522501753,1.121409426011497e-05,1.5,16.732371347143165,0.0597643919832521
7.5,16.9257,16.92277006349057,0.0590919805828606,7.721336510296687e-06,1.5,16.820994737581028,0.0594495162504168
9.0,16.9257,17.04831858741545,0.0586568109266898,4.889409627339921e-06,1.5,16.929005474078284,0.0590702154081763
10.5,16.9257,17.190278663070828,0.0581724135832806,2.895923699979716e-06,1.5,17.061299928874902,0.0586121810277526
12.0,16.9257,17.358162976571176,0.0576097828641043,1.8674804708878743e-06,1.5,17.175423094446746,0.0582227287503226
13.5,16.9257,17.563824663739766,0.0569352074018641,1.2900597741673457e-06,1.5,17.265435819089166,0.0579191866616173
15.0,16.9257,17.819402448806024,0.0561186045869346,8.192931937943904e-07,1.5,17.383469398810202,0.0575259159755787
16.5,16.9257,18.13541794497865,0.0551407198352922,4.853539548856686e-07,1.5,17.51983718068033,0.057078156017496
18.0,16.9257,18.51947982455372,0.0539971969771077,3.146858657632295e-07,1.5,17.629756262175494,0.0567222816429681
19.5,16.9257,18.97569556517536,0.0526989904831327,2.174305480475964e-07,nan,17.723702525685134,0.0564216194980029
nan,nan,nan,nan,1.381671996714172e-07,nan,17.84785253973188,0.0560291496007072
nan,nan,nan,nan,8.196499754734633e-08,nan,17.993105050494332,0.0555768444186639
nan,nan,nan,nan,5.3138060033307494e-08,nan,18.119397254671973,0.0551894737967708
Name:	337.1817380817165_8_210_0.025
Lambda:	337.1817380817165	Maximal Depth:	20	Filter time:	8 to 210 [us]
Chi2:	1.379081594683533	RelRMS:	2.941367055461499	AbsRMS:	1.331145025390303e-06	Phi model:	0.0036209812498605
depth_vector,start_model,resistivity_model,conductivity_model,E/I[V/A],modelled_thickness,rhoa,sigma
0.0,16.9257,16.362660480012238,0.0611147558321305,0.0001833550115265,1.0,16.134499847891394,0.0619789897069966
1.0,16.9257,16.401815354637577,0.0609688609692373,0.0001066531480471,1.0,16.267480088303124,0.0614723358855705
2.0,16.9257,16.475672879236203,0.060695548359683,6.820889722274247e-05,1.0,16.357482336259494,0.0611341023907639
3.0,16.9257,16.575343867850286,0.0603305734090748,4.68050169775433e-05,1.0,16.414190093484955,0.0609228962443243
4.0,16.9257,16.688947393323403,0.0599198964699272,2.955486471308971e-05,1.0,16.507700097638864,0.0605777906119721
5.0,16.9257,16.803801174070145,0.0595103446917174,1.7432957181188618e-05,1.0,16.610643217488214,0.0602023646469733
6.0,16.9257,16.90863096375492,0.0591413936553222,1.1240175495899538e-05,1.5,16.706477927920375,0.0598570209899699
7.5,16.9257,16.98496952595636,0.0588755839962976,7.741385397518167e-06,1.5,16.791939820947007,0.0595523811223141
9.0,16.9257,17.032045910654674,0.058712852539602,4.90259504946644e-06,1.5,16.89863839206191,0.0591763653851393
10.5,16.9257,17.067588736392672,0.058590584495848,2.903194750525151e-06,1.5,17.032801343795114,0.0587102485266929
12.0,16.9257,17.124786055191194,0.0583948901187504,1.8714570998612008e-06,1.5,17.151083950241794,0.0583053527637769
13.5,16.9257,17.246105735902553,0.0579841046618554,1.292214393108156e-06,1.5,17.246238395497443,0.0579836586429812
15.0,16.9257,17.476495065886425,0.0572197111737792,8.200873094238531e-07,1.5,17.372245623464398,0.0575630820375528
16.5,16.9257,17.85767088119632,0.0559983441655302,4.853613500170327e-07,1.5,17.51965922141152,0.0570787357997156
18.0,16.9257,18.424513029309,0.0542755186207222,3.144172747578569e-07,1.5,17.63979498125255,0.0566900012762502
19.5,16.9257,19.20350959710016,0.0520738146818228,2.1707651568088978e-07,nan,17.742967806319534,0.0563603570110649
nan,nan,nan,nan,1.3780782760511697e-07,nan,17.878867880740774,0.0559319531119308
nan,nan,nan,nan,8.166029180481627e-08,nan,18.03783669294405,0.0554390206000243
nan,nan,nan,nan,5.289249419233933e-08,nan,18.17543632283441,0.0550193119019468
Name:	113.6915244958074_8_210_0.025
Lambda:	113.6915244958074	Maximal Depth:	20	Filter time:	8 to 210 [us]
Chi2:	1.308607625388769	RelRMS:	2.866356016831314	AbsRMS:	1.3430929592642083e-06	Phi model:	0.010827515894695
depth_vector,start_model,resistivity_model,conductivity_model,E/I[V/A],modelled_thickness,rhoa,sigma
0.0,16.9257,15.925446539464623,0.0627925877947544,0.0001833048426166,1.0,16.13744362664587,0.0619676835523575
1.0,16.9257,16.041474746175542,0.0623384081465708,0.0001064863740674,1.0,16.28446056898102,0.0614082361380039
2.0,16.9257,16.25964807775529,0.0615019461194915,6.808746890575103e-05,1.0,16.37692469632059,0.0610615251973815
3.0,16.9257,16.549032098349134,0.060426494676976,4.673663119770781e-05,1.0,16.430197860075538,0.0608635397160946
4.0,16.9257,16.866945886289695,0.0592875560721903,2.95312629669631e-05,1.0,16.51649436353897,0.0605455357528866
5.0,16.9257,17.166044796034104,0.0582545374826839,1.7436564621660025e-05,1.0,16.608352094426216,0.0602106695664045
6.0,16.9257,17.401933383434354,0.0574648792157739,1.1251678534451045e-05,1.5,16.695089522258712,0.0598978519202757
7.5,16.9257,17.483289743315858,0.0571974733978378,7.75376544597396e-06,1.5,16.774061162349863,0.0596158551182909
9.0,16.9257,17.389862146812494,0.0575047686725508,4.912941066420586e-06,1.5,16.87490582979962,0.0592595899548124
10.5,16.9257,17.16337913828175,0.0582635850401724,2.910094453717884e-06,1.5,17.005868022718747,0.0588032318411541
12.0,16.9257,16.89752392687751,0.0591802683237738,1.8758130188213224e-06,1.5,17.124522071901502,0.0583957903059282
13.5,16.9257,16.717299169242803,0.0598182750620293,1.294934034596956e-06,1.5,17.222082715232823,0.0580649864789876
15.0,16.9257,16.757545126103857,0.0596746117927656,8.21428656566114e-07,1.5,17.353328534470755,0.0576258323014857
16.5,16.9257,17.147882410502124,0.0583162384754607,4.857826100714512e-07,1.5,17.509529313461666,0.0571117579517789
18.0,16.9257,18.007414393680698,0.0555326810466986,3.1444654009768377e-07,1.5,17.638700481262447,0.0566935189506901
19.5,16.9257,19.44696351938206,0.0514219095954665,2.169378484394576e-07,nan,17.750527902080698,0.0563363526716735
nan,nan,nan,nan,1.375876131034709e-07,nan,17.897940026201464,0.0558723517084124
nan,nan,nan,nan,8.14363332351291e-08,nan,18.070892198527787,0.0553376108392406
nan,nan,nan,nan,5.269700866482356e-08,nan,18.220357805482305,0.0548836642329335
Name:	222.5994861651886_8_210_0.025
Lambda:	222.5994861651886	Maximal Depth:	20	Filter time:	8 to 210 [us]
Chi2:	1.3575318209571048	RelRMS:	2.918815872981687	AbsRMS:	1.3547497120258051e-06	Phi model:	0.0050533958570355
depth_vector,start_model,resistivity_model,conductivity_model,E/I[V/A],modelled_thickness,rhoa,sigma
0.0,16.9257,16.265427342913373,0.0614800938775018,0.0001832535200744,1.0,16.14045648728402,0.0619561163457695
1.0,16.9257,16.323455397981153,0.0612615390319673,0.0001065807251961,1.0,16.274848549460906,0.0614445041968224
2.0,16.9257,16.432437554213315,0.0608552441900865,6.817000692333569e-05,1.0,16.363702930366255,0.0611108625141496
3.0,16.9257,16.577497101500686,0.0603227371343937,4.678803041747708e-05,1.0,16.41816267301095,0.0609081551886346
4.0,16.9257,16.739138711781344,0.0597402302005048,2.9553092741961486e-05,1.0,16.50835994681085,0.0605753692808948
5.0,16.9257,16.895767094568296,0.0591864219246655,1.7438394170752307e-05,1.0,16.607190430626716,0.0602148812694901
6.0,16.9257,17.027869212594855,0.0587272539808057,1.1246722074251364e-05,1.5,16.699994208825682,0.0598802602860494
7.5,16.9257,17.098554436274956,0.0584844762010101,7.747248570749955e-06,1.5,16.783466578366923,0.0595824465303819
9.0,16.9257,17.10275906747665,0.0584700980733362,4.906969461457034e-06,1.5,16.888593822532734,0.059211560802996
10.5,16.9257,17.06520240284813,0.0585987775822162,2.9058934964153974e-06,1.5,17.022253969252027,0.0587466267279491
12.0,16.9257,17.035574799287247,0.0587006902779611,1.8730775590106727e-06,1.5,17.141190556808308,0.0583390049066813
13.5,16.9257,17.07887936116492,0.0585518510233092,1.293184552704937e-06,1.5,17.237611786410163,0.0580126767205874
15.0,16.9257,17.264690233312,0.0579216879356753,8.205343863374231e-07,1.5,17.36593474805368,0.0575840007755457
16.5,16.9257,17.658830514840428,0.0566288916561945,4.854755567146761e-07,1.5,17.516911481450094,0.0570876892915153
18.0,16.9257,18.31848365124473,0.054589671232534,3.14397021786644e-07,1.5,17.640552525375938,0.0566875668186413
19.5,16.9257,19.290754448834235,0.0518383043365331,2.170024593793203e-07,nan,17.747004331536534,0.0563475379460517
nan,nan,nan,nan,1.377116422556165e-07,nan,17.887191965292587,0.0559059243027273
nan,nan,nan,nan,8.156902213159053e-08,nan,18.05128951734792,0.055397704360066
nan,nan,nan,nan,5.2815076088492415e-08,nan,18.193193427817512,0.0549656113956878
Name:	146.954967142964_8_210_0.025
Lambda:	146.954967142964	Maximal Depth:	20	Filter time:	8 to 210 [us]
Chi2:	1.3300427901131766	RelRMS:	2.889513185726314	AbsRMS:	1.3539762229778062e-06	Phi model:	0.0078289643628573
depth_vector,start_model,resistivity_model,conductivity_model,E/I[V/A],modelled_thickness,rhoa,sigma
0.0,16.9257,16.086173685043356,0.062165187295583,0.0001832576370876,1.0,16.140214748490223,0.0619570442886171
1.0,16.9257,16.175193536112843,0.0618230624423376,0.0001065237002317,1.0,16.280656270329676,0.0614225853918694
2.0,16.9257,16.342406239297837,0.0611904994501572,6.812536740368014e-05,1.0,16.370850420508972,0.061084181597996
3.0,16.9257,16.56419057247968,0.0603711962636698,4.67621789906223e-05,1.0,16.42421305879734,0.0608857177156727
4.0,16.9257,16.808299596850574,0.0594944178759981,2.9543789793522284e-05,1.0,16.51182527435206,0.0605626563620018
5.0,16.9257,17.039815929506354,0.0586860799516259,1.743949790842249e-05,1.0,16.606489715689268,0.0602174220512859
6.0,16.9257,17.225736247696638,0.0580526710510685,1.125095155357252e-05,1.5,16.695808683957367,0.0598952718571145
7.5,16.9257,17.299961385886068,0.0578035972274386,7.751891794659819e-06,1.5,16.776763941373908,0.0596062508535306
9.0,16.9257,17.2494502193842,0.0579728621655571,4.910899275025111e-06,1.5,16.87958286191234,0.059243170176701
10.5,16.9257,17.10822150184665,0.0584514293254889,2.908540633896221e-06,1.5,17.011924141797827,0.0587822983258564
12.0,16.9257,16.94996968984491,0.0589971556467809,1.874762064348283e-06,1.5,17.130921252669438,0.0583739768136622
13.5,16.9257,16.87244452782456,0.0592682345673673,1.2942447470960968e-06,1.5,17.228196918349298,0.0580443794982936
15.0,16.9257,16.98104714036396,0.0588891834369271,8.210651639955683e-07,1.5,17.35844980128749,0.0576088309409881
16.5,16.9257,17.376674489543532,0.0575484106928372,4.85650061443616e-07,1.5,17.512715089543708,0.0571013686277045
18.0,16.9257,18.15042247434704,0.0550951362930176,3.1441812330165935e-07,1.5,17.639763244011956,0.0566901032721889
19.5,16.9257,19.38355607260204,0.051590120835127,2.16956851234804e-07,nan,17.74949139928817,0.0563396425004101
nan,nan,nan,nan,1.376324909571855e-07,nan,17.89404915815566,0.0558845005488444
nan,nan,nan,nan,8.148654512865902e-08,nan,18.06346793049903,0.0553603551570273
nan,nan,nan,nan,5.274243180141413e-08,nan,18.209895076657443,0.0549151983463024
Name:	189.9505039074922_8_210_0.025
Lambda:	189.9505039074922	Maximal Depth:	20	Filter time:	8 to 210 [us]
Chi2:	1.34791132155048	RelRMS:	2.908621599564325	AbsRMS:	1.357306994023489e-06	Phi model:	0.0058955489745858
depth_vector,start_model,resistivity_model,conductivity_model,E/I[V/A],modelled_thickness,rhoa,sigma
0.0,16.9257,16.207866422928937,0.0616984354328908,0.0001832427984576,1.0,16.141086071290324,0.0619536997438276
1.0,16.9257,16.27607762639728,0.0614398642568621,0.0001065578876154,1.0,16.277173826359792,0.061435726537525
2.0,16.9257,16.404124161992705,0.0609602798738219,6.81542982584188e-05,1.0,16.36621724527816,0.061101474153321
3.0,16.9257,16.574181332643615,0.0603348050760404,4.677968323729012e-05,1.0,16.420115675929768,0.0609009107935761
4.0,16.9257,16.762654710082593,0.0596564218076095,2.9550719782399343e-05,1.0,16.509243696211104,0.0605721266462073
5.0,16.9257,16.94338985503054,0.0590200667373003,1.7439469292385856e-05,1.0,16.6065078818303,0.0602173561784251
6.0,16.9257,17.092480824099308,0.0585052579722695,1.124868201955578e-05,1.5,16.698054305955385,0.0598872168982794
7.5,16.9257,17.163388631745818,0.0582635528132466,7.749202835093898e-06,1.5,16.78064472173987,0.0595924659977138
9.0,16.9257,17.148460213373358,0.0583142735591002,4.908537522680701e-06,1.5,16.88499685715508,0.0592241744822265
10.5,16.9257,17.075603357887967,0.0585630843631687,2.9069145829424044e-06,1.5,17.01826756341244,0.0587603876995035
12.0,16.9257,17.002602969107343,0.058814523977119,1.873714153735651e-06,1.5,17.13730785518714,0.0583522224406629
13.5,16.9257,17.005557171613326,0.0588043067279947,1.2935787553331358e-06,1.5,17.234109638068958,0.0580244654931908
15.0,16.9257,17.166223242366225,0.0582539319150878,8.207269612246438e-07,1.5,17.36321815339301,0.0575930101877218
16.5,16.9257,17.562385869301814,0.0569398718056839,4.855350024957958e-07,1.5,17.51548168033023,0.0570923493998451
18.0,16.9257,18.26264212499362,0.0547565896082163,3.1440027616655146e-07,1.5,17.640430792745935,0.0566879580067408
19.5,16.9257,19.325249517010093,0.0517457743104325,2.1698184913342642e-07,nan,17.748128125483202,0.056343970075592
nan,nan,nan,nan,1.3767961851224936e-07,nan,17.889965518598395,0.0558972569824352
nan,nan,nan,nan,8.153670114687089e-08,nan,18.05605953220669,0.0553830695017533
nan,nan,nan,nan,5.278695991408476e-08,nan,18.19965307368289,0.0549461023213691
Name:	162.0901941702361_8_210_0.025
Lambda:	162.0901941702361	Maximal Depth:	20	Filter time:	8 to 210 [us]
Chi2:	1.3372492278808386	RelRMS:	2.89724595592108	AbsRMS:	1.3568885416563124e-06	Phi model:	0.0069895049573788
depth_vector,start_model,resistivity_model,conductivity_model,E/I[V/A],modelled_thickness,rhoa,sigma
0.0,16.9257,16.137321020615914,0.06196815436233,0.000183244840422,1.0,16.140966160374273,0.0619541599966288
1.0,16.9257,16.217692580086158,0.0616610528940416,0.0001065352388842,1.0,16.279480695445542,0.0614270208434699
2.0,16.9257,16.368633589872882,0.0610924543279342,6.813633318137798e-05,1.0,16.369093903697628,0.0610907363524934
3.0,16.9257,16.56882968664861,0.0603542929049366,4.676908592344667e-05,1.0,16.42259598309554,0.0608917129197686
4.0,16.9257,16.789795307882304,0.0595599875795108,2.9546687098480703e-05,1.0,16.5107458397392,0.0605666158092707
5.0,16.9257,16.99999649728024,0.0588235415319047,1.743963098355976e-05,1.0,16.606405237078032,0.0602177283839397
6.0,16.9257,17.170315760571846,0.0582400471805124,1.1250153293307909e-05,1.5,16.69659844759906,0.0598924387586142
7.5,16.9257,17.242745447765653,0.0579954046778311,7.75089314063421e-06,1.5,16.778204964387623,0.0596011314751809
9.0,16.9257,17.206514864625944,0.0581175216403556,4.909999162500898e-06,1.5,16.881645735279356,0.0592359308849962
10.5,16.9257,17.093181275652586,0.058502860519264,2.907910963237188e-06,1.5,17.014379861859585,0.0587738141571446
12.0,16.9257,16.969873494896706,0.0589279584376823,1.8743521868428856e-06,1.5,17.133418586035365,0.0583654683377112
13.5,16.9257,16.925517875441965,0.0590823871599785,1.2939820444977944e-06,1.5,17.230528603958806,0.0580365247628122
15.0,16.9257,17.055820211743136,0.0586310120290484,8.209299642539617e-07,1.5,17.360355602120705,0.0576025067065931
16.5,16.9257,17.45229593728458,0.0572990512877809,4.856024902800831e-07,1.5,17.513858805029116,0.057097639711064
18.0,16.9257,18.19674949930523,0.0549548698265138,3.1440912970789226e-07,1.5,17.64009962972397,0.0566890222272314
19.5,16.9257,19.36076356239548,0.0516508554415852,2.1696507949741897e-07,nan,17.749042637671796,0.0563410669754959
nan,nan,nan,nan,1.3764984845361054e-07,nan,17.89254484642663,0.0558891990258005
nan,nan,nan,nan,8.150548526134987e-08,nan,18.0606694461996,0.0553689331936931
nan,nan,nan,nan,5.275939728753952e-08,nan,18.20599111138872,0.0549269739769592
Name:	178.7842327274661_8_210_0.025
Lambda:	178.7842327274661	Maximal Depth:	20	Filter time:	8 to 210 [us]
Chi2:	1.3439800487854912	RelRMS:	2.9044371562713054	AbsRMS:	1.3581741578128991e-06	Phi model:	0.0062787461642348
depth_vector,start_model,resistivity_model,conductivity_model,E/I[V/A],modelled_thickness,rhoa,sigma
0.0,16.9257,16.182786968982775,0.061794053268864,0.0001832390728395,1.0,16.14130485766548,0.0619528599960183
1.0,16.9257,16.255395796724798,0.0615180345348148,0.0001065476911929,1.0,16.27821227398555,0.0614318073243285
2.0,16.9257,16.39170066015618,0.061006482532391,6.814683447343846e-05,1.0,16.367412230564405,0.0610970131327544
3.0,16.9257,16.572631926318063,0.0603404458897054,4.677535968819248e-05,1.0,16.421127491882388,0.0608971582794384
4.0,16.9257,16.772782755275447,0.0596203989874891,2.954907215273221e-05,1.0,16.50985738422081,0.0605698751193177
5.0,16.9257,16.96404669574633,0.0589481989725214,1.743948305334347e-05,1.0,16.60649914604074,0.0602173878555502
6.0,16.9257,17.1206291664377,0.0584090683980436,1.1249212454196095e-05,1.5,16.697529392407002,0.0598890995487474
7.5,16.9257,17.191860853975474,0.0581670598950176,7.749824375469802e-06,1.5,16.779747498169268,0.0595956524440611
9.0,16.9257,17.168987662320635,0.0582445523095469,4.909077947216158e-06,1.5,16.883757624572254,0.0592285214130663
10.5,16.9257,17.081269280303626,0.0585436587638775,2.907283047178131e-06,1.5,17.01682962168436,0.0587653530200308
12.0,16.9257,16.989916579186875,0.0588584408486753,1.873949566852939e-06,1.5,17.135872586558538,0.0583571099136442
13.5,16.9257,16.975701352903215,0.0589077281233495,1.2937270033238283e-06,1.5,17.232793043498468,0.058028898593271
15.0,16.9257,17.125492809683525,0.0583924802114047,8.208009532630206e-07,1.5,17.3621746529747,0.057596471639494
16.5,16.9257,17.52206915733118,0.0570708853515512,4.855589094570847e-07,1.5,17.51490674785468,0.0570942234746688
18.0,16.9257,18.238786722024955,0.0548282084351812,3.144026316442603e-07,1.5,17.64034268556699,0.0566882411427405
19.5,16.9257,19.33857292732161,0.0517101237903235,2.1697486985028322e-07,nan,17.748508718091227,0.0563427618558561
nan,nan,nan,nan,1.376680034306593e-07,nan,17.890971758160934,0.0558941131603906
nan,nan,nan,nan,8.152472363350319e-08,nan,18.057828005127263,0.0553776456236079
nan,nan,nan,nan,5.2776447798881343e-08,nan,18.20206968825461,0.0549388073514122
Name:	182.9697153736786_8_210_0.025
Lambda:	182.9697153736786	Maximal Depth:	20	Filter time:	8 to 210 [us]
Chi2:	1.345494419919094	RelRMS:	2.906049601550748	AbsRMS:	1.357349007233918e-06	Phi model:	0.0061284183970083
depth_vector,start_model,resistivity_model,conductivity_model,E/I[V/A],modelled_thickness,rhoa,sigma
0.0,16.9257,16.192382145885347,0.0617574357491377,0.0001832426965882,1.0,16.141092053458106,0.0619536767827154
1.0,16.9257,16.263277934400225,0.0614882192897159,0.0001065528468374,1.0,16.27768718022355,0.0614337890222477
2.0,16.9257,16.3963705395822,0.0609891071677062,6.815045614410957e-05,1.0,16.366832357684835,0.0610991777850319
3.0,16.9257,16.573056092933165,0.0603389015515614,4.6777509271877046e-05,1.0,16.420624417382953,0.0608990239702087
4.0,16.9257,16.768664104205286,0.0596350427073804,2.9549988071375767e-05,1.0,16.509516227528113,0.0605711267500734
5.0,16.9257,16.95585651047298,0.0589766727137811,1.743962540493829e-05,1.0,16.606408778470758,0.0602177155422334
6.0,16.9257,17.10957224471039,0.0584468147828278,1.1249093085235e-05,1.5,16.697647515304926,0.0598886758798452
7.5,16.9257,17.180739673168073,0.0582047117308776,7.749637405892556e-06,1.5,16.780017385177448,0.0595946939175012
9.0,16.9257,17.161011286293935,0.058271624166967,4.908898297842146e-06,1.5,16.884169548362333,0.0592270764123542
10.5,16.9257,17.079107383644722,0.0585510692998873,2.907154869553422e-06,1.5,17.017329803906268,0.0587636257581641
12.0,16.9257,16.994895704542586,0.0588411966383947,1.873866109743776e-06,1.5,17.13638137416304,0.0583553772623037
13.5,16.9257,16.987334848235374,0.0588673861399676,1.293673966966541e-06,1.5,17.23326403198936,0.0580273126520747
15.0,16.9257,17.141310822065506,0.0583385955940271,8.207743434688111e-07,1.5,17.36254990950481,0.0575952268078186
16.5,16.9257,17.537685125830958,0.0570200680890955,4.855503756787591e-07,1.5,17.515111969120063,0.0570935545124145
18.0,16.9257,18.248020890527823,0.054800463348827,3.144019387550679e-07,1.5,17.64036860313047,0.0566881578553035
19.5,16.9257,19.33354382666233,0.0517235747861666,2.169775824509987e-07,nan,17.74836079277034,0.0563432314497089
nan,nan,nan,nan,1.3767240216323732e-07,nan,17.89059066982772,0.0558953037635861
nan,nan,nan,nan,8.152923584861427e-08,nan,18.057161728339896,0.0553796889591206
nan,nan,nan,nan,5.278040333732206e-08,nan,18.201160261255986,0.054941552387111
Name:	176.24547476972728_8_210_0.025
Lambda:	176.24547476972728	Maximal Depth:	20	Filter time:	8 to 210 [us]
Chi2:	1.3430260405690229	RelRMS:	2.90341979850479	AbsRMS:	1.3580858687192262e-06	Phi model:	0.0063752613078518
depth_vector,start_model,resistivity_model,conductivity_model,E/I[V/A],modelled_thickness,rhoa,sigma
0.0,16.9257,16.176493013968447,0.0618180961186393,0.0001832394852065,1.0,16.141280641106995,0.0619529529431078
1.0,16.9257,16.25018516611044,0.0615377603256784,0.0001065458157801,1.0,16.278403292134612,0.0614310864557078
2.0,16.9257,16.388524028177656,0.0610183075840537,6.814532836753991e-05,1.0,16.36765339129048,0.0610961129304044
3.0,16.9257,16.5721342889351,0.0603422578266024,4.6774481521693805e-05,1.0,16.421333023309526,0.0608963960831032
4.0,16.9257,16.775177795333875,0.0596118868127976,2.954875474435444e-05,1.0,16.509975614982437,0.0605694413680733
5.0,16.9257,16.969065667400983,0.0589307637556665,1.7439521618047784e-05,1.0,16.606474664292545,0.0602174766297757
6.0,16.9257,17.12753818389897,0.0583855069691257,1.1249358447292104e-05,1.5,16.697384926136866,0.0598896177110149
7.5,16.9257,17.198908771240273,0.0581432236952255,7.749984668916042e-06,1.5,16.779516126285724,0.0595964742054428
9.0,16.9257,17.17414086532107,0.058227075685588,4.909213731399285e-06,1.5,16.883446297350826,0.0592296135746236
10.5,16.9257,17.08281727313944,0.0585383537159513,2.907374621594523e-06,1.5,17.016472297150536,0.0587665870185945
12.0,16.9257,16.986982292575806,0.0588686079008307,1.8740079117461505e-06,1.5,17.135516915401254,0.0583583211955052
13.5,16.9257,16.968548676900127,0.0589325592330317,1.2937637755247022e-06,1.5,17.232466507469102,0.0580299981762081
15.0,16.9257,17.11563317898883,0.0584261177802993,8.208194130970209e-07,1.5,17.361914340691474,0.0575973352003171
16.5,16.9257,17.512240705917247,0.0571029154288695,4.855650291619927e-07,1.5,17.514759584200657,0.0570947031954728
18.0,16.9257,18.23291390592419,0.0548458685846743,3.1440342780261173e-07,1.5,17.64031290533171,0.0566883368433761
19.5,16.9257,19.34177673124215,0.0517015584398062,2.169733445788327e-07,nan,17.748591896547925,0.056342497806516
nan,nan,nan,nan,1.376653034785303e-07,nan,17.89120568110387,0.0558933823591424
nan,nan,nan,nan,8.152189601433324e-08,nan,18.05824556464569,0.0553763651302756
nan,nan,nan,nan,5.2773952705736944e-08,nan,18.20264339932612,0.0549370757896087
Name:	180.37152305076708_8_210_0.025
Lambda:	180.37152305076708	Maximal Depth:	20	Filter time:	8 to 210 [us]
Chi2:	1.3445650357899068	RelRMS:	2.905060678380773	AbsRMS:	1.3582117427913403e-06	Phi model:	0.0062202465703322
depth_vector,start_model,resistivity_model,conductivity_model,E/I[V/A],modelled_thickness,rhoa,sigma
0.0,16.9257,16.18662020325536,0.0617794195108677,0.0001832388914472,1.0,16.14131551009076,0.0619528191103661
1.0,16.9257,16.25856793009138,0.0615060320379877,0.0001065488611603,1.0,16.278093111047106,0.0614322570326957
2.0,16.9257,16.393631840749848,0.0609992959286964,6.81477616396841e-05,1.0,16.367263775245217,0.0610975672984788
3.0,16.9257,16.572929241208374,0.0603393633947047,4.677589665558382e-05,1.0,16.42100181993746,0.0608976243328745
4.0,16.9257,16.771316801015146,0.059625610312213,2.954926345808801e-05,1.0,16.509786126324006,0.0605701365449883
5.0,16.9257,16.960982425577917,0.058958848898514,1.7439456495459035e-05,1.0,16.606516005640056,0.0602173267204494
6.0,16.9257,17.116415312564286,0.0584234480023367,1.1249120823627584e-05,1.5,16.69762006628027,0.0598887743301474
7.5,16.9257,17.187567324542695,0.0581815902807878,7.749724608484748e-06,1.5,16.77989150855334,0.0595951409751524
9.0,16.9257,17.165856234480483,0.0582551773905302,4.908993808135023e-06,1.5,16.883950546631926,0.0592278446467899
10.5,16.9257,17.080343991950983,0.0585468302319464,2.907226459132902e-06,1.5,17.01705043833187,0.0587645904690652
12.0,16.9257,16.99173187384708,0.0588521527660847,1.8739135729673617e-06,1.5,17.136092014914798,0.0583563626484747
13.5,16.9257,16.980093847687144,0.0588924895804512,1.293704348186602e-06,1.5,17.23299422813146,0.058028221141488
15.0,16.9257,17.131535709118424,0.0583718831154022,8.20789603118387e-07,1.5,17.36233471245771,0.0575959406704955
16.5,16.9257,17.52808507056458,0.0570512977301399,4.855551655314115e-07,1.5,17.514996781462152,0.0570939299890936
18.0,16.9257,18.24237307301071,0.0548174295086357,3.1440216370907364e-07,1.5,17.64036018870141,0.0566881848954817
19.5,16.9257,19.336598609148208,0.0517154035315651,2.169758277375476e-07,nan,17.7484564816028,0.0563429276814325
nan,nan,nan,nan,1.3766967996121766e-07,nan,17.890826507966125,0.0558945669477448
nan,nan,nan,nan,8.152647422890394e-08,nan,18.057569503709274,0.0553784383770244
nan,nan,nan,nan,5.277799079919025e-08,nan,18.201714919968573,0.0549398781596633
Name:	181.3595606565838_8_210_0.025
Lambda:	181.3595606565838	Maximal Depth:	20	Filter time:	8 to 210 [us]
Chi2:	1.344924826452604	RelRMS:	2.9054440508178163	AbsRMS:	1.3582286642992417e-06	Phi model:	0.0061845237746159
depth_vector,start_model,resistivity_model,conductivity_model,E/I[V/A],modelled_thickness,rhoa,sigma
0.0,16.9257,16.188966656451797,0.0617704651088072,0.0001832388066141,1.0,16.14132049199325,0.061952799989074
1.0,16.9257,16.260510197555856,0.0614986853333981,0.0001065495880634,1.0,16.27801907597424,0.0614325364365719
2.0,16.9257,16.3948144032548,0.0609948960325817,6.814833308944983e-05,1.0,16.367172277951028,0.0610979088518024
3.0,16.9257,16.573110330040137,0.0603387040866684,4.677622621417356e-05,1.0,16.42092469117648,0.0608979103678207
4.0,16.9257,16.770415248342555,0.0596288156966674,2.9549379779209987e-05,1.0,16.509742799117817,0.0605702955017224
5.0,16.9257,16.959102619119488,0.0589653841042634,1.743943901424643e-05,1.0,16.606527103167835,0.0602172864794374
6.0,16.9257,17.113832166020824,0.0584322663854025,1.1249063642056963e-05,1.5,16.697676651454078,0.0598885713787563
7.5,16.9257,17.184937623424712,0.0581904934375149,7.749662672400563e-06,1.5,16.77998091282229,0.0595948234503567
9.0,16.9257,17.163941019513892,0.0582616777151056,4.908941718439807e-06,1.5,16.88406998558409,0.0592274256653648
10.5,16.9257,17.079783554830698,0.0585487513228567,2.9071914866663893e-06,1.5,17.01718691071679,0.058764119195884
12.0,16.9257,16.99285489117192,0.0588482633674178,1.8738913514647943e-06,1.5,17.136227486646682,0.0583559013078721
13.5,16.9257,16.982797924640256,0.0588831124551688,1.2936903733822032e-06,1.5,17.233118331649543,0.058027803253892
15.0,16.9257,17.13525191133929,0.0583592237321149,8.207826106771197e-07,1.5,17.362433321542728,0.0575956135571869
16.5,16.9257,17.531780220802887,0.0570392731032196,4.855528664209023e-07,1.5,17.51505207085036,0.0570937497619126
18.0,16.9257,18.24457289206408,0.0548108199581353,3.144018839293808e-07,1.5,17.64037065389278,0.0566881512650827
19.5,16.9257,19.33538054459592,0.0517186614296811,2.1697642573297573e-07,nan,17.7484238712991,0.0563430312038634
nan,nan,nan,nan,1.376707192585999e-07,nan,17.890736467456662,0.0558948482539556
nan,nan,nan,nan,8.152755742222781e-08,nan,18.057409558755992,0.0553789288959834
nan,nan,nan,nan,5.27789448681778e-08,nan,18.20149556805228,0.0549405402573195
Name:	181.97290572735898_8_210_0.025
Lambda:	181.97290572735892	Maximal Depth:	20	Filter time:	8 to 210 [us]
Chi2:	1.3451465929374955	RelRMS:	2.905680298681213	AbsRMS:	1.3582370463198535e-06	Phi model:	0.0061626025742906
depth_vector,start_model,resistivity_model,conductivity_model,E/I[V/A],modelled_thickness,rhoa,sigma
0.0,16.9257,16.190410807241076,0.0617649553124838,0.000183238763096,1.0,16.14132304763765,0.0619527901801305
1.0,16.9257,16.261703790210735,0.0614941713919289,0.0001065500379134,1.0,16.277973259176633,0.0614327093476612
2.0,16.9257,16.395538921277147,0.0609922006712606,6.814868510623911e-05,1.0,16.367115915656473,0.0610981192504061
3.0,16.9257,16.57321896906843,0.0603383085607182,4.677642861973897e-05,1.0,16.420877321321736,0.0608980860420622
4.0,16.9257,16.769861701343107,0.0596307839509439,2.954945068621621e-05,1.0,16.509716387867606,0.0605703923984341
5.0,16.9257,16.957946605098495,0.0589694037425111,1.7439427652862118e-05,1.0,16.606534315679614,0.0602172603260041
6.0,16.9257,17.112243977634968,0.0584376894875365,1.1249027997847905e-05,1.5,16.69771192414094,0.0598884448685593
7.5,16.9257,17.183320896560904,0.0581959684056265,7.749624227198138e-06,1.5,16.780036408780166,0.0595946263547288
9.0,16.9257,17.162765225474388,0.0582656691309695,4.908909457276825e-06,1.5,16.884143959806092,0.0592271661732197
10.5,16.9257,17.079442569149716,0.0585499202302001,2.9071698571898626e-06,1.5,17.017271316377396,0.0587638277258705
12.0,16.9257,16.993548684302166,0.058845860777964,1.8738776199226889e-06,1.5,17.13631120130673,0.0583556162264224
13.5,16.9257,16.98446522544002,0.0588773321224244,1.2936817438930948e-06,1.5,17.233194967108673,0.0580275452061328
15.0,16.9257,17.137540387919465,0.0583514306816698,8.207782976583017e-07,1.5,17.362494145467426,0.0575954117894435
16.5,16.9257,17.534056896909703,0.0570318669478165,4.855514524420434e-07,1.5,17.515086074663543,0.057093638920025
18.0,16.9257,18.245926897988195,0.0548067525202164,3.14401716173889e-07,1.5,17.640376928813556,0.0566881311003402
19.5,16.9257,19.334627938299423,0.05172067459437,2.1697679913424849e-07,nan,17.74840350879648,0.0563430958454589
nan,nan,nan,nan,1.3767136413676457e-07,nan,17.89068059839787,0.0558950228025171
nan,nan,nan,nan,8.152822839095935e-08,nan,18.057310484901087,0.0553792327399014
nan,nan,nan,nan,5.27795354534688e-08,nan,18.201359788713923,0.054940950105281
Name:	182.35301052645417_8_210_0.025
Lambda:	182.35301052645417	Maximal Depth:	20	Filter time:	8 to 210 [us]
Chi2:	1.3452738594695226	RelRMS:	2.905814586682063	AbsRMS:	1.357346218565282e-06	Phi model:	0.0061501053170232
depth_vector,start_model,resistivity_model,conductivity_model,E/I[V/A],modelled_thickness,rhoa,sigma
0.0,16.9257,16.190951677005664,0.0617628920120981,0.0001832427151236,1.0,16.141090964986287,0.0619536809605514
1.0,16.9257,16.262097703608017,0.0614926818314548,0.0001065523878152,1.0,16.27773392914619,0.0614336125871577
2.0,16.9257,16.395648850114792,0.0609917917333902,6.81500999874997e-05,1.0,16.36688938034952,0.0610989649139209
3.0,16.9257,16.572944528061793,0.0603393077377873,4.677730454026085e-05,1.0,16.42067232977062,0.0608988462784805
4.0,16.9257,16.769215898614526,0.0596330804043509,2.954991591251601e-05,1.0,16.509543104251662,0.0605710281432605
5.0,16.9257,16.957007898022344,0.0589726681743556,1.7439636056082953e-05,1.0,16.60640201696573,0.0602177400606321
6.0,16.9257,17.111151108693182,0.0584414218335058,1.1249128271178705e-05,1.5,16.69761269644148,0.059888800763304
7.5,16.9257,17.182346261655333,0.0581992694578406,7.749675542691575e-06,1.5,16.779962334556565,0.059594889431939
9.0,16.9257,17.16217880552983,0.0582676600291444,4.908930379683777e-06,1.5,16.884095985039757,0.059227334462328
10.5,16.9257,17.07944308800885,0.0585499184515027,2.907176416076558e-06,1.5,17.017245721233877,0.0587639161108318
12.0,16.9257,16.99420259330877,0.0588435964858825,1.8738798073784337e-06,1.5,17.13629786536436,0.0583556616403818
13.5,16.9257,16.98567316902382,0.0588731450351738,1.2936825876396412e-06,1.5,17.233187474054624,0.0580275704367254
15.0,16.9257,17.13903169471406,0.0583463533887048,8.207786646137772e-07,1.5,17.362488970493104,0.0575954289560363
16.5,16.9257,17.535419859694365,0.0570274340735078,4.855518053450166e-07,1.5,17.51507758792518,0.0570936665841204
18.0,16.9257,18.246675880730947,0.0548045028330903,3.144021230442208e-07,1.5,17.640361709773913,0.0566881800074391
19.5,16.9257,19.334290345155885,0.0517215776813109,2.169772243993936e-07,nan,17.74838031809868,0.0563431694654561
nan,nan,nan,nan,1.376717702155815e-07,nan,17.890645417958815,0.0558951327153457
nan,nan,nan,nan,8.152857470200839e-08,nan,18.05725934985969,0.0553793895643288
nan,nan,nan,nan,5.277982022490712e-08,nan,18.201294318842475,0.0549411477273224
Name:	181.73838430119267_8_210_0.025
Lambda:	181.73838430119267	Maximal Depth:	20	Filter time:	8.0 to 210.0 [us]
Chi2:	1.3450619706808793	RelRMS:	2.9055901464998257	AbsRMS:	1.358234419944677e-06	Phi model:	0.0061709585081695245
depth_vector,start_model,resistivity_model,conductivity_model,E/I[V/A],modelled_thickness,rhoa,sigma
0.0,16.9257,16.18986043669596,0.061767054997793475,0.0001832387771643924,1.0,16.141322221461948,0.06195279335111546
1.0,16.9257,16.261248566945373,0.06149589288197241,0.00010654986497438923,1.0,16.2779908728191,0.06143264287423791
2.0,16.9257,16.395262250031212,0.060993229919094234,6.814855006320359e-05,1.0,16.36713753767958,0.06109803853592918
3.0,16.9257,16.573177255327515,0.06033846042879593,4.67763509485812e-05,1.0,16.420895499000196,0.06089801862881876
4.0,16.9257,16.770073413958354,0.05963003114629557,2.954942339683949e-05,1.0,16.509726552528456,0.060570355106629586
5.0,16.9257,16.958387874300623,0.058967869317073325,1.7439431878954606e-05,1.0,16.606531632841733,0.06021727005429361
6.0,16.9257,17.112850072665562,0.05843561976840461,1.1249041542926526e-05,1.5,16.697698520221717,0.059888492943440785
7.5,16.9257,17.18393765108343,0.05819387967442672,7.749638866658946e-06,1.5,16.780015276547044,0.05959470140636117
9.0,16.9257,17.1632138001151,0.05826414631001648,4.908921754377307e-06,1.5,16.88411576269725,0.05922726508481658
10.5,16.9257,17.079572685632826,0.05854947418217263,2.9071781068508085e-06,1.5,17.017239123238017,0.05876393889502573
12.0,16.9257,16.993283564772174,0.05884677885756253,1.8738828593333572e-06,1.5,17.1362792589993,0.058355725002254465
13.5,16.9257,16.98382876589133,0.05887953851774004,1.2936850377494245e-06,1.5,17.233165715428,0.05802764370244229
15.0,16.9257,17.13666666600281,0.05835440575989529,8.207799449681876e-07,1.5,17.362470914378516,0.05759548885244567
16.5,16.9257,17.53318827723225,0.05703469238954969,4.85551993466821e-07,1.5,17.515073063908176,0.05709368133100256
18.0,16.9257,18.245410307265377,0.054808304289095486,3.144017814327533e-07,1.5,17.64037448779472,0.056688138944663256
19.5,16.9257,19.334914897164627,0.05171990698271164,2.1697665768814002e-07,nan,17.748411222198648,0.05634307135893155
nan,nan,nan,nan,1.3767111884216777e-07,nan,17.890701849458694,0.055894956408893276
nan,nan,nan,nan,8.152797289850804e-08,nan,18.057348210227715,0.05537911704186987
nan,nan,nan,nan,5.277931048955831e-08,nan,18.20141150905822,0.05494079398745169
