Name:	10.0_8_210_0.025
Lambda:	10.0	Maximal Depth:	20	Filter time:	8.0 to 210.0 [us]
Chi2:	1.2840710316912838	RelRMS:	3.134751004099043	AbsRMS:	1.2072892913252884e-07	Phi model:	0.2602324314096274
depth_vector,start_model,resistivity_model,conductivity_model,E/I[V/A],modelled_thickness,rhoa,sigma
0.0,19.5707,32.02437325744642,0.03122621610611775,9.642191101428047e-05,1.0,24.7647267663329,0.040380013453630265
1.0,19.5707,31.641258886240987,0.031604305112994224,6.019579654813106e-05,1.0,23.819096978751087,0.04198311971659109
2.0,19.5707,30.89524663331032,0.03236743865063793,4.0900593903193075e-05,1.0,23.003331382033355,0.043471964273011574
3.0,19.5707,29.809283463927017,0.03354659635512963,2.9504673088673872e-05,1.0,22.326493775590983,0.04478983623901017
4.0,19.5707,28.404315653260348,0.03520591772768926,1.9751867380070103e-05,1.0,21.595691430657705,0.046305532898121456
5.0,19.5707,26.704126709437688,0.03744739571081286,1.2385040473055003e-05,1.0,20.86262117839124,0.0479326155351833
6.0,19.5707,24.74141864484716,0.04041805420920226,8.356983348729785e-06,1.5,20.35638259286627,0.04912464164190163
7.5,19.5707,22.38314796555189,0.04467646827600032,5.9580348357334465e-06,1.5,19.99453474821302,0.05001366686411012
9.0,19.5707,19.7544463062118,0.05062151499966614,3.916728076389365e-06,1.5,19.626978505502098,0.0509502774316315
10.5,19.5707,17.05300671204982,0.058640685298821243,2.4061724388542087e-06,1.5,19.304224630609376,0.051802132389941684
12.0,19.5707,14.544893842126923,0.06875265030148672,1.592145265592556e-06,1.5,19.102477503655148,0.05234923060679725
13.5,19.5707,12.545806118963625,0.07970791119499679,1.1203550627158152e-06,1.5,18.96765523497586,0.05272132942167918
15.0,19.5707,11.414404813314034,0.08760859776355366,7.254774031679693e-07,1.5,18.851536888135268,0.05304607289760961
16.5,19.5707,11.5893142005642,0.08628638267062577,4.377247709599545e-07,1.5,18.76873625690005,0.0532800922935003
18.0,19.5707,13.766038428534344,0.07264254020439118,2.8732133130476184e-07,1.5,18.732074911913383,0.053384369040933716
19.5,19.5707,19.26763823566512,0.05190049697678891,2.0028626204904386e-07,nan,18.721215896472074,0.05341533400020483
nan,nan,nan,nan,1.2843630919276046e-07,nan,18.738323318000635,0.0533665677034918
nan,nan,nan,nan,7.683496571806117e-08,nan,18.785343226736224,0.05323299063158723
nan,nan,nan,nan,5.009280112565575e-08,nan,18.84649810098885,0.05306025526023486
Name:	12.742749857031335_8_210_0.025
Lambda:	12.742749857031335	Maximal Depth:	20	Filter time:	8.0 to 210.0 [us]
Chi2:	1.2961066498030394	RelRMS:	3.1445399410229413	AbsRMS:	1.3424149058906458e-07	Phi model:	0.24096400430290754
depth_vector,start_model,resistivity_model,conductivity_model,E/I[V/A],modelled_thickness,rhoa,sigma
0.0,19.5707,32.81902413776057,0.03047013207347108,9.633709508495903e-05,1.0,24.77926000662479,0.0403563302428179
1.0,19.5707,32.369635157367966,0.030893150174180456,6.0218855119073416e-05,1.0,23.813016165758487,0.04199384038708766
2.0,19.5707,31.497042132022134,0.0317490129964721,4.093115696234768e-05,1.0,22.991878986463462,0.043493617924344204
3.0,19.5707,30.233741642093445,0.033075628277769394,2.9525335644947324e-05,1.0,22.316076140518,0.04481074511949519
4.0,19.5707,28.61945285309158,0.03494126897300122,1.9761157916597722e-05,1.0,21.588922215837883,0.04632005201567628
5.0,19.5707,26.702789460363288,0.03744927103905627,1.2385793677978854e-05,1.0,20.86177537129569,0.04793455888590999
6.0,19.5707,24.540167008788654,0.040749518927147746,8.35467298564343e-06,1.5,20.360135260597275,0.049115587259151855
7.5,19.5707,22.033860678992333,0.04538469288559251,5.9549637606342875e-06,1.5,20.001408503011437,0.04999647899043904
9.0,19.5707,19.347701468940787,0.05168572616263063,3.9138442536320924e-06,1.5,19.636618435804635,0.05092526512490763
10.5,19.5707,16.69337004667547,0.05990402160881546,2.404072519731087e-06,1.5,19.315464283591748,0.05177198877116756
12.0,19.5707,14.322804162518441,0.06981873023279302,1.5907272441816782e-06,1.5,19.113828160753364,0.05231814326202383
13.5,19.5707,12.51458569428215,0.0799067603537922,1.1194114310799977e-06,1.5,18.97831319643145,0.05269172184322646
15.0,19.5707,11.576337011481526,0.08638311056495591,7.24959620511981e-07,1.5,18.860511951031366,0.05302083011300847
16.5,19.5707,11.891135649207602,0.08409625703552022,4.375129986593079e-07,1.5,18.774792271827728,0.05326290621604038
18.0,19.5707,14.060912808820206,0.07111913810977581,2.8725198560323075e-07,1.5,18.735089539445166,0.05337577906391018
19.5,19.5707,19.185341674197925,0.05212312696754756,2.002849412778898e-07,nan,18.72129820059536,0.05341509917128497
nan,nan,nan,nan,1.2847574807707516e-07,nan,18.73448831986862,0.05337749197769457
nan,nan,nan,nan,7.688788783258924e-08,nan,18.776722240208553,0.05325743157975654
nan,nan,nan,nan,5.014348427994919e-08,nan,18.833796404772094,0.053096039614542116
Name:	16.237767391887218_8_210_0.025
Lambda:	16.237767391887218	Maximal Depth:	20	Filter time:	8.0 to 210.0 [us]
Chi2:	1.308179334987126	RelRMS:	3.154880984461951	AbsRMS:	1.4059206598959835e-07	Phi model:	0.22587896292959203
depth_vector,start_model,resistivity_model,conductivity_model,E/I[V/A],modelled_thickness,rhoa,sigma
0.0,19.5707,33.50727258607065,0.029844267313350693,9.629713891852111e-05,1.0,24.786113902058542,0.040345170846525794
1.0,19.5707,33.00209583044959,0.030301105879383082,6.0252849849636565e-05,1.0,23.804058435003107,0.04200964313419479
2.0,19.5707,32.02004354468591,0.031230438478462384,4.096376388645e-05,1.0,22.97967643025437,0.043516713694168006
3.0,19.5707,30.60348837004222,0.03267601352853947,2.95459298057265e-05,1.0,22.305705072619702,0.04483157993635906
4.0,19.5707,28.80852762551168,0.03471194408125322,1.976985727124722e-05,1.0,21.58258855125408,0.04633364518001219
5.0,19.5707,26.704699644019176,0.037446592297620596,1.2386252731524932e-05,1.0,20.86125992182524,0.047935743274728625
6.0,19.5707,24.37048992745353,0.0410332333480704,8.35231265530628e-06,1.5,20.363970875454726,0.049106336191303855
7.5,19.5707,21.737577210609533,0.04600328685719063,5.951959279713723e-06,1.5,20.008138924906756,0.049979660964627186
9.0,19.5707,19.002519657748497,0.05262460021149029,3.91108592774913e-06,1.5,19.645849943243746,0.050901335543586515
10.5,19.5707,16.389491883186523,0.06101470424631464,2.402096034592725e-06,1.5,19.326058224342304,0.05174360898594631
12.0,19.5707,14.139232918112116,0.07072519462629526,1.5894084483732772e-06,1.5,19.12439970467703,0.05228922295299244
13.5,19.5707,12.499103974966413,0.08000573497130918,1.1185438090477093e-06,1.5,18.988125880008692,0.05266449181553152
15.0,19.5707,11.733329942985126,0.08522729735371148,7.244926228239749e-07,1.5,18.868615893235955,0.05299805802705864
16.5,19.5707,12.17064978660236,0.08216488170589015,4.3733039552865054e-07,1.5,18.78001806503036,0.05324808509434111
18.0,19.5707,14.325693126537944,0.06980465036958862,2.87199824237803e-07,1.5,18.73735792122523,0.05336931728604191
19.5,19.5707,19.10729943634407,0.05233601971495228,2.0029395757513056e-07,nan,18.72073636618696,0.05341670223005657
nan,nan,nan,nan,1.2852022299104006e-07,nan,18.730165976399274,0.05338980985326229
nan,nan,nan,nan,7.694254846014028e-08,nan,18.767828427002993,0.053282669536834026
nan,nan,nan,nan,5.019455415230306e-08,nan,18.8210194177001,0.05313208481468101
Name:	20.6913808111479_8_210_0.025
Lambda:	20.6913808111479	Maximal Depth:	20	Filter time:	8.0 to 210.0 [us]
Chi2:	1.3206030649864626	RelRMS:	3.165818947408283	AbsRMS:	1.4016265891088582e-07	Phi model:	0.21371045811555883
depth_vector,start_model,resistivity_model,conductivity_model,E/I[V/A],modelled_thickness,rhoa,sigma
0.0,19.5707,34.09657389680707,0.02932845989237774,9.629590821943871e-05,1.0,24.786325085712647,0.04034482709889175
1.0,19.5707,33.54379458494073,0.029811773306319483,6.029453733491827e-05,1.0,23.79308512781379,0.042029017869188126
2.0,19.5707,32.46713473895646,0.030800377305858356,4.0996013086127985e-05,1.0,22.9676236587409,0.043539550057867006
3.0,19.5707,30.91871481899127,0.03234287084228248,2.956444165676808e-05,1.0,22.2963929176492,0.04485030397936825
4.0,19.5707,28.969442160508496,0.034519132072319034,1.9776374828964892e-05,1.0,21.57784641169629,0.04634382787421961
5.0,19.5707,26.70539793186805,0.03744561315099077,1.2385263633215934e-05,1.0,20.862370573047187,0.047933191316807226
6.0,19.5707,24.22436422507266,0.04128075315863117,8.349065779572211e-06,1.5,20.369250108671917,0.049093608977498114
7.5,19.5707,21.48293804055292,0.046548567896640566,5.948409569844772e-06,1.5,20.016098030099396,0.049959787292020684
9.0,19.5707,18.708071542436116,0.05345286379366618,3.908053978254235e-06,1.5,19.6560097356124,0.05087502567666204
10.5,19.5707,16.13444608404644,0.06197919623585893,2.4000122383557196e-06,1.5,19.337243095657268,0.05171367992082484
12.0,19.5707,13.992597833976655,0.0714663575602675,1.5880501090144223e-06,1.5,19.135303526411093,0.052259427116991976
13.5,19.5707,12.502449268745991,0.07998432775086965,1.1176652716080445e-06,1.5,18.99807494987645,0.052636912036527324
15.0,19.5707,11.888350650036832,0.08411595766624715,7.240302585826068e-07,1.5,18.8766480115011,0.05297550705987225
16.5,19.5707,12.429773099599704,0.0804519915196364,4.37157204908431e-07,1.5,18.78497784946868,0.053234026040029865
18.0,19.5707,14.561126044439868,0.06867600740135393,2.871566487409551e-07,1.5,18.73923604702638,0.05336396838646387
19.5,19.5707,19.029670897720678,0.05254951624622038,2.003105468457555e-07,nan,18.719702745629213,0.053419651667999155
nan,nan,nan,nan,1.2857033340393327e-07,nan,18.725298926565635,0.053403686847492575
nan,nan,nan,nan,7.700093715384154e-08,nan,18.7583396461774,0.05330962221935145
nan,nan,nan,nan,5.024817101383286e-08,nan,18.8076285019108,0.053169914532201816
Name:	26.366508987303583_8_210_0.025
Lambda:	26.366508987303583	Maximal Depth:	20	Filter time:	8.0 to 210.0 [us]
Chi2:	1.3337441802406538	RelRMS:	3.1777690901904165	AbsRMS:	1.319081889602114e-07	Phi model:	0.20362069128475033
depth_vector,start_model,resistivity_model,conductivity_model,E/I[V/A],modelled_thickness,rhoa,sigma
0.0,19.5707,34.57209466576924,0.028925062529986844,9.634005475206538e-05,1.0,24.7787525075272,0.04035715678972231
1.0,19.5707,33.979364208376786,0.029429626577694303,6.034662658927795e-05,1.0,23.77939154350808,0.042053220670947154
2.0,19.5707,32.825476641765434,0.030464142559552414,4.102901795827106e-05,1.0,22.95530481404333,0.043562915330500496
3.0,19.5707,31.16826178523722,0.03208391943350681,2.9581293921308773e-05,1.0,22.287924043179018,0.04486734601493939
4.0,19.5707,29.091146394991632,0.034374719594142955,1.9780734318519623e-05,1.0,21.574675924353443,0.04635063829029304
5.0,19.5707,26.696096072819806,0.037458660519960205,1.2382706673118087e-05,1.0,20.865242449920668,0.04792659382703708
6.0,19.5707,24.0959131973123,0.04150081351187561,8.344803182275322e-06,1.5,20.37618604379469,0.049076897798768254
7.5,19.5707,21.268121612784537,0.04701872681595385,5.944206043056354e-06,1.5,20.02553335700366,0.04993624799762267
9.0,19.5707,18.46473370336893,0.05415729336066991,3.904673036562606e-06,1.5,19.66735447314703,0.050845679390451703
10.5,19.5707,15.929914443861593,0.06277497619488712,2.3977783295829672e-06,1.5,19.349251693134452,0.051681585203360726
12.0,19.5707,13.884439379286963,0.07202307364975907,1.5866286318421057e-06,1.5,19.146730832796766,0.052228237224032144
13.5,19.5707,12.524449448252495,0.07984382899477689,1.1167631327127663e-06,1.5,19.008304869520188,0.05260858381977552
15.0,19.5707,12.039979639759407,0.08305661885820123,7.235680949005054e-07,1.5,18.884685193491762,0.05295296107687463
16.5,19.5707,12.66586173534383,0.07895238562485807,4.369937980538999e-07,1.5,18.789660452721463,0.053220759497820604
18.0,19.5707,14.765874340516186,0.06772372410457896,2.8712450086363634e-07,1.5,18.740634779210403,0.05335998549575987
19.5,19.5707,18.95087792186319,0.05276800389528778,2.0033724208533312e-07,nan,18.718039756284178,0.05342439769443654
nan,nan,nan,nan,1.2862859312912836e-07,nan,18.71964433550771,0.053419818351098936
nan,nan,nan,nan,7.706516715419857e-08,nan,18.747915433075335,0.05333926342743076
nan,nan,nan,nan,5.030603397761635e-08,nan,18.793203806085188,0.053210725021574166
Name:	33.59818286283781_8_210_0.025
Lambda:	33.59818286283781	Maximal Depth:	20	Filter time:	8.0 to 210.0 [us]
Chi2:	1.3484218596638626	RelRMS:	3.191530553092396	AbsRMS:	1.1670170589920148e-07	Phi model:	0.19478616664452458
depth_vector,start_model,resistivity_model,conductivity_model,E/I[V/A],modelled_thickness,rhoa,sigma
0.0,19.5707,34.923546049181915,0.02863397658965462,9.643553535346353e-05,1.0,24.762394216882974,0.04038381713987095
1.0,19.5707,34.299215821238846,0.029155185506625415,6.0411758952289424e-05,1.0,23.762296787697434,0.04208347404017505
2.0,19.5707,33.083580657235764,0.030226474285252082,4.1063894643186786e-05,1.0,22.942305262780327,0.04358759891589082
3.0,19.5707,31.342016787337926,0.0319060514447812,2.9596883667858934e-05,1.0,22.28009678673399,0.044883108434045034
4.0,19.5707,29.166695509431623,0.03428568038078329,1.9782902784558015e-05,1.0,21.57309931694075,0.04635402569229949
5.0,19.5707,26.67087622585254,0.03749408124172099,1.2378390492846272e-05,1.0,20.870092456605683,0.04791545615235095
6.0,19.5707,23.980721407198434,0.04170016335287662,8.33932858149225e-06,1.5,20.3851027714285,0.04905543088071095
7.5,19.5707,21.090668148217663,0.0474143347651368,5.939183172822013e-06,1.5,20.036822393445963,0.04990811319099677
9.0,19.5707,18.271539614656213,0.05472992539708403,3.900825099432686e-06,1.5,19.680286148700137,0.05081226931581221
10.5,19.5707,15.774996037985366,0.06339145807656954,2.395323654270439e-06,1.5,19.36246856312163,0.051646307222656083
12.0,19.5707,13.814255028769676,0.07238899223428207,1.58510215586674e-06,1.5,19.159021243865713,0.05219473308534367
13.5,19.5707,12.565160273514833,0.0795851368571737,1.115812451598565e-06,1.5,19.019100155242235,0.052578723064580425
15.0,19.5707,12.188464983283817,0.0820447858997401,7.2309459314161e-07,1.5,18.892928426692684,0.05292985700338334
16.5,19.5707,12.879601601133032,0.07764215314796918,4.368370887386632e-07,1.5,18.79415387277259,0.053208035156544986
18.0,19.5707,14.940645006258658,0.066931514642179,2.871037100675026e-07,1.5,18.741539511544673,0.05335740958655004
19.5,19.5707,18.868822653720002,0.05299747728578334,2.0037575385067712e-07,nan,18.715641302930617,0.05343124415637382
nan,nan,nan,nan,1.286973042840997e-07,nan,18.712980829635654,0.053438840615724084
nan,nan,nan,nan,7.713745390869589e-08,nan,18.73620095329818,0.05337261286279957
nan,nan,nan,nan,5.0370034915042485e-08,nan,18.777281144670194,0.053255846376025706
Name:	42.81332398719393_8_210_0.025
Lambda:	42.81332398719393	Maximal Depth:	20	Filter time:	8.0 to 210.0 [us]
Chi2:	1.3660188893777019	RelRMS:	3.2084265557569527	AbsRMS:	1.0034303528314185e-07	Phi model:	0.18648274652495397
depth_vector,start_model,resistivity_model,conductivity_model,E/I[V/A],modelled_thickness,rhoa,sigma
0.0,19.5707,35.147142429027994,0.02845181516589243,9.65870877012286e-05,1.0,24.736484742108637,0.04042611593464254
1.0,19.5707,34.50020345491452,0.028985336312779077,6.049226374637158e-05,1.0,23.741209756617405,0.04212085273882344
2.0,19.5707,33.240535661342,0.030083751061899332,4.110164296783775e-05,1.0,22.928256088719905,0.04361430699877666
3.0,19.5707,31.438005125262897,0.0318086340407274,2.9611528058028543e-05,1.0,22.27275042871759,0.044897912505257556
4.0,19.5707,29.192662330873915,0.034255183328805484,1.9782783621189064e-05,1.0,21.573185948517704,0.04635383954815029
5.0,19.5707,26.62573942977976,0.03755764239477017,1.2372068410765847e-05,1.0,20.877201545600336,0.0478991400171993
6.0,19.5707,23.87394364125939,0.04188667004607406,8.332400113011114e-06,1.5,20.39640147480025,0.04902825634391929
7.5,19.5707,20.944608153299736,0.04774498489924979,5.9331393161975364e-06,1.5,20.050427235075215,0.04987424897613403
9.0,19.5707,18.123622675887674,0.05517660667976918,3.896366709982756e-06,1.5,19.69529597059717,0.050773545190327986
10.5,19.5707,15.667067953117208,0.063828152337913,2.392561961377632e-06,1.5,19.37736553987937,0.05160660245284433
12.0,19.5707,13.781582777821603,0.07256060614527367,1.5834191993919207e-06,1.5,19.17259444030726,0.052157781937830106
13.5,19.5707,12.62581610365886,0.07920280097460061,1.114782242477137e-06,1.5,19.03081582675255,0.052546354770259034
15.0,19.5707,12.335965668028718,0.08106377943250223,7.225951004888764e-07,1.5,18.90163389402913,0.05290547926208072
16.5,19.5707,13.07363929370934,0.07648979580469008,4.36682827216149e-07,1.5,18.798579730537774,0.05319550808274774
18.0,19.5707,15.087664085730884,0.06627931231221851,2.8709429707463846e-07,1.5,18.741949163275777,0.05335624332817349
19.5,19.5707,18.78100448971876,0.053245288373549325,2.0042787308680753e-07,nan,18.712396620461977,0.05344050899960626
nan,nan,nan,nan,1.2877906788725216e-07,nan,18.705059238461537,0.05346147196068696
nan,nan,nan,nan,7.722036889007338e-08,nan,18.722786617842523,0.05341085279725485
nan,nan,nan,nan,5.044239492526835e-08,nan,18.75931941076182,0.05330683795630248
Name:	54.5559478116852_8_210_0.025
Lambda:	54.5559478116852	Maximal Depth:	20	Filter time:	8.0 to 210.0 [us]
Chi2:	1.3886685872826676	RelRMS:	3.230398101432858	AbsRMS:	9.966529536761954e-08	Phi model:	0.17810431685283717
depth_vector,start_model,resistivity_model,conductivity_model,E/I[V/A],modelled_thickness,rhoa,sigma
0.0,19.5707,35.240387657195654,0.02837653233918987,9.680082208831892e-05,1.0,24.700059535408336,0.04048573237511706
1.0,19.5707,34.579662556462175,0.028918732170020035,6.059090212072731e-05,1.0,23.715436578385678,0.04216662833487127
2.0,19.5707,33.29290872548834,0.03003642632265475,4.114334929003706e-05,1.0,22.91275881100603,0.04364380597938538
3.0,19.5707,31.45356873396114,0.031792894741393116,2.9625499995466693e-05,1.0,22.26574704893745,0.04491203451661063
4.0,19.5707,29.16619112765447,0.03428627329578977,1.9780176655266628e-05,1.0,21.575081426206303,0.046349767133918855
5.0,19.5707,26.55806487320525,0.03765334578306991,1.2363388346685293e-05,1.0,20.886972019745745,0.047876733834594995
6.0,19.5707,23.772020758299647,0.04206625974995688,8.323688314490298e-06,1.5,20.41063061234489,0.04899407661589709
7.5,19.5707,20.82658444578337,0.048015554475734676,5.925803322772271e-06,1.5,20.06697176776186,0.04983312936167715
9.0,19.5707,18.017685349810744,0.05550102472016495,3.891105278494856e-06,1.5,19.713046216145514,0.05072782709660434
10.5,19.5707,15.603931341401747,0.06408641374540726,2.3893760095751405e-06,1.5,19.394586672391064,0.05156077914377718
12.0,19.5707,13.785773696686306,0.07253854749119888,1.5815081068856991e-06,1.5,19.18803675807589,0.052115805937213384
13.5,19.5707,12.707885816056761,0.07869129566276656,1.1136278647174349e-06,1.5,19.04396501691696,0.052510073354560836
15.0,19.5707,12.485858980589096,0.08009060502402206,7.220467773324035e-07,1.5,18.91120196502069,0.05287871187932215
16.5,19.5707,13.252474537650853,0.07545760583496741,4.3652243702575186e-07,1.5,18.80318418751846,0.05318248175560601
18.0,19.5707,15.210597699486613,0.06574363609878078,2.870938400807757e-07,1.5,18.741969052135044,0.05335618670686484
19.5,19.5707,18.68469621935634,0.05351973552366636,2.0049394799019164e-07,nan,18.70828514898976,0.05345225348214236
nan,nan,nan,nan,1.2887577840815967e-07,nan,18.695700343314623,0.053488234280433845
nan,nan,nan,nan,7.731621811956057e-08,nan,18.70730960920227,0.05345504088455842
nan,nan,nan,nan,5.05252483016648e-08,nan,18.738805600239147,0.053365194203585625
Name:	69.51927961775606_8_210_0.025
Lambda:	69.51927961775606	Maximal Depth:	20	Filter time:	8.0 to 210.0 [us]
Chi2:	1.4193606911078136	RelRMS:	3.2602037781797275	AbsRMS:	1.3544880034945752e-07	Phi model:	0.16920273170951497
depth_vector,start_model,resistivity_model,conductivity_model,E/I[V/A],modelled_thickness,rhoa,sigma
0.0,19.5707,35.208029125164856,0.02840261226906485,9.708293001319733e-05,1.0,24.65218663884381,0.04056435295781535
1.0,19.5707,34.5416345384179,0.028950569750478362,6.071052362366633e-05,1.0,23.684274396232215,0.042222108360604194
2.0,19.5707,33.24346609296965,0.030081099161061328,4.1190179946210205e-05,1.0,22.895388603510387,0.04367691753642815
3.0,19.5707,31.3890320673003,0.03185826176022024,2.9639145890428483e-05,1.0,22.258912408340212,0.04492582484062919
4.0,19.5707,29.085201775356204,0.034381745319274244,1.9774948831186052e-05,1.0,21.578883737305212,0.04634160006484565
5.0,19.5707,26.46342310477817,0.03778800633767755,1.2352054476695957e-05,1.0,20.899746900653273,0.04784746938580115
6.0,19.5707,23.66998228682503,0.0422476023801932,8.312909456870706e-06,1.5,20.42827030601337,0.04895177051312244
7.5,19.5707,20.73170869872996,0.04823529090302435,5.916940902841022e-06,1.5,20.08700436766986,0.049783431202390004
9.0,19.5707,17.949996340666832,0.055710317763933905,3.88487526649122e-06,1.5,19.734115912446143,0.05067366607334602
10.5,19.5707,15.583592404917924,0.06417005617295383,2.3856666255300222e-06,1.5,19.41468541241115,0.05150740167856307
12.0,19.5707,13.827208080957213,0.07232117967308214,1.5793096863113459e-06,1.5,19.20583930162477,0.05206749802990397
13.5,19.5707,12.813845284736242,0.07804058639534166,1.1123136084011497e-06,1.5,19.058963020437297,0.052468751785061996
15.0,19.5707,12.642287951566354,0.07909960632371943,7.214326023452605e-07,1.5,18.921933519442078,0.05284872177425796
16.5,19.5707,13.420720788258366,0.07451164626529512,4.363508131841531e-07,1.5,18.8081142622818,0.05316854130376173
18.0,19.5707,15.312730359741558,0.0653051400048866,2.871021500576511e-07,1.5,18.741607401341124,0.05335721630410641
19.5,19.5707,18.577255117715715,0.05382926560804863,2.0057584809104438e-07,nan,18.703192097334544,0.05346680902360584
nan,nan,nan,nan,1.2899027444798663e-07,nan,18.684635424088484,0.0535199096638935
nan,nan,nan,nan,7.742784981145824e-08,nan,18.689324428953373,0.05350648193847001
nan,nan,nan,nan,5.062107108714286e-08,nan,18.715150476871546,0.0534326454513852
Name:	88.58667904100822_8_210_0.025
Lambda:	88.58667904100822	Maximal Depth:	20	Filter time:	8.0 to 210.0 [us]
Chi2:	1.4621962109014772	RelRMS:	3.3014753691869236	AbsRMS:	2.0709777599543418e-07	Phi model:	0.15946081009516988
depth_vector,start_model,resistivity_model,conductivity_model,E/I[V/A],modelled_thickness,rhoa,sigma
0.0,19.5707,35.05286751093362,0.028528336510217942,9.743982233803431e-05,1.0,24.59195420962895,0.04066370616485823
1.0,19.5707,34.38846260985622,0.029079520400350375,6.085393205088424e-05,1.0,23.64705017896623,0.04228857267319914
2.0,19.5707,33.094337127725865,0.030216649940458157,4.1243213654440444e-05,1.0,22.875757289252338,0.043714399805676714
3.0,19.5707,31.24532871280646,0.03200478411322112,2.965273237129835e-05,1.0,22.252112733969913,0.04493955301931431
4.0,19.5707,28.949765722243516,0.034542593870859936,1.9766906468898526e-05,1.0,21.584736395975845,0.046329034631455365
5.0,19.5707,26.340895841219368,0.0379637809597636,1.2337732147697387e-05,1.0,20.91591816906355,0.04781047582597098
6.0,19.5707,23.565525703828968,0.04243486916302989,8.299753955172256e-06,1.5,20.449851122406017,0.04890011149784574
7.5,19.5707,20.656741017529047,0.048410346973484966,5.906299523477498e-06,1.5,20.111124297885258,0.049723724302432604
9.0,19.5707,17.91750447720543,0.05581134366519599,3.877499199705885e-06,1.5,19.759134451316452,0.05060950430110439
10.5,19.5707,15.604468564161799,0.06408420741073251,2.3813271625105987e-06,1.5,19.43826434874627,0.05144492234794091
12.0,19.5707,13.906310121326596,0.07190980146965144,1.576759618309907e-06,1.5,19.226541254225463,0.05201143496260554
13.5,19.5707,12.94643113697746,0.07724136400369139,1.1108000043927353e-06,1.5,19.0762725722532,0.052421142349083384
15.0,19.5707,12.809844359242463,0.07806496097499323,7.207329727341774e-07,1.5,18.934176800126792,0.05281454855715214
16.5,19.5707,13.583750195722061,0.07361737263947409,4.361611779626093e-07,1.5,18.81356549253037,0.05315313571991626
18.0,19.5707,15.398046075986489,0.06494330482355919,2.8711787642797294e-07,1.5,18.740923036315923,0.053359164757371486
19.5,19.5707,18.45624530745876,0.054182201381765764,2.006745972799908e-07,nan,18.69705587287675,0.05348435640344155
nan,nan,nan,nan,1.2912482700483936e-07,nan,18.671653142499608,0.05355712171643995
nan,nan,nan,nan,7.755775861909757e-08,nan,18.668448923273353,0.05356631416514375
nan,nan,nan,nan,5.0732103357334365e-08,nan,18.687833857151954,0.05351074970185983
Name:	112.88378916846884_8_210_0.025
Lambda:	112.88378916846884	Maximal Depth:	20	Filter time:	8.0 to 210.0 [us]
Chi2:	1.52248174200762	RelRMS:	3.358679657899559	AbsRMS:	3.066635523864697e-07	Phi model:	0.148708468846978
depth_vector,start_model,resistivity_model,conductivity_model,E/I[V/A],modelled_thickness,rhoa,sigma
0.0,19.5707,34.7802107305867,0.028751982204655583,9.787723651023528e-05,1.0,24.5186317652952,0.040785310109165474
1.0,19.5707,34.12525172125738,0.029303813146001726,6.1023478261937535e-05,1.0,23.60322959587681,0.04236708353566528
2.0,19.5707,32.848498912296634,0.03044279139421059,4.130326968112514e-05,1.0,22.85357728193601,0.043756825798577405
3.0,19.5707,31.024474161174492,0.03223261721713394,2.9666390525392332e-05,1.0,22.245282420729794,0.04495335150558153
4.0,19.5707,28.760863832048326,0.0347694702718107,1.975581173629651e-05,1.0,21.592816869462727,0.04631169735960818
5.0,19.5707,26.189507702259885,0.03818323014577744,1.232009188360211e-05,1.0,20.935878752219317,0.04776489259587418
6.0,19.5707,23.456549652735887,0.04263201599572696,8.283930883349933e-06,1.5,20.475883573575302,0.04883794129844183
7.5,19.5707,20.59958015533905,0.04854467870020242,5.893646685175905e-06,1.5,20.139897863137797,0.04965268477504582
9.0,19.5707,17.91862268023153,0.05580786078515042,3.868816056562464e-06,1.5,19.788688243367872,0.05053392057632458
10.5,19.5707,15.665908596384595,0.06383287594508126,2.376261598557035e-06,1.5,19.465879383645216,0.05137194062962175
12.0,19.5707,14.024132766980248,0.07130565694261645,1.573799986452438e-06,1.5,19.250638201858024,0.051946329753549805
13.5,19.5707,13.108600699390898,0.07628579304017291,1.1090513129951092e-06,1.5,19.096319587920025,0.05236611145912018
15.0,19.5707,12.992889074281216,0.07696517643481239,7.199298179702762e-07,1.5,18.948256180100916,0.05277530504628601
16.5,19.5707,13.746528077262344,0.0727456412542499,4.3594688811933013e-07,1.5,18.819730197295186,0.053135724556971714
18.0,19.5707,15.470022976565218,0.06464114510462274,2.871392620179228e-07,1.5,18.739992499062225,0.05336181431502928
19.5,19.5707,18.319840748078484,0.0545856273398494,2.0079062126750544e-07,nan,18.689852628242125,0.05350496977642862
nan,nan,nan,nan,1.2928106667840775e-07,nan,18.656606644821736,0.05360031537554857
nan,nan,nan,nan,7.770787832962329e-08,nan,18.644398120718066,0.05363541335715085
nan,nan,nan,nan,5.0860125634239514e-08,nan,18.65646070277867,0.05360073466941461
Name:	143.8449888287663_8_210_0.025
Lambda:	143.8449888287663	Maximal Depth:	20	Filter time:	8.0 to 210.0 [us]
Chi2:	1.6049248440403967	RelRMS:	3.4358601133383235	AbsRMS:	4.352706587229798e-07	Phi model:	0.13715036681523587
depth_vector,start_model,resistivity_model,conductivity_model,E/I[V/A],modelled_thickness,rhoa,sigma
0.0,19.5707,34.43403008541755,0.029041038691067694,9.84119882993648e-05,1.0,24.42973145061656,0.0409337287240119
1.0,19.5707,33.79141735330942,0.029593313282612672,6.123396677017265e-05,1.0,23.549108661237483,0.04246445223831461
2.0,19.5707,32.539196794198,0.030732166080335088,4.138167028150764e-05,1.0,22.82470297750089,0.043812180206057226
3.0,19.5707,30.74930791317394,0.03252105715106419,2.9688574881204385e-05,1.0,22.234199397658216,0.04497575928483054
4.0,19.5707,28.52818873044331,0.0350530490894036,1.9747344083760693e-05,1.0,21.598989088715733,0.04629846313142703
5.0,19.5707,26.0070563729016,0.03845110287229443,1.2302547723612635e-05,1.0,20.955777891309733,0.047719536119663473
6.0,19.5707,23.33012521554001,0.04286303612866629,8.267608843134848e-06,1.5,20.50282391641219,0.048773769119653594
7.5,19.5707,20.53967532741113,0.04868626129963479,5.880430073225164e-06,1.5,20.170063639142857,0.049578425625755526
9.0,19.5707,17.931407349644488,0.055768071100109506,3.859687777671355e-06,1.5,19.819876523948682,0.050454401105460144
10.5,19.5707,15.750800459320956,0.06348883681071735,2.370931227620836e-06,1.5,19.49504415962894,0.051295087705973866
12.0,19.5707,14.17173260600564,0.07056300226665467,1.5706966862219215e-06,1.5,19.2759861279171,0.0518780203183336
13.5,19.5707,13.300030307136845,0.07518779859196233,1.1072310088530842e-06,1.5,19.11724361171664,0.05230879620046881
15.0,19.5707,13.197904529727158,0.07576960401157509,7.19110218843777e-07,1.5,18.962650844763463,0.052735242988252884
16.5,19.5707,13.918746056835072,0.07184555245972969,4.3574765806671686e-07,1.5,18.82546619320712,0.05311953445067058
18.0,19.5707,15.537727918418252,0.06435947425843459,2.871856408180157e-07,1.5,18.737974845351037,0.053367560168760916
19.5,19.5707,18.1715726763969,0.05503101012819339,2.0093354229282058e-07,nan,18.680989035397207,0.053530356348112776
nan,nan,nan,nan,1.29462262103891e-07,nan,18.639194719671817,0.05365038645927119
nan,nan,nan,nan,7.787829834498401e-08,nan,18.617188670025044,0.053713802751006595
nan,nan,nan,nan,5.1004261476758316e-08,nan,18.62129589200386,0.05370195532038177
Name:	183.29807108324357_8_210_0.025
Lambda:	183.29807108324357	Maximal Depth:	20	Filter time:	8.0 to 210.0 [us]
Chi2:	1.7181408384660464	RelRMS:	3.5381657840586245	AbsRMS:	5.811368557697387e-07	Phi model:	0.1246529002977933
depth_vector,start_model,resistivity_model,conductivity_model,E/I[V/A],modelled_thickness,rhoa,sigma
0.0,19.5707,33.971784834756974,0.029436192559917754,9.901551607516177e-05,1.0,24.330359547705648,0.04110091336871756
1.0,19.5707,33.349681517115954,0.029985293847162323,6.146062099194195e-05,1.0,23.491176814752524,0.04256917428555547
2.0,19.5707,32.13614559226192,0.031117608585915498,4.1459222592515015e-05,1.0,22.79623065113588,0.043866901300639916
3.0,19.5707,30.401280020771548,0.03289335183639486,2.970470137898045e-05,1.0,22.226151463568453,0.04499204469289835
4.0,19.5707,28.248183774089597,0.03540050602889526,1.973149700240861e-05,1.0,21.610552162622135,0.046273690393233535
5.0,19.5707,25.804001892785802,0.03875367875707592,1.2278935355026885e-05,1.0,20.982634568181364,0.04765845760457684
6.0,19.5707,23.208633367338553,0.04308741424677324,8.2467974125388e-06,1.5,20.537303065194713,0.04869188504574074
7.5,19.5707,20.507302242208887,0.04876311804396012,5.863946360695805e-06,1.5,20.20784501677323,0.049485731861559926
9.0,19.5707,17.98666721754437,0.055596736621923507,3.848476792840799e-06,1.5,19.85834933706506,0.050356652661635255
10.5,19.5707,15.88351048915256,0.06295837438977595,2.3644426629322717e-06,1.5,19.530693736445652,0.05120145825306397
12.0,19.5707,14.363823544803562,0.06961934591307149,1.5669263109094014e-06,1.5,19.306895297617878,0.05179496675073293
13.5,19.5707,13.525752475883461,0.0739330400865319,1.105012636523877e-06,1.5,19.14282098866465,0.052238904631252955
15.0,19.5707,13.422860475929737,0.07449976864418945,7.180968726358046e-07,1.5,18.980486148507982,0.0526856895116255
16.5,19.5707,14.094927515349037,0.07094750923060968,4.3548046438665865e-07,1.5,18.83316578292391,0.053097817516516696
18.0,19.5707,15.595066413502876,0.06412284330730116,2.8721543881523477e-07,1.5,18.736678805974325,0.053371251669273576
19.5,19.5707,18.00550995616712,0.05553855472210533,2.0108194852954157e-07,nan,18.67179637726904,0.05355671086995119
nan,nan,nan,nan,1.2966051517713055e-07,nan,18.6201901164511,0.053705144455882405
nan,nan,nan,nan,7.80681550838053e-08,nan,18.586992551205025,0.053801065301183885
nan,nan,nan,nan,5.1165938744130034e-08,nan,18.582048063289125,0.05381538119985868
Name:	233.57214690901213_8_210_0.025
Lambda:	233.57214690901213	Maximal Depth:	20	Filter time:	8.0 to 210.0 [us]
Chi2:	1.866961537346295	RelRMS:	3.6679797069090685	AbsRMS:	7.463698780331734e-07	Phi model:	0.11170290819213417
depth_vector,start_model,resistivity_model,conductivity_model,E/I[V/A],modelled_thickness,rhoa,sigma
0.0,19.5707,33.44059293592404,0.029903775986152913,9.969373600706436e-05,1.0,24.219887201017524,0.04128838386819523
1.0,19.5707,32.84303447263557,0.03044785648028924,6.171299918927473e-05,1.0,23.427087571312917,0.042685630339493255
2.0,19.5707,31.676154097035162,0.03156948905276346,4.15446201749704e-05,1.0,22.764980547341143,0.04392711858112244
3.0,19.5707,30.007102374440063,0.03332544367402153,2.9721872030297e-05,1.0,22.21759044489133,0.045009381304440155
4.0,19.5707,27.93502715489145,0.035797351993083676,1.9713433291357152e-05,1.0,21.623751526796784,0.04624544444847004
5.0,19.5707,25.58213556499472,0.039089777999939485,1.2252565589179016e-05,1.0,21.01272942879281,0.04759020018740376
6.0,19.5707,23.083067034661973,0.04332179941679245,8.223684137428468e-06,1.5,20.575766139182036,0.048600863425236895
7.5,19.5707,20.48554405876086,0.04881491051111916,5.845692369934748e-06,1.5,20.24989103199115,0.049382981785935615
9.0,19.5707,18.06505773767815,0.055355483194183645,3.836092493746378e-06,1.5,19.901066346881148,0.05024856369853356
10.5,19.5707,16.047766446914757,0.06231396769811875,2.357287096852082e-06,1.5,19.570197498026,0.0510981046614817
12.0,19.5707,14.590406185941843,0.0685381878513787,1.5627702825126858e-06,1.5,19.341109958150636,0.05170334081982637
13.5,19.5707,13.783017312976705,0.0725530540441606,1.1025660971136002e-06,1.5,19.171128505641786,0.05216177022159726
15.0,19.5707,13.670881065478092,0.07314817495744401,7.169761898752126e-07,1.5,19.00025953047519,0.05263086003620448
16.5,19.5707,14.281768795055356,0.07001933824514935,4.3518042965927997e-07,1.5,18.841821127197402,0.053073426037175395
18.0,19.5707,15.64971633916841,0.06389892176493837,2.8724238909498035e-07,1.5,18.73550681871189,0.053374590272693374
19.5,19.5707,17.82772559516102,0.05609240475809377,2.0123991826461877e-07,nan,18.662023747724216,0.05358475659007493
nan,nan,nan,nan,1.298741981634878e-07,nan,18.5997605533374,0.05376413299151679
nan,nan,nan,nan,7.827367239624077e-08,nan,18.554443315362988,0.05389544612055296
nan,nan,nan,nan,5.1341259919288546e-08,nan,18.539721047593858,0.053938244131768266
Name:	297.63514416313194_8_210_0.025
Lambda:	297.63514416313194	Maximal Depth:	20	Filter time:	8.0 to 210.0 [us]
Chi2:	2.056921181437284	RelRMS:	3.8266531909059576	AbsRMS:	9.263567602428408e-07	Phi model:	0.0986299057881713
depth_vector,start_model,resistivity_model,conductivity_model,E/I[V/A],modelled_thickness,rhoa,sigma
0.0,19.5707,32.84718772722385,0.03044400660124693,0.0001004314539870913,1.0,24.10113693932111,0.04149181851950294
1.0,19.5707,32.278247136467414,0.030980616629278392,6.198263869285361e-05,1.0,23.359095874942117,0.042809876090826135
2.0,19.5707,31.16604507850688,0.032086201424691915,4.163282885897436e-05,1.0,22.73281396484034,0.043989274779032986
3.0,19.5707,29.57401879294782,0.03381346333080909,2.9736910660377935e-05,1.0,22.210099187167273,0.04502456254575342
4.0,19.5707,27.596321827009593,0.036236713221008354,1.9691375123707757e-05,1.0,21.63989704993119,0.0462109407310318
5.0,19.5707,25.349336095750143,0.039448764899513544,1.2222542786854138e-05,1.0,21.047125055823916,0.047512427343291315
6.0,19.5707,22.961224513504135,0.043551684249760816,8.19776441367439e-06,1.5,20.619114341644178,0.04849868832534247
7.5,19.5707,20.481159027855885,0.048825361818631764,5.825355577889243e-06,1.5,20.29699300124105,0.0492683817715686
9.0,19.5707,18.171384969149287,0.0550315785889608,3.822356994511304e-06,1.5,19.948713672000643,0.05012854545120706
10.5,19.5707,16.245975821881228,0.061553704804430974,2.3493665496517834e-06,1.5,19.61415820059715,0.05098357980866878
12.0,19.5707,14.851733002996692,0.0673322096349447,1.5581660625090883e-06,1.5,19.379191875539565,0.05160173893846425
13.5,19.5707,14.07063679394847,0.07106998884585537,1.0998470168712904e-06,1.5,19.20271252341841,0.05207597618203488
15.0,19.5707,13.940362743796433,0.07173414482668376,7.157180459175668e-07,1.5,19.022519752111663,0.052569271212820866
16.5,19.5707,14.478219354752735,0.06906926711755697,4.348276811479564e-07,1.5,18.85200987755703,0.05304474199276129
18.0,19.5707,15.702035902325845,0.06368600901312907,2.8725225018138225e-07,1.5,18.73507803527971,0.05337581183899618
19.5,19.5707,17.640485213940586,0.05668778312343354,2.0139672468380175e-07,nan,18.652335721958117,0.053612588520094484
nan,nan,nan,nan,1.3009576110568778e-07,nan,18.57863668653907,0.053825262685961134
nan,nan,nan,nan,7.848986031688091e-08,nan,18.520357467404526,0.053994638157496735
nan,nan,nan,nan,5.152672001124832e-08,nan,18.49520764688737,0.054068060174944504
Name:	379.26901907322497_8_210_0.025
Lambda:	379.26901907322497	Maximal Depth:	20	Filter time:	8.0 to 210.0 [us]
Chi2:	2.291474592535303	RelRMS:	4.01317819640298	AbsRMS:	1.1172663232479617e-06	Phi model:	0.08583353509421823
depth_vector,start_model,resistivity_model,conductivity_model,E/I[V/A],modelled_thickness,rhoa,sigma
0.0,19.5707,32.206082097769624,0.031050035734376185,0.0001012143779103754,1.0,23.97668974917224,0.041707175196464455
1.0,19.5707,31.668251256463005,0.031577367247138895,6.226331719645576e-05,1.0,23.288842289301527,0.042939017215955895
2.0,19.5707,30.617515279969044,0.03266104355157232,4.172104755729363e-05,1.0,22.70075713672142,0.04405139414413496
3.0,19.5707,29.112689543648365,0.03434928258691833,2.974855895753023e-05,1.0,22.20430110863949,0.045036319544906056
4.0,19.5707,27.241678470430934,0.036708457633601206,1.9664997323777278e-05,1.0,21.65924395790144,0.046169663259884614
5.0,19.5707,25.11331754255127,0.039819510039071075,1.2188933990282927e-05,1.0,21.085796409642725,0.04742528954432525
6.0,19.5707,22.84888510490703,0.04376581156623873,8.169181501766527e-06,1.5,20.667182085268596,0.048385890048977316
7.5,19.5707,20.497410814246127,0.04878664964381644,5.803071318975937e-06,1.5,20.348921188352186,0.049142654332574864
9.0,19.5707,18.306549601912856,0.05462525826797584,3.807366572544529e-06,1.5,20.001040959460124,0.049997397736792216
10.5,19.5707,16.477030718606066,0.0606905465601146,2.340731442640114e-06,1.5,19.66236717378755,0.050858576241681004
12.0,19.5707,15.14504355467784,0.06602820232175104,1.5531357682953855e-06,1.5,19.421012856047607,0.051490620361162316
13.5,19.5707,14.385319179719994,0.06951531540640203,1.0968616394966013e-06,1.5,19.237539991033607,0.05198169830789635
15.0,19.5707,14.22843807680833,0.07028178318672602,7.143174329106399e-07,1.5,19.047377504958686,0.05250066576040013
16.5,19.5707,14.683065448240683,0.06810566931851547,4.344118664899128e-07,1.5,18.86403792838098,0.05301091970852635
18.0,19.5707,15.753101260272683,0.06347956402222037,2.8723388405075826e-07,1.5,18.735876657918418,0.05337353667821922
19.5,19.5707,17.44788314069467,0.05731354296313713,2.0154191995995132e-07,nan,18.643376274649807,0.05363835312167907
nan,nan,nan,nan,1.30316353451852e-07,nan,18.55766483842635,0.05388609012537796
nan,nan,nan,nan,7.87099531703922e-08,nan,18.485816301151683,0.054095528361260366
nan,nan,nan,nan,5.171713452955356e-08,nan,18.44978207404256,0.05420118221379557
Name:	483.2930238571752_8_210_0.025
Lambda:	483.2930238571752	Maximal Depth:	20	Filter time:	8.0 to 210.0 [us]
Chi2:	2.5740467181577458	RelRMS:	4.226161762002049	AbsRMS:	1.3170681140072066e-06	Phi model:	0.07360397145978224
depth_vector,start_model,resistivity_model,conductivity_model,E/I[V/A],modelled_thickness,rhoa,sigma
0.0,19.5707,31.518657889716632,0.03172723925932972,0.00010203506320199723,1.0,23.8479510670094,0.04193232354386086
1.0,19.5707,31.017441650038094,0.03223992524215071,6.255143838808251e-05,1.0,23.217272703748396,0.04307138106873989
2.0,19.5707,30.03567066730689,0.03329374632837735,4.180757059529131e-05,1.0,22.66942602371778,0.04411227699165187
3.0,19.5707,28.6283452594216,0.03493041567503451,2.9756042511201635e-05,1.0,22.200578076701042,0.04504387212554052
4.0,19.5707,26.87601617063307,0.037207895457835066,1.9634108191618064e-05,1.0,21.68195477453356,0.046121302733024123
5.0,19.5707,24.879900501780593,0.04019308678217714,1.2151801842714313e-05,1.0,21.128729011016656,0.04732892354663613
6.0,19.5707,22.75199461435775,0.04395219043208394,8.138045399298625e-06,1.5,20.719863519931256,0.04826286616405849
7.5,19.5707,20.540177308869545,0.04868507145594043,5.778940290206466e-06,1.5,20.405528948298606,0.04900632581168052
9.0,19.5707,18.474812905011042,0.05412774706523624,3.7911910552415938e-06,1.5,20.05789161740069,0.049855688677292315
10.5,19.5707,16.74252719848121,0.05972813949441961,2.331416469132395e-06,1.5,19.714705222312077,0.05072355831464587
12.0,19.5707,15.469962806477817,0.06464139652496545,1.5476927138327233e-06,1.5,19.466520496765014,0.051370248738914694
13.5,19.5707,14.724698300318465,0.06791310623854155,1.093611485496759e-06,1.5,19.275636419902025,0.0518789615147287
15.0,19.5707,14.532065973872331,0.06881334022278265,7.127677456428116e-07,1.5,19.07497582885682,0.05242470601127523
16.5,19.5707,14.893573335532103,0.06714305408590335,4.3392286026964257e-07,1.5,18.878207728273612,0.052971130225583585
18.0,19.5707,15.802720224722988,0.06328024452622551,2.8717700391975103e-07,1.5,18.738350542032894,0.053366490169817885
19.5,19.5707,17.25325343804519,0.05796008292528166,2.0166607929300092e-07,nan,18.6357234036046,0.05366038003153533
nan,nan,nan,nan,1.3052812094034662e-07,nan,18.537587563354485,0.05394445186475193
nan,nan,nan,nan,7.892801020369143e-08,nan,18.451753018995955,0.05419539265296402
nan,nan,nan,nan,5.1907974974087865e-08,nan,18.404533720238625,0.05433443819879803
Name:	615.8482110660261_8_210_0.025
Lambda:	615.8482110660261	Maximal Depth:	20	Filter time:	8.0 to 210.0 [us]
Chi2:	2.9057968922092132	RelRMS:	4.462495589776324	AbsRMS:	1.5254338355979166e-06	Phi model:	0.06223776122267238
depth_vector,start_model,resistivity_model,conductivity_model,E/I[V/A],modelled_thickness,rhoa,sigma
0.0,19.5707,30.797272449993372,0.032470407943552,0.00010289141204149492,1.0,23.715445036173833,0.042166613296721694
1.0,19.5707,30.33439441360242,0.03296587979852943,6.284801400796501e-05,1.0,23.144174621533526,0.0432074168274548
2.0,19.5707,29.428351065042722,0.03398083697553403,4.189425714472483e-05,1.0,22.638143889781265,0.04417323279102376
3.0,19.5707,28.12768784716967,0.035552157910506116,2.9761291338107016e-05,1.0,22.197967741558717,0.04504916898891669
4.0,19.5707,26.505475579799647,0.03772805347292542,1.9600362580785988e-05,1.0,21.706833940739898,0.04606844106008368
5.0,19.5707,24.653243706704252,0.04056261366239843,1.2112335883581763e-05,1.0,21.174600337773843,0.047226393133667686
6.0,19.5707,22.673418501878775,0.04410450942442303,8.10518719924825e-06,1.5,20.775824246336676,0.048132867709271575
7.5,19.5707,20.610223231473867,0.04851961032973676,5.753545380082102e-06,1.5,20.46552860462716,0.048862651892309525
9.0,19.5707,18.67530002565616,0.05354666316611772,3.774186387456547e-06,1.5,20.118093938801962,0.0497064981922214
10.5,19.5707,17.040605803233973,0.05868335970838664,2.3216074314108193e-06,1.5,19.770197338934455,0.05058118454036112
12.0,19.5707,15.822867045392568,0.06319967153431831,1.5419354506425751e-06,1.5,19.51494632589402,0.05124277480964007
13.5,19.5707,15.084718088514679,0.06629225645001532,1.0901489668334157e-06,1.5,19.316430214553435,0.05176939987837802
15.0,19.5707,14.847581211438843,0.06735103757032035,7.110879307543981e-07,1.5,19.105004769496635,0.05234230569764717
16.5,19.5707,15.108111600670604,0.06618960902801466,4.333607408397833e-07,1.5,18.89452902607684,0.05292537319241319
18.0,19.5707,15.851789257594872,0.06308436125094727,2.8707519552868497e-07,1.5,18.742780527877024,0.053353876630666014
19.5,19.5707,17.061224602781802,0.05861243980323381,2.0176081338123247e-07,nan,18.629889510753152,0.05367718361522225
nan,nan,nan,nan,1.307225822527854e-07,nan,18.51919881016519,0.053998016342429456
nan,nan,nan,nan,7.913685260421106e-08,nan,18.419275901514354,0.054290950705493494
nan,nan,nan,nan,5.209345620282864e-08,nan,18.36082094245961,0.054463795662180244
Name:	784.7599703514607_8_210_0.025
Lambda:	784.7599703514607	Maximal Depth:	20	Filter time:	8.0 to 210.0 [us]
Chi2:	3.2811315129061644	RelRMS:	4.714892995276015	AbsRMS:	1.7406204444012964e-06	Phi model:	0.0520909787740804
depth_vector,start_model,resistivity_model,conductivity_model,E/I[V/A],modelled_thickness,rhoa,sigma
0.0,19.5707,30.06645600831599,0.03325965653296195,0.0001037746380362448,1.0,23.58069199231571,0.042407576517511536
1.0,19.5707,29.644201662987275,0.03373340970246352,6.315375008300745e-05,1.0,23.06941811335612,0.043347430571777035
2.0,19.5707,28.81676255249128,0.03470202449627873,4.198435916384839e-05,1.0,22.605743367491762,0.044236545719529494
3.0,19.5707,27.62707315189174,0.03619637862114706,2.9767925332512963e-05,1.0,22.19466963546144,0.04505586325115893
4.0,19.5707,26.14015400097859,0.03825532167723892,1.956693677044626e-05,1.0,21.73154781055415,0.046016050431269315
5.0,19.5707,24.437777416562152,0.04092025158238296,1.2072821271374375e-05,1.0,21.220778461820533,0.04712362469638684
6.0,19.5707,22.611822087914852,0.04422465363967557,8.072199954508063e-06,1.5,20.832386379265326,0.04800218188134748
7.5,19.5707,20.701643845225643,0.048305342680824204,5.728004064756809e-06,1.5,20.526321021863286,0.048717936299196817
9.0,19.5707,18.898887539594412,0.05291316739701923,3.757038069411301e-06,1.5,20.179264388521126,0.049555820308734594
10.5,19.5707,17.36041056371142,0.057602324341931556,2.311668153973968e-06,1.5,19.826826266126794,0.05043671571927037
12.0,19.5707,16.19376276269537,0.06175217055196349,1.5360630869222005e-06,1.5,19.564651735811637,0.051112588841516385
13.5,19.5707,15.457084250123149,0.06469525453948619,1.0865856361381283e-06,1.5,19.35863781771093,0.05165652714909077
15.0,19.5707,15.16936643005208,0.06592233133869697,7.093251832839441e-07,1.5,19.136643634532792,0.052255767474054984
16.5,19.5707,15.324321337528806,0.06525574464110392,4.327351595416597e-07,1.5,18.912734492134263,0.052874427038347965
18.0,19.5707,15.9024056994347,0.06288356736085209,2.8692411398480065e-07,1.5,18.74935936326012,0.05333515565121266
19.5,19.5707,16.87873747713113,0.059246137417261945,2.0181662927077228e-07,nan,18.626454406335633,0.053687082800893036
nan,nan,nan,nan,1.30888530634518e-07,nan,18.503542328376263,0.05404370591605271
nan,nan,nan,nan,7.932629442629789e-08,nan,18.389939084162894,0.05437755913292737
nan,nan,nan,nan,5.22651038916688e-08,nan,18.32059882061124,0.05458336868743444
Name:	1000.0_8_210_0.025
Lambda:	1000.0	Maximal Depth:	20	Filter time:	8.0 to 210.0 [us]
Chi2:	3.6897254304108174	RelRMS:	4.974287657614931	AbsRMS:	1.960169983634894e-06	Phi model:	0.04339974948429136
depth_vector,start_model,resistivity_model,conductivity_model,E/I[V/A],modelled_thickness,rhoa,sigma
0.0,19.5707,29.351703414871032,0.034069572926161085,0.00010467322530690248,1.0,23.445542861105647,0.04265203010756143
1.0,19.5707,28.969804926153074,0.03451869981689901,6.346839089407906e-05,1.0,22.993111457324122,0.04349128659059601
2.0,19.5707,28.22056838114088,0.03543514738945781,4.208075481112814e-05,1.0,22.571207737523018,0.044304230931230655
3.0,19.5707,27.141451544080997,0.03684401323841797,2.977939906196345e-05,1.0,22.188968334154488,0.04506744004229997
4.0,19.5707,25.789537895664157,0.03877541365982072,1.9536945532342026e-05,1.0,21.753782244460044,0.04596901765230579
5.0,19.5707,24.2369000470184,0.04125940190618639,1.2035513166242998e-05,1.0,21.264609777723194,0.047026491924982324
6.0,19.5707,22.56484053556429,0.04431673241492254,8.040652145239199e-06,1.5,20.8868419233461,0.04787703204103144
7.5,19.5707,20.8069388384104,0.04806089006009678,5.703410913076962e-06,1.5,20.5852851328689,0.048578389541142755
9.0,19.5707,19.134653609922314,0.052261202130225545,3.7404108462872204e-06,1.5,20.239022001699723,0.04940950209530962
10.5,19.5707,17.68970341999299,0.056530060242264715,2.3019452693570825e-06,1.5,19.88261632489864,0.050295191722214055
12.0,19.5707,16.570664320003132,0.060347610734764495,1.5302608484037756e-06,1.5,19.61407562285267,0.050983794456002
13.5,19.5707,15.831715884029487,0.06316434727133823,1.0830218052641992e-06,1.5,19.401082718140003,0.051543515098000196
15.0,19.5707,15.490454374128014,0.06455588556977315,7.075182602768866e-07,1.5,19.169211689223303,0.05216698611358065
16.5,19.5707,15.539375800415302,0.0643526492211659,4.3204986786569314e-07,1.5,18.93272804169982,0.05281858999915248
18.0,19.5707,15.956461998988978,0.06267053436177526,2.8671509144111935e-07,1.5,18.75847076078328,0.05330924960528307
19.5,19.5707,16.71273620626706,0.05983460683266292,2.0182074244907218e-07,nan,18.6262013296453,0.05368781225447234
nan,nan,nan,nan,1.3101241843027526e-07,nan,18.491875625144466,0.05407780261296169
nan,nan,nan,nan,7.948458096376732e-08,nan,18.365516345149107,0.05444987122641561
nan,nan,nan,nan,5.241332472170297e-08,nan,18.286043029596584,0.05468651683589861
