Name:	10.0_8_210_0.025
Lambda:	10	Maximal Depth:	20	Filter time:	8 to 210 [us]
Chi2:	7.595491311981186	RelRMS:	7.009837684998178	AbsRMS:	4.749471331743664e-07	Phi model:	1.5811734695143809
depth_vector,start_model,resistivity_model,conductivity_model,E/I[V/A],modelled_thickness,rhoa,sigma
0.0,17.591,15.37670199285874,0.0650334512865256,0.0001431228543122,1.0,19.031719925359425,0.0525438585646438
1.0,17.591,15.9914787150537,0.0625333040063795,8.488147426733522e-05,1.0,18.942071012262183,0.0527925378039522
2.0,17.591,17.336368635197942,0.0576822067552085,5.612738064315149e-05,1.0,18.627759779364048,0.0536833205841427
3.0,17.591,19.321774635342702,0.0517550804143443,3.993375635190289e-05,1.0,18.246838192709124,0.0548040153279579
4.0,17.591,21.683027520924696,0.046119020927081,2.640845187112583e-05,1.0,17.794150484124756,0.0561982433998274
5.0,17.591,24.023491031693503,0.0416259235046533,1.6376841916690268e-05,1.0,17.317308260763763,0.0577456949395376
6.0,17.591,25.87406826466741,0.0386487347011277,1.0931681247162592e-05,1.5,17.019324653045036,0.0587567380249182
7.5,17.591,26.07836070737005,0.0383459685683919,7.701351740754647e-06,1.5,16.85008214050004,0.0593468917042516
9.0,17.591,24.09535133549566,0.0415017812388926,4.969812212838902e-06,1.5,16.74592242352113,0.0597160296524132
10.5,17.591,20.196858116812106,0.0495126516320668,2.9713915815141773e-06,1.5,16.77117930378568,0.059626099148214
12.0,17.591,15.3028708196904,0.0653472156814711,1.9129038872554035e-06,1.5,16.90243950635989,0.0591630574760364
13.5,17.591,10.757454596862042,0.0929587934576736,1.311325762393965e-06,1.5,17.078263321928386,0.05855396307867
15.0,17.591,7.785034533585532,0.1284515817734507,8.195123429241826e-07,1.5,17.38037020448774,0.0575361737543307
16.5,17.591,7.440835260527063,0.1343935143013992,4.727751440469975e-07,1.5,17.82923423132365,0.0560876584504751
18.0,17.591,12.234647197796276,0.0817350908312355,2.98316886326151e-07,1.5,18.26890739367756,0.0547378109949846
19.5,17.591,32.25014796253545,0.0310076096755179,2.008257004776201e-07,nan,18.68767613272334,0.0535112013338531
nan,nan,nan,nan,1.232650473010667e-07,nan,19.258803780179534,0.0519243049264131
nan,nan,nan,nan,7.010050118008442e-08,nan,19.96998109428152,0.0500751600754571
nan,nan,nan,nan,4.3845962179395016e-08,nan,20.596549668201803,0.0485518213540329
Name:	12.742749857031335_8_210_0.025
Lambda:	12.742749857031336	Maximal Depth:	20	Filter time:	8 to 210 [us]
Chi2:	7.7743376097576515	RelRMS:	7.095586258197038	AbsRMS:	5.297681798514176e-07	Phi model:	1.2921042677171215
depth_vector,start_model,resistivity_model,conductivity_model,E/I[V/A],modelled_thickness,rhoa,sigma
0.0,17.591,16.234972387429117,0.0615954235175853,0.0001421518937789,1.0,19.118284962066355,0.0523059470022627
1.0,17.591,16.771743767569777,0.0596240923936378,8.491181273895573e-05,1.0,18.937558819419937,0.0528051165166297
2.0,17.591,17.923363615523595,0.0557930989657482,5.6330435739729446e-05,1.0,18.58296768064373,0.0538127180322017
3.0,17.591,19.593403349650725,0.051037585566666,4.011357082817251e-05,1.0,18.19226810134197,0.0549684071512905
4.0,17.591,21.53039021360397,0.0464459765976814,2.6519346209221964e-05,1.0,17.744510035791475,0.0563554585605888
5.0,17.591,23.360086449146745,0.0428080607568353,1.6418282152718576e-05,1.0,17.288156385547804,0.0578430676874232
6.0,17.591,24.65472450594992,0.0405601774117845,1.0940463645667532e-05,1.5,17.010215319648076,0.0587882035123285
7.5,17.591,24.4444580413276,0.0409090681539891,7.696770858818732e-06,1.5,16.85676724551858,0.0593233557440174
9.0,17.591,22.37251572816481,0.0446977001670445,4.959565242257151e-06,1.5,16.76898035050327,0.0596339180497631
10.5,17.591,18.73556083882182,0.0533744363781151,2.961695943550179e-06,1.5,16.807761652560814,0.0594963220368871
12.0,17.591,14.405603117049502,0.0694174337495434,1.9055688350434773e-06,1.5,16.945786448514305,0.0590117197002487
13.5,17.591,10.511557523724704,0.0951333803523396,1.306071432600858e-06,1.5,17.12403660590213,0.0583974458250883
15.0,17.591,8.091979232512251,0.1235791604583169,8.163499088419911e-07,1.5,17.42522747957344,0.0573880599936064
16.5,17.591,8.17023761611113,0.1223954610607739,4.712550436687341e-07,1.5,17.86755414119401,0.0559673692379909
18.0,17.591,13.153964838028903,0.0760227058771618,2.976202434644839e-07,1.5,18.297404433924683,0.054652560345987
19.5,17.591,31.40198706368246,0.0318451185261628,2.0055122282895921e-07,nan,18.70472308303758,0.0534624327535141
nan,nan,nan,nan,1.232725487522057e-07,nan,19.258022473812616,0.0519264115180993
nan,nan,nan,nan,7.02383769627814e-08,nan,19.94383889606312,0.0501407981287593
nan,nan,nan,nan,4.4008317633189307e-08,nan,20.54586195253152,0.0486716012358287
Name:	16.237767391887218_8_210_0.025
Lambda:	16.237767391887218	Maximal Depth:	20	Filter time:	8 to 210 [us]
Chi2:	7.93050051277942	RelRMS:	7.16815244708847	AbsRMS:	6.447414427599355e-07	Phi model:	1.0935816436822932
depth_vector,start_model,resistivity_model,conductivity_model,E/I[V/A],modelled_thickness,rhoa,sigma
0.0,17.591,17.134335418408217,0.0583623452897772,0.0001413308658911,1.0,19.19225552975956,0.0521043500306359
1.0,17.591,17.56797401855806,0.0569217599561362,8.492321384266078e-05,1.0,18.93586384585834,0.0528098431706204
2.0,17.591,18.48831215663009,0.0540882256599821,5.649028242757088e-05,1.0,18.54789582592896,0.0539144714519074
3.0,17.591,19.80348660633821,0.0504961585744171,4.0259272171484286e-05,1.0,18.1483487896067,0.0551014316284622
4.0,17.591,21.30308753144427,0.0469415524169422,2.6613109468832403e-05,1.0,17.70280723993201,0.0564882160465664
5.0,17.591,22.680766118978763,0.0440902214129011,1.6457524095183778e-05,1.0,17.26066376356666,0.0579351995785221
6.0,17.591,23.565238208630408,0.0424353868671594,1.0953125730196242e-05,1.5,16.997103305827945,0.0588335542831654
7.5,17.591,23.14068286933658,0.04321393649645,7.697880733782523e-06,1.5,16.855146942114317,0.0593290585620109
9.0,17.591,21.134062368220206,0.0473169796973687,4.954903077251903e-06,1.5,16.7794975422124,0.0595965402113077
10.5,17.591,17.757787409367968,0.0563133219779654,2.956206846926348e-06,1.5,16.828561031579184,0.0594227871369083
12.0,17.591,13.804939336572978,0.0724378409509364,1.9011580622008e-06,1.5,16.971986319118816,0.0589206225598654
13.5,17.591,10.338928269879371,0.0967218239547441,1.3028251617887983e-06,1.5,17.15247030109079,0.0583006402253561
15.0,17.591,8.35826446998208,0.119642062486944,8.143586194707553e-07,1.5,17.453621640559977,0.0572946990942056
16.5,17.591,8.8185097188313,0.1133978452010514,4.702900785430119e-07,1.5,17.891986828731234,0.0558909421056684
18.0,17.591,13.912187656231843,0.071879421461948,2.971813983062473e-07,1.5,18.31541308105136,0.0545988231646587
19.5,17.591,30.82874977898778,0.0324372544189767,2.0038492232684769e-07,nan,18.715070417596984,0.0534328740254026
nan,nan,nan,nan,1.2328905241173524e-07,nan,19.256303830071776,0.0519310460005487
nan,nan,nan,nan,7.03388685991407e-08,nan,19.92483881286769,0.0501886117821032
nan,nan,nan,nan,4.4123506025946326e-08,nan,20.51008849224188,0.048756493682524
Name:	20.6913808111479_8_210_0.025
Lambda:	20.6913808111479	Maximal Depth:	20	Filter time:	8 to 210 [us]
Chi2:	8.15735194719189	RelRMS:	7.272488039425215	AbsRMS:	8.105189116855114e-07	Phi model:	0.8647982959385752
depth_vector,start_model,resistivity_model,conductivity_model,E/I[V/A],modelled_thickness,rhoa,sigma
0.0,17.591,18.41176194214636,0.0543131071943147,0.0001403893563437,1.0,19.27796741516931,0.051872688570535
1.0,17.591,18.70857937231252,0.0534514128571373,8.497382481547757e-05,1.0,18.92834421533568,0.0528308228455505
2.0,17.591,19.33758088633627,0.0517127765814073,5.6697033139826925e-05,1.0,18.50277735563285,0.0540459402812609
3.0,17.591,20.216189826153187,0.0494653052132664,4.043429194811377e-05,1.0,18.09594086773272,0.0552610116992105
4.0,17.591,21.164213138736987,0.0472495714083361,2.67171553881078e-05,1.0,17.65681675420677,0.0566353501834779
5.0,17.591,21.92604587917452,0.0456078585947777,1.6493922923142573e-05,1.0,17.235260498867785,0.0580205909893669
6.0,17.591,22.23608080443146,0.0449719538616134,1.0958954413716052e-05,1.5,16.991075996025625,0.0588544245363807
7.5,17.591,21.48616763736928,0.0465415711576584,7.691724863502939e-06,1.5,16.864138792868943,0.0592974246881111
9.0,17.591,19.48232128297176,0.0513285858227805,4.944073376767527e-06,1.5,16.803991603861018,0.0595096702958499
10.5,17.591,16.483290521492695,0.0606674983187423,2.946438901436214e-06,1.5,16.865733537335363,0.0592918178024287
12.0,17.591,13.142143877838317,0.0760910859974913,1.893899123978378e-06,1.5,17.015325492827458,0.0587705477877302
13.5,17.591,10.323953126274468,0.0968621212987687,1.2976782483267313e-06,1.5,17.19779433772641,0.0581469914317048
15.0,17.591,8.868319853763865,0.1127609306486147,8.112958490865755e-07,1.5,17.49752083993587,0.0571509535063748
16.5,17.591,9.69942096838864,0.1030989378911481,4.6884178133240374e-07,1.5,17.92881459264498,0.0557761359420959
18.0,17.591,14.837345327848144,0.0673975012311066,2.96534271161698e-07,1.5,18.34204989929476,0.0545195332850146
19.5,17.591,30.0458530860692,0.0332824632116587,2.0014496895906458e-07,nan,18.73002573507593,0.0533902096101923
nan,nan,nan,nan,1.2331789434331532e-07,nan,19.253301234478865,0.0519391447638702
nan,nan,nan,nan,7.048856859651882e-08,nan,19.896618586116645,0.0502597964408773
nan,nan,nan,nan,4.429299816822976e-08,nan,20.457732290965943,0.0488812731429473
Name:	26.366508987303583_8_210_0.025
Lambda:	26.366508987303583	Maximal Depth:	20	Filter time:	8 to 210 [us]
Chi2:	8.38417777593609	RelRMS:	7.37311479937193	AbsRMS:	9.62706397040291e-07	Phi model:	0.6876388821131678
depth_vector,start_model,resistivity_model,conductivity_model,E/I[V/A],modelled_thickness,rhoa,sigma
0.0,17.591,19.753902034909075,0.0506229097538704,0.0001396181827722,1.0,19.348889441284967,0.0516825527911843
1.0,17.591,19.910233256137666,0.0502254286594926,8.504857588250977e-05,1.0,18.91725156418445,0.0528618016526922
2.0,17.591,20.24314489276605,0.0493994389358618,5.689353178461924e-05,1.0,18.46014958350558,0.0541707419799845
3.0,17.591,20.68359927573088,0.0483474847229974,4.059528531596287e-05,1.0,18.04806576002624,0.0554075995342863
4.0,17.591,21.09331319885976,0.0474083891218216,2.681171560440405e-05,1.0,17.615277316887433,0.0567689047416425
5.0,17.591,21.29211829142045,0.0469657356921103,1.652752083788582e-05,1.0,17.211894817308274,0.0580993557428901
6.0,17.591,21.096557125262017,0.0474010993387424,1.0965337052305207e-05,1.5,16.98448197948581,0.0588772740439078
7.5,17.591,20.05631472532847,0.049859608492139,7.687432893088083e-06,1.5,16.870415153463625,0.0592753640561532
9.0,17.591,18.086473104859085,0.0552899392934348,4.935497503599819e-06,1.5,16.823451607516862,0.0594408343382514
10.5,17.591,15.43427710410888,0.0647908543597278,2.9385881630846377e-06,1.5,16.895759197400373,0.0591864495887147
12.0,17.591,12.639903644951511,0.0791145271427293,1.8880925056373324e-06,1.5,17.0501934623846,0.0586503609009573
13.5,17.591,10.396065088310356,0.0961902403943613,1.293609821789094e-06,1.5,17.233833715173695,0.0580253944959176
15.0,17.591,9.417243841028885,0.1061881816889159,8.089404271865463e-07,1.5,17.531469832546925,0.0570402829626706
16.5,17.591,10.58283948915408,0.094492598231775,4.678010123679662e-07,1.5,17.955396894471345,0.0556935614332151
18.0,17.591,15.7068756388504,0.0636663855366967,2.961335837094795e-07,1.5,18.358591472127685,0.0544704097543766
19.5,17.591,29.341164119441903,0.0340818106578595,2.0006042427780201e-07,nan,18.735302182764908,0.0533751732555414
nan,nan,nan,nan,1.2343132915365772e-07,nan,19.24150342352852,0.0519709909350014
nan,nan,nan,nan,7.067748649059855e-08,nan,19.861147566112408,0.0503495579332095
nan,nan,nan,nan,4.44817378147405e-08,nan,20.399822070323665,0.0490200353979917
Name:	33.59818286283781_8_210_0.025
Lambda:	33.59818286283781	Maximal Depth:	20	Filter time:	8 to 210 [us]
Chi2:	8.592696034031082	RelRMS:	7.463030407582087	AbsRMS:	1.0885241903195537e-06	Phi model:	0.5601321797940034
depth_vector,start_model,resistivity_model,conductivity_model,E/I[V/A],modelled_thickness,rhoa,sigma
0.0,17.591,21.00980673102512,0.0475968205135034,0.0001390167031387,1.0,19.404660134012754,0.0515340126079913
1.0,17.591,21.033380192144698,0.0475434756974282,8.512204706013276e-05,1.0,18.90636466461599,0.0528922411970366
2.0,17.591,21.09764036485968,0.0473986655714164,5.705827555228984e-05,1.0,18.42459926336802,0.0542752645908674
3.0,17.591,21.15460873642824,0.0472710231826694,4.072748843390454e-05,1.0,18.008988085919068,0.0555278283948604
4.0,17.591,21.11164729442508,0.0473672180125929,2.688821586554197e-05,1.0,17.5818497084842,0.0568768369984101
5.0,17.591,20.841779775001022,0.0479805472850962,1.6554191594590465e-05,1.0,17.193402920158576,0.0581618429256688
6.0,17.591,20.22995265347568,0.049431653011219,1.097009462693613e-05,1.5,16.97957100499143,0.0588943030248545
7.5,17.591,18.95202348652464,0.052764814306558,7.68372479298906e-06,1.5,16.875842396046355,0.0592563011985865
9.0,17.591,16.996317419510994,0.0588362746657135,4.928497479066991e-06,1.5,16.839377585621172,0.0593846176864566
10.5,17.591,14.609223337884886,0.0684499084497382,2.932303024913787e-06,1.5,16.91989364749441,0.0591020263385689
12.0,17.591,12.255400935298388,0.081596677683532,1.8835167742424688e-06,1.5,17.0777962785969,0.0585555644116255
13.5,17.591,10.505538934155688,0.0951878819608951,1.2904600220166463e-06,1.5,17.261865613783332,0.0579311658643382
15.0,17.591,9.963446609092744,0.1003668749614605,8.071779069906392e-07,1.5,17.55698121411948,0.0569573998971868
16.5,17.591,11.42255002441184,0.0875461256779649,4.670857161611746e-07,1.5,17.97372351133407,0.0556367743928746
18.0,17.591,16.464633271405066,0.0607362449874148,2.959162158691063e-07,1.5,18.3675806809533,0.0544437515952753
19.5,17.591,28.73822481810656,0.0347968604995374,2.000809887452219e-07,nan,18.73401840891588,0.0533788308611931
nan,nan,nan,nan,1.235917151917163e-07,nan,19.22485324407544,0.0520160017506595
nan,nan,nan,nan,7.087922209388438e-08,nan,19.82344395788673,0.050445321313714
nan,nan,nan,nan,4.467040365236585e-08,nan,20.34234234465964,0.0491585473814683
Name:	42.81332398719393_8_210_0.025
Lambda:	42.81332398719393	Maximal Depth:	20	Filter time:	8 to 210 [us]
Chi2:	8.767892971097023	RelRMS:	7.539892024444267	AbsRMS:	1.1826541433190514e-06	Phi model:	0.4744698814634245
depth_vector,start_model,resistivity_model,conductivity_model,E/I[V/A],modelled_thickness,rhoa,sigma
0.0,17.591,22.06328491451564,0.0453241665452133,0.0001385776351408,1.0,19.44562620810456,0.0514254459742324
1.0,17.591,21.98129154502421,0.0454932321857295,8.51770071686375e-05,1.0,18.89823095447224,0.0529150057700692
2.0,17.591,21.83093808821529,0.0458065519658001,5.717472345574109e-05,1.0,18.3995738118006,0.0543490849423179
3.0,17.591,21.58548703945484,0.0463274235217467,4.081669504929137e-05,1.0,17.982738914634954,0.0556088816473983
4.0,17.591,21.18051742741693,0.0472131997448541,2.693526223477462e-05,1.0,17.561370898554827,0.0569431626822648
5.0,17.591,20.54527151784399,0.0486729999713792,1.6565436292479468e-05,1.0,17.185621396530948,0.0581881781825973
6.0,17.591,19.615023013073863,0.0509813319787326,1.096672888271355e-05,1.5,16.983044904444224,0.058882256134076
7.5,17.591,18.14942743553291,0.0550981568731034,7.675519196157093e-06,1.5,16.8878677886228,0.0592141063938036
9.0,17.591,16.19710617966888,0.0617394236295883,4.919401386397351e-06,1.5,16.860128806138864,0.0593115278950831
10.5,17.591,14.007494652222272,0.0713903538661248,2.925118029989817e-06,1.5,16.947589312951006,0.0590054421035456
12.0,17.591,11.99380653867294,0.083376365691375,1.8784368119008508e-06,1.5,17.108572047686053,0.0584502316857736
13.5,17.591,10.642915297234198,0.0939592181345155,1.2869522960320323e-06,1.5,17.293217421793805,0.0578261393244121
15.0,17.591,10.46479394563634,0.0955584988290175,8.051410875190999e-07,1.5,17.586578793225797,0.0568615426432565
16.5,17.591,12.156838117176807,0.0822582311585663,4.661472977388227e-07,1.5,17.99783780479053,0.0555622297992833
18.0,17.591,17.09334866067685,0.0585022876354528,2.955097306919177e-07,1.5,18.384420371595425,0.0543938824171489
19.5,17.591,28.28101598139812,0.0353594086102759,1.999403490953296e-07,nan,18.74280248548333,0.0533538141254233
nan,nan,nan,nan,1.2362348808381644e-07,nan,19.221559073119,0.0520249161993566
nan,nan,nan,nan,7.098584202411944e-08,nan,19.803589260113043,0.0504958968228111
nan,nan,nan,nan,4.4787246781815693e-08,nan,20.306946887395952,0.0492442318160922
Name:	54.5559478116852_8_210_0.025
Lambda:	54.5559478116852	Maximal Depth:	20	Filter time:	8 to 210 [us]
Chi2:	8.953104787809462	RelRMS:	7.620364872656229	AbsRMS:	1.217309940183999e-06	Phi model:	0.4022586568860337
depth_vector,start_model,resistivity_model,conductivity_model,E/I[V/A],modelled_thickness,rhoa,sigma
0.0,17.591,23.14792330222713,0.0432004196205275,0.0001384024778564,1.0,19.46202921431998,0.0513821035303045
1.0,17.591,22.94777825787856,0.0435772033685515,8.532779362581404e-05,1.0,18.87596046787139,0.0529774366555858
2.0,17.591,22.567956713444307,0.0443106131714739,5.732550800234652e-05,1.0,18.367295114654507,0.0544445980618094
3.0,17.591,22.00406469923939,0.0454461488669666,4.091667388656972e-05,1.0,17.95343339950666,0.0556996524145336
4.0,17.591,21.240012322711312,0.0470809519696337,2.6981268303813443e-05,1.0,17.54140249161598,0.0570079844230218
5.0,17.591,20.24148310383075,0.0494034945399207,1.657245006594168e-05,1.0,17.180772201688857,0.0582046015313386
6.0,17.591,19.00245237325331,0.052624786546369,1.0959403445446442e-05,1.5,16.990611884124252,0.058856032191188
7.5,17.591,17.3801192648013,0.057537004479896,7.664150652312504e-06,1.5,16.904563966349897,0.0591556222325871
9.0,17.591,15.471866841227266,0.0646334414755522,4.908154997075826e-06,1.5,16.885874153511136,0.0592210975226335
10.5,17.591,13.513242138605085,0.0740014860788416,2.916683089264523e-06,1.5,16.980248122834492,0.0588919545089115
12.0,17.591,11.845389038815709,0.0844210347775947,1.8726189217707627e-06,1.5,17.14398922818149,0.0583294813529273
13.5,17.591,10.860886652863822,0.0920735140658445,1.2829972370868282e-06,1.5,17.328738725657146,0.0577076044501373
15.0,17.591,11.00242155076074,0.0908890824975577,8.028821826864727e-07,1.5,17.61954984310665,0.0567551389737254
16.5,17.591,12.899489708408444,0.077522446438184,4.651275774437374e-07,1.5,18.02413318690508,0.0554811701417364
18.0,17.591,17.72185654738542,0.056427496595865,2.950799269679661e-07,1.5,18.402268135614435,0.0543411275518082
19.5,17.591,27.7985022581376,0.0359731610974567,1.998014009364613e-07,nan,18.751491033641745,0.0533290925082126
nan,nan,nan,nan,1.2367023561853284e-07,nan,19.21671491578059,0.0520380306614638
nan,nan,nan,nan,7.111052416272043e-08,nan,19.78043398172301,0.0505550080915309
nan,nan,nan,nan,4.4920459286929624e-08,nan,20.2667799182204,0.0493418295375562
Name:	69.51927961775606_8_210_0.025
Lambda:	69.51927961775606	Maximal Depth:	20	Filter time:	8 to 210 [us]
Chi2:	9.126475221831615	RelRMS:	7.693970732002	AbsRMS:	1.2031348516257287e-06	Phi model:	0.3493691109960816
depth_vector,start_model,resistivity_model,conductivity_model,E/I[V/A],modelled_thickness,rhoa,sigma
0.0,17.591,24.01254791714029,0.0416448934719748,0.0001384521407956,1.0,19.457374901476623,0.0513943944166954
1.0,17.591,23.71826149932652,0.0421616061543294,8.552213680927266e-05,1.0,18.84735341040784,0.0530578473393395
2.0,17.591,23.153212029976007,0.0431905516480961,5.7473769808791016e-05,1.0,18.335694142512857,0.0545384315547353
3.0,17.591,22.33770745160533,0.0447673514467185,4.100511451811824e-05,1.0,17.92760923381718,0.0557798860382164
4.0,17.591,21.28622277893973,0.0469787434992639,2.701621675561217e-05,1.0,17.526271404127222,0.0570572015542628
5.0,17.591,20.012857321111284,0.0499678773477845,1.6573128515152007e-05,1.0,17.1803033157308,0.0582061900551179
6.0,17.591,18.54109493452317,0.0539342473317484,1.0948893225504355e-05,1.5,17.00148339453158,0.0588183970065602
7.5,17.591,16.797538501577698,0.0595325320972519,7.651300314731936e-06,1.5,16.9234861176196,0.0590894803263298
9.0,17.591,14.92868466974852,0.0669851378150145,4.896594189515941e-06,1.5,16.912441953905883,0.0591280669418086
10.5,17.591,13.1557792938996,0.0760122207632127,2.9084756038522683e-06,1.5,17.012177718402402,0.0587814221408162
12.0,17.591,11.770657796468196,0.0849570191650675,1.8671464328639511e-06,1.5,17.177471522727394,0.0582157856397495
13.5,17.591,11.094462949520802,0.0901350524626514,1.2793792988796724e-06,1.5,17.361392473886966,0.0575990665209652
15.0,17.591,11.507636515321469,0.0868988170306372,8.008986914472579e-07,1.5,17.648628688013126,0.0566616261057832
16.5,17.591,13.563282036421256,0.0737284675873226,4.642995625601192e-07,1.5,18.045555876571456,0.0554153059534342
18.0,17.591,18.239412391184207,0.0548263276553436,2.947830404507137e-07,1.5,18.414621783089125,0.0543046722207642
19.5,17.591,27.33763464378682,0.0365796095028022,1.9975644106002e-07,nan,18.754304570277995,0.0533210920326424
nan,nan,nan,nan,1.2377642640753425e-07,nan,19.20572235403069,0.0520678150796098
nan,nan,nan,nan,7.12690021018707e-08,nan,19.75109981358317,0.0506300919664373
nan,nan,nan,nan,4.5074321870659e-08,nan,20.220632788209613,0.0494544364894004
Name:	88.58667904100822_8_210_0.025
Lambda:	88.58667904100822	Maximal Depth:	20	Filter time:	8 to 210 [us]
Chi2:	9.290790650673378	RelRMS:	7.762359452750031	AbsRMS:	1.147291374119092e-06	Phi model:	0.3101090664145692
depth_vector,start_model,resistivity_model,conductivity_model,E/I[V/A],modelled_thickness,rhoa,sigma
0.0,17.591,24.61706231144055,0.0406222313348599,0.0001386960684281,1.0,19.43455481848724,0.0514547417905731
1.0,17.591,24.256133713069502,0.0412266856634776,8.574713331133202e-05,1.0,18.814369254082,0.0531508649849124
2.0,17.591,23.55934094893064,0.0424460090869133,5.761282880166466e-05,1.0,18.30617791580715,0.0546263673716681
3.0,17.591,22.56418751467333,0.0443180149672886,4.107778513082864e-05,1.0,17.906459200552813,0.0558457698867193
4.0,17.591,21.30826437131829,0.0469301479732923,2.703738436213629e-05,1.0,17.51712264829599,0.0570870011061592
5.0,17.591,19.83519352039956,0.0504154395555328,1.656564358269488e-05,1.0,17.18547803079237,0.0581886636035513
6.0,17.591,18.20194465951259,0.0549391847248247,1.0933869985659764e-05,1.5,17.017053295387047,0.0587645806028637
7.5,17.591,16.381161215602752,0.0610457333786275,7.635974091678799e-06,1.5,16.94612338976512,0.059010546365074
9.0,17.591,14.54976127666021,0.0687296499911744,4.88404272997709e-06,1.5,16.94140498382977,0.0590269815847316
10.5,17.591,12.92639610117982,0.0773610828704783,2.900077955971793e-06,1.5,17.045002909558963,0.0586682211382429
12.0,17.591,11.762590345684236,0.0850152875014393,1.861748318124456e-06,1.5,17.210659399356032,0.0581035262389433
13.5,17.591,11.329960623347752,0.088261560056907,1.275913415470828e-06,1.5,17.392818510677014,0.0574949942348978
15.0,17.591,11.958529849766046,0.0836223191782695,7.990767510513006e-07,1.5,17.67544508811005,0.0565756616037172
16.5,17.591,14.128300141078263,0.070779923275588,4.635995992052801e-07,1.5,18.063715298987024,0.0553595970401547
18.0,17.591,18.64586365966706,0.0536311976882628,2.945803267083091e-07,1.5,18.423068757899365,0.0542797735350808
19.5,17.591,26.89642452289972,0.037179663012405,1.9978035185812064e-07,nan,18.75280812903973,0.0533253469623808
nan,nan,nan,nan,1.2392747193353977e-07,nan,19.190113611285856,0.0521101656955221
nan,nan,nan,nan,7.145358481922672e-08,nan,19.71707042120412,0.0507174736731974
nan,nan,nan,nan,4.524436145613936e-08,nan,20.16993821645583,0.0495787339191818
Name:	112.88378916846884_8_210_0.025
Lambda:	112.88378916846884	Maximal Depth:	20	Filter time:	8 to 210 [us]
Chi2:	9.464175074585748	RelRMS:	7.833903549118578	AbsRMS:	1.044791602161646e-06	Phi model:	0.2776446100004851
depth_vector,start_model,resistivity_model,conductivity_model,E/I[V/A],modelled_thickness,rhoa,sigma
0.0,17.591,24.9983775438716,0.0400025960982876,0.0001391663597881,1.0,19.39074605707093,0.0515709914954687
1.0,17.591,24.593246825588047,0.0406615688888849,8.603379764936593e-05,1.0,18.77255306528144,0.0532692594620724
2.0,17.591,23.8101399791695,0.0419989131048729,5.776336885411201e-05,1.0,18.27435831066561,0.0547214836767407
3.0,17.591,22.68899678837249,0.04407422722685,4.114693774901469e-05,1.0,17.886390868044035,0.0559084282221858
4.0,17.591,21.288844522596023,0.0469729580174536,2.705002227810886e-05,1.0,17.511666160713354,0.0571047889345592
5.0,17.591,19.6766071337669,0.0508217698916144,1.6550864086226313e-05,1.0,17.19570730236973,0.0581540487062251
6.0,17.591,17.933237889106053,0.0557623785611784,1.0913656637415086e-05,1.5,17.038058508941486,0.0586921332307436
7.5,17.591,16.068314722517215,0.0622342801512754,7.617041268678523e-06,1.5,16.974192485378328,0.0589129645408113
9.0,17.591,14.281167266836986,0.0700222874864122,4.869341344407196e-06,1.5,16.97548720701291,0.0589084712447534
10.5,17.591,12.791003035461552,0.0781799517385476,2.8905775810734752e-06,1.5,17.082330015457543,0.0585400234684094
12.0,17.591,11.817676360023222,0.0846190037309529,1.8557572966636848e-06,1.5,17.247680774468698,0.0579788096194518
13.5,17.591,11.59197131128716,0.0862666041129945,1.2721137666173852e-06,1.5,17.427434779269113,0.0573807914168501
15.0,17.591,12.39147848532885,0.0807006202838483,7.971031505750956e-07,1.5,17.704608931592034,0.0564824675802696
16.5,17.591,14.62488968177654,0.0683765841492847,4.6284967063374826e-07,1.5,18.083221763109744,0.0552998803587105
18.0,17.591,18.95276219276112,0.0527627577357533,2.943649872699448e-07,1.5,18.43205245707754,0.0542533178184407
19.5,17.591,26.45782914996809,0.0377959958215697,1.998061360586724e-07,nan,18.75119477663269,0.05332993507412
nan,nan,nan,nan,1.240871025710652e-07,nan,19.1736521247936,0.0521549047354881
nan,nan,nan,nan,7.164757232574807e-08,nan,19.68146471707407,0.0508092265680043
nan,nan,nan,nan,4.542246063859754e-08,nan,20.117180160034422,0.0497087560008354
Name:	143.8449888287663_8_210_0.025
Lambda:	143.8449888287663	Maximal Depth:	20	Filter time:	8 to 210 [us]
Chi2:	9.658523579791272	RelRMS:	7.912887027106799	AbsRMS:	9.05027116420744e-07	Phi model:	0.249152333948848
depth_vector,start_model,resistivity_model,conductivity_model,E/I[V/A],modelled_thickness,rhoa,sigma
0.0,17.591,25.178643478749784,0.0397161984061602,0.0001398461149161,1.0,19.32785950301877,0.0517387866899494
1.0,17.591,24.74358553116832,0.0404145146523064,8.637621820807622e-05,1.0,18.722906971386607,0.0534105094645962
2.0,17.591,23.90069425826293,0.0418397888025483,5.792280380231424e-05,1.0,18.240808949120304,0.0548221300266525
3.0,17.591,22.70019033781253,0.0440524940592354,4.121109573620885e-05,1.0,17.86782219898762,0.0559665296007176
4.0,17.591,21.211061142652763,0.0471452132109093,2.705328130465693e-05,1.0,17.51025974768718,0.0571093755552132
5.0,17.591,19.520043739821187,0.0512293934034576,1.6528280711550137e-05,1.0,17.211367278437976,0.0581011365234636
6.0,17.591,17.718986535350354,0.0564366363733583,1.0887934570884004e-05,1.5,17.064882188224257,0.0585998771611829
7.5,17.591,15.845026540023058,0.0631112858961828,7.594309404276963e-06,1.5,17.008047905439412,0.0587956951650039
9.0,17.591,14.117574336414473,0.0708336982097999,4.852408709008067e-06,1.5,17.014955278765164,0.0587718265265151
10.5,17.591,12.747670445560706,0.0784457053757805,2.87997056079766e-06,1.5,17.12424747622781,0.0583967267109528
12.0,17.591,11.933781008965925,0.0837957391080575,1.849202806766443e-06,1.5,17.288412946523415,0.0578422092931956
13.5,17.591,11.871692842855348,0.0842339852653636,1.2680225089073911e-06,1.5,17.464900907196128,0.0572576967549793
15.0,17.591,12.797213591701697,0.07814201058959,7.950237252917762e-07,1.5,17.735467030652405,0.0563841932254554
16.5,17.591,15.052637551206788,0.0664335400754951,4.620911325600882e-07,1.5,18.103005829069904,0.0552394452856107
18.0,17.591,19.17588877447364,0.0521488214580786,2.941718032900417e-07,1.5,18.44012118334684,0.0542295785400311
19.5,17.591,26.00904423928081,0.0384481640617045,1.9986258966304626e-07,nan,18.74766360929772,0.0533399798950979
nan,nan,nan,nan,1.2427732426202245e-07,nan,19.154082045751714,0.0522081923639768
nan,nan,nan,nan,7.186647864271124e-08,nan,19.641477718581587,0.0509126662630868
nan,nan,nan,nan,4.5619938123312024e-08,nan,20.05908331375524,0.0498527267850901
Name:	183.29807108324357_8_210_0.025
Lambda:	183.2980710832436	Maximal Depth:	20	Filter time:	8 to 210 [us]
Chi2:	9.891646110526866	RelRMS:	8.006132022519266	AbsRMS:	7.429792662216713e-07	Phi model:	0.2223743267811072
depth_vector,start_model,resistivity_model,conductivity_model,E/I[V/A],modelled_thickness,rhoa,sigma
0.0,17.591,25.17115517525332,0.0397280137934685,0.0001407301401484,1.0,19.246833248905546,0.0519565991489464
1.0,17.591,24.721372794715933,0.0404508280468043,8.677636965621773e-05,1.0,18.665304744962363,0.0535753374329392
2.0,17.591,23.849213446622844,0.0419301039943354,5.809320976410272e-05,1.0,18.20512073682524,0.0549295999985984
3.0,17.591,22.61009412564065,0.0442280334811151,4.1271368623364457e-05,1.0,17.850421798232233,0.0560210851767677
4.0,17.591,21.08126353095029,0.0474354868972563,2.704731518239703e-05,1.0,17.51283460609138,0.0571009789387365
5.0,17.591,19.35876811904792,0.0516561794557607,1.6497459385468215e-05,1.0,17.23279733061633,0.0580288841570351
6.0,17.591,17.54393131115589,0.0569997671710055,1.0856143754112767e-05,1.5,17.098180820619532,0.0584857541566089
7.5,17.591,15.695507828494277,0.0637124972907572,7.567255335002729e-06,1.5,17.048561331974263,0.0586559757464413
9.0,17.591,14.04124342530919,0.071218763873683,4.832834838732353e-06,1.5,17.06086678815846,0.0586136690718478
10.5,17.591,12.78556037196048,0.0782132320295527,2.867987682041962e-06,1.5,17.171912756459918,0.058234630828986
12.0,17.591,12.107497305846431,0.0825934522006561,1.8419118118378457e-06,1.5,17.33400568966818,0.0576900699066946
13.5,17.591,12.175089936810512,0.0821349168827551,1.2635273180427068e-06,1.5,17.506299081239593,0.0571222961152101
15.0,17.591,13.187013507431985,0.0758321813681631,7.927775266686532e-07,1.5,17.768951492455002,0.0562779407904071
16.5,17.591,15.427188135064664,0.0648206264968718,4.6129831402199973e-07,1.5,18.12374192709295,0.055176243626881
18.0,17.591,19.327909865776025,0.0517386518741326,2.93991092667544e-07,1.5,18.447676932638355,0.0542073673369008
19.5,17.591,25.5400962176614,0.0391541203086182,1.9994761337826055e-07,nan,18.74234852042614,0.0533551064270393
nan,nan,nan,nan,1.2450065043970294e-07,nan,19.13116978100855,0.0522707190123155
nan,nan,nan,nan,7.211452774324498e-08,nan,19.596411919855846,0.0510297499404348
nan,nan,nan,nan,4.584100681994629e-08,nan,19.99454128676381,0.0500136505088011
Name:	233.57214690901213_8_210_0.025
Lambda:	233.57214690901213	Maximal Depth:	20	Filter time:	8 to 210 [us]
Chi2:	10.18249034394044	RelRMS:	8.12050242406501	AbsRMS:	5.969748782065769e-07	Phi model:	0.1961945055514595
depth_vector,start_model,resistivity_model,conductivity_model,E/I[V/A],modelled_thickness,rhoa,sigma
0.0,17.591,24.995725899041343,0.0400068397308818,0.00014181283279,1.0,19.14874616522605,0.0522227404014572
1.0,17.591,24.54390770165421,0.040743308366198,8.723394365825219e-05,1.0,18.59997664093401,0.0537635083798569
2.0,17.591,23.66825727373729,0.0422506815112922,5.827491336629078e-05,1.0,18.16725816144981,0.0550440793604155
3.0,17.591,22.427310760933405,0.0445884934961493,4.132784171921977e-05,1.0,17.834156761382275,0.0560721773044734
4.0,17.591,20.90151237510223,0.0478434278847302,2.7031905325674493e-05,1.0,17.51948957262994,0.0570792885177581
5.0,17.591,19.19113622551562,0.052107388965873,1.645800436186969e-05,1.0,17.26032796902284,0.0579363266905879
6.0,17.591,17.4024889659491,0.0574630446229081,1.0817888222578231e-05,1.5,17.138466876998212,0.0583482762593026
7.5,17.591,15.610213118519956,0.0640606244391116,7.535538739983686e-06,1.5,17.096365364838686,0.0584919647340161
9.0,17.591,14.043658305675814,0.0712065174354067,4.810366516162566e-06,1.5,17.11395092981994,0.0584318608894434
10.5,17.591,12.898753641677246,0.0775268702527113,2.854467331264501e-06,1.5,17.226093883908927,0.0580514658017805
12.0,17.591,12.337741956394993,0.0810521085247428,1.833781340243525e-06,1.5,17.38520397927486,0.0575201764208296
13.5,17.591,12.505582064503624,0.079964290733691,1.2585612606183065e-06,1.5,17.552319997406613,0.0569725255776872
15.0,17.591,13.56881715280356,0.0736983915943905,7.903277645468334e-07,1.5,17.805651242584563,0.0561619446756526
16.5,17.591,15.759691868126502,0.0634530172523531,4.604550800249572e-07,1.5,18.145861919967736,0.0551089832166968
18.0,17.591,19.42019886750574,0.0514927785664038,2.9381617851897325e-07,1.5,18.4549976995354,0.0541858642456062
19.5,17.591,25.04717679610377,0.0399246592995485,2.0005911066395464e-07,nan,18.7353841949441,0.0533749396113189
nan,nan,nan,nan,1.2475788371498346e-07,nan,19.10486354156264,0.0523426926250742
nan,nan,nan,nan,7.23937386515594e-08,nan,19.54599268699995,0.0511613820803842
nan,nan,nan,nan,4.60878238681786e-08,nan,19.92309206157671,0.0501930120540164
Name:	297.63514416313194_8_210_0.025
Lambda:	297.63514416313194	Maximal Depth:	20	Filter time:	8 to 210 [us]
Chi2:	10.549827764684093	RelRMS:	8.2623048270496	AbsRMS:	5.556474259584218e-07	Phi model:	0.1702823528400499
depth_vector,start_model,resistivity_model,conductivity_model,E/I[V/A],modelled_thickness,rhoa,sigma
0.0,17.591,24.67546950793225,0.0405260779203628,0.0001430783648101,1.0,19.03566493303208,0.0525329692195163
1.0,17.591,24.23391947650475,0.0412644764694179,8.774387772788328e-05,1.0,18.52784266181688,0.0539728244811173
2.0,17.591,23.37796293213949,0.0427753266143314,5.846613381962867e-05,1.0,18.127624416416072,0.0551644262385763
3.0,17.591,22.16608081461121,0.0451139742908827,4.1379785874722575e-05,1.0,17.81922879409438,0.0561191514826622
4.0,17.591,20.679681083044,0.0483566451525181,2.700681516459516e-05,1.0,17.530338655943858,0.0570439635894277
5.0,17.591,19.018632438114423,0.0525800161107242,1.640981684995872e-05,1.0,17.29410148127292,0.0578231833022871
6.0,17.591,17.29155024115642,0.057831714684543,1.0773095058372373e-05,1.5,17.185940399219643,0.0581870981029008
7.5,17.591,15.58318720005459,0.0641717247673503,7.4990962889305775e-06,1.5,17.151708027244233,0.058303231282364
9.0,17.591,14.117505657584164,0.0708340428015187,4.784948933114895e-06,1.5,17.174503447961698,0.0582258464141321
10.5,17.591,13.081501275034569,0.076443825442914,2.8393655926287144e-06,1.5,17.28712017019496,0.0578465348857884
12.0,17.591,12.622147842281038,0.0792258189727623,1.824776706937364e-06,1.5,17.442350301772628,0.0573317232310356
13.5,17.591,12.865241075841734,0.0777288193905509,1.2530968010772734e-06,1.5,17.603310667070275,0.0568074959825969
15.0,17.591,13.949447038976787,0.0716874294160803,7.87654487535266e-07,1.5,17.84591640473328,0.0560352283021324
16.5,17.591,16.060823333721405,0.0622633086250562,4.5954834043231113e-07,1.5,18.16972326954724,0.0550366114643042
18.0,17.591,19.464306222357315,0.0513760926578193,2.936381759033849e-07,1.5,18.46245519047353,0.0541639770920603
19.5,17.591,24.532654401898967,0.0407619976060395,2.0019086938347855e-07,nan,18.72716263750772,0.0533983721590129
nan,nan,nan,nan,1.2504515186669704e-07,nan,19.075592395546465,0.0524230115251082
nan,nan,nan,nan,7.27019723650502e-08,nan,19.49070762919333,0.0513065004629278
nan,nan,nan,nan,4.635913835889512e-08,nan,19.845283456510447,0.0503898068370467
Name:	379.26901907322497_8_210_0.025
Lambda:	379.26901907322497	Maximal Depth:	20	Filter time:	8 to 210 [us]
Chi2:	11.009277392173306	RelRMS:	8.435954525577818	AbsRMS:	6.970324154286687e-07	Phi model:	0.1448722866653765
depth_vector,start_model,resistivity_model,conductivity_model,E/I[V/A],modelled_thickness,rhoa,sigma
0.0,17.591,24.240542521785567,0.0412532021138254,0.000144499598403,1.0,18.9106418858214,0.0528802779957336
1.0,17.591,23.818598736827028,0.0419839979273782,8.829656921059383e-05,1.0,18.450445213615392,0.054199234133497
2.0,17.591,23.001132386763548,0.0434761203572511,5.8663500834216544e-05,1.0,18.08694262675496,0.055288504012876
3.0,17.591,21.84406831056421,0.0457790181656033,4.142619629864996e-05,1.0,17.8059175316611,0.0561611047687869
4.0,17.591,20.42744300962917,0.0489537530237443,2.6972253211358177e-05,1.0,17.5453109169678,0.0569952852207888
5.0,17.591,18.84766292703332,0.0530569760225122,1.635343361978187e-05,1.0,17.333829645279152,0.0576906558137513
6.0,17.591,17.210559280243846,0.0581038642450108,1.072226098101814e-05,1.5,17.24021642449229,0.0580039122118763
7.5,17.591,15.607965485021458,0.0640698495239288,7.458325395106198e-06,1.5,17.214157693589573,0.0580917183285937
9.0,17.591,14.254975812466284,0.070150943302582,4.756851043555825e-06,1.5,17.242068239056383,0.0579976825364152
10.5,17.591,13.32694477623762,0.0750359528601808,2.822835522801744e-06,1.5,17.354541535021127,0.0576218045277669
12.0,17.591,12.957169305722294,0.0771773507318738,1.814984867651586e-06,1.5,17.505028321850986,0.0571264428490944
13.5,17.591,13.254686480428978,0.0754450134657304,1.247183733893625e-06,1.5,17.658906581924256,0.0566286477229346
15.0,17.591,14.33268585110038,0.0697705936199826,7.847793688215964e-07,1.5,17.889476715477155,0.0558987842911495
16.5,17.591,16.337895165552517,0.0612073948245451,4.585830902039735e-07,1.5,18.1952107374391,0.054959517338393
18.0,17.591,19.471003090491443,0.0513584223346122,2.93455872991653e-07,1.5,18.470100657841428,0.0541415565905675
19.5,17.591,24.003519526375527,0.0416605572737439,2.0033943621278817e-07,nan,18.717903088767365,0.0534247877691011
nan,nan,nan,nan,1.2535828957410426e-07,nan,19.043812676385794,0.0525104934076564
nan,nan,nan,nan,7.303552185841887e-08,nan,19.431320325248443,0.0514633068294711
nan,nan,nan,nan,4.6651956495134015e-08,nan,19.76215503957936,0.0506017687846904
Name:	483.2930238571752_8_210_0.025
Lambda:	483.2930238571752	Maximal Depth:	20	Filter time:	8 to 210 [us]
Chi2:	11.574219600374072	RelRMS:	8.64435606721147	AbsRMS:	9.77741483220106e-07	Phi model:	0.1203680238869232
depth_vector,start_model,resistivity_model,conductivity_model,E/I[V/A],modelled_thickness,rhoa,sigma
0.0,17.591,23.71668956074024,0.0421644006191894,0.0001460517688328,1.0,18.77642108934279,0.0532582857639246
1.0,17.591,23.322805392300715,0.042876488620452,8.888310534727807e-05,1.0,18.36918650106384,0.0544389921645188
2.0,17.591,22.55936453560937,0.0443274897403039,5.886395294692916e-05,1.0,18.04585775767952,0.0554143789354897
3.0,17.591,21.47840496950929,0.0465583920882206,4.14662975939504e-05,1.0,17.794435829858486,0.0561973422232376
4.0,17.591,20.15549562060578,0.0496142599925778,2.692861668814696e-05,1.0,17.564260021079086,0.0569337961747257
5.0,17.591,18.682587460873275,0.0535257764533038,1.6289548544843483e-05,1.0,17.37912046216838,0.0575403112129203
6.0,17.591,17.159752788969705,0.058275897811465,1.0666007931358304e-05,1.5,17.300780431438415,0.0578008607162502
7.5,17.591,15.681700087993756,0.0637685961591384,7.413720865359391e-06,1.5,17.283134440499612,0.0578598750963076
9.0,17.591,14.450975461921209,0.0691994808679201,4.726409556605248e-06,1.5,17.31602323142446,0.0577499802717542
10.5,17.591,13.630124455083372,0.0733669016226076,2.805072031041824e-06,1.5,17.42773105190079,0.0573798159394325
12.0,17.591,13.339178556130449,0.0749671350294968,1.804519459583899e-06,1.5,17.572643974861485,0.0569066329136667
13.5,17.591,13.672226924837538,0.0731409744365314,1.2408895680511791e-06,1.5,17.71857041122754,0.0564379617989011
15.0,17.591,14.721284296102375,0.0679288559262972,7.817344080982288e-07,1.5,17.93590122262369,0.0557540983075127
16.5,17.591,16.598069564488885,0.0602479701699451,4.575695608626295e-07,1.5,18.222069427637862,0.0548785089405528
18.0,17.591,19.44930388454679,0.0514157219166356,2.932708788031808e-07,1.5,18.47786708905092,0.0541188003561596
19.5,17.591,23.4667883500028,0.0426134153973345,2.005029304863909e-07,nan,18.70772639288377,0.0534538499761462
nan,nan,nan,nan,1.2569381521451742e-07,nan,19.00990735616528,0.0526041490505044
nan,nan,nan,nan,7.339085957868039e-08,nan,19.36854897669518,0.0516300937774548
nan,nan,nan,nan,4.696327707923477e-08,nan,19.674722425582768,0.0508266382807878
Name:	615.8482110660261_8_210_0.025
Lambda:	615.8482110660261	Maximal Depth:	20	Filter time:	8 to 210 [us]
Chi2:	12.253524492118746	RelRMS:	8.88802916990546	AbsRMS:	1.3335780487698109e-06	Phi model:	0.0972776709483844
depth_vector,start_model,resistivity_model,conductivity_model,E/I[V/A],modelled_thickness,rhoa,sigma
0.0,17.591,23.12833666368277,0.0432370046554298,0.0001477134712205,1.0,18.63533886736133,0.0536614873020334
1.0,17.591,22.768896643832857,0.0439195634133135,8.949707778366352e-05,1.0,18.28507866104435,0.0546894010431828
2.0,17.591,22.07100941156259,0.0453083038184977,5.9066470584298376e-05,1.0,18.004585656188084,0.0555414059004632
3.0,17.591,21.08294722159439,0.0474316986846953,4.1501012822824245e-05,1.0,17.784511187469114,0.0562287031371767
4.0,17.591,19.87392575595156,0.0503171850534127,2.687760544158141e-05,1.0,17.58647657421987,0.0568618731432484
5.0,17.591,18.52889166606588,0.0539697688357375,1.6219765357064744e-05,1.0,17.42893221675813,0.0573758614448272
6.0,17.591,17.140124754590936,0.0583426325255977,1.060560548134526e-05,1.5,17.36640736702259,0.0575824336528532
7.5,17.591,15.801929572184726,0.0632834107652425,7.366249780562149e-06,1.5,17.357307908409506,0.0576126208785814
9.0,17.591,14.700749927029682,0.0680237406230099,4.694273007164955e-06,1.5,17.394962572795453,0.0574879075373195
10.5,17.591,13.985091132956606,0.071504718166866,2.786457484923663e-06,1.5,17.50526059807397,0.0571256848418483
12.0,17.591,13.763117691653685,0.0726579560244861,1.7936136360420914e-06,1.5,17.643804029421215,0.0566771201002057
13.5,17.591,14.115517369485373,0.0708440203659682,1.2343623478387e-06,1.5,17.78097851608596,0.0562398744869596
15.0,17.591,15.1153579255557,0.066157877631815,7.786003847566752e-07,1.5,17.98399940069787,0.0556049840593964
16.5,17.591,16.844951600853324,0.0593649672433218,4.5654474175888644e-07,1.5,18.249328304511742,0.0547965373472278
18.0,17.591,19.40675304937933,0.0515284549381114,2.9310080106350385e-07,1.5,18.485014505007104,0.0540978747800888
19.5,17.591,22.929445957750843,0.0436120437381074,2.006896611244615e-07,nan,18.69612025562,0.0534870329420031
nan,nan,nan,nan,1.2605401065273294e-07,nan,18.97367660604919,0.052704598099937
nan,nan,nan,nan,7.376737774971563e-08,nan,19.30258640885836,0.0518065288670889
nan,nan,nan,nan,4.729172343198756e-08,nan,19.58352120999597,0.0510633399007718
Name:	784.7599703514607_8_210_0.025
Lambda:	784.7599703514607	Maximal Depth:	20	Filter time:	8 to 210 [us]
Chi2:	13.050938696293596	RelRMS:	9.16521136651544	AbsRMS:	1.7339448089175346e-06	Phi model:	0.0760975680470062
depth_vector,start_model,resistivity_model,conductivity_model,E/I[V/A],modelled_thickness,rhoa,sigma
0.0,17.591,22.49618206243823,0.0444519873294275,0.0001494693187245,1.0,18.48910946793361,0.0540858931975247
1.0,17.591,22.17562202833698,0.0450945636935079,9.013584804565512e-05,1.0,18.19858844380714,0.0549493167059499
2.0,17.591,21.552912945155843,0.0463974406867706,5.927262030481155e-05,1.0,17.962814878788944,0.0556705620331717
3.0,17.591,20.67065603960914,0.048377758213566,4.153314174568638e-05,1.0,17.775338257787915,0.0562577198530593
4.0,17.591,19.591207749766387,0.051043305383351,2.682217076630889e-05,1.0,17.61069944870429,0.0567836617116065
5.0,17.591,18.39068791523316,0.0543753449903139,1.6146454860425178e-05,1.0,17.481647967637098,0.0572028450550686
6.0,17.591,17.151924353230008,0.0583024959419018,1.0542823009397076e-05,1.5,17.43528371437255,0.0573549599984807
7.5,17.591,15.965546952734783,0.0626348726392181,7.317221304577451e-06,1.5,17.434755780284014,0.0573566967385252
9.0,17.591,14.99910213991128,0.0666706573948242,4.661301324238247e-06,1.5,17.476894936165756,0.0572184019903131
10.5,17.591,14.386215645901965,0.0695109836119312,2.76749353808846e-06,1.5,17.58513813510263,0.0568662010111735
12.0,17.591,14.223466078124485,0.0703063511036868,1.7825733141966356e-06,1.5,17.716579999041365,0.0564443024587199
13.5,17.591,14.580183569695384,0.0685862420880955,1.2277976243357702e-06,1.5,17.84430243483504,0.0560402965401345
15.0,17.591,15.5133698429851,0.0644605272820324,7.754859033465877e-07,1.5,18.03211839882413,0.0554566012646195
16.5,17.591,17.080718650691086,0.0585455460306138,4.555603936528279e-07,1.5,18.27560689685671,0.0547177451147733
18.0,17.591,19.34892211705493,0.0516824655115314,2.9297186940017776e-07,1.5,18.49043738945809,0.0540820089291196
19.5,17.591,22.39812962807497,0.0446465850767533,2.0091331905469055e-07,nan,18.682242590094287,0.0535267645293408
nan,nan,nan,nan,1.26444122068009e-07,nan,18.93463085192555,0.0528132820660882
nan,nan,nan,nan,7.416591452151647e-08,nan,19.233374950799544,0.0519929550876056
nan,nan,nan,nan,4.7636689046146793e-08,nan,19.48886277880208,0.0513113572274568
Name:	1000.0_8_210_0.025
Lambda:	1000	Maximal Depth:	20	Filter time:	8 to 210 [us]
Chi2:	13.931472415822723	RelRMS:	9.461688088723916	AbsRMS:	2.139693821242734e-06	Phi model:	0.057860653081037
depth_vector,start_model,resistivity_model,conductivity_model,E/I[V/A],modelled_thickness,rhoa,sigma
0.0,17.591,21.87202590182962,0.0457205018176367,0.000151205030199,1.0,18.34734402234723,0.0545038016827934
1.0,17.591,21.591503802572785,0.0463145137616974,9.075523393786884e-05,1.0,18.11569287988872,0.0552007591777048
2.0,17.591,21.046294883330944,0.0475143014741287,5.946520838740483e-05,1.0,17.924010181796877,0.0557910863616654
3.0,17.591,20.27361391749723,0.0493251969811334,4.155656370128069e-05,1.0,17.768658650288224,0.0562788682973421
4.0,17.591,19.32809284392587,0.0517381620667382,2.676224833046512e-05,1.0,17.63697732543135,0.056699057981895
5.0,17.591,18.276513698409893,0.0547150302569468,1.6071516355937804e-05,1.0,17.535948281482852,0.0570257156298729
6.0,17.591,17.19168387591786,0.0581676586899554,1.0479585339735656e-05,1.5,17.50535396732462,0.0571253801475019
7.5,17.591,16.158667918691474,0.0618862894535541,7.268203556286266e-06,1.5,17.513056168001132,0.05710025654044
9.0,17.591,15.325478168341697,0.065250818866176,4.6285487113333015e-06,1.5,17.559244867308525,0.0569500572238035
10.5,17.591,14.8104506290643,0.0675198901806256,2.748757214534196e-06,1.5,17.664957882844533,0.0566092490359775
12.0,17.591,14.69869054821979,0.0680332711760581,1.7717043076595676e-06,1.5,17.788964264248268,0.0562146275154293
13.5,17.591,15.048943533292164,0.0664498473123871,1.2213515084027503e-06,1.5,17.907033759339466,0.0558439780389896
15.0,17.591,15.904705274931,0.0628744753652367,7.7243729885343e-07,1.5,18.07953256006534,0.0553111645269431
16.5,17.591,17.304223805720945,0.0577893589003044,4.546020646562376e-07,1.5,18.301281947181167,0.054640981046359
18.0,17.591,19.28715639253496,0.0518479748723895,2.928503984445605e-07,1.5,18.495550115654044,0.0540670590356559
19.5,17.591,21.89830525321994,0.0456656343235949,2.0113588547349442e-07,nan,18.66845818743908,0.0535662875830228
nan,nan,nan,nan,1.2682842091343077e-07,nan,18.89636268655887,0.0529202374333822
nan,nan,nan,nan,7.455755970572257e-08,nan,19.16596154209891,0.0521758325458106
nan,nan,nan,nan,4.797546710713007e-08,nan,19.39700758020267,0.0515543439298667
Name:	10_8_210_0.025
Lambda:	10	Maximal Depth:	20	Filter time:	8 to 210 [us]
Chi2:	7.595491311981186	RelRMS:	7.009837684998178	AbsRMS:	4.749471331743664e-07	Phi model:	1.5811734695143809
depth_vector,start_model,resistivity_model,conductivity_model,E/I[V/A],modelled_thickness,rhoa,sigma
0.0,17.591,15.37670199285874,0.0650334512865256,0.0001431228543122,1.0,19.031719925359425,0.0525438585646438
1.0,17.591,15.9914787150537,0.0625333040063795,8.488147426733522e-05,1.0,18.942071012262183,0.0527925378039522
2.0,17.591,17.336368635197942,0.0576822067552085,5.612738064315149e-05,1.0,18.627759779364048,0.0536833205841427
3.0,17.591,19.321774635342702,0.0517550804143443,3.993375635190289e-05,1.0,18.246838192709124,0.0548040153279579
4.0,17.591,21.683027520924696,0.046119020927081,2.640845187112583e-05,1.0,17.794150484124756,0.0561982433998274
5.0,17.591,24.023491031693503,0.0416259235046533,1.6376841916690268e-05,1.0,17.317308260763763,0.0577456949395376
6.0,17.591,25.87406826466741,0.0386487347011277,1.0931681247162592e-05,1.5,17.019324653045036,0.0587567380249182
7.5,17.591,26.07836070737005,0.0383459685683919,7.701351740754647e-06,1.5,16.85008214050004,0.0593468917042516
9.0,17.591,24.09535133549566,0.0415017812388926,4.969812212838902e-06,1.5,16.74592242352113,0.0597160296524132
10.5,17.591,20.196858116812106,0.0495126516320668,2.9713915815141773e-06,1.5,16.77117930378568,0.059626099148214
12.0,17.591,15.3028708196904,0.0653472156814711,1.9129038872554035e-06,1.5,16.90243950635989,0.0591630574760364
13.5,17.591,10.757454596862042,0.0929587934576736,1.311325762393965e-06,1.5,17.078263321928386,0.05855396307867
15.0,17.591,7.785034533585532,0.1284515817734507,8.195123429241826e-07,1.5,17.38037020448774,0.0575361737543307
16.5,17.591,7.440835260527063,0.1343935143013992,4.727751440469975e-07,1.5,17.82923423132365,0.0560876584504751
18.0,17.591,12.234647197796276,0.0817350908312355,2.98316886326151e-07,1.5,18.26890739367756,0.0547378109949846
19.5,17.591,32.25014796253545,0.0310076096755179,2.008257004776201e-07,nan,18.68767613272334,0.0535112013338531
nan,nan,nan,nan,1.232650473010667e-07,nan,19.258803780179534,0.0519243049264131
nan,nan,nan,nan,7.010050118008442e-08,nan,19.96998109428152,0.0500751600754571
nan,nan,nan,nan,4.3845962179395016e-08,nan,20.596549668201803,0.0485518213540329
Name:	58.06735210785115_8_210_0.025
Lambda:	58.06735210785115	Maximal Depth:	20	Filter time:	8 to 210 [us]
Chi2:	8.999199953720208	RelRMS:	7.640056138496123	AbsRMS:	1.2179518470335583e-06	Phi model:	0.3869091626134451
depth_vector,start_model,resistivity_model,conductivity_model,E/I[V/A],modelled_thickness,rhoa,sigma
0.0,17.591,23.394348438389184,0.0427453665843088,0.0001383953906828,1.0,19.46269363722905,0.0513803494336034
1.0,17.591,23.16811158214828,0.0431627755440598,8.537470906131597e-05,1.0,18.86904464121542,0.0529968537896037
2.0,17.591,22.736696954102083,0.0439817622594289,5.73645615050097e-05,1.0,18.35895792755568,0.0544693224934657
3.0,17.591,22.101103684644308,0.0452466091408273,4.09409451638483e-05,1.0,17.94633706722036,0.0557216771452786
4.0,17.591,21.253901306957754,0.047050185542766,2.6991540489661944e-05,1.0,17.53695171496083,0.0570224527189007
5.0,17.591,20.174715263595747,0.0495669944747348,1.657333624543512e-05,1.0,17.180159756756538,0.058206676431325
6.0,17.591,18.868782099983108,0.0529975911906309,1.0957061360409933e-05,1.5,16.99303297368655,0.0588476466531009
7.5,17.591,17.211965933566876,0.0580991156884521,7.661021900635622e-06,1.5,16.909166188189978,0.0591395216576935
9.0,17.591,15.314019709043382,0.0652996417008311,4.905232391870922e-06,1.5,16.89258071233147,0.0591975860307718
10.5,17.591,13.408521510778096,0.0745794380980912,2.91456389325911e-06,1.5,16.988478082436572,0.0588634246780377
12.0,17.591,11.819520337309244,0.0846058022205369,1.871188863902556e-06,1.5,17.152722989331156,0.0582997813596121
13.5,17.591,10.920464957927155,0.0915711926051372,1.2820432763104698e-06,1.5,17.337333800896715,0.0576789955989818
15.0,17.591,11.136832431556543,0.0897921384869247,8.023528713624197e-07,1.5,17.627298056702795,0.0567301918185781
16.5,17.591,13.079992730942536,0.0764526418760433,4.6490186221480493e-07,1.5,18.029966664960547,0.0554632195711931
18.0,17.591,17.86772583164624,0.0559668314491853,2.94995282175181e-07,1.5,18.40578815053316,0.0543307350829762
19.5,17.591,27.67619156867243,0.0361321389729045,1.9978440942356133e-07,nan,18.75255421865716,0.0533260689898492
nan,nan,nan,nan,1.236945286930165e-07,nan,19.214198779867832,0.0520448451406558
nan,nan,nan,nan,7.114990752991991e-08,nan,19.77313397710217,0.0505736723959908
nan,nan,nan,nan,4.495940236958484e-08,nan,20.25507506410591,0.0493703428318616
Name:	172.21381097981777_8_210_0.025
Lambda:	172.21381097981777	Maximal Depth:	20	Filter time:	8 to 210 [us]
Chi2:	9.827500072911576	RelRMS:	7.980599771634332	AbsRMS:	7.847478291555318e-07	Phi model:	0.2291142005274895
depth_vector,start_model,resistivity_model,conductivity_model,E/I[V/A],modelled_thickness,rhoa,sigma
0.0,17.591,25.18906335316804,0.0396997691410478,0.0001404869529301,1.0,19.26903808432853,0.0518967265321509
1.0,17.591,24.741743659600488,0.0404175232658661,8.666943036518036e-05,1.0,18.68065536468676,0.0535313124982951
2.0,17.591,23.874554886359192,0.0418855976482038,5.80489924792574e-05,1.0,18.21436440972945,0.0549017235795412
3.0,17.591,22.64177652250512,0.0441661456646759,4.125655042647747e-05,1.0,17.854695789963717,0.0560076750544307
4.0,17.591,21.118935900391453,0.0473508705512697,2.7049840883619664e-05,1.0,17.511744448695442,0.0571045336419637
5.0,17.591,19.400232670602133,0.0515457735471047,1.6506197689756533e-05,1.0,17.226714818689235,0.0580493733439588
6.0,17.591,17.585175646730274,0.0568660797076506,1.0864902263458492e-05,1.5,17.08899069628856,0.058517206649143
7.5,17.591,15.727548977073903,0.063582698197774,7.57462405490154e-06,1.5,17.037502789701612,0.0586940476162066
9.0,17.591,14.053365903891038,0.0711573303391413,4.838119793340428e-06,1.5,17.048440152200918,0.0586563926712616
10.5,17.591,12.768883971453212,0.0783153799686529,2.8712019446852903e-06,1.5,17.15909458432645,0.0582781332130091
12.0,17.591,12.057890502288,0.082933246060764,1.843859880246596e-06,1.5,17.32179442998715,0.0577307393897262
13.5,17.591,12.095115749334292,0.0826780016598881,1.2647252695691672e-06,1.5,17.495242656391905,0.0571583955501554
15.0,17.591,13.088316033096914,0.0764040230592891,7.933745956061842e-07,1.5,17.76003546867848,0.056306193856628
16.5,17.591,15.33567935511159,0.0652074144773173,4.615085871097517e-07,1.5,18.11823646849888,0.0551930096363761
18.0,17.591,19.294869655165616,0.0518272482723033,2.94038979976122e-07,1.5,18.44567394745961,0.0542132536251256
19.5,17.591,25.661647225618665,0.0389686597749529,1.9992516746176825e-07,nan,18.74375131636086,0.0533511132922004
nan,nan,nan,nan,1.2444168687420605e-07,nan,19.13721251983191,0.0522542140849248
nan,nan,nan,nan,7.204909204766825e-08,nan,19.60827522755653,0.0509988761578911
nan,nan,nan,nan,4.57827239511484e-08,nan,20.01150681456399,0.0499712495049208
Name:	1000_8_210_0.025
Lambda:	1000	Maximal Depth:	20	Filter time:	8 to 210 [us]
Chi2:	13.931472415822723	RelRMS:	9.461688088723916	AbsRMS:	2.139693821242734e-06	Phi model:	0.057860653081037
depth_vector,start_model,resistivity_model,conductivity_model,E/I[V/A],modelled_thickness,rhoa,sigma
0.0,17.591,21.87202590182962,0.0457205018176367,0.000151205030199,1.0,18.34734402234723,0.0545038016827934
1.0,17.591,21.591503802572785,0.0463145137616974,9.075523393786884e-05,1.0,18.11569287988872,0.0552007591777048
2.0,17.591,21.046294883330944,0.0475143014741287,5.946520838740483e-05,1.0,17.924010181796877,0.0557910863616654
3.0,17.591,20.27361391749723,0.0493251969811334,4.155656370128069e-05,1.0,17.768658650288224,0.0562788682973421
4.0,17.591,19.32809284392587,0.0517381620667382,2.676224833046512e-05,1.0,17.63697732543135,0.056699057981895
5.0,17.591,18.276513698409893,0.0547150302569468,1.6071516355937804e-05,1.0,17.535948281482852,0.0570257156298729
6.0,17.591,17.19168387591786,0.0581676586899554,1.0479585339735656e-05,1.5,17.50535396732462,0.0571253801475019
7.5,17.591,16.158667918691474,0.0618862894535541,7.268203556286266e-06,1.5,17.513056168001132,0.05710025654044
9.0,17.591,15.325478168341697,0.065250818866176,4.6285487113333015e-06,1.5,17.559244867308525,0.0569500572238035
10.5,17.591,14.8104506290643,0.0675198901806256,2.748757214534196e-06,1.5,17.664957882844533,0.0566092490359775
12.0,17.591,14.69869054821979,0.0680332711760581,1.7717043076595676e-06,1.5,17.788964264248268,0.0562146275154293
13.5,17.591,15.048943533292164,0.0664498473123871,1.2213515084027503e-06,1.5,17.907033759339466,0.0558439780389896
15.0,17.591,15.904705274931,0.0628744753652367,7.7243729885343e-07,1.5,18.07953256006534,0.0553111645269431
16.5,17.591,17.304223805720945,0.0577893589003044,4.546020646562376e-07,1.5,18.301281947181167,0.054640981046359
18.0,17.591,19.28715639253496,0.0518479748723895,2.928503984445605e-07,1.5,18.495550115654044,0.0540670590356559
19.5,17.591,21.89830525321994,0.0456656343235949,2.0113588547349442e-07,nan,18.66845818743908,0.0535662875830228
nan,nan,nan,nan,1.2682842091343077e-07,nan,18.89636268655887,0.0529202374333822
nan,nan,nan,nan,7.455755970572257e-08,nan,19.16596154209891,0.0521758325458106
nan,nan,nan,nan,4.797546710713007e-08,nan,19.39700758020267,0.0515543439298667
Name:	29.657596692192385_8_210_0.025
Lambda:	29.657596692192385	Maximal Depth:	20	Filter time:	8 to 210 [us]
Chi2:	8.488609523560667	RelRMS:	7.417999448736393	AbsRMS:	1.028120639620563e-06	Phi model:	0.6199872032565046
depth_vector,start_model,resistivity_model,conductivity_model,E/I[V/A],modelled_thickness,rhoa,sigma
0.0,17.591,20.38054553584811,0.0490664000255077,0.0001393030362876,1.0,19.37806055772017,0.0516047515189337
1.0,17.591,20.469670992702945,0.0488527636988636,8.508496983578116e-05,1.0,18.911856779331945,0.0528768809783321
2.0,17.591,20.6677557845678,0.0483845469446992,5.697875530286208e-05,1.0,18.441737676220548,0.054224825098203
3.0,17.591,20.915079815510417,0.0478123922462112,4.066448186945128e-05,1.0,18.02758566952592,0.0554705448822475
4.0,17.591,21.09505129275104,0.0474044829814485,2.685245204000581e-05,1.0,17.597457338632665,0.0568263914926303
5.0,17.591,21.054403459242906,0.0474960025315273,1.6542437908115922e-05,1.0,17.201546094907727,0.0581343092349144
6.0,17.591,20.64580435193037,0.0484359913013755,1.096872954615144e-05,1.5,16.980979737289424,0.0588894171873986
7.5,17.591,19.48205843701724,0.0513292783323107,7.68626082871259e-06,1.5,16.872130136474258,0.0592693389578708
9.0,17.591,17.519139235190277,0.0570804299557893,4.9324148285355285e-06,1.5,16.830460457610787,0.0594160808920588
10.5,17.591,15.003656939029316,0.0666504175657789,2.9356863182621104e-06,1.5,16.90689135806081,0.0591474789079556
12.0,17.591,12.435680451979389,0.08041377420894,1.885959102981172e-06,1.5,17.06304919310325,0.058606172242895
13.5,17.591,10.443469233321634,0.0957536214890481,1.292142504380184e-06,1.5,17.246878055927276,0.0579815081174257
15.0,17.591,9.68469034606157,0.1032557535932644,8.081291811207021e-07,1.5,17.543200595228306,0.0570021413465452
16.5,17.591,10.999694550257972,0.0909116153572234,4.674867003516728e-07,1.5,17.963444132006583,0.055668611912692
18.0,17.591,16.08848687132865,0.0621562492481566,2.960542784563016e-07,1.5,18.36186985238264,0.0544606844531271
19.5,17.591,29.03082036126173,0.0344461502484574,2.0009186107353346e-07,nan,18.73333977313909,0.0533807645678778
nan,nan,nan,nan,1.2352568154217414e-07,nan,19.23170404156019,0.0519974723944885
nan,nan,nan,nan,7.07872559976422e-08,nan,19.8406098559134,0.0504016765241696
nan,nan,nan,nan,4.458210545557238e-08,nan,20.369193173933795,0.0490937462009878
Name:	87.95730415567415_8_210_0.025
Lambda:	87.95730415567415	Maximal Depth:	20	Filter time:	8 to 210 [us]
Chi2:	9.285752781626051	RelRMS:	7.760267164523171	AbsRMS:	1.1497687442958016e-06	Phi model:	0.3111777770023107
depth_vector,start_model,resistivity_model,conductivity_model,E/I[V/A],modelled_thickness,rhoa,sigma
0.0,17.591,24.602797495667563,0.0406457842924608,0.0001386849638096,1.0,19.435592231779804,0.0514519952916518
1.0,17.591,24.24338432807964,0.0412483664189475,8.57392095702728e-05,1.0,18.815528411755224,0.053147590549476
2.0,17.591,23.549601579619665,0.0424635634118507,5.760832135714692e-05,1.0,18.30713278949388,0.0546235181389999
3.0,17.591,22.55871475016813,0.0443287665576137,4.107554729487585e-05,1.0,17.907109568910247,0.0558437416240624
4.0,17.591,21.30788790673889,0.0469309771281337,2.7036811784265585e-05,1.0,17.51736996250019,0.0570861951389233
5.0,17.591,19.8397487902761,0.0504038640091109,1.6565943917395484e-05,1.0,17.185270319074856,0.0581893669074292
6.0,17.591,18.21071393519543,0.0549127290428368,1.0934380368103224e-05,1.5,17.01652375629312,0.0587664093043783
7.5,17.591,16.392110364233087,0.061004957737593,7.636477808980493e-06,1.5,16.945378181515377,0.0590131414765847
9.0,17.591,14.559676318974544,0.0686828455586457,4.884447032754983e-06,1.5,16.940470104672016,0.0590302390560111
10.5,17.591,12.932106426655098,0.0773269231637966,2.900345128325685e-06,1.5,17.043956132188864,0.0586718243255402
12.0,17.591,11.762006548834004,0.0850195071604625,1.8619190394543864e-06,1.5,17.209607340878467,0.0581070782262807
13.5,17.591,11.322371422367365,0.0883207203417208,1.2760227174053284e-06,1.5,17.391825270339876,0.0574982777515253
15.0,17.591,11.94501585581434,0.0837169252909146,7.991341777672892e-07,1.5,17.674598292539958,0.0565783721614808
16.5,17.591,14.112158635489587,0.0708608814448256,4.636218182886312e-07,1.5,18.06313815847299,0.0553613658505359
18.0,17.591,18.63513652936181,0.0536620699518023,2.945869866133192e-07,1.5,18.42279108926313,0.0542805916407966
19.5,17.591,26.90954121946561,0.0371615402820999,1.997799191809838e-07,nan,18.752835205195783,0.0533252699689342
nan,nan,nan,nan,1.239230406246155e-07,nan,19.19057108238772,0.052108923476371
nan,nan,nan,nan,7.144805934659403e-08,nan,19.71808696132963,0.050714859000326
nan,nan,nan,nan,4.523924645345754e-08,nan,20.171458538626,0.0495749971716282
Name:	44.923733528203634_8_210_0.025
Lambda:	44.923733528203634	Maximal Depth:	20	Filter time:	8 to 210 [us]
Chi2:	8.805230516262759	RelRMS:	7.556339757921343	AbsRMS:	1.1938655657830977e-06	Phi model:	0.4584718212654994
depth_vector,start_model,resistivity_model,conductivity_model,E/I[V/A],modelled_thickness,rhoa,sigma
0.0,17.591,22.29735563491524,0.0448483675092892,0.0001385230263205,1.0,19.45073646775792,0.0514119350523116
1.0,17.591,22.186433118007187,0.0450725898426804,8.520199973945592e-05,1.0,18.894535122051348,0.0529253561170142
2.0,17.591,21.983935165571705,0.0454877615162396,5.720381482374261e-05,1.0,18.393335135192523,0.0543675191394012
3.0,17.591,21.66791438290236,0.0461511884498249,4.083672078596965e-05,1.0,17.976859450817642,0.0556270689402601
4.0,17.591,21.19291156090385,0.0471855883098561,2.6944798673002657e-05,1.0,17.55722704847649,0.0569566023859544
5.0,17.591,20.479495624789035,0.0488293275538274,1.6567051084238963e-05,1.0,17.184504655818316,0.0581919595605812
6.0,17.591,19.47962095426453,0.0513357011590658,1.0965346421743866e-05,1.5,16.984472304455725,0.0588773075827418
7.5,17.591,17.98213027001023,0.0556107638519199,7.673254516333579e-06,1.5,16.891190475435845,0.0592024583142472
9.0,17.591,16.040151697908968,0.0623435500382681,4.917112994219791e-06,1.5,16.86535946280756,0.0592931328979531
10.5,17.591,13.898919946953356,0.0719480365248955,2.9233758797905567e-06,1.5,16.954321783800665,0.0589820113568606
12.0,17.591,11.958930496436114,0.0836195176732576,1.8772209003051845e-06,1.5,17.115958948213343,0.0584250057519789
13.5,17.591,10.683988142959285,0.0935980072814847,1.28611601549772e-06,1.5,17.300713072314466,0.0578010857598843
15.0,17.591,10.572443902856737,0.0945855101420584,8.046541491025695e-07,1.5,17.59367311845821,0.0568386142715622
16.5,17.591,12.307969479113972,0.0812481702767423,4.659188312844289e-07,1.5,18.00372089849314,0.0555440736744423
18.0,17.591,17.224618177076252,0.0580564393195589,2.954062679118012e-07,1.5,18.38871274774444,0.0543811855521349
19.5,17.591,28.185211610895266,0.0354795987983088,1.9989970326005242e-07,nan,18.7453430630347,0.0533465830226373
nan,nan,nan,nan,1.23624203127223e-07,nan,19.221484954610485,0.0520251168086854
nan,nan,nan,nan,7.100543412155237e-08,nan,19.79994623663564,0.0505051876428689
nan,nan,nan,nan,4.48103457747977e-08,nan,20.29996769059956,0.0492611621477149
Name:	68.04805713216612_8_210_0.025
Lambda:	68.04805713216612	Maximal Depth:	20	Filter time:	8 to 210 [us]
Chi2:	9.111476027930626	RelRMS:	7.687654983195277	AbsRMS:	1.20642479897897e-06	Phi model:	0.3534451361084323
depth_vector,start_model,resistivity_model,conductivity_model,E/I[V/A],modelled_thickness,rhoa,sigma
0.0,17.591,23.94065783892469,0.0417699466208534,0.0001384383502246,1.0,19.458667047545248,0.0513909815896743
1.0,17.591,23.65616630029866,0.0422722763826434,8.550275675067201e-05,1.0,18.85020126413339,0.0530498314573817
2.0,17.591,23.10955745513079,0.0432721397604253,5.746044941901195e-05,1.0,18.33852773396332,0.0545300045078308
3.0,17.591,22.315433575969983,0.0448120354281098,4.0997568462568177e-05,1.0,17.929809016072948,0.0557730424849234
4.0,17.591,21.28536635196049,0.0469806337116624,2.701348579490303e-05,1.0,17.527452610494823,0.0570533563674412
5.0,17.591,20.03001713688424,0.0499250696175667,1.657330580226159e-05,1.0,17.180180795344366,0.0582066051523153
6.0,17.591,18.57728029583493,0.0538291926522851,1.0949957991667176e-05,1.5,17.000381235196453,0.0588222102884179
7.5,17.591,16.844050364329913,0.0593681435504174,7.652511361470062e-06,1.5,16.921700588459657,0.059095715278285
9.0,17.591,14.969346954428596,0.0668031813975796,4.897645647899095e-06,1.5,16.910021285351164,0.0591365311211217
10.5,17.591,13.182775211517615,0.075856561608235,2.9092057864853224e-06,1.5,17.009331004138858,0.0587912599123781
12.0,17.591,11.774014958726289,0.0849327951005236,1.8676267342694549e-06,1.5,17.174526352713293,0.0582257687614201
13.5,17.591,11.073163136304354,0.0903084319891766,1.279693414992331e-06,1.5,17.35855131616439,0.0576084940376789
15.0,17.591,11.46395789139325,0.087229908681954,8.010682784357298e-07,1.5,17.64613777807605,0.0566696244003275
16.5,17.591,13.50815572442521,0.0740293508899825,4.64368312591614e-07,1.5,18.043774728409577,0.0554207761431159
18.0,17.591,18.198966921311023,0.0549481739443681,2.948060623105486e-07,1.5,18.41366308647765,0.054307499561799
19.5,17.591,27.37750401745593,0.0365263392660776,1.997580859200972e-07,nan,18.75420161825295,0.0533213847411519
nan,nan,nan,nan,1.2376554488996056e-07,nan,19.2068480542043,0.0520647634207271
nan,nan,nan,nan,7.125414061898076e-08,nan,19.75384604397029,0.0506230532410797
nan,nan,nan,nan,4.5060203056964094e-08,nan,20.224856418240822,0.0494441087402775
Name:	52.645293348998436_8_210_0.025
Lambda:	52.64529334899844	Maximal Depth:	20	Filter time:	8 to 210 [us]
Chi2:	8.926660180527003	RelRMS:	7.609059533736809	AbsRMS:	1.2155382252477613e-06	Phi model:	0.411514904110262
depth_vector,start_model,resistivity_model,conductivity_model,E/I[V/A],modelled_thickness,rhoa,sigma
0.0,17.591,23.004312822236216,0.0434701096149844,0.0001384129181133,1.0,19.46105054295027,0.0513846874706488
1.0,17.591,22.81895303909645,0.0438232200349712,8.530217121833181e-05,1.0,18.879740155497657,0.0529668306747752
2.0,17.591,22.46862899814172,0.0445064983752549,5.730296719230803e-05,1.0,18.37211146294328,0.0544303251162507
3.0,17.591,21.94617506715614,0.0455660267422437,4.090227025530775e-05,1.0,17.957647989684542,0.0556865799226286
4.0,17.591,21.230300571862053,0.047102489039904,2.6974867551502272e-05,1.0,17.544177265392786,0.0569989680834207
5.0,17.591,20.279500980276584,0.0493108780621662,1.6571575275551873e-05,1.0,17.18137682906768,0.0582025532615166
6.0,17.591,19.0807627099932,0.0524088064611939,1.0960500126635674e-05,1.5,16.989478505477962,0.0588599585135922
7.5,17.591,17.4800207910557,0.0572081699417478,7.66577759346366e-06,1.5,16.902172062562542,0.0591639936156459
9.0,17.591,15.567133564806808,0.0642379019770689,4.909731950160734e-06,1.5,16.882258252512624,0.0592337817040068
10.5,17.591,13.57819795920695,0.0736474753869626,2.9178468360320952e-06,1.5,16.97573291607167,0.0589076185955574
12.0,17.591,11.86353930727654,0.084291877330962,1.8734104414044944e-06,1.5,17.139159975072115,0.0583459166875413
13.5,17.591,10.82769119793205,0.0923557923586689,1.283527511802577e-06,1.5,17.323965616780818,0.0577235040821919
15.0,17.591,10.924322842975636,0.0915388545701029,8.031774128331305e-07,1.5,17.61523187555079,0.0567690511862042
16.5,17.591,12.794513298814048,0.0781585025272272,4.652536681696408e-07,1.5,18.02087649941026,0.0554911965593197
18.0,17.591,17.63763996734639,0.0566969278118478,2.9512709266103214e-07,1.5,18.40030744619727,0.0543469180025395
19.5,17.591,27.868598419089203,0.0358826800315522,1.998106304656304e-07,nan,18.750913591005336,0.0533307348010868
nan,nan,nan,nan,1.2365628823125444e-07,nan,19.21815987762216,0.0520341180616574
nan,nan,nan,nan,7.108811593730686e-08,nan,19.78459052401283,0.0505443869958433
nan,nan,nan,nan,4.48983285023243e-08,nan,20.273439155026207,0.0493256221775316
Name:	61.69404664601405_8_210_0.025
Lambda:	61.69404664601405	Maximal Depth:	20	Filter time:	8 to 210 [us]
Chi2:	9.042749931694608	RelRMS:	7.658582864880449	AbsRMS:	1.215873179056082e-06	Phi model:	0.3732897160403889
depth_vector,start_model,resistivity_model,conductivity_model,E/I[V/A],modelled_thickness,rhoa,sigma
0.0,17.591,23.61633516566032,0.0423435724885063,0.0001384010567258,1.0,19.462162440843663,0.0513817517986275
1.0,17.591,23.366661379165063,0.0427960153901854,8.542171249467773e-05,1.0,18.86212219169097,0.0530163037773402
2.0,17.591,22.8883236363831,0.0436903993445115,5.740146936729543e-05,1.0,18.35108748414887,0.0544926833825935
3.0,17.591,22.18870718487968,0.0450679704620845,4.096324843411631e-05,1.0,17.939822311484946,0.0557419121905018
4.0,17.591,21.26643704846001,0.047022451279511,2.700053633122855e-05,1.0,17.533056276273935,0.0570351217861097
5.0,17.591,20.11579825625534,0.0497121708649585,1.657367981452375e-05,1.0,17.179922328404697,0.0582074808537774
6.0,17.591,18.749754115613168,0.0533340327469834,1.0954535152859996e-05,1.5,16.995645363766165,0.0588386012179301
7.5,17.591,17.062318091175563,0.058608683454166,7.657866762807764e-06,1.5,16.913810396006635,0.0591232830797311
9.0,17.591,15.173475118253776,0.0659044808263464,4.902366030662831e-06,1.5,16.8991646788645,0.0591745224691894
10.5,17.591,13.316061485675446,0.0750972801586816,2.9125170316398187e-06,1.5,16.99643660346296,0.05883586208866
12.0,17.591,11.798756611236747,0.0847546934774154,1.869819275651636e-06,1.5,17.161097881039765,0.0582713301288746
13.5,17.591,10.978373376717592,0.0910881754232145,1.2811353125673694e-06,1.5,17.345524354761057,0.0576517595863578
15.0,17.591,11.263823123921016,0.0887798031803515,8.01853159486497e-07,1.5,17.63462080685738,0.0567066346905027
16.5,17.591,13.248460630010376,0.0754804673483953,4.646917459027506e-07,1.5,18.035401242036688,0.0554465069326659
18.0,17.591,18.000884764706285,0.055552824934509,2.949187395049098e-07,1.5,18.408972682521192,0.054321336515941
19.5,17.591,27.560458835872407,0.0362838661705591,1.9977145449744466e-07,nan,18.753364929507995,0.0533237636956833
nan,nan,nan,nan,1.2371994614684686e-07,nan,19.21156706876337,0.052051974543291
nan,nan,nan,nan,7.118886030964254e-08,nan,19.76592040663884,0.0505921292521307
nan,nan,nan,nan,4.499745002219954e-08,nan,20.243655651000907,0.049398192561656
Name:	64.0478410570261_8_210_0.025
Lambda:	64.0478410570261	Maximal Depth:	20	Filter time:	8 to 210 [us]
Chi2:	9.068783423959124	RelRMS:	7.669628759644585	AbsRMS:	1.2133091828870044e-06	Phi model:	0.3655421635446426
depth_vector,start_model,resistivity_model,conductivity_model,E/I[V/A],modelled_thickness,rhoa,sigma
0.0,17.591,23.742387630955434,0.0421187630976168,0.0001384105634141,1.0,19.461271262095963,0.0513841046934927
1.0,17.591,23.47948593945916,0.042590370273798,8.545140812696483e-05,1.0,18.857752026986688,0.0530285899702644
2.0,17.591,22.97460067953324,0.0435263277890545,5.742382034393771e-05,1.0,18.346325333322262,0.0545068280340428
3.0,17.591,22.23885288523233,0.044966348091814,4.097650581092842e-05,1.0,17.935952649977512,0.0557539384450401
4.0,17.591,21.274638570833297,0.0470043237947628,2.700572997165232e-05,1.0,17.530808276586317,0.0570424354783215
5.0,17.591,20.08361423021616,0.0497918347035107,1.6573741236347687e-05,1.0,17.179879882835678,0.0582076246644247
6.0,17.591,18.682997427789942,0.0535246019202761,1.0952931417827912e-05,1.5,16.997304331928124,0.0588328584622431
7.5,17.591,16.977387619837398,0.0589018771552073,7.65592102331356e-06,1.5,16.916676019005635,0.0591132678119811
9.0,17.591,15.093007685105814,0.066255846472988,4.900621471895863e-06,1.5,16.903175032403347,0.0591604830502554
10.5,17.591,13.262423654319432,0.0754009995506598,2.911280603241735e-06,1.5,17.001248549937184,0.0588192094870405
12.0,17.591,11.787430984186049,0.0848361276805433,1.868995441020185e-06,1.5,17.16614047165637,0.0582542128005497
13.5,17.591,11.013876974586497,0.0907945496674248,1.2805908186322343e-06,1.5,17.350440764445146,0.0576354234210129
15.0,17.591,11.340781949100204,0.0881773412528526,8.015546411362256e-07,1.5,17.638998908227453,0.0566925597763694
16.5,17.591,13.348304074025018,0.0749158840294879,4.645670206579772e-07,1.5,18.038629149732223,0.0554365851029674
18.0,17.591,18.076939767288543,0.0553190978602234,2.9487388317447094e-07,1.5,18.41083955527465,0.0543158282922248
19.5,17.591,27.491634493869,0.0363747015559592,1.9976448701746657e-07,nan,18.753800986110026,0.0533225238308036
nan,nan,nan,nan,1.2373572639308494e-07,nan,19.20993364290221,0.052056400536786
nan,nan,nan,nan,7.121253565590937e-08,nan,19.76153924032309,0.0506033456118396
nan,nan,nan,nan,4.502046111986424e-08,nan,20.23675703323889,0.0494150321791925
Name:	65.54725251620242_8_210_0.025
Lambda:	65.54725251620242	Maximal Depth:	20	Filter time:	8 to 210 [us]
Chi2:	9.08518581003582	RelRMS:	7.676571726720318	AbsRMS:	1.211297246845712e-06	Phi model:	0.3608071608844541
depth_vector,start_model,resistivity_model,conductivity_model,E/I[V/A],modelled_thickness,rhoa,sigma
0.0,17.591,23.82131103660768,0.0419792176200226,0.0001384183183087,1.0,19.46054437604658,0.0513860239814704
1.0,17.591,23.549667960525,0.0424634437171787,8.546991480665323e-05,1.0,18.85502976716812,0.0530362461554571
2.0,17.591,23.028224335079184,0.0434249721319888,5.743729365379288e-05,1.0,18.3434561708542,0.0545153536326973
3.0,17.591,22.26892853467848,0.044905618087675,4.098425673998016e-05,1.0,17.9336912177463,0.0557609689973054
4.0,17.591,21.27841413991956,0.0469959835081854,2.700853187053012e-05,1.0,17.529595810303466,0.0570463809218136
5.0,17.591,20.06170100632213,0.0498462218973787,1.657348179455697e-05,1.0,17.180059171944535,0.0582070172163914
6.0,17.591,18.640909294292552,0.0536454517433963,1.0951732618536865e-05,1.5,16.99854468267876,0.0588285655429657
7.5,17.591,16.924970640545766,0.0590842974701759,7.65457294492081e-06,1.5,16.918662137739645,0.059106328376246
9.0,17.591,15.045059812797511,0.0664670006263044,4.899454148230942e-06,1.5,16.90585977947793,0.0591510880277087
10.5,17.591,13.23193481566612,0.0755747374764903,2.910469247841852e-06,1.5,17.004408043664302,0.0588082806194827
12.0,17.591,11.782379187665295,0.0848725019007092,1.8684604805683733e-06,1.5,17.169416883156742,0.0582430962452198
13.5,17.591,11.036073069299816,0.0906119408344443,1.2802398298117036e-06,1.5,17.353611801813468,0.0576248916606224
15.0,17.591,11.387454564753536,0.0878159376455561,8.013639550085012e-07,1.5,17.641796953567884,0.0566835681553266
16.5,17.591,13.409859767553804,0.0745719953328354,4.6448853379334003e-07,1.5,18.040661141872697,0.0554303410576778
18.0,17.591,18.12576801538997,0.0551700760569667,2.9484652412927466e-07,1.5,18.41197844203044,0.0543124685458692
19.5,17.591,27.44758694174704,0.0364330752325271,1.997611883634053e-07,nan,18.75400743973277,0.0533219368294251
nan,nan,nan,nan,1.2374670188376046e-07,nan,19.208797765818115,0.0520594787967152
nan,nan,nan,nan,7.122827367373181e-08,nan,19.758628234203453,0.0506108009193136
nan,nan,nan,nan,4.503559134716013e-08,nan,20.23222426450286,0.0494261029794181
Name:	66.49143907844324_8_210_0.025
Lambda:	66.49143907844324	Maximal Depth:	20	Filter time:	8 to 210 [us]
Chi2:	9.09524449391368	RelRMS:	7.680815761005512	AbsRMS:	1.209562724931324e-06	Phi model:	0.357957329720119
depth_vector,start_model,resistivity_model,conductivity_model,E/I[V/A],modelled_thickness,rhoa,sigma
0.0,17.591,23.867536931291674,0.0418979135919527,0.0001384253831131,1.0,19.4598822329844,0.0513877724452517
1.0,17.591,23.5909227931514,0.0423891853984748,8.548235117606759e-05,1.0,18.853200977962853,0.0530413907520999
2.0,17.591,23.05979500532158,0.0433655199349875,5.7446154270851016e-05,1.0,18.341569899889954,0.0545209600627479
3.0,17.591,22.286989657987466,0.0448692270847628,4.098938230343808e-05,1.0,17.932196160847433,0.0557656179438504
4.0,17.591,21.28116919583778,0.0469898994175368,2.7010463575418145e-05,1.0,17.52876002532584,0.0570491009378406
5.0,17.591,20.049437036446243,0.0498767121581609,1.657343990684534e-05,1.0,17.180088119186436,0.0582069191416554
6.0,17.591,18.616288518458504,0.0537163999692245,1.0951069916587904e-05,1.5,16.999230451598343,0.058826192329546
7.5,17.591,16.893636354339257,0.0591938869184397,7.653794576059851e-06,1.5,16.91980917110101,0.0591023214202674
9.0,17.591,15.015688151280289,0.0665970143975543,4.898767735963972e-06,1.5,16.9074389682561,0.0591455631972122
10.5,17.591,13.21280356923799,0.0756841645877637,2.9099882067699266e-06,1.5,17.006281955800656,0.0588018005698718
12.0,17.591,11.778976046500771,0.0848970229714554,1.8681424700670567e-06,1.5,17.171365306991405,0.0582364874383544
13.5,17.591,11.050190192563248,0.090496179936613,1.2800311280188372e-06,1.5,17.35549802234177,0.0576186289043793
15.0,17.591,11.416798023694962,0.0875902330867685,8.012508118571773e-07,1.5,17.643457691586796,0.056678232661665
16.5,17.591,13.447640372624395,0.0743624883095266,4.644423725336386e-07,1.5,18.041856504884223,0.0554266685210185
18.0,17.591,18.15404016035001,0.0550841570894001,2.948308626913894e-07,1.5,18.412630466722856,0.0543105452426963
19.5,17.591,27.42079059334852,0.0364686786325763,1.9975983774665565e-07,nan,18.754091972734376,0.0533216964838313
nan,nan,nan,nan,1.2375378085397518e-07,nan,19.208065237067807,0.0520614641640322
nan,nan,nan,nan,7.123807809259818e-08,nan,19.756815287003366,0.0506154451247934
nan,nan,nan,nan,4.504494136855373e-08,nan,20.22942441959249,0.0494329437782463
Name:	64.97042909153852_8_210_0.025
Lambda:	64.97042909153852	Maximal Depth:	20	Filter time:	8 to 210 [us]
Chi2:	9.078970105909772	RelRMS:	7.673944788361671	AbsRMS:	1.2123426202274254e-06	Phi model:	0.3625890778965771
depth_vector,start_model,resistivity_model,conductivity_model,E/I[V/A],modelled_thickness,rhoa,sigma
0.0,17.591,23.79237022849733,0.0420302807326967,0.0001384140776185,1.0,19.46094185833768,0.0513849744415925
1.0,17.591,23.523842717477617,0.0425100614729508,8.546215187253926e-05,1.0,18.8561715446276,0.0530330347087298
2.0,17.591,23.00844111135519,0.0434623099913743,5.7431713199923225e-05,1.0,18.34464440116108,0.0545118225315235
3.0,17.591,22.25762067684551,0.0449284321320245,4.09809979794256e-05,1.0,17.93464191577567,0.0557580131622466
4.0,17.591,21.276681518595773,0.0469998105261857,2.7007272237989056e-05,1.0,17.530140865415035,0.0570446072097963
5.0,17.591,20.069397903503912,0.0498271051681829,1.6573468526887577e-05,1.0,17.180068340788274,0.0582069861518442
6.0,17.591,18.65636217937655,0.0536010177324622,1.09521186737532e-05,1.5,16.998145221740703,0.0588299480299177
7.5,17.591,16.944630561687088,0.0590157452155413,7.655039480933765e-06,1.5,16.91797472605703,0.0591087299864446
9.0,17.591,15.063504771809392,0.0663856131191627,4.899870883716744e-06,1.5,16.904901200265517,0.0591544421439324
10.5,17.591,13.2439943805376,0.0755059214967296,2.910763472355249e-06,1.5,17.003262136294264,0.0588122439085058
12.0,17.591,11.784611183430345,0.0848564271179385,1.86865583505484e-06,1.5,17.168220236526412,0.0582471558625768
13.5,17.591,11.02738388143251,0.0906833398340074,1.2803684696259285e-06,1.5,17.35244942664088,0.0576287517348829
15.0,17.591,11.36923991958183,0.087956627450323,8.01434030546521e-07,1.5,17.64076856663258,0.056686872582836
16.5,17.591,13.38636336766353,0.0747028877473644,4.645173929548363e-07,1.5,18.03991392371696,0.055432636997525
18.0,17.591,18.10810503905804,0.0552238899566278,2.9485653821713284e-07,1.5,18.411561560848025,0.0543136983082678
19.5,17.591,27.464041839576304,0.0364112465980508,1.9976232051196845e-07,nan,18.75393658104905,0.053322138297647
nan,nan,nan,nan,1.2374256307750746e-07,nan,19.20922608003841,0.0520583180099674
nan,nan,nan,nan,7.122238277594353e-08,nan,19.75971772742493,0.0506080103873183
nan,nan,nan,nan,4.5029935328784424e-08,nan,20.23391841804656,0.0494219646110712
Name:	64.61647351855359_8_210_0.025
Lambda:	64.61647351855359	Maximal Depth:	20	Filter time:	8 to 210 [us]
Chi2:	9.075681014043562	RelRMS:	7.67252570001631	AbsRMS:	1.212307315362332e-06	Phi model:	0.3635355192821524
depth_vector,start_model,resistivity_model,conductivity_model,E/I[V/A],modelled_thickness,rhoa,sigma
0.0,17.591,23.77672109481949,0.0420579438187497,0.0001384144697362,1.0,19.46090510407564,0.0513850714883026
1.0,17.591,23.50978825756659,0.0425354745455077,8.545927867353685e-05,1.0,18.85659418045709,0.0530318460709302
2.0,17.591,22.997468739635345,0.0434830463874719,5.742942053704841e-05,1.0,18.3451326271719,0.0545103717876015
3.0,17.591,22.251019522454108,0.0449417609377796,4.097967057124389e-05,1.0,17.93502920475029,0.0557568091238535
4.0,17.591,21.27505102817307,0.0470034125265208,2.700682533692349e-05,1.0,17.530334253985718,0.0570439779134638
5.0,17.591,20.07282336886373,0.049818602078229,1.657357975215075e-05,1.0,17.17999147709766,0.0582072465712851
6.0,17.591,18.664018926071563,0.0535790283947425,1.0952396991470226e-05,1.5,16.997857254031455,0.0588309446923273
7.5,17.591,16.95482390099384,0.0589802646043043,7.655337493299799e-06,1.5,16.91753565998988,0.0591102640537066
9.0,17.591,15.073549889879487,0.0663413732866873,4.900124790628425e-06,1.5,16.904317227610584,0.0591564856796851
10.5,17.591,13.251006945036853,0.0754659630130636,2.910940089018256e-06,1.5,17.002574365403447,0.0588146229217372
12.0,17.591,11.786380690357412,0.0848436874958665,1.8687734822043172e-06,1.5,17.167499687858292,0.0582496005931049
13.5,17.591,11.022935067155728,0.090719939281837,1.2804468973599022e-06,1.5,17.35174085778973,0.0576311050398766
15.0,17.591,11.35923673897257,0.0880340838895526,8.014780868329441e-07,1.5,17.640122099489925,0.056688950017467
16.5,17.591,13.373423645989604,0.074775168010166,4.645370620389706e-07,1.5,18.0394046983429,0.0554342017778369
18.0,17.591,18.098465659332877,0.0552533026181878,2.948648220246541e-07,1.5,18.411216728154347,0.0543147155761196
19.5,17.591,27.47238368520395,0.0364001905134492,1.997650539816618e-07,nan,18.75376550196335,0.0533226247227688
nan,nan,nan,nan,1.2374177982757304e-07,nan,19.209307139209727,0.0520580983349897
nan,nan,nan,nan,7.122012956594741e-08,nan,19.760134487489964,0.0506069430161568
nan,nan,nan,nan,4.5027515776014415e-08,nan,20.23464325772251,0.0494201942314131
Name:	65.19015443871747_8_210_0.025
Lambda:	65.19015443871747	Maximal Depth:	20	Filter time:	8.0 to 210.0 [us]
Chi2:	9.081339321207153	RelRMS:	7.674947264567068	AbsRMS:	1.2119261518415299e-06	Phi model:	0.3619079399261584
depth_vector,start_model,resistivity_model,conductivity_model,E/I[V/A],modelled_thickness,rhoa,sigma
0.0,17.591,23.80344061516905,0.042010733497187674,0.00013841577597537708,1.0,19.46078266795601,0.05138539477379772
1.0,17.591,23.533720559929787,0.04249221866357469,8.54651782134435e-05,1.0,18.855726407857876,0.053034286686683314
2.0,17.591,23.01600844236572,0.043448020211849306,5.743388992927075e-05,1.0,18.34418089342929,0.05451319989753211
3.0,17.591,22.26194255580421,0.04491970983634025,4.098227595970299e-05,1.0,17.934269067802774,0.05575917235429966
4.0,17.591,21.277337299313025,0.046998361962908144,2.7007775224327844e-05,1.0,17.529923213308848,0.057045315477525456
5.0,17.591,20.066440372203267,0.04983444903288552,1.6573486277028737e-05,1.0,17.180056074260584,0.05820702771152272
6.0,17.591,18.65042833743673,0.053618071494514405,1.0951978909071144e-05,1.5,16.99828983702464,0.05882944752606
7.5,17.591,16.937088245884777,0.059042025729716036,7.65486613276361e-06,1.5,16.918230135608894,0.059107837639306916
9.0,17.591,15.056427034538979,0.06641681972130778,4.899714313659276e-06,1.5,16.90526132837188,0.05915318199321256
10.5,17.591,13.239362405753043,0.07553233829186964,2.91065224064017e-06,1.5,17.00369532441547,0.05881074560093463
12.0,17.591,11.783744181149135,0.08486267052536109,1.8685817146547537e-06,1.5,17.168674237522684,0.05824561559997849
13.5,17.591,11.030697930640363,0.09065609504383801,1.2803195245875109e-06,1.5,17.352891665668565,0.05762728306420695
15.0,17.591,11.376204387852749,0.08790278074361754,8.014072603821141e-07,1.5,17.641161411959402,0.05668561024117573
16.5,17.591,13.395352113363167,0.07465275951965479,4.645062805880568e-07,1.5,18.04020163470428,0.05543175293984968
18.0,17.591,18.11486873201853,0.05520327057255858,2.948526093465205e-07,1.5,18.411725114841232,0.05431321583190078
19.5,17.591,27.457814144892634,0.03641950501678983,1.9976179001852272e-07,nan,18.753969783381468,0.05332204389526819
nan,nan,nan,nan,1.2374406203124534e-07,nan,19.209070954483867,0.05205873841423734
nan,nan,nan,nan,7.122457190595303e-08,nan,19.759312840820137,0.05060904739228238
nan,nan,nan,nan,4.503205012381074e-08,nan,20.233284929603773,0.04942351197441388
