Name:	10.0_8_210_0.025
Lambda:	10.0	Maximal Depth:	20	Filter time:	8.0 to 210.0 [us]
Chi2:	0.9216306249206446	RelRMS:	2.400039875867489	AbsRMS:	1.7185892772023858e-07	Phi model:	0.12176799072445499
depth_vector,start_model,resistivity_model,conductivity_model,E/I[V/A],modelled_thickness,rhoa,sigma
0.0,17.8973,11.30210893143956,0.08847906227644446,0.00020800067923215998,1.0,14.833405244125325,0.06741540351269265
1.0,17.8973,11.928675348582662,0.08383160500036727,0.00011458990394971977,1.0,15.507382511101252,0.06448541520686235
2.0,17.8973,13.183470227863253,0.07585256254354797,7.029434681029789e-05,1.0,16.032338688016292,0.062373931804938165
3.0,17.8973,15.015467149889703,0.06659799458902253,4.676686905793057e-05,1.0,16.42311496016672,0.06088978871702719
4.0,17.8973,17.310217854876623,0.05776934804539625,2.855993756065153e-05,1.0,16.888887844819543,0.05921052997617825
5.0,17.8973,19.884264559175637,0.05029102268399199,1.6355088339359728e-05,1.0,17.332660463335742,0.05769454736134293
6.0,17.8973,22.502442992690792,0.04443961930377152,1.0360259746429456e-05,1.5,17.639510667899593,0.056690915004791
7.5,17.8973,24.5799307137193,0.040683597185318734,7.062528649389081e-06,1.5,17.851436938051084,0.056017899481719494
9.0,17.8973,25.693537412764602,0.03892029283220449,4.441835214533834e-06,1.5,18.047931435584065,0.05540801191367326
10.5,17.8973,25.729896420405197,0.03886529442873878,2.6259834641216967e-06,1.5,18.211352603406237,0.054910803265264374
12.0,17.8973,24.8092800082378,0.04030749782613421,1.6976440517253836e-06,1.5,18.302639795502603,0.054636927305192554
13.5,17.8973,23.222440796362637,0.04306179564710663,1.17794147777306e-06,1.5,18.344320301468045,0.05451278562335028
15.0,17.8973,21.353134693800918,0.04683153149829156,7.537085097588039e-07,1.5,18.377809395072635,0.05441344931284982
16.5,17.8973,19.568761831473108,0.05110185348526578,4.5130178475469644e-07,1.5,18.390395970253266,0.05437620819135785
18.0,17.8973,18.188157987215334,0.05498082877347511,2.9551895428984526e-07,1.5,18.384037832379164,0.054395014257354005
19.5,17.8973,17.451933402484453,0.057300241579975326,2.06000389839698e-07,nan,18.373397225949905,0.054426516103817595
nan,nan,nan,nan,1.3236202782768017e-07,nan,18.365961296264263,0.0544485520724366
nan,nan,nan,nan,7.952151872860693e-08,nan,18.359828713560916,0.054466739074824876
nan,nan,nan,nan,5.208207836109871e-08,nan,18.3634949129276,0.05445586500508769
Name:	12.742749857031335_8_210_0.025
Lambda:	12.742749857031335	Maximal Depth:	20	Filter time:	8.0 to 210.0 [us]
Chi2:	0.9201039289206622	RelRMS:	2.398051199568962	AbsRMS:	2.2791120685282468e-07	Phi model:	0.11564105067928822
depth_vector,start_model,resistivity_model,conductivity_model,E/I[V/A],modelled_thickness,rhoa,sigma
0.0,17.8973,11.419693037212756,0.08756802803204537,0.0002074450401246576,1.0,14.859880835155215,0.0672952906617003
1.0,17.8973,12.027318914466772,0.08314404956845153,0.00011439475191958584,1.0,15.52501407389473,0.06441217993363996
2.0,17.8973,13.241887473912954,0.07551793518635767,7.02152339017604e-05,1.0,16.044379065495345,0.06232712378072492
3.0,17.8973,15.011019822944503,0.06661772563057237,4.672872709694725e-05,1.0,16.4320505716249,0.0608566773599647
4.0,17.8973,17.222920199659807,0.058062163001820814,2.854378775651606e-05,1.0,16.895257625860232,0.05918820666394452
5.0,17.8973,19.703026215077877,0.0507536248028104,1.6347402324448534e-05,1.0,17.338092871784003,0.057676470382010646
6.0,17.8973,22.23226781716142,0.04497966686187924,1.0355261242001205e-05,1.5,17.6451866283766,0.056672679131192755
7.5,17.8973,24.2698850106821,0.04120332665605387,7.058826544871072e-06,1.5,17.857678023541695,0.0559983217684687
9.0,17.8973,25.42281941297848,0.03933474032740424,4.439199830336452e-06,1.5,18.055073642930598,0.055386093669662025
10.5,17.8973,25.56803530202649,0.03911133523508321,2.624253324717344e-06,1.5,18.219356078096485,0.054886681818695625
12.0,17.8973,24.796794145432063,0.040327793751686034,1.6964763891048074e-06,1.5,18.311037144908727,0.05461187108552417
13.5,17.8973,23.358374286870333,0.042811198575668716,1.177127752592997e-06,1.5,18.352773372098973,0.05448767767820106
15.0,17.8973,21.592435457153975,0.04631251541699903,7.532056210466139e-07,1.5,18.38598862663189,0.0543892428254585
16.5,17.8973,19.83261089568369,0.05042200471031462,4.5102793823311736e-07,1.5,18.397839169890343,0.05435420925064866
18.0,17.8973,18.372994422759156,0.05442770933197864,2.9536069129414287e-07,1.5,18.39060438691,0.054375591957803004
19.5,17.8973,17.43311463439446,0.05736209627320764,2.0590494191389703e-07,nan,18.37907482059663,0.05440970286922949
nan,nan,nan,nan,1.3231376795325612e-07,nan,18.370426868910297,0.054435316453771566
nan,nan,nan,nan,7.950220869568335e-08,nan,18.36280149928655,0.05445792136013957
nan,nan,nan,nan,5.2074831044657434e-08,nan,18.365198653092346,0.05445081313245796
Name:	16.237767391887218_8_210_0.025
Lambda:	16.237767391887218	Maximal Depth:	20	Filter time:	8.0 to 210.0 [us]
Chi2:	0.9220122964705356	RelRMS:	2.400536784334047	AbsRMS:	3.13940016950075e-07	Phi model:	0.11038398489236201
depth_vector,start_model,resistivity_model,conductivity_model,E/I[V/A],modelled_thickness,rhoa,sigma
0.0,17.8973,11.537888465540982,0.08667097129484277,0.00020699303420701847,1.0,14.881505755791615,0.06719750114069055
1.0,17.8973,12.12440866592993,0.0824782492535112,0.00011425361943273338,1.0,15.537796356045511,0.06435919078131795
2.0,17.8973,13.295247334610433,0.0752148474437765,7.016785554006386e-05,1.0,16.051600519151847,0.06229908343450595
3.0,17.8973,14.998510629621983,0.06667328674788582,4.671103066154146e-05,1.0,16.43620048881653,0.060841311876209885
4.0,17.8973,17.127120137534323,0.05838693206854351,2.8539673470821912e-05,1.0,16.896881336254935,0.059182518957172386
5.0,17.8973,19.517150936283873,0.05123698654914451,1.6346332412358916e-05,1.0,17.33884941387764,0.05767395379762752
6.0,17.8973,21.96531204327493,0.045526327967927396,1.035429633484123e-05,1.5,17.64628283694151,0.056669158555395914
7.5,17.8973,23.97254291472678,0.041714389814927866,7.05776926540771e-06,1.5,17.85946140902447,0.05599272996523262
9.0,17.8973,25.16919655300009,0.039731105357068024,4.438133440921667e-06,1.5,18.057965694842412,0.05537722337603138
10.5,17.8973,25.421301685269196,0.03933708872899561,2.623374654650512e-06,1.5,18.223424097702644,0.05487442945072359
12.0,17.8973,24.79159997220703,0.04033624296620888,1.695812086442452e-06,1.5,18.315818836931804,0.054597613620397445
13.5,17.8973,23.490915317413137,0.042569648159206844,1.1766335284486326e-06,1.5,18.357912184731223,0.05447242529200719
15.0,17.8973,21.818972815320677,0.045831671750277254,7.528824050262351e-07,1.5,18.39125037881257,0.05437368201740316
16.5,17.8973,20.07922818347745,0.04980271108343037,4.508439528081246e-07,1.5,18.40284415968387,0.05433942663008338
18.0,17.8973,18.544344328751254,0.053924796815252966,2.9525159363656057e-07,1.5,18.395134417934635,0.054362201290849704
19.5,17.8973,17.41843799033791,0.05741042914150538,2.0583806142286752e-07,nan,18.38305573318015,0.05439792026496818
nan,nan,nan,nan,1.3227945303491022e-07,nan,18.373603741467882,0.05442590436099767
nan,nan,nan,nan,7.948835288179012e-08,nan,18.36493534791312,0.05445159381482025
nan,nan,nan,nan,5.2069650369519165e-08,nan,18.366416797759946,0.05444720170577664
Name:	20.6913808111479_8_210_0.025
Lambda:	20.6913808111479	Maximal Depth:	20	Filter time:	8.0 to 210.0 [us]
Chi2:	0.9255860052155747	RelRMS:	2.405184511133676	AbsRMS:	3.9677724922748643e-07	Phi model:	0.10585752704813185
depth_vector,start_model,resistivity_model,conductivity_model,E/I[V/A],modelled_thickness,rhoa,sigma
0.0,17.8973,11.655619654286326,0.08579552436169727,0.00020660883879756054,1.0,14.899948450837675,0.06711432615350961
1.0,17.8973,12.219521570656765,0.08183626455567138,0.00011414719489849753,1.0,15.547452577520486,0.06431921853525153
2.0,17.8973,13.343576732771025,0.0749424251103574,7.014109818344195e-05,1.0,16.055682492086955,0.06228324460781098
3.0,17.8973,14.980442252538147,0.06675370347164279,4.6706984408649326e-05,1.0,16.437149726771903,0.06083779831799283
4.0,17.8973,17.0286359592899,0.05872460967459077,2.8543943593254877e-05,1.0,16.895196132272588,0.05918842209175876
5.0,17.8973,19.336377770280503,0.051715994168099744,1.6350133028170776e-05,1.0,17.336162346707376,0.05768289313406944
6.0,17.8973,21.71529898247619,0.04605048269457307,1.0356429338055119e-05,1.5,17.643859809407534,0.05667694091894846
7.5,17.8973,23.68780621048241,0.04221581311136683,7.058804675204293e-06,1.5,17.857714908093133,0.05599820610568708
9.0,17.8973,24.927593520323107,0.04011618687478655,4.4383432412170445e-06,1.5,18.057396624181134,0.05537896856409931
10.5,17.8973,25.282866066673986,0.039552477846573196,2.623201342956423e-06,1.5,18.224226755044498,0.054872012592973154
12.0,17.8973,24.784600035831296,0.04034763516676856,1.695566220477977e-06,1.5,18.317589387120872,0.054592336298525265
13.5,17.8973,23.61209193825752,0.04235118186964827,1.1764032085274536e-06,1.5,18.36030821975312,0.0544653165965994
15.0,17.8973,22.025060486532198,0.045402826503540196,7.527044894051585e-07,1.5,18.39414833933575,0.054365115554793446
16.5,17.8973,20.304879318311112,0.04924924617001745,4.5072911815482067e-07,1.5,18.405969753924378,0.05433019902614954
18.0,17.8973,18.70055947744838,0.05347433595267205,2.9517765112602355e-07,1.5,18.39820629828342,0.054353124635486964
19.5,17.8973,17.40929561919172,0.057440577831168335,2.057895822757185e-07,nan,18.385942694599724,0.05438937870146401
nan,nan,nan,nan,1.3225215925113577e-07,nan,18.376131578810043,0.054418417484184974
nan,nan,nan,nan,7.947548055787101e-08,nan,18.366918290861133,0.054445715071187104
nan,nan,nan,nan,5.2063428412912606e-08,nan,18.367880048462947,0.05444286424789025
Name:	26.366508987303583_8_210_0.025
Lambda:	26.366508987303583	Maximal Depth:	20	Filter time:	8.0 to 210.0 [us]
Chi2:	0.9298760101102291	RelRMS:	2.4107519704832625	AbsRMS:	5.012405859071787e-07	Phi model:	0.10173655261181966
depth_vector,start_model,resistivity_model,conductivity_model,E/I[V/A],modelled_thickness,rhoa,sigma
0.0,17.8973,11.769774084996566,0.08496339800393814,0.00020614243678791113,1.0,14.922414302198478,0.06701328483103923
1.0,17.8973,12.313916095562911,0.08120893404173277,0.00011399678630382285,1.0,15.561125223543796,0.06426270501872268
2.0,17.8973,13.39786651806538,0.07463874928531514,7.008995867183789e-05,1.0,16.063491313417632,0.062252967333739744
3.0,17.8973,14.974877177089342,0.06677851098037316,4.668891965957218e-05,1.0,16.441389331410882,0.060822110579762494
4.0,17.8973,16.948303628889917,0.05900295521584883,2.8541538970835867e-05,1.0,16.896145064914048,0.05918509791186426
5.0,17.8973,19.17538117854893,0.05215020190152349,1.6351419981569765e-05,1.0,17.335252695812276,0.05768591998901595
6.0,17.8973,21.480881126426382,0.046553025181530934,1.0357600696858638e-05,1.5,17.64252953478183,0.05668121444991908
7.5,17.8973,23.425325911884478,0.042688840435413766,7.059487677069577e-06,1.5,17.85656307292401,0.05600181826234549
9.0,17.8973,24.69598247057652,0.04049241617301226,4.438506163360946e-06,1.5,18.056954738606507,0.055380323785270344
10.5,17.8973,25.136360118175112,0.0397830073765111,2.623068497842938e-06,1.5,18.224842059610804,0.05487016001176557
12.0,17.8973,24.755600004809178,0.040394900539907484,1.6953576990117876e-06,1.5,18.31909134441809,0.05458786034738041
13.5,17.8973,23.70003908888054,0.042194023235563975,1.1761940973891696e-06,1.5,18.36248429551295,0.05445886209658241
15.0,17.8973,22.196368345782638,0.04505241508077615,7.525293852726057e-07,1.5,18.39700162015534,0.05435668380354017
16.5,17.8973,20.498815173924466,0.048783307304124134,4.506039223351203e-07,1.5,18.40937887320167,0.054320137951839806
18.0,17.8973,18.84013693113822,0.0530781704854406,2.9508867597774134e-07,1.5,18.401904397677317,0.05434220167594283
19.5,17.8973,17.40844890375944,0.05744337163686336,2.0572516399122155e-07,nan,18.389780595165384,0.05437802777608434
nan,nan,nan,nan,1.322100362725535e-07,nan,18.38003454170793,0.05440686184407339
nan,nan,nan,nan,7.945043046558717e-08,nan,18.370778717390113,0.054434273875030775
nan,nan,nan,nan,5.204746056897404e-08,nan,18.37163662555699,0.054431731934480386
Name:	33.59818286283781_8_210_0.025
Lambda:	33.59818286283781	Maximal Depth:	20	Filter time:	8.0 to 210.0 [us]
Chi2:	0.9356417744600004	RelRMS:	2.418214442594991	AbsRMS:	6.004994104939589e-07	Phi model:	0.09795387354261098
depth_vector,start_model,resistivity_model,conductivity_model,E/I[V/A],modelled_thickness,rhoa,sigma
0.0,17.8973,11.88208190476228,0.08416033553843834,0.000205711754105085,1.0,14.943234972625344,0.06691991405019794
1.0,17.8973,12.406208614486903,0.08060480289137537,0.0001138656649600375,1.0,15.573069147407464,0.06421341808313204
2.0,17.8973,13.450038850181876,0.07434922762222933,7.005148730119275e-05,1.0,16.06937201632089,0.06223018541012978
3.0,17.8973,14.96840042242781,0.06680740571996298,4.668014999077849e-05,1.0,16.44344846539293,0.06081449411932123
4.0,17.8973,16.87009509255437,0.05927648863350811,2.854555917014958e-05,1.0,16.89455865434201,0.059190655432895464
5.0,17.8973,19.02141880535921,0.05257231388639915,1.635687605839796e-05,1.0,17.33139752896111,0.05769875154781835
6.0,17.8973,21.259298992613193,0.04703823961210868,1.036160883275995e-05,1.5,17.6379795196301,0.056695836327911316
7.5,17.8973,23.177450707653257,0.04314538352873283,7.062166698306082e-06,1.5,17.85204688228087,0.05601598553903388
9.0,17.8973,24.474959874667714,0.04085808537055167,4.43992663779323e-06,1.5,18.05310320193371,0.05539213889238099
10.5,17.8973,24.99064693051126,0.04001497051199154,2.623643017345442e-06,1.5,18.222181405627847,0.05487817170402848
12.0,17.8973,24.714178780408446,0.0404626028194279,1.6955685448216623e-06,1.5,18.317572646862637,0.05459238618995056
13.5,17.8973,23.763344804614366,0.042081618064382084,1.1762462323539317e-06,1.5,18.361941702464282,0.05446047134905096
15.0,17.8973,22.336025455429276,0.044770722615599785,7.524934370650672e-07,1.5,18.397587524682226,0.05435495271640364
16.5,17.8973,20.66283176232676,0.04839607714481986,4.505399745231559e-07,1.5,18.4111208002494,0.0543149985733869
18.0,17.8973,18.96229236127609,0.05273623995177679,2.9502698744025235e-07,1.5,18.404469467001107,0.05433462788987113
19.5,17.8973,17.415653819992862,0.05741960711529634,2.0567194120516614e-07,nan,18.392953003757484,0.05436864867733369
nan,nan,nan,nan,1.3216889417691973e-07,nan,18.383848620742516,0.05439557410583217
nan,nan,nan,nan,7.942175163941972e-08,nan,18.37520085327678,0.05442117384102899
nan,nan,nan,nan,5.202690621777326e-08,nan,18.376475047812637,0.054417400366401095
Name:	42.81332398719393_8_210_0.025
Lambda:	42.81332398719393	Maximal Depth:	20	Filter time:	8.0 to 210.0 [us]
Chi2:	0.943114755048486	RelRMS:	2.4278523882338967	AbsRMS:	7.058641750103827e-07	Phi model:	0.09424717276620556
depth_vector,start_model,resistivity_model,conductivity_model,E/I[V/A],modelled_thickness,rhoa,sigma
0.0,17.8973,11.992855886981767,0.0833829747829705,0.00020526087906468364,1.0,14.965109793594117,0.06682209578095141
1.0,17.8973,12.497888781757949,0.08001351407924277,0.00011372615074413708,1.0,15.585802780130198,0.06416095558933066
2.0,17.8973,13.50355004232205,0.07405460022481922,7.001062169301998e-05,1.0,16.07562459891459,0.0622059811018179
3.0,17.8973,14.966350971995602,0.06681655414009449,4.667180011654315e-05,1.0,16.445409630131554,0.060807241807329826
4.0,17.8973,16.80012718891749,0.05952335888621535,2.8551437067927167e-05,1.0,16.89223984761777,0.05919878056556396
5.0,17.8973,18.87952465455542,0.05296743526636996,1.636440352915016e-05,1.0,17.326082268853757,0.057716452252893354
6.0,17.8973,21.052186308853514,0.04750100466189819,1.0367360621701479e-05,1.5,17.63145524135149,0.05671681584482461
7.5,17.8973,22.941193179237175,0.043589711842235195,7.066210049024656e-06,1.5,17.845236161803545,0.056037364310169716
9.0,17.8973,24.257074432610093,0.04122508684129056,4.442275866307315e-06,1.5,18.046737905552686,0.05541167635023482
10.5,17.8973,24.83546481274398,0.04026500037506299,2.624762889945846e-06,1.5,18.21699796013756,0.05489378668143896
12.0,17.8973,24.649744635845646,0.04056837159058437,1.696104824979116e-06,1.5,18.313711301999714,0.05460389669300989
13.5,17.8973,23.793174259223896,0.04202886042463755,1.1764978838817439e-06,1.5,18.359323210473207,0.05446823875454967
15.0,17.8973,22.43829488380157,0.044566666280953016,7.525581440608301e-07,1.5,18.39653292649799,0.054358068664102484
16.5,17.8973,20.794562067760413,0.04808949554895342,4.505137800759888e-07,1.5,18.411834451313393,0.05431289329937821
18.0,17.8973,19.067514397358277,0.05244522065962335,2.949765291986304e-07,1.5,18.40656823442065,0.054328432506499505
19.5,17.8973,17.4325819290357,0.05736384914585719,2.056181773861831e-07,nan,18.39615905074297,0.0543591734144967
nan,nan,nan,nan,1.32120682409729e-07,nan,18.388320612653814,0.05438234524320051
nan,nan,nan,nan,7.938421602146575e-08,nan,18.380992686219148,0.05440402578200979
nan,nan,nan,nan,5.1998119877870725e-08,nan,18.38325660916652,0.05439732585255683
Name:	54.5559478116852_8_210_0.025
Lambda:	54.5559478116852	Maximal Depth:	20	Filter time:	8.0 to 210.0 [us]
Chi2:	0.95303006000907	RelRMS:	2.440581462491405	AbsRMS:	8.168929828414711e-07	Phi model:	0.090447889149746
depth_vector,start_model,resistivity_model,conductivity_model,E/I[V/A],modelled_thickness,rhoa,sigma
0.0,17.8973,12.105275120269935,0.08260861401865446,0.000204789950933323,1.0,14.988043187497496,0.06671985044946796
1.0,17.8973,12.591129586681001,0.0794209918272788,0.00011358061012437554,1.0,15.599114226082579,0.0641062040771485
2.0,17.8973,13.558733426481293,0.0737532016115104,6.996966435767103e-05,1.0,16.081897322345206,0.0621817177386487
3.0,17.8973,14.96678590627558,0.06681461245334575,4.666571126547333e-05,1.0,16.44684010902623,0.06080195304210367
4.0,17.8973,16.734377329208925,0.059757227910389926,2.8560447466556414e-05,1.0,16.88868682627751,0.05921123473283169
5.0,17.8973,18.744174941714345,0.05334990753711669,1.637475482575752e-05,1.0,17.318779714013935,0.057740788699496205
6.0,17.8973,20.85364253306148,0.047953253174575834,1.03753149555794e-05,1.5,17.622442540939073,0.05674582270175537
7.5,17.8973,22.711863212913368,0.044029853060731115,7.071909666123648e-06,1.5,17.835646608653917,0.05606749348323579
9.0,17.8973,24.03954382834054,0.0415981271167503,4.445714593140795e-06,1.5,18.037430694671883,0.055440268457712896
10.5,17.8973,24.669728130522312,0.04053550954064883,2.626504468863788e-06,1.5,18.208944202204016,0.054918066028175304
12.0,17.8973,24.562313724122262,0.040712776948936845,1.697004887823235e-06,1.5,18.307235206522275,0.05462321255607905
13.5,17.8973,23.789987153707127,0.04203449096205892,1.1769690570939156e-06,1.5,18.354423054144803,0.05448278036580287
15.0,17.8973,22.503838183185792,0.04443686414112108,7.527311422168543e-07,1.5,18.39371413502054,0.054366398904507236
16.5,17.8973,20.89489736825486,0.047858574386647965,4.5052646293486177e-07,1.5,18.411488906248845,0.054313912638569974
18.0,17.8973,19.15701808432982,0.05220019084379246,2.9493626659325904e-07,1.5,18.40824335232801,0.054323488714284864
19.5,17.8973,17.46019001482523,0.057273145318058535,2.0556215536537452e-07,nan,18.399501245703323,0.054349299290572965
nan,nan,nan,nan,1.3206355936764975e-07,nan,18.393622711674627,0.05436666912632113
nan,nan,nan,nan,7.933624925465958e-08,nan,18.38840071620318,0.054382108342833586
nan,nan,nan,nan,5.1959838506203424e-08,nan,18.39228473440532,0.05437062411987138
Name:	69.51927961775606_8_210_0.025
Lambda:	69.51927961775606	Maximal Depth:	20	Filter time:	8.0 to 210.0 [us]
Chi2:	0.9669672473059939	RelRMS:	2.4583623198508517	AbsRMS:	9.465302428954916e-07	Phi model:	0.08629775977955267
depth_vector,start_model,resistivity_model,conductivity_model,E/I[V/A],modelled_thickness,rhoa,sigma
0.0,17.8973,12.220140994756703,0.08183211637484954,0.0002042446116717072,1.0,15.014710346935036,0.06660135140096997
1.0,17.8973,12.688089091314918,0.07881407458625954,0.00011340376918644526,1.0,15.61532677092849,0.06403964609064276
2.0,17.8973,13.619919690112233,0.07342187198988981,6.991570397496786e-05,1.0,16.090170845059767,0.06214974406608207
3.0,17.8973,14.975951445123695,0.06677372076587555,4.665473864993957e-05,1.0,16.4494187364122,0.06079242166693795
4.0,17.8973,16.67939646716464,0.05995420769382261,2.8569256683141495e-05,1.0,16.88521494159761,0.05922340956030401
5.0,17.8973,18.619886494551604,0.05370602018936107,1.6386607375922688e-05,1.0,17.310427508892722,0.05776864837603112
6.0,17.8973,20.663098473703965,0.04839545246675413,1.038488522621803e-05,1.5,17.611614145949055,0.056780712529408646
7.5,17.8973,22.48237250894616,0.044479291480562434,7.078979654665724e-06,1.5,17.82376930220127,0.05610485543461887
9.0,17.8973,23.8099967120774,0.04199916581646394,4.450126286183041e-06,1.5,18.025507623095407,0.05547693972949408
10.5,17.8973,24.478832700923537,0.04085162116256761,2.62882464572403e-06,1.5,18.19822859257267,0.054950403272114895
12.0,17.8973,24.43875366539288,0.04091861695124312,1.698247038404374e-06,1.5,18.29830713131552,0.05464986421004001
13.5,17.8973,23.744633193436496,0.04211477986850606,1.1776451260892417e-06,1.5,18.347397709710748,0.054503642196120757
15.0,17.8973,22.528468229661293,0.044388281964212115,7.530015887894454e-07,1.5,18.389309704503532,0.05437942022125499
16.5,17.8973,20.963773592992638,0.047701335618996595,4.5056936432352827e-07,1.5,18.410320176134746,0.05431736061257086
18.0,17.8973,19.23302698070242,0.05199389576083663,2.948989496552922e-07,1.5,18.409796256668432,0.05431890641580447
19.5,17.8973,17.50034099221319,0.05714174372059104,2.0549775991306025e-07,nan,18.40334486370052,0.05433794820486352
nan,nan,nan,nan,1.319926997177759e-07,nan,18.400205141754775,0.0543472201693417
nan,nan,nan,nan,7.927431472800585e-08,nan,18.39797698862614,0.05435380208477337
nan,nan,nan,nan,5.19094023696827e-08,nan,18.40419632894333,0.05433543427415799
Name:	88.58667904100822_8_210_0.025
Lambda:	88.58667904100822	Maximal Depth:	20	Filter time:	8.0 to 210.0 [us]
Chi2:	0.9867981877102253	RelRMS:	2.483442907173207	AbsRMS:	1.0938747771995426e-06	Phi model:	0.08169742468454727
depth_vector,start_model,resistivity_model,conductivity_model,E/I[V/A],modelled_thickness,rhoa,sigma
0.0,17.8973,12.34173984477559,0.08102585312745125,0.000203628639862635,1.0,15.044974530272379,0.06646737739488189
1.0,17.8973,12.791796187855995,0.07817510420853631,0.0001132004416268056,1.0,15.634019728394035,0.06396307650705021
2.0,17.8973,13.687668692033187,0.07305846031925387,6.985267826392363e-05,1.0,16.099847801834702,0.06211238840941355
3.0,17.8973,14.991546751833967,0.06670425784301853,4.6641843163330255e-05,1.0,16.45245054177922,0.06078121903242365
4.0,17.8973,16.629936101685594,0.06013252209060749,2.857982851823068e-05,1.0,16.88105072919009,0.05923801877277917
5.0,17.8973,18.499834958036526,0.054054536284692055,1.640109513268814e-05,1.0,17.30023200272707,0.057802693041478746
6.0,17.8973,20.47332811192603,0.048844037204556136,1.0396759548389728e-05,1.5,17.598201902302467,0.05682398722048783
7.5,17.8973,22.247562905503013,0.04494874356564451,7.087859341110927e-06,1.5,17.808879752790173,0.05615176327097873
9.0,17.8973,23.56551156354638,0.04243489462570826,4.455756613770095e-06,1.5,18.010319645314276,0.0555237230484229
10.5,17.8973,24.262660752925974,0.04121559503235457,2.6318444486641516e-06,1.5,18.18430538397132,0.054992477242570774
12.0,17.8973,24.280112576213345,0.04118597048761942,1.6998955299900447e-06,1.5,18.286475234466366,0.054685224308028434
13.5,17.8973,23.659197909533955,0.042266859756772635,1.178562389533514e-06,1.5,18.337876742388108,0.05453194031392382
15.0,17.8973,22.514114264022638,0.04441658189494008,7.533862907156381e-07,1.5,18.38304907817673,0.054397939958020405
16.5,17.8973,21.00326986555439,0.047611634112268,4.506483037926003e-07,1.5,18.408170172358666,0.054323704672264474
18.0,17.8973,19.297287655413907,0.05182075418352627,2.948662290536126e-07,1.5,18.411158158915946,0.05431488836109593
19.5,17.8973,17.55413894328903,0.05696662213000777,2.0542493534379503e-07,nan,18.407694015981722,0.05432510987697814
nan,nan,nan,nan,1.3190717994207164e-07,nan,18.40815725592162,0.054323742789535084
nan,nan,nan,nan,7.919730014177003e-08,nan,18.40990233657257,0.05431859342422634
nan,nan,nan,nan,5.1845809320434e-08,nan,18.419242737368258,0.054291048457233156
Name:	112.88378916846884_8_210_0.025
Lambda:	112.88378916846884	Maximal Depth:	20	Filter time:	8.0 to 210.0 [us]
Chi2:	1.0159810437115049	RelRMS:	2.5198971255186007	AbsRMS:	1.2530864566241222e-06	Phi model:	0.07640783517854575
depth_vector,start_model,resistivity_model,conductivity_model,E/I[V/A],modelled_thickness,rhoa,sigma
0.0,17.8973,12.473083476704478,0.08017263749317989,0.0002029636084219163,1.0,15.077820895066996,0.066322581158075
1.0,17.8973,12.906182289273813,0.07748224669281861,0.00011299162102067888,1.0,15.653276027719423,0.06388439060482684
2.0,17.8973,13.76696417443849,0.07263765542854599,6.979717609498008e-05,1.0,16.108381653173495,0.062079482689869785
3.0,17.8973,15.016629585808838,0.06659283924436878,4.66395782766902e-05,1.0,16.452983174294655,0.06077925136168325
4.0,17.8973,16.58471997956742,0.060296465736654724,2.8600651513790807e-05,1.0,16.872856120711344,0.05926678879057738
5.0,17.8973,18.37324056344776,0.0544269801805909,1.642331937477827e-05,1.0,17.284621219768685,0.05785489813663286
6.0,17.8973,20.263939841733286,0.04934874500271239,1.0414170676365792e-05,1.5,17.578581841871703,0.05688741042909544
7.5,17.8973,21.981402063425993,0.0454930034542183,7.100704827446907e-06,1.5,17.787395242305376,0.056219586194476034
9.0,17.8973,23.282896555866373,0.04294998251615903,4.4638937378477396e-06,1.5,17.988425939241434,0.05559130094971332
10.5,17.8973,24.004704193283327,0.04165850126492317,2.6362635231546343e-06,1.5,18.163978567566826,0.05505401783426328
12.0,17.8973,24.080020845952216,0.04152820325187124,1.7023641357768715e-06,1.5,18.268792759920444,0.05473815446600724
13.5,17.8973,23.534467149380035,0.04249087067290337,1.1799842195566637e-06,1.5,18.323142882790137,0.05457579010308553
15.0,17.8973,22.466826154303078,0.0445100697860908,7.54034906918715e-07,1.5,18.372505575513042,0.05442915751963654
16.5,17.8973,21.020658833357807,0.047572248231016155,4.508401383061508e-07,1.5,18.40294796231133,0.0543391201261868
18.0,17.8973,19.35571217432345,0.05166433510654089,2.948818325249129e-07,1.5,18.41050867725961,0.05431680446913372
19.5,17.8973,17.623339343900344,0.05674293506389936,2.0537043755694628e-07,nan,18.410950356846296,0.054315501406375796
nan,nan,nan,nan,1.3182142319919454e-07,nan,18.41614003776342,0.054300195260757085
nan,nan,nan,nan,7.911211387452412e-08,nan,18.423115564158586,0.054279635630439124
nan,nan,nan,nan,5.1772713206481553e-08,nan,18.436575657414895,0.05424000739518111
Name:	143.8449888287663_8_210_0.025
Lambda:	143.8449888287663	Maximal Depth:	20	Filter time:	8.0 to 210.0 [us]
Chi2:	1.0563784882559322	RelRMS:	2.5695068693427494	AbsRMS:	1.444210626813222e-06	Phi model:	0.07072058630791352
depth_vector,start_model,resistivity_model,conductivity_model,E/I[V/A],modelled_thickness,rhoa,sigma
0.0,17.8973,12.61910879798394,0.07924489882833584,0.00020217091983535437,1.0,15.117207435632407,0.06614978356670055
1.0,17.8973,13.032611463040514,0.07673059254746628,0.00011272494397415031,1.0,15.67795394486207,0.06378383324232922
2.0,17.8973,13.854049728964302,0.07218106038044067,6.971355271571727e-05,1.0,16.121260718986274,0.062029888197409
3.0,17.8973,15.046144397300901,0.06646220942684745,4.662290493932435e-05,1.0,16.456905563819568,0.0607647650478408
4.0,17.8973,16.54221539327377,0.060451395186560675,2.8615812006474545e-05,1.0,16.86689616626377,0.059287730839307856
5.0,17.8973,18.250410966735345,0.054793286672978475,1.6444093117412138e-05,1.0,17.270061101280362,0.05790367469666117
6.0,17.8973,20.060639240935423,0.04984886014795659,1.0431395710857235e-05,1.5,17.559225207350835,0.05695012098719305
7.5,17.8973,21.71907900157273,0.04604246800371174,7.113720543481717e-06,1.5,17.765691986759958,0.05628826621249873
9.0,17.8973,22.994961795434545,0.04348778697247244,4.472261815022785e-06,1.5,17.965980097993466,0.05566075407774081
10.5,17.8973,23.728658301439122,0.04214313288582991,2.6408254008372535e-06,1.5,18.1430543713426,0.05511751106139683
12.0,17.8973,23.849027890116805,0.04193043023000559,1.704892027186885e-06,1.5,18.250729858762774,0.05479232927881332
13.5,17.8973,23.371519891572625,0.04278711887970038,1.1814129970270105e-06,1.5,18.308366806172142,0.05461983641615038
15.0,17.8973,22.381613521051026,0.044679531216971914,7.546523649745801e-07,1.5,18.36248259482688,0.05445886714042263
16.5,17.8973,21.00956822047222,0.0475973608551163,4.509834957563041e-07,1.5,18.39904783512941,0.05435063862873894
18.0,17.8973,19.403946509633887,0.051535907888815756,2.9484783798058724e-07,1.5,18.41192374575009,0.05431262989185602
19.5,17.8973,17.70850793650989,0.05647003144394144,2.052703248032907e-07,nan,18.416936028502043,0.05429784837458307
nan,nan,nan,nan,1.3169752360873022e-07,nan,18.427688696239922,0.05426616525186064
nan,nan,nan,nan,7.899798653364653e-08,nan,18.440855047953843,0.05422742044225101
nan,nan,nan,nan,5.1677502286839483e-08,nan,18.459213809691768,0.0541734881187065
Name:	183.29807108324357_8_210_0.025
Lambda:	183.29807108324357	Maximal Depth:	20	Filter time:	8.0 to 210.0 [us]
Chi2:	1.112796588566944	RelRMS:	2.637229356454118	AbsRMS:	1.6668396404802883e-06	Phi model:	0.0644906208422136
depth_vector,start_model,resistivity_model,conductivity_model,E/I[V/A],modelled_thickness,rhoa,sigma
0.0,17.8973,12.782833893415614,0.07822991430054457,0.00020125167095054255,1.0,15.163205955366433,0.06594911412161414
1.0,17.8973,13.174929092901765,0.07590173677206113,0.000112408361636412,1.0,15.707376646049832,0.06366435481455682
2.0,17.8973,13.953700602104444,0.0716655766463259,6.960990541096454e-05,1.0,16.13725950370408,0.06196839059138041
3.0,17.8973,15.083977556824912,0.06629551099719974,4.659865570780391e-05,1.0,16.46261435096006,0.060743693479139445
4.0,17.8973,16.503429782499072,0.060593465308674314,2.8630351583119645e-05,1.0,16.861185250457844,0.059307811707533804
5.0,17.8973,18.12639318183202,0.05516817328018098,1.646665731239124e-05,1.0,17.254280765289998,0.05795663195719376
6.0,17.8973,19.85023857071682,0.05037722828556859,1.0450577487477891e-05,1.5,17.537732279858268,0.05701991477817687
7.5,17.8973,21.441829417783165,0.04663781156521244,7.128379193111789e-06,1.5,17.74132830062127,0.05636556536553026
9.0,17.8973,22.682984416810253,0.044085909579821635,4.481769109015162e-06,1.5,17.940563304257964,0.05573960990191778
10.5,17.8973,23.419719981613948,0.04269905877547072,2.6460396020553384e-06,1.5,18.11921178708532,0.05519003871419847
12.0,17.8973,23.57903440529206,0.04241055773579773,1.7077881660918908e-06,1.5,18.230090452958848,0.05485436304226863
13.5,17.8973,23.168397746818272,0.043162242418655405,1.1830493889500698e-06,1.5,18.291480176987154,0.05467026125409568
15.0,17.8973,22.261334429675998,0.04492093693480147,7.553555772017329e-07,1.5,18.35108423088013,0.054492693043022414
16.5,17.8973,20.975159637942493,0.047675441677739364,4.5114025108649356e-07,1.5,18.394785574689326,0.05436323222902745
18.0,17.8973,19.446706030400552,0.05142259046013885,2.9480042123296515e-07,1.5,18.413897985668914,0.05430680678139281
19.5,17.8973,17.81093854911256,0.056145272594285915,2.051473187990665e-07,nan,18.42429713659661,0.05427615461181837
nan,nan,nan,nan,1.3154820062095352e-07,nan,18.441631150806547,0.05422513832005933
nan,nan,nan,nan,7.886135285381578e-08,nan,18.462149085082476,0.054164875139482316
nan,nan,nan,nan,5.156378860687029e-08,nan,18.486342594339117,0.05409398829956877
Name:	233.57214690901213_8_210_0.025
Lambda:	233.57214690901213	Maximal Depth:	20	Filter time:	8.0 to 210.0 [us]
Chi2:	1.1890659550578078	RelRMS:	2.726107521560971	AbsRMS:	1.9122108100316834e-06	Phi model:	0.057868799477358616
depth_vector,start_model,resistivity_model,conductivity_model,E/I[V/A],modelled_thickness,rhoa,sigma
0.0,17.8973,12.96450095152841,0.07713370562729667,0.00020024081928576872,1.0,15.214194176047654,0.06572809499002859
1.0,17.8973,13.332575026347167,0.07500426571940155,0.00011205977594708461,1.0,15.739933864564929,0.06353266847272368
2.0,17.8973,14.064187805725526,0.0711025772560361,6.949647558862272e-05,1.0,16.154813860638004,0.061901053681376605
3.0,17.8973,15.12758675875658,0.06610439695023738,4.657323225112436e-05,1.0,16.46860489493054,0.060721597632585486
4.0,17.8973,16.46581352228516,0.06073189148210503,2.864788146848248e-05,1.0,16.854306212481745,0.05933201802512837
5.0,17.8973,17.999680907938565,0.05555654042505614,1.649290514732844e-05,1.0,17.235969549243038,0.0580182041481918
6.0,17.8973,19.633346514095532,0.05093375188392166,1.047283674366922e-05,1.5,17.512873348607204,0.05710085261819871
7.5,17.8973,21.152589203841586,0.047275536359321295,7.145406805791792e-06,1.5,17.713131858345513,0.056455290233096284
9.0,17.8973,22.350980741801354,0.044740766034028004,4.49284896206664e-06,1.5,17.911055583861597,0.0558314385948883
10.5,17.8973,23.081700621699945,0.043324364022807905,2.652150678016603e-06,1.5,18.09136760582192,0.05527498096264395
12.0,17.8973,23.27278880053215,0.042968636400685004,1.7112062645595373e-06,1.5,18.205806216146087,0.05492753180648135
13.5,17.8973,22.92659219485011,0.04361747230033713,1.1849983028494166e-06,1.5,18.271419220720258,0.054730286023210194
15.0,17.8973,22.10655113293583,0.045235459569726036,7.562107792571933e-07,1.5,18.3372460745357,0.05453381581592372
16.5,17.8973,20.917345003572795,0.04780721453077313,4.5134979000204654e-07,1.5,18.389091954052173,0.05438006414338706
18.0,17.8973,19.483479939376995,0.051325533380664444,2.9476536951077767e-07,1.5,18.41535773662582,0.054302501982414736
19.5,17.8973,17.92977083863655,0.05577316124114188,2.0501945082961145e-07,nan,18.43195700377329,0.05425359877929866
nan,nan,nan,nan,1.3138512273189579e-07,nan,18.45688808103664,0.054180314450052974
nan,nan,nan,nan,7.870930691283738e-08,nan,18.485917488525512,0.05409523225561918
nan,nan,nan,nan,5.1436274808154134e-08,nan,18.51688253113299,0.05400477096069871
Name:	297.63514416313194_8_210_0.025
Lambda:	297.63514416313194	Maximal Depth:	20	Filter time:	8.0 to 210.0 [us]
Chi2:	1.2920134384729534	RelRMS:	2.8416692260810295	AbsRMS:	2.195780886057742e-06	Phi model:	0.05084222913860147
depth_vector,start_model,resistivity_model,conductivity_model,E/I[V/A],modelled_thickness,rhoa,sigma
0.0,17.8973,13.167180306304932,0.07594640437339216,0.0001990765330103057,1.0,15.27345599431948,0.06547306649994088
1.0,17.8973,13.511173702371835,0.0740128150246824,0.00011165081668463465,1.0,15.778345695934682,0.06337800041088286
2.0,17.8973,14.194482729047799,0.07044990783310372,6.935850947570481e-05,1.0,16.1762299168686,0.06181910155450983
3.0,17.8973,15.187475982894272,0.06584372552268099,4.653809592723255e-05,1.0,16.476893064517444,0.060691053591497394
4.0,17.8973,16.437397029684888,0.06083688300489815,2.8664017182918034e-05,1.0,16.84798046984063,0.05935429482424248
5.0,17.8973,17.871451514507275,0.055955163976929526,1.652073655658312e-05,1.0,17.216606566297063,0.058083455421324606
6.0,17.8973,19.401871403738134,0.05154141985537185,1.0496998973931608e-05,1.5,17.485988675389077,0.057188645066862324
7.5,17.8973,20.83659163432181,0.04799249404844172,7.164067195480058e-06,1.5,17.68235998981335,0.05655353700388925
9.0,17.8973,21.984067089532314,0.04548748854920247,4.505070096324217e-06,1.5,17.87864876265167,0.05593263860572006
10.5,17.8973,22.705460927718487,0.04404226820954843,2.6589147855279355e-06,1.5,18.060672401567686,0.0553689241333672
12.0,17.8973,22.929404493051404,0.0436121226045379,1.714990614607021e-06,1.5,18.179014035736873,0.05500848385034352
13.5,17.8973,22.652243650676233,0.04414573741220319,1.1871513282295456e-06,1.5,18.24932109454111,0.054796558996330465
15.0,17.8973,21.92706920365479,0.04560573010064294,7.571476091723995e-07,1.5,18.322116990025798,0.05457884591307765
16.5,17.8973,20.84608198718292,0.04797064506485409,4.515689228912922e-07,1.5,18.38314235532598,0.05439766393966259
18.0,17.8973,19.521364815995824,0.051225926538732536,2.947137346947872e-07,1.5,18.417508627998977,0.05429616025697216
19.5,17.8973,18.067144244756008,0.05534909039596837,2.0486613846844554e-07,nan,18.44115160772916,0.05422654838870661
nan,nan,nan,nan,1.311947567845697e-07,nan,18.474737949993195,0.05412796667031309
nan,nan,nan,nan,7.853352421628002e-08,nan,18.513492068307222,0.054014661108256
nan,nan,nan,nan,5.12894172067e-08,nan,18.55221209201205,0.05390192797712603
Name:	379.26901907322497_8_210_0.025
Lambda:	379.26901907322497	Maximal Depth:	20	Filter time:	8.0 to 210.0 [us]
Chi2:	1.4244929769909243	RelRMS:	2.9838031279213575	AbsRMS:	2.5070523466661828e-06	Phi model:	0.04374268168031262
depth_vector,start_model,resistivity_model,conductivity_model,E/I[V/A],modelled_thickness,rhoa,sigma
0.0,17.8973,13.388771504330382,0.07468945150617935,0.00019780170557730516,1.0,15.339010418400992,0.06519325384904749
1.0,17.8973,13.7073687341428,0.07295346170335117,0.00011119815834227475,1.0,15.821136349977488,0.06320658503151216
2.0,17.8973,14.339842400847857,0.0697357733820613,6.920300495892193e-05,1.0,16.200453678819784,0.0617266664147427
3.0,17.8973,15.258756979202863,0.06553613779700168,4.649635437280743e-05,1.0,16.486752880733405,0.060654757624747965
4.0,17.8973,16.415788254637487,0.06091696508801509,2.867966801160352e-05,1.0,16.841850486179013,0.059375898201960264
5.0,17.8973,17.744690086714307,0.05635488673587564,1.6550213566661008e-05,1.0,17.196157893564646,0.058152524894775015
6.0,17.8973,19.16583848612805,0.05217616754538473,1.05229546553141e-05,1.5,17.45722314638679,0.057282878932951885
7.5,17.8973,20.509179641959115,0.04875865429322829,7.184241479734022e-06,1.5,17.649241566820592,0.056659658502263004
9.0,17.8973,21.598748059620565,0.04629897979455238,4.518353727793932e-06,1.5,17.843590285332095,0.05604253314547502
10.5,17.8973,22.304814652345353,0.044833369637297116,2.666301024315923e-06,1.5,18.027302299397217,0.0554714168205543
12.0,17.8973,22.557858737703317,0.04433044871978895,1.7191371171286197e-06,1.5,18.14977081389179,0.055097114462437306
13.5,17.8973,22.349521111932678,0.044743688018715,1.1895175424950189e-06,1.5,18.22511176518292,0.05486934801192224
15.0,17.8973,21.723385960482272,0.04603333945357933,7.581825555032348e-07,1.5,18.30543963064443,0.05462857053298729
16.5,17.8973,20.759543517468927,0.04817061604261727,4.5181555018110124e-07,1.5,18.376452018759935,0.05441746856134862
18.0,17.8973,19.55743610601957,0.051131446605734314,2.946617325658799e-07,1.5,18.419675454981594,0.054289773044266666
19.5,17.8973,18.219979940961416,0.054884802466321096,2.0470136106714222e-07,nan,18.451046599784775,0.05419746758493714
nan,nan,nan,nan,1.3098816910939368e-07,nan,18.49415777319066,0.054071129502832035
nan,nan,nan,nan,7.834204467199621e-08,nan,18.543646268306162,0.05392682677026406
nan,nan,nan,nan,5.112920219097637e-08,nan,18.59094785240566,0.05378961890157744
Name:	483.2930238571752_8_210_0.025
Lambda:	483.2930238571752	Maximal Depth:	20	Filter time:	8.0 to 210.0 [us]
Chi2:	1.5877767810715877	RelRMS:	3.150175373165346	AbsRMS:	2.838470793432747e-06	Phi model:	0.03686469972158881
depth_vector,start_model,resistivity_model,conductivity_model,E/I[V/A],modelled_thickness,rhoa,sigma
0.0,17.8973,13.627848436390622,0.07337915479964445,0.00019644704765278654,1.0,15.40944603539247,0.06489525955074546
1.0,17.8973,13.919522587014843,0.07184154440274221,0.0001107132887509133,1.0,15.867295213939986,0.06302271348184561
2.0,17.8973,14.498321060585285,0.06897350360922624,6.903415343245479e-05,1.0,16.22685952082594,0.06162621909165948
3.0,17.8973,15.339464501985944,0.06519132397813064,4.644927092433798e-05,1.0,16.49789223170534,0.06061380362748514
4.0,17.8973,16.399668584245624,0.06097684199305418,2.8694557511424847e-05,1.0,16.836023866230935,0.059396447043874916
5.0,17.8973,17.619624644482297,0.056754898028611334,1.6580627632193542e-05,1.0,17.175122698850043,0.05822374707500371
6.0,17.8973,18.928022937471393,0.052831719578082394,1.0550048809216204e-05,1.5,17.427321776137727,0.057381163488313215
7.5,17.8973,20.176640593185482,0.04956226460899259,7.205407850963513e-06,1.5,17.614660731250993,0.05677089188699804
9.0,17.8973,21.2048921172206,0.04715892891470525,4.5323476732647235e-06,1.5,17.80684245695475,0.056158187641483504
10.5,17.8973,21.892286080921014,0.04567818985663144,2.6741082885767066e-06,1.5,17.99219714228219,0.055579648894018105
12.0,17.8973,22.171703536239864,0.04510253343255697,1.7235299454485736e-06,1.5,18.118918343989446,0.05519093253884706
13.5,17.8973,22.031026421045848,0.04539053155710974,1.192028894403486e-06,1.5,18.199505140120646,0.054946548947394674
15.0,17.8973,21.505344936742077,0.04650006791062863,7.59284006704594e-07,1.5,18.28773222364704,0.05468146557324069
16.5,17.8973,20.663497189767906,0.04839451864397752,4.5208026819991134e-07,1.5,18.369277698646773,0.05443872189235116
18.0,17.8973,19.59275420560501,0.05103927653591062,2.9460875314636813e-07,1.5,18.421883659268115,0.05428326540846959
19.5,17.8973,18.3846807238173,0.05439311212538507,2.0452807549960473e-07,nan,18.461466844081645,0.05416687679508948
nan,nan,nan,nan,1.3076994072877735e-07,nan,18.51472737494713,0.05401105723831137
nan,nan,nan,nan,7.813943795531631e-08,nan,18.575686815681625,0.05383381028774658
nan,nan,nan,nan,5.0959573673824616e-08,nan,18.632180640664313,0.05367058313172011
Name:	615.8482110660261_8_210_0.025
Lambda:	615.8482110660261	Maximal Depth:	20	Filter time:	8.0 to 210.0 [us]
Chi2:	1.781064249110206	RelRMS:	3.3364129775761855	AbsRMS:	3.1872356278798973e-06	Phi model:	0.030453343201941662
depth_vector,start_model,resistivity_model,conductivity_model,E/I[V/A],modelled_thickness,rhoa,sigma
0.0,17.8973,13.880578248162736,0.07204310815598494,0.0001950252360852452,1.0,15.484249322964361,0.0645817552496343
1.0,17.8973,14.144378293770842,0.07069946654639449,0.00011019664392456569,1.0,15.91685125174908,0.06282649653398699
2.0,17.8973,14.667936040186776,0.06817591767923106,6.88491243562836e-05,1.0,16.25591917492471,0.06151605389023666
3.0,17.8973,15.429500545812575,0.06481091186528334,4.639345663966398e-05,1.0,16.511121590399117,0.06056523746887551
4.0,17.8973,16.391254016188682,0.061008144893145974,2.8705654923846997e-05,1.0,16.831684457817445,0.05941176015425787
5.0,17.8973,17.50100792789294,0.057139566139285586,1.6609808810205906e-05,1.0,17.15500056550987,0.05829204121453077
6.0,17.8973,18.695768403982147,0.053488039560171424,1.0576781215964328e-05,1.5,17.397944803311297,0.057478053373848675
7.5,17.8973,19.8483003571835,0.05038214769044846,7.226520151356731e-06,1.5,17.580336481672727,0.05688173267004799
9.0,17.8973,20.813054281919676,0.048046768458615954,4.546412283538391e-06,1.5,17.770099110019395,0.05627430628319712
10.5,17.8973,21.478664221538676,0.04655783011856045,2.6819943187384842e-06,1.5,17.956910805162956,0.05568886602212675
12.0,17.8973,21.78109906670092,0.04591136548884286,1.7279770418953564e-06,1.5,18.08781793898484,0.05528582847158643
13.5,17.8973,21.705358829402872,0.046071571903495256,1.1945727333822e-06,1.5,18.173658767739767,0.055024693309148595
15.0,17.8973,21.27923661191612,0.0469941670482677,7.603979103720097e-07,1.5,18.26986811288336,0.05473493261261313
16.5,17.8973,20.561187280098412,0.04863532374747251,4.5234404359678727e-07,1.5,18.36213588609827,0.05445989541756342
18.0,17.8973,19.626937995374632,0.050950382593334946,2.9454972323023076e-07,1.5,18.42434483043454,0.05427601411085916
19.5,17.8973,18.55687597200475,0.05388838086263112,2.0434711851739795e-07,nan,18.47236411368318,0.05413492251699727
nan,nan,nan,nan,1.3054399373030242e-07,nan,18.536084881188817,0.0539488250301897
nan,nan,nan,nan,7.79303010142621e-08,nan,18.60890561711002,0.05373771142568141
nan,nan,nan,nan,5.078469285397865e-08,nan,18.67493031716549,0.053547723231975174
Name:	784.7599703514607_8_210_0.025
Lambda:	784.7599703514607	Maximal Depth:	20	Filter time:	8.0 to 210.0 [us]
Chi2:	2.0017636414172246	RelRMS:	3.537092415933976	AbsRMS:	3.554365031604755e-06	Phi model:	0.02468125225903477
depth_vector,start_model,resistivity_model,conductivity_model,E/I[V/A],modelled_thickness,rhoa,sigma
0.0,17.8973,14.1410233404482,0.07071623997251,0.00019353462489191884,1.0,15.563654469507322,0.06425226170108207
1.0,17.8973,14.37748524962798,0.06955319255332744,0.00010964051393765757,1.0,15.970629255144825,0.06261494046503253
2.0,17.8973,14.846775892575495,0.06735469082550612,6.864017053044576e-05,1.0,16.288893213492855,0.06139152531073462
3.0,17.8973,15.53034428816535,0.06439007284352569,4.632239023235254e-05,1.0,16.52800451694534,0.060503371654742094
4.0,17.8973,16.395355334199074,0.06099288363175026,2.8708163500094462e-05,1.0,16.830703919563014,0.059415221417902744
5.0,17.8973,17.396564147396845,0.0574826150455483,1.663470428408768e-05,1.0,17.137880194327078,0.058350273701354066
6.0,17.8973,18.47876422320114,0.05411617291725835,1.060116955565223e-05,1.5,17.371251531984196,0.05756637615653574
7.5,17.8973,19.534336372458565,0.05119191053809735,7.246250150511267e-06,1.5,17.548410302674466,0.056985218760675714
9.0,17.8973,20.432663167702085,0.04894124626792166,4.559766730274043e-06,1.5,17.73538595555886,0.056384450978726325
10.5,17.8973,21.07222909262231,0.04745582423219356,2.689557242460988e-06,1.5,17.923232282071325,0.055793507792693375
12.0,17.8973,21.392776390146818,0.04674475074028187,1.73225997818859e-06,1.5,18.057991419053625,0.05537714448932923
13.5,17.8973,21.377769950044584,0.04677756390572041,1.197024726204371e-06,1.5,18.14883226407852,0.05509996375795881
15.0,17.8973,21.048429306253798,0.04750948327070112,7.614675468577237e-07,1.5,18.25275493398699,0.05478625027381375
16.5,17.8973,20.453687210667436,0.04889094028378702,4.5258920833338464e-07,1.5,18.355504184692233,0.054479571355711416
18.0,17.8973,19.6581791842458,0.0508694111813472,2.944818766570025e-07,1.5,18.427174615592968,0.05426767916736437
19.5,17.8973,18.731258967932842,0.053386694493518,2.0416168552069836e-07,nan,18.483547627402125,0.05410216805552445
nan,nan,nan,nan,1.3031629008201095e-07,nan,18.55767085453877,0.053886072656333564
nan,nan,nan,nan,7.772076519286249e-08,nan,18.6423371146841,0.05364134302733562
nan,nan,nan,nan,5.06098680994098e-08,nan,18.717912229004018,0.053424761680977824
Name:	1000.0_8_210_0.025
Lambda:	1000.0	Maximal Depth:	20	Filter time:	8.0 to 210.0 [us]
Chi2:	2.2501847128634402	RelRMS:	3.750153924227178	AbsRMS:	3.938587000487683e-06	Phi model:	0.01956854690942716
depth_vector,start_model,resistivity_model,conductivity_model,E/I[V/A],modelled_thickness,rhoa,sigma
0.0,17.8973,14.398829147986717,0.06945009137356302,0.00019198140793319065,1.0,15.647486381138382,0.06390802814216913
1.0,17.8973,14.611279323827453,0.06844027670932569,0.00010904531600688269,1.0,16.02869110394979,0.06238812598700464
2.0,17.8973,15.032580601094278,0.0665221778306784,6.840681859203633e-05,1.0,16.325915712216705,0.06125230692277179
3.0,17.8973,15.645562656330434,0.06391588605446444,4.6235727253244293e-05,1.0,16.5486511626304,0.060427885642919704
4.0,17.8973,16.420667024903814,0.06089886595248451,2.8702025726133626e-05,1.0,16.833103271111575,0.059406752509869494
5.0,17.8973,17.31765124219768,0.057744551268206275,1.6655528882556557e-05,1.0,17.123592090637775,0.05839896177781204
6.0,17.8973,18.287995459657918,0.054680678492398604,1.062353109850931e-05,1.5,17.346866395245666,0.05764729935742599
7.5,17.8973,19.241421489542184,0.05197121223832166,7.264933910656674e-06,1.5,17.51831037438972,0.057083130657504214
9.0,17.8973,20.064212204231744,0.04983998324086156,4.572722289451381e-06,1.5,17.701871203824915,0.05649120301948225
10.5,17.8973,20.667710768148993,0.0483846523312635,2.697050376554713e-06,1.5,17.890019839210474,0.05589708725801683
12.0,17.8973,20.998106479884473,0.04762334170264203,1.7365792117403683e-06,1.5,18.02803634031497,0.055469158211300176
13.5,17.8973,21.03844216224271,0.047532036463929866,1.199544438662316e-06,1.5,18.12340824368193,0.05517725951732141
15.0,17.8973,20.80406316844102,0.04806753334209071,7.626101852233322e-07,1.5,18.23451799791716,0.05484104378926963
16.5,17.8973,20.333953000720626,0.04917882912213677,4.5289554335170954e-07,1.5,18.3472262379431,0.05450415158297571
18.0,17.8973,19.68097288806075,0.05081049629445093,2.9446212676337895e-07,1.5,18.427998560083015,0.05426525277498693
19.5,17.8973,18.90295849383216,0.052901771980628835,2.0401398478425895e-07,nan,18.49246761816772,0.054076071438814426
nan,nan,nan,nan,1.3011576756629648e-07,nan,18.57673221692294,0.0538307808027197
nan,nan,nan,nan,7.752932624359218e-08,nan,18.673012838531157,0.053553221895533236
nan,nan,nan,nan,5.04477458563675e-08,nan,18.757992868501226,0.05331060775053491
