Name:	10.0_8_210_0.025
Lambda:	10	Maximal Depth:	20	Filter time:	8 to 210 [us]
Chi2:	4.666827927241462	RelRMS:	5.404329372492351	AbsRMS:	3.038501413380091e-07	Phi model:	0.1602743963112306
depth_vector,start_model,resistivity_model,conductivity_model,E/I[V/A],modelled_thickness,rhoa,sigma
0.0,16.9122,12.27003812685895,0.081499339257228,0.0002039405616919,1.0,15.02963001675598,0.0665352373202225
1.0,16.9122,12.832517940123884,0.0779270291821112,0.0001158761134695,1.0,15.392415903972214,0.064967059507659
2.0,16.9122,13.92934631315767,0.0717908778716629,7.30432479651244e-05,1.0,15.627533111265606,0.0639896260580704
3.0,16.9122,15.446567983119852,0.0647393000887193,4.9687616824257e-05,1.0,15.773047773160858,0.0633992881009073
4.0,16.9122,17.190698276587916,0.0581709936333362,3.110995562918932e-05,1.0,15.952899391353805,0.0626845299696419
5.0,16.9122,18.912898597775584,0.0528739682513612,1.8222570348176164e-05,1.0,16.12726548670951,0.0620067922131064
6.0,16.9122,20.350328061933887,0.0491392569670923,1.1691420460442496e-05,1.5,16.27379258094594,0.0614484911876561
7.5,16.9122,20.933440479095488,0.0477704561272963,8.018382252709632e-06,1.5,16.402957426497963,0.0609646159530086
9.0,16.9122,20.483996462420738,0.0488185985500713,5.0503881506288e-06,1.5,16.567331264114024,0.06035975161347
10.5,16.9122,19.161548844646425,0.0521878480757254,2.969267018600324e-06,1.5,16.779178399756887,0.0595976737463193
12.0,16.9122,17.375516206368847,0.0575522469734429,1.9008538469278271e-06,1.5,16.973797084230085,0.0589143369063292
13.5,16.9122,15.672888389564964,0.0638044484937314,1.304137457973572e-06,1.5,17.14096185266406,0.0583397832977838
15.0,16.9122,14.61074044258508,0.0684428009606794,8.20610664192522e-07,1.5,17.364858592750963,0.0575875694385127
16.5,16.9122,14.739177573980871,0.0678463906809362,4.805644933361261e-07,1.5,17.636050261323803,0.0567020384486553
18.0,16.9122,16.737085240357445,0.0597475597237648,3.0848681137956415e-07,1.5,17.865152657730068,0.055974892527286
19.5,16.9122,21.71644508298064,0.0460480523482965,2.113037823896791e-07,nan,18.0646677579547,0.0553566782073616
nan,nan,nan,nan,1.3284044651711173e-07,nan,18.32183868188596,0.0545796749639903
nan,nan,nan,nan,7.785192263689598e-08,nan,18.62139335154859,0.0537016742582712
nan,nan,nan,nan,4.9980215827370984e-08,nan,18.87478986622317,0.0529807222802263
Name:	12.742749857031335_8_210_0.025
Lambda:	12.742749857031336	Maximal Depth:	20	Filter time:	8 to 210 [us]
Chi2:	4.687312428367698	RelRMS:	5.416561493438546	AbsRMS:	4.023751748439725e-07	Phi model:	0.1275650262874123
depth_vector,start_model,resistivity_model,conductivity_model,E/I[V/A],modelled_thickness,rhoa,sigma
0.0,16.9122,12.53684424936567,0.0797648898007644,0.0002034876344553,1.0,15.051923938075843,0.0664366896958844
1.0,16.9122,13.050621396833144,0.0766247038813538,0.0001158584436208,1.0,15.393980887006787,0.0649604548258238
2.0,16.9122,14.04882675500808,0.0711803211356082,7.310697173084485e-05,1.0,15.618450621476082,0.064026837503648
3.0,16.9122,15.425997749565374,0.0648256285418021,4.974927762738205e-05,1.0,15.760012008516323,0.0634517283019597
4.0,16.9122,17.007656777111087,0.0587970473008251,3.115131851841048e-05,1.0,15.938774700327624,0.0627400800125146
5.0,16.9122,18.56868128561126,0.0538541205279285,1.824074893222281e-05,1.0,16.11654883726163,0.0620480234383672
6.0,16.9122,19.87211121060412,0.050321779573495,1.1697970544710202e-05,1.5,16.267717187356045,0.0614714399373282
7.5,16.9122,20.40450759454014,0.0490087788380436,8.019739591862624e-06,1.5,16.401106576340702,0.0609714957552036
9.0,16.9122,20.012243504306586,0.0499694099656943,5.048981636361575e-06,1.5,16.57040793814564,0.0603485444494076
10.5,16.9122,18.85836321558812,0.0530268713444553,2.9672690568227624e-06,1.5,16.786709543810797,0.0595709360068541
12.0,16.9122,17.312811095422955,0.0577606949263354,1.899187434269766e-06,1.5,16.9837245633876,0.0588798997692022
13.5,16.9122,15.868235516481995,0.0630189789508305,1.302894018467826e-06,1.5,17.15186596820899,0.0583026944038334
15.0,16.9122,15.017399282209777,0.0665894261188514,8.198426173188308e-07,1.5,17.375702091682143,0.0575516312793315
16.5,16.9122,15.244487826594524,0.0655974809632807,4.80192566445445e-07,1.5,17.645155601344673,0.0566727787837582
18.0,16.9122,17.132290788849488,0.0583693104631896,3.083193243281257e-07,1.5,17.871621948205515,0.0559546303574539
19.5,16.9122,21.59242282262082,0.0463125425161817,2.1124244484204205e-07,nan,18.06816449461982,0.0553459650147512
nan,nan,nan,nan,1.3285034472873916e-07,nan,18.32092860677288,0.0545823861586535
nan,nan,nan,nan,7.78944707632282e-08,nan,18.6146117187709,0.0537212387294441
nan,nan,nan,nan,5.0028329715533007e-08,nan,18.862686255319417,0.0530147183950532
Name:	16.237767391887218_8_210_0.025
Lambda:	16.237767391887218	Maximal Depth:	20	Filter time:	8 to 210 [us]
Chi2:	4.710507432983135	RelRMS:	5.430368577047577	AbsRMS:	5.122913704759471e-07	Phi model:	0.0983222605861202
depth_vector,start_model,resistivity_model,conductivity_model,E/I[V/A],modelled_thickness,rhoa,sigma
0.0,16.9122,12.827870652479882,0.077955260626726,0.0002030003976106,1.0,15.075999166110542,0.0663305953377808
1.0,16.9122,13.290892356317045,0.0752394928189083,0.0001158242134782,1.0,15.397013714042698,0.0649476592391393
2.0,16.9122,14.186268650119189,0.0704906994688556,7.316012529194468e-05,1.0,15.610884780345849,0.0640578682163488
3.0,16.9122,15.41553107272387,0.0648696431723583,4.980321821850624e-05,1.0,15.748630442925815,0.0634975849883628
4.0,16.9122,16.82252498766016,0.0594441084637134,3.118752413784556e-05,1.0,15.92643675561451,0.0627886837052533
5.0,16.9122,18.20834593609413,0.0549198704544444,1.8255758295337675e-05,1.0,16.107713915554392,0.062082056165298
6.0,16.9122,19.367290161438184,0.0516334495773228,1.1702481031523988e-05,1.5,16.263536875051216,0.0614872403022021
7.5,16.9122,19.85651390475554,0.0503613073672768,8.019734215667363e-06,1.5,16.401113906221322,0.0609714685062138
9.0,16.9122,19.54819126503551,0.0511556279781562,5.046767570919909e-06,1.5,16.575253982009936,0.0603309005753611
10.5,16.9122,18.590820073950884,0.0537899886084735,2.9648478223718475e-06,1.5,16.795847512404322,0.0595385257731987
12.0,16.9122,17.303516246158665,0.0577917219699202,1.897285248405819e-06,1.5,16.995074395975465,0.0588405779639779
13.5,16.9122,16.11395369615002,0.0620580162296806,1.301511947462496e-06,1.5,17.164006158072382,0.0582614566081177
15.0,16.9122,15.455457955543311,0.0647020620725985,8.190070215548681e-07,1.5,17.387518510787558,0.0575125196490563
16.5,16.9122,15.757486928373943,0.0634618962113391,4.797953713708197e-07,1.5,17.65489253319923,0.0566415229160724
18.0,16.9122,17.518236306654657,0.0570833720070398,3.081434797976688e-07,1.5,17.878420357296516,0.0559333531718802
19.5,16.9122,21.46375234618049,0.0465901760266047,2.1118002943706925e-07,nan,18.07172441539181,0.0553350624995306
nan,nan,nan,nan,1.3286314462042501e-07,nan,18.31975190891121,0.0545858920454907
nan,nan,nan,nan,7.79410770229931e-08,nan,18.60719035255233,0.0537426651231539
nan,nan,nan,nan,5.008025903873344e-08,nan,18.849644577687663,0.0530513981777513
Name:	20.6913808111479_8_210_0.025
Lambda:	20.6913808111479	Maximal Depth:	20	Filter time:	8 to 210 [us]
Chi2:	4.735653873444686	RelRMS:	5.445175235118822	AbsRMS:	6.153349275064813e-07	Phi model:	0.0734350919566561
depth_vector,start_model,resistivity_model,conductivity_model,E/I[V/A],modelled_thickness,rhoa,sigma
0.0,16.9122,13.130584766161316,0.0761580704750552,0.0002025482288816,1.0,15.098427936422931,0.0662320609940876
1.0,16.9122,13.54164214132138,0.0738462875893441,0.0001158014954163,1.0,15.399027383342448,0.064939166293173
2.0,16.9122,14.331912450402475,0.0697743586880421,7.321670081057339e-05,1.0,15.602841918770867,0.0640908883911051
3.0,16.9122,15.41126913260324,0.064887582677046,4.9857861393435504e-05,1.0,15.737121559973358,0.0635440220874606
4.0,16.9122,16.640331129107704,0.0600949579813813,3.122341316406163e-05,1.0,15.91423023485884,0.0628368438336138
5.0,16.9122,17.848903483961912,0.0560258506018897,1.827044138498277e-05,1.0,16.099082753977765,0.06211534006513
6.0,16.9122,18.86371424178038,0.0530118293344979,1.170684834717183e-05,1.5,16.25949181162896,0.0615025372001349
7.5,16.9122,19.320731136458686,0.0517578756692584,8.019715590950625e-06,1.5,16.401139299140308,0.0609713741076765
9.0,16.9122,19.118379227521764,0.052305689101535,5.0446322521486615e-06,1.5,16.579931026539022,0.0603138817887317
10.5,16.9122,18.36297744945632,0.0544573995558442,2.962540044762851e-06,1.5,16.804568868533053,0.0595076260404706
12.0,16.9122,17.33140831385238,0.0576987156433638,1.8954931519088608e-06,1.5,17.005784719051153,0.0588035198916592
13.5,16.9122,16.386514668140833,0.0610257898187605,1.3002268091081756e-06,1.5,17.175314180322427,0.0582230979591447
15.0,16.9122,15.907485190650402,0.062863487723864,8.182484387638935e-07,1.5,17.398263279344928,0.0574770012353584
16.5,16.9122,16.27049432935387,0.0614609476367219,4.79453408566673e-07,1.5,17.663286256838834,0.0566146064474736
18.0,16.9122,17.892601782720742,0.0558890211800119,3.080080301740375e-07,1.5,17.88366144977241,0.0559169610098342
19.5,16.9122,21.33235221083932,0.0468771558858794,2.11147946008922e-07,nan,18.07355500606042,0.0553294578551192
nan,nan,nan,nan,1.3289689818904749e-07,nan,18.31664983911144,0.0545951365988722
nan,nan,nan,nan,7.800109608929661e-08,nan,18.597644081045097,0.0537702515244503
nan,nan,nan,nan,5.014133745854404e-08,nan,18.834333985283408,0.0530945241165082
Name:	26.366508987303583_8_210_0.025
Lambda:	26.366508987303583	Maximal Depth:	20	Filter time:	8 to 210 [us]
Chi2:	4.760669308778063	RelRMS:	5.459840812824084	AbsRMS:	7.07490639779161e-07	Phi model:	0.0540520041930831
depth_vector,start_model,resistivity_model,conductivity_model,E/I[V/A],modelled_thickness,rhoa,sigma
0.0,16.9122,13.427604079851609,0.0744734499210116,0.0002021466014491,1.0,15.118419818843996,0.0661444788531122
1.0,16.9122,13.785920963718112,0.0725377726037895,0.0001157868600734,1.0,15.400324970412107,0.0649336947058747
2.0,16.9122,14.472461701044356,0.0690967452985443,7.327181833251614e-05,1.0,15.59501628306396,0.0641230494312462
3.0,16.9122,15.40707545311312,0.0649052445445084,4.990988616623828e-05,1.0,15.726183680553566,0.0635882182424566
4.0,16.9122,16.470141213712672,0.0607159335809107,3.1257436954099045e-05,1.0,15.902679688621882,0.0628824839322824
5.0,16.9122,17.51899736067879,0.0570808922115879,1.828456646040128e-05,1.0,16.090790513014895,0.0621473506345855
6.0,16.9122,18.410971435143885,0.0543154392218079,1.1711296411409423e-05,1.5,16.25537454225867,0.0615181149717791
7.5,16.9122,18.846628025163824,0.0530598894754441,8.020012396352604e-06,1.5,16.400734646667797,0.060972878443782
9.0,16.9122,18.73576900005016,0.0533738433686561,5.042873153589362e-06,1.5,16.583786505550847,0.0602998597253579
10.5,16.9122,18.169143032716768,0.0550383690743874,2.96053564706118e-06,1.5,16.81215291042911,0.0594807818681965
12.0,16.9122,17.374432888146025,0.0575558354300165,1.8939154148198603e-06,1.5,17.015227919174624,0.0587708848068435
13.5,16.9122,16.657783320970093,0.0600319970989851,1.2990884829319109e-06,1.5,17.185345960712493,0.0581891107857883
15.0,16.9122,16.343740870014244,0.0611855026308385,8.175734089145763e-07,1.5,17.407838551227684,0.0574453857127182
16.5,16.9122,16.754928433498357,0.0596839314455492,4.791481333312777e-07,1.5,17.67078789162261,0.0565905723125159
18.0,16.9122,18.23579431469736,0.0548372054840538,3.0788692892788225e-07,1.5,17.888350599227323,0.0559023032589262
19.5,16.9122,21.215023777284685,0.0471364072224476,2.1111927604824498e-07,nan,18.07519122609637,0.0553244492681345
nan,nan,nan,nan,1.3292722145883033e-07,nan,18.3138641451672,0.054603440981836
nan,nan,nan,nan,7.805501659590652e-08,nan,18.58907824355356,0.0537950288281123
nan,nan,nan,nan,5.0196238440540974e-08,nan,18.820598400775385,0.0531332733798092
Name:	33.59818286283781_8_210_0.025
Lambda:	33.59818286283781	Maximal Depth:	20	Filter time:	8 to 210 [us]
Chi2:	4.784612578579027	RelRMS:	5.47381897888407	AbsRMS:	7.888864394514594e-07	Phi model:	0.0395038179496418
depth_vector,start_model,resistivity_model,conductivity_model,E/I[V/A],modelled_thickness,rhoa,sigma
0.0,16.9122,13.705698041799112,0.0729623545586834,0.0002017935473754,1.0,15.136048610087428,0.0660674410977743
1.0,16.9122,14.014649774510236,0.071353905812102,0.0001157755276897,1.0,15.401329900949516,0.0649294578085979
2.0,16.9122,14.605145387730204,0.0684690205713461,7.332142369896353e-05,1.0,15.587981651949734,0.064151987237868
3.0,16.9122,15.408188635797176,0.0649005553888887,4.995631071799456e-05,1.0,15.716439243968946,0.0636276439260083
4.0,16.9122,16.32268857722634,0.0612644170271811,3.128768935344068e-05,1.0,15.892427055951613,0.0629230511160664
5.0,16.9122,17.22997430375072,0.0580383918380141,1.829710049691926e-05,1.0,16.083441239675984,0.062175748653411
6.0,16.9122,18.01259096617145,0.0555167217130533,1.1715237793936023e-05,1.5,16.251728450828733,0.0615319166220136
7.5,16.9122,18.4286217825262,0.0542634176229167,8.020272827523217e-06,1.5,16.400379605907883,0.0609741984045156
9.0,16.9122,18.40464426821568,0.0543341118375742,5.041312171202488e-06,1.5,16.58720964381512,0.0602874155131252
10.5,16.9122,18.009086189358612,0.0555275259102757,2.958759337099053e-06,1.5,16.818881092517476,0.0594569873286569
12.0,16.9122,17.42929222437497,0.0573746763280205,1.8925188082450103e-06,1.5,17.023597948671913,0.0587419887978507
13.5,16.9122,16.918971751506295,0.0591052467423719,1.298082203933871e-06,1.5,17.194226250486903,0.0581590578972218
15.0,16.9122,16.751719718995357,0.05969536362682,8.169782748699667e-07,1.5,17.416291440194605,0.0574175049512622
16.5,16.9122,17.19972130019811,0.0581404769615936,4.788807032321936e-07,1.5,17.677366093376236,0.056569513507711
18.0,16.9122,18.54404815850016,0.0539256580576568,3.0778241267421497e-07,1.5,17.89240003483281,0.0558896513633278
19.5,16.9122,21.110943129543053,0.0473687979671823,2.1109630675663282e-07,nan,18.076502371124,0.0553204364134863
nan,nan,nan,nan,1.329560520499737e-07,nan,18.31121656046889,0.05461133599167
nan,nan,nan,nan,7.810424857875217e-08,nan,18.58126583582261,0.0538176467004799
nan,nan,nan,nan,5.0245984915882366e-08,nan,18.80817401840074,0.0531683723800972
Name:	42.81332398719393_8_210_0.025
Lambda:	42.81332398719393	Maximal Depth:	20	Filter time:	8 to 210 [us]
Chi2:	4.806607155132643	RelRMS:	5.486621596019022	AbsRMS:	8.590118039285083e-07	Phi model:	0.0290192422797908
depth_vector,start_model,resistivity_model,conductivity_model,E/I[V/A],modelled_thickness,rhoa,sigma
0.0,16.9122,13.957787695961276,0.0716445916632872,0.0002014902936085,1.0,15.151231849805807,0.0660012340853207
1.0,16.9122,14.222004706539808,0.0703135753808436,0.0001157660748157,1.0,15.40216828617526,0.0649259235076391
2.0,16.9122,14.72645933181278,0.0679049849979725,7.336405714497012e-05,1.0,15.58194205724398,0.0641768526879551
3.0,16.9122,15.412738988150188,0.0648813945898151,4.9996043559359353e-05,1.0,15.708111364618455,0.0636613770292231
4.0,16.9122,16.196937571899873,0.0617400663280263,3.1313480813547576e-05,1.0,15.883699288099676,0.0629576260455406
5.0,16.9122,16.981589342094672,0.0588873031761025,1.8307689220277607e-05,1.0,16.077239126868246,0.0621997341775431
6.0,16.9122,17.671537159439513,0.0565881728894102,1.171848226127848e-05,1.5,16.24872859501907,0.0615432767032949
7.5,16.9122,18.07414303214069,0.0553276577606877,8.020388013046263e-06,1.5,16.400222581848553,0.060974782202455
9.0,16.9122,18.12554885065352,0.0551707431449141,5.039896393626719e-06,1.5,16.59031588493245,0.0602761277685022
10.5,16.9122,17.88019654723985,0.0559277968426118,2.957187876387864e-06,1.5,16.82483897585085,0.0594359328749194
12.0,16.9122,17.489040545923782,0.0571786655405217,1.891290808648252e-06,1.5,17.030966006415202,0.0587165754205205
13.5,16.9122,17.16000797390441,0.0582750311958316,1.2971997691662352e-06,1.5,17.202023077510642,0.0581326972702046
15.0,16.9122,17.1204154535057,0.0584097975143023,8.164574279332271e-07,1.5,17.423697629857173,0.0573930988268761
16.5,16.9122,17.59608071646028,0.0568308372821084,4.786469770817325e-07,1.5,17.683120266765677,0.0565511055127209
18.0,16.9122,18.81389542897819,0.0531522035813883,3.076911260741283e-07,1.5,17.895938768918324,0.0558785997712956
19.5,16.9122,21.02105109688048,0.0475713605086284,2.110762374273933e-07,nan,18.07764817364945,0.0553169300781963
nan,nan,nan,nan,1.3298118283432345e-07,nan,18.30890951862554,0.0546182173756829
nan,nan,nan,nan,7.814716454083672e-08,nan,18.574462382277783,0.0538373590265588
nan,nan,nan,nan,5.0289343803507936e-08,nan,18.797361671649817,0.0531989551229521
Name:	54.5559478116852_8_210_0.025
Lambda:	54.5559478116852	Maximal Depth:	20	Filter time:	8 to 210 [us]
Chi2:	4.826224057913738	RelRMS:	5.497995413433007	AbsRMS:	9.178545407321276e-07	Phi model:	0.0216797029875388
depth_vector,start_model,resistivity_model,conductivity_model,E/I[V/A],modelled_thickness,rhoa,sigma
0.0,16.9122,14.179267620016956,0.0705255043348144,0.0002012362932749,1.0,15.1639784200456,0.0659457546232114
1.0,16.9122,14.404334768168743,0.0694235461820728,0.0001157586218973,1.0,15.402829373696411,0.0649231368950766
2.0,16.9122,14.834056607885817,0.0674124433008026,7.339993243332451e-05,1.0,15.576864375808434,0.0641977727913613
3.0,16.9122,15.419791663340364,0.0648517192600883,5.002924763326393e-05,1.0,15.701160350608774,0.0636895603681435
4.0,16.9122,16.09274737238336,0.0621397935890109,3.133488522288951e-05,1.0,15.87646518002687,0.0629863126748159
5.0,16.9122,16.773719674897723,0.0596170688065405,1.8316339542703143e-05,1.0,16.072176825312948,0.062219325413658
6.0,16.9122,17.386151066271843,0.0575170430872387,1.1721015438650306e-05,1.5,16.246387364739707,0.0615521455662411
7.5,16.9122,17.777357276433143,0.0562513305240069,8.02034098635881e-06,1.5,16.400286689462693,0.0609745438561453
9.0,16.9122,17.894211920336048,0.0558839922345806,5.038614235670076e-06,1.5,16.593130217402884,0.0602659044374399
10.5,16.9122,17.7781705394705,0.0562487573049112,2.955817839054091e-06,1.5,16.830037509380226,0.0594175740513144
12.0,16.9122,17.54943131459412,0.0569819034060892,1.890233085601754e-06,1.5,17.03731879107993,0.0586946814966895
13.5,16.9122,17.37661786238585,0.0575485982323776,1.2964454473412075e-06,1.5,17.20869496305465,0.0581101589717814
15.0,16.9122,17.445478356395228,0.0573214433889923,8.160165480789148e-07,1.5,17.429972883086865,0.0573724357867675
16.5,16.9122,17.941467380455297,0.0557368011654029,4.784526842470229e-07,1.5,17.687907185356213,0.0565358009582896
18.0,16.9122,19.04517532285028,0.0525067363806415,3.076181683316433e-07,1.5,17.89876824134455,0.0558697663725311
19.5,16.9122,20.943514199982783,0.0477474787875294,2.1106343954174294e-07,nan,18.07837892814572,0.0553146940870416
nan,nan,nan,nan,1.330060642568656e-07,nan,18.306626084302064,0.0546250300516871
nan,nan,nan,nan,7.818626520334155e-08,nan,18.568269185976103,0.0538553157531376
nan,nan,nan,nan,5.0328171821899366e-08,nan,18.787692359765444,0.0532263346051768
Name:	69.51927961775606_8_210_0.025
Lambda:	69.51927961775606	Maximal Depth:	20	Filter time:	8 to 210 [us]
Chi2:	4.84326623631185	RelRMS:	5.507836299120772	AbsRMS:	9.660882217177146e-07	Phi model:	0.0166758921501991
depth_vector,start_model,resistivity_model,conductivity_model,E/I[V/A],modelled_thickness,rhoa,sigma
0.0,16.9122,14.36877013119734,0.0695953787881127,0.0002010282968348,1.0,15.174436350367213,0.0659003060746833
1.0,16.9122,14.560483475998357,0.0686790381410349,0.0001157529245337,1.0,15.403334788136648,0.0649210066361851
2.0,16.9122,14.926892661746615,0.0669931795357995,7.342938522274755e-05,1.0,15.572698806576929,0.0642149451691484
3.0,16.9122,15.428042436617526,0.0648170371651662,5.005625479565996e-05,1.0,15.695512279527732,0.0637124792227609
4.0,16.9122,16.007968983120623,0.0624688866560421,3.135210294768122e-05,1.0,15.870652031762548,0.0630093834833415
5.0,16.9122,16.602888224820543,0.0602304843867494,1.8323109299557005e-05,1.0,16.06821783820461,0.0622346553967142
6.0,16.9122,17.151177678937593,0.0583050341334895,1.172283227491316e-05,1.5,16.24470871533127,0.0615585060664233
7.5,16.9122,17.533684486955767,0.0570330782867658,8.020104800601956e-06,1.5,16.400608671548873,0.0609733467840593
9.0,16.9122,17.70592405463266,0.0564782722954442,5.037433683453807e-06,1.5,16.595722581270213,0.0602564904964482
10.5,16.9122,17.698908804906466,0.056500658375209,2.954624085120995e-06,1.5,16.834570420110207,0.0594015751542683
12.0,16.9122,17.607390017825583,0.0567943345940317,1.8893284069700183e-06,1.5,17.04275707923329,0.0586759522154139
13.5,16.9122,17.56626111611903,0.0569273104498251,1.295807827269244e-06,1.5,17.214339683625106,0.0580911041828247
15.0,16.9122,17.725825049886414,0.0564148634653487,8.156495235970206e-07,1.5,17.435201229256776,0.0573552313420949
16.5,16.9122,18.23588528396889,0.054836931929984,4.782955024725294e-07,1.5,17.691782146016443,0.0565234181467221
18.0,16.9122,19.23944473810904,0.0519765520061617,3.075629418818807e-07,1.5,17.90091079648918,0.0558630793353892
19.5,16.9122,20.876975669245315,0.047899658257165,2.1105811085591248e-07,nan,18.078683215894973,0.0553137630688052
nan,nan,nan,nan,1.3303133956672786e-07,nan,18.304307230706968,0.0546319501413535
nan,nan,nan,nan,7.82223026311575e-08,nan,18.5625657482196,0.0538718630583659
nan,nan,nan,nan,5.036315720026734e-08,nan,18.7789906197698,0.053250998429449
Name:	88.58667904100822_8_210_0.025
Lambda:	88.58667904100822	Maximal Depth:	20	Filter time:	8 to 210 [us]
Chi2:	4.85776117892825	RelRMS:	5.516176038062245	AbsRMS:	1.0048175256457627e-06	Phi model:	0.013336315157582
depth_vector,start_model,resistivity_model,conductivity_model,E/I[V/A],modelled_thickness,rhoa,sigma
0.0,16.9122,14.527390633947904,0.0688354863717355,0.0002008613377017,1.0,15.182844007491362,0.0658638130976377
1.0,16.9122,14.69129066184334,0.0680675389941899,0.0001157486339499,1.0,15.403715434187506,0.0649194023527964
2.0,16.9122,15.005026288423563,0.0666443350900027,7.345294334328554e-05,1.0,15.569368936576668,0.0642286790218406
3.0,16.9122,15.436247053085545,0.0647825858552911,5.007758704706499e-05,1.0,15.691054604820737,0.0637305793131821
4.0,16.9122,15.939695516278382,0.0627364555978344,3.136546400916016e-05,1.0,15.86614465776988,0.0630272836640428
5.0,16.9122,16.464406879061627,0.0607370801356795,1.832811195547691e-05,1.0,16.065293826445355,0.0622459826009458
6.0,16.9122,16.96075405270723,0.0589596427666128,1.17239450451718e-05,1.5,16.24368079542796,0.061562401563657
7.5,16.9122,17.33664504992719,0.0576812870725642,8.019652200417715e-06,1.5,16.401225726461995,0.06097105281507
9.0,16.9122,17.555140734206024,0.0569633713076141,5.036312602573011e-06,1.5,16.598185290077986,0.0602475501100579
10.5,16.9122,17.63864987762342,0.0566936815991007,2.9535692474077044e-06,1.5,16.838578380523902,0.0593874362432303
12.0,16.9122,17.661084195098468,0.0566216654058833,1.8885487962279008e-06,1.5,17.047447030424564,0.0586598097776928
13.5,16.9122,17.72911315553782,0.0564044005600834,1.2952667127294127e-06,1.5,17.21913369294796,0.0580749309362495
15.0,16.9122,17.963080035010876,0.0556697402700958,8.153438444771625e-07,1.5,17.439558690664693,0.0573409005203379
16.5,16.9122,18.48244175360324,0.0541054051911212,4.781689534398064e-07,1.5,17.69490346838419,0.0565134476029619
18.0,16.9122,19.39964447117557,0.0515473364208206,3.075220486348149e-07,1.5,17.902497696568656,0.0558581275612546
19.5,16.9122,20.820128873127413,0.0480304423711181,2.1105848902088774e-07,nan,18.078661620848457,0.0553138291413559
nan,nan,nan,nan,1.330564112292989e-07,nan,18.30200778581376,0.0546388140417642
nan,nan,nan,nan,7.825531175086969e-08,nan,18.55734542493116,0.0538870176257286
nan,nan,nan,nan,5.039453938209677e-08,nan,18.771193652248083,0.0532731172308926
Name:	112.88378916846884_8_210_0.025
Lambda:	112.88378916846884	Maximal Depth:	20	Filter time:	8 to 210 [us]
Chi2:	4.869956738357916	RelRMS:	5.523124678138231	AbsRMS:	1.0352625788658888e-06	Phi model:	0.0111319740641576
depth_vector,start_model,resistivity_model,conductivity_model,E/I[V/A],modelled_thickness,rhoa,sigma
0.0,16.9122,14.657134371925949,0.0682261603547406,0.0002007300406362,1.0,15.1894639952169,0.0658351078296703
1.0,16.9122,14.798347277537797,0.0675751137100212,0.00011574535474,1.0,15.404006370433736,0.0649181762167657
2.0,16.9122,15.069323689710044,0.0663599787615446,7.347115295537135e-05,1.0,15.566796281687235,0.064239293808733
3.0,16.9122,15.443949621723444,0.0647502759652492,5.009379570648462e-05,1.0,15.687669692259623,0.063744330395572
4.0,16.9122,15.885783102489672,0.0629493675916597,3.1375339742409644e-05,1.0,15.862815120735418,0.0630405128212601
5.0,16.9122,16.35381094343802,0.0611478268556877,1.8331512556482024e-05,1.0,16.063306962081395,0.062253681782996
6.0,16.9122,16.80834618784575,0.0594942529636323,1.1724423140805924e-05,1.5,16.24323920522158,0.0615640752048112
7.5,16.9122,17.17951351438586,0.0582088659939418,8.019014523800242e-06,1.5,16.402095204833614,0.0609678207272754
9.0,16.9122,17.436059823176713,0.0573524070312468,5.035264976180135e-06,1.5,16.600487465388312,0.0602391949082808
10.5,16.9122,17.593848647488997,0.0568380472082053,2.95266525659218e-06,1.5,16.84201508200299,0.0593753179255003
12.0,16.9122,17.70961542825548,0.0564665000237391,1.8879081965600487e-06,1.5,17.051303140034083,0.0586465440082488
13.5,16.9122,17.86691849335505,0.0559693603780592,1.2948373152256206e-06,1.5,17.22294032015219,0.0580620951713989
15.0,16.9122,18.16083987162332,0.055063532692809,8.151148584458939e-07,1.5,17.442824674870213,0.0573301640439403
16.5,16.9122,18.68574055893489,0.0535167443241543,4.78086898456427e-07,1.5,17.696928084249645,0.0565069821857955
18.0,16.9122,19.528980916008614,0.0512059489586711,3.075073656959204e-07,1.5,17.90306756733652,0.055856349546737
19.5,16.9122,20.76935076688729,0.0481478699658877,2.1107459034170346e-07,nan,18.07774221748751,0.0553166423090517
nan,nan,nan,nan,1.3308910492533613e-07,nan,18.29901037150968,0.0546477639882063
nan,nan,nan,nan,7.829093899444738e-08,nan,18.55171516743196,0.0539033717893387
nan,nan,nan,nan,5.042650864352205e-08,nan,18.7632591400299,0.0532956450975289
Name:	143.8449888287663_8_210_0.025
Lambda:	143.8449888287663	Maximal Depth:	20	Filter time:	8 to 210 [us]
Chi2:	4.880091300527692	RelRMS:	5.528883844853133	AbsRMS:	1.0588426069096142e-06	Phi model:	0.0096956159180609
depth_vector,start_model,resistivity_model,conductivity_model,E/I[V/A],modelled_thickness,rhoa,sigma
0.0,16.9122,14.762226365517884,0.0677404596867471,0.0002006281986112,1.0,15.194603834108634,0.0658128379599614
1.0,16.9122,14.884976521130769,0.0671818325397017,0.0001157425944805,1.0,15.4042512752922,0.0649171441135837
2.0,16.9122,15.121316433223036,0.0661318083260859,7.348459513132821e-05,1.0,15.564897852096568,0.0642471289887264
3.0,16.9122,15.450296096924252,0.0647236786742924,5.010545167048808e-05,1.0,15.685236663551612,0.063754218151119
4.0,16.9122,15.842721084396612,0.0631204699415489,3.138206586315373e-05,1.0,15.860548454119655,0.0630495220825896
5.0,16.9122,16.265711206713966,0.0614790209472815,1.8333378258674426e-05,1.0,16.06221715183027,0.0622579056519635
6.0,16.9122,16.687445784734184,0.0599252883215242,1.1724208173411338e-05,1.5,16.243437754871422,0.0615633226839619
7.5,16.9122,17.05566709822059,0.0586315383761406,8.018086132704195e-06,1.5,16.40336128130528,0.0609631149891021
9.0,16.9122,17.343712940141675,0.0576577808599172,5.0341719433177614e-06,1.5,16.60289027323675,0.0602304769556878
10.5,16.9122,17.562019760792925,0.0569410588087648,2.9518086267533985e-06,1.5,16.845273349901877,0.0593638333571966
12.0,16.9122,17.753518362512768,0.0563268631930185,1.8873240656264089e-06,1.5,17.054821235695353,0.0586344463058353
13.5,16.9122,17.982868274538067,0.0556084816244747,1.294454633168952e-06,1.5,17.226334586406715,0.0580506546522728
15.0,16.9122,18.324340523496872,0.0545722231431861,8.149160166013247e-07,1.5,17.445661958982154,0.0573208401235319
16.5,16.9122,18.85173595487585,0.05304551275244,4.780189411408201e-07,1.5,17.698605294265185,0.0565016272962495
18.0,16.9122,19.63251467512198,0.0509359099711859,3.074980449497976e-07,1.5,17.90342934547322,0.0558552208464376
19.5,16.9122,20.72555008554644,0.0482496240568967,2.1109149615494577e-07,nan,18.076777002501384,0.0553195959579312
nan,nan,nan,nan,1.331196460706461e-07,nan,18.29621141521496,0.0546561240087338
nan,nan,nan,nan,7.832325750889006e-08,nan,18.546611488701856,0.0539182049836529
nan,nan,nan,nan,5.045518316024177e-08,nan,18.756149485761856,0.0533158471976947
Name:	183.29807108324357_8_210_0.025
Lambda:	183.2980710832436	Maximal Depth:	20	Filter time:	8 to 210 [us]
Chi2:	4.888527089609859	RelRMS:	5.533627363218539	AbsRMS:	1.0765326389538618e-06	Phi model:	0.0087580841227928
depth_vector,start_model,resistivity_model,conductivity_model,E/I[V/A],modelled_thickness,rhoa,sigma
0.0,16.9122,14.845585363839788,0.0673600922760348,0.000200551592505,1.0,15.198472914476394,0.0657960839636401
1.0,16.9122,14.953611250266787,0.0668734784704369,0.0001157403439804,1.0,15.404450958797538,0.0649163026111551
2.0,16.9122,15.16240639750275,0.0659525918105387,7.349397783609246e-05,1.0,15.563573081885236,0.0642525976996837
3.0,16.9122,15.4552307302801,0.0647030133326179,5.011320064501016e-05,1.0,15.68361968931034,0.0637607911827638
4.0,16.9122,15.808702146551422,0.0632562996462137,3.138607596741256e-05,1.0,15.85919745572516,0.0630548930859676
5.0,16.9122,16.196429953307476,0.0617420013473888,1.833392062528789e-05,1.0,16.061900374586166,0.0622591335196078
6.0,16.9122,16.592787236394642,0.06026715016309,1.172340517887134e-05,1.5,16.244179475826627,0.0615605116582296
7.5,16.9122,16.95947123326242,0.0589641024915158,8.016925183749284e-06,1.5,16.404944848164018,0.0609572302287816
9.0,16.9122,17.27341238706127,0.0578924405665816,5.033065019585521e-06,1.5,16.605324503619237,0.060221647567444
10.5,16.9122,17.54064928756492,0.0570104323737279,2.951020915079013e-06,1.5,16.84827087259106,0.0593532717726428
12.0,16.9122,17.79299686122821,0.0562018870569829,1.8868155640941632e-06,1.5,17.05788530950774,0.0586239139175486
13.5,16.9122,18.07978545270647,0.0553103908570056,1.2941366588752318e-06,1.5,17.229156188103897,0.0580411477545524
15.0,16.9122,18.45832722577808,0.0541760901607294,8.147636307457183e-07,1.5,17.44783714137982,0.0573136940640264
16.5,16.9122,18.98569488670876,0.0526712351571638,4.779788650955312e-07,1.5,17.69959457119459,0.0564984692715765
18.0,16.9122,19.71351762043452,0.05072661405509,3.075055293884276e-07,1.5,17.903138840861182,0.0558561271790873
19.5,16.9122,20.68556405591449,0.0483428925262531,2.1111868614319693e-07,nan,18.07522489638796,0.0553243462104769
nan,nan,nan,nan,1.3315533071470746e-07,nan,18.292942436277464,0.0546658911480998
nan,nan,nan,nan,7.835747154873578e-08,nan,18.541212295495047,0.053933905942222
nan,nan,nan,nan,5.048439981072607e-08,nan,18.74891233612316,0.053336427312283
Name:	233.57214690901213_8_210_0.025
Lambda:	233.57214690901213	Maximal Depth:	20	Filter time:	8 to 210 [us]
Chi2:	4.895600335821668	RelRMS:	5.537551326814636	AbsRMS:	1.0903629619349e-06	Phi model:	0.0081418331389767
depth_vector,start_model,resistivity_model,conductivity_model,E/I[V/A],modelled_thickness,rhoa,sigma
0.0,16.9122,14.91063978989408,0.0670662033347332,0.0002004913596729,1.0,15.201516773782789,0.0657829093557719
1.0,16.9122,15.0071126526445,0.0666350698596097,0.0001157358694426,1.0,15.404847997066884,0.064914629484848
2.0,16.9122,15.194344324012643,0.0658139620029297,7.349832249046774e-05,1.0,15.56295974351423,0.0642551299033427
3.0,16.9122,15.458971625395511,0.0646873559401086,5.011658624426759e-05,1.0,15.682913348981243,0.0637636628952591
4.0,16.9122,15.78223357912039,0.0633623875218132,3.1387152422050583e-05,1.0,15.85883484867264,0.0630563348153977
5.0,16.9122,16.142864453779804,0.0619468745998082,1.833299244758932e-05,1.0,16.062442500009183,0.0622570322041263
6.0,16.9122,16.52000412305631,0.0605326725436066,1.1721894758100916e-05,1.5,16.245574871349017,0.0615552239867865
7.5,16.9122,16.886260102246762,0.0592197439779425,8.015434744348426e-06,1.5,16.40697840960014,0.0609496748904645
9.0,16.9122,17.221346607392057,0.0580674684040539,5.031873301121738e-06,1.5,16.607946203278363,0.0602121410895829
10.5,16.9122,17.527771153330534,0.0570523195021282,2.95025716221167e-06,1.5,16.851178497100722,0.0593430305288174
12.0,16.9122,17.828451075554792,0.0560901222300312,1.8863543555248184e-06,1.5,17.060665600957154,0.058614360271143
13.5,16.9122,18.16037239118073,0.0550649501265531,1.2938653052880452e-06,1.5,17.231565006557087,0.0580330341219426
15.0,16.9122,18.56716790333705,0.0538585100972923,8.14648182307726e-07,1.5,17.44948552409204,0.057308279869875
16.5,16.9122,19.09240856679887,0.0523768384958496,4.779629429208562e-07,1.5,17.699987648351122,0.0564972145668789
18.0,16.9122,19.77523205243546,0.0505683067257278,3.075286572017882e-07,1.5,17.902241221221328,0.055858927809251
19.5,16.9122,20.647947546166627,0.0484309637926048,2.111561789325891e-07,nan,18.073085214248945,0.0553308960891521
nan,nan,nan,nan,1.3319685548515456e-07,nan,18.28914029591976,0.0546772556730343
nan,nan,nan,nan,7.839447892714857e-08,nan,18.535376717394943,0.0539508862024653
nan,nan,nan,nan,5.0515001813231664e-08,nan,18.74133950709712,0.0533579790079205
Name:	297.63514416313194_8_210_0.025
Lambda:	297.63514416313194	Maximal Depth:	20	Filter time:	8 to 210 [us]
Chi2:	4.901676790193023	RelRMS:	5.540855430987881	AbsRMS:	1.1011760191745344e-06	Phi model:	0.0077268484999428
depth_vector,start_model,resistivity_model,conductivity_model,E/I[V/A],modelled_thickness,rhoa,sigma
0.0,16.9122,14.960584630224831,0.0668423076180928,0.0002004439027765,1.0,15.203916076304475,0.0657725282737198
1.0,16.9122,15.048132459082376,0.0664534288702678,0.000115729256563,1.0,15.405434823238732,0.0649121567468854
2.0,16.9122,15.218755609199032,0.0657083946729222,7.349834247851547e-05,1.0,15.562956921925013,0.0642551415529015
3.0,16.9122,15.46170434888122,0.0646759230053676,5.011625947591556e-05,1.0,15.682981519461038,0.0637633857286064
4.0,16.9122,15.76181416710817,0.0634444734215179,3.1385741028121527e-05,1.0,15.859310285282584,0.0630544444879168
5.0,16.9122,16.101800610602258,0.0621048554868794,1.8330817694678067e-05,1.0,16.063712898071177,0.062252108609341
6.0,16.9122,16.464637484045134,0.0607362294474468,1.1719787149663583e-05,1.5,16.24752247694314,0.0615478453049749
7.5,16.9122,16.831461088733075,0.0594125486033649,8.013670599031825e-06,1.5,16.40938623107565,0.0609407314763685
9.0,16.9122,17.183985825858624,0.0581937165296767,5.0306184386791645e-06,1.5,16.610707934180798,0.0602021300935791
10.5,16.9122,17.52178294794189,0.0570718175753603,2.9495243421739254e-06,1.5,16.8539695392106,0.059333203235802
12.0,16.9122,17.86060261808897,0.0559891522913797,1.8859439927231569e-06,1.5,17.063140332865807,0.0586058592083352
13.5,16.9122,18.22755415515577,0.054861995827188,1.2936435713748751e-06,1.5,17.233533974043944,0.0580264037257904
15.0,16.9122,18.655261215927723,0.0536041810632063,8.145727988083951e-07,1.5,17.450562066294612,0.057304744466167
16.5,16.9122,19.17653639970976,0.0521470603010007,4.779744301124891e-07,1.5,17.699704057219282,0.0564981197859138
18.0,16.9122,19.820655466951973,0.0504524182697869,3.07570525578506e-07,1.5,17.900616542817485,0.055863997623101
19.5,16.9122,20.611256114045467,0.048517178888411,2.112067812042167e-07,nan,18.07019838872702,0.0553397355406924
nan,nan,nan,nan,1.3324657166966873e-07,nan,18.284590721323347,0.0546908604759639
nan,nan,nan,nan,7.843608337937307e-08,nan,18.528821720840785,0.0539699725684781
nan,nan,nan,nan,5.0548381582875786e-08,nan,18.733088000362898,0.0533814820055629
Name:	379.26901907322497_8_210_0.025
Lambda:	379.26901907322497	Maximal Depth:	20	Filter time:	8 to 210 [us]
Chi2:	4.907105199572401	RelRMS:	5.543724318532085	AbsRMS:	1.109713521525796e-06	Phi model:	0.0074363244766959
depth_vector,start_model,resistivity_model,conductivity_model,E/I[V/A],modelled_thickness,rhoa,sigma
0.0,16.9122,14.998472026686509,0.0666734583510052,0.000200406096792,1.0,15.205828130396087,0.0657642577191191
1.0,16.9122,15.079136335562836,0.0663167954547626,0.0001157206523742,1.0,15.406198441630378,0.0649089393330035
2.0,16.9122,15.236989408654908,0.0656297627556254,7.349476943715838e-05,1.0,15.563461326420624,0.0642530590738445
3.0,16.9122,15.463380559707591,0.0646689122174013,5.011290984227059e-05,1.0,15.683680363431709,0.0637605445168096
4.0,16.9122,15.74598733410642,0.0635082436421094,3.138234601968824e-05,1.0,15.860454060435202,0.063049897322584
5.0,16.9122,16.070631858347042,0.0622253069334422,1.832768556641161e-05,1.0,16.065542995533768,0.0622450171947503
6.0,16.9122,16.423194516349618,0.0608894937586277,1.1717251248052482e-05,1.5,16.249866634943128,0.0615389665937095
7.5,16.9122,16.791366957453985,0.0595544128440408,8.01173740933825e-06,1.5,16.412025790105318,0.060930930330544
9.0,16.9122,17.158303547163268,0.0582808199686691,5.029358260897137e-06,1.5,16.61348251892103,0.0601920758553243
10.5,16.9122,17.521120552379784,0.0570739752066928,2.9488530574111995e-06,1.5,16.85652723051525,0.0593242004313739
12.0,16.9122,17.88978890692943,0.0558978088116322,1.8856037090455964e-06,1.5,17.065193126706152,0.0585988094348051
13.5,16.9122,18.283494844703288,0.0546941385382729,1.2934852010034654e-06,1.5,17.23494062613034,0.05802166782541
15.0,16.9122,18.72606534823337,0.0534015011377892,8.145471295914871e-07,1.5,17.4509286830267,0.0573035405830653
16.5,16.9122,19.24176145688067,0.051970294000418,4.780200777586134e-07,1.5,17.69857723887783,0.0565017168613607
18.0,16.9122,19.85214594910444,0.050372388081557,3.076362359325101e-07,1.5,17.898067433207423,0.055871953982285
19.5,16.9122,20.574297315786897,0.0486043330983016,2.112745071160707e-07,nan,18.06633647443771,0.0553515651285977
nan,nan,nan,nan,1.333074470645519e-07,nan,18.279023808457875,0.0547075166857264
nan,nan,nan,nan,7.848434606441704e-08,nan,18.521224941714777,0.0539921092231719
nan,nan,nan,nan,5.058603951212618e-08,nan,18.72378982422594,0.0534079910844834
Name:	483.2930238571752_8_210_0.025
Lambda:	483.2930238571752	Maximal Depth:	20	Filter time:	8 to 210 [us]
Chi2:	4.912271273508342	RelRMS:	5.546398151561218	AbsRMS:	1.120769361678903e-06	Phi model:	0.0072194811293541
depth_vector,start_model,resistivity_model,conductivity_model,E/I[V/A],modelled_thickness,rhoa,sigma
0.0,16.9122,15.027356694083274,0.0665453027007557,0.0002003570272935,1.0,15.20831073829157,0.0657535223476328
1.0,16.9122,15.102882230129651,0.0662125271694855,0.0001156998752009,1.0,15.408042797840904,0.0649011696761465
2.0,16.9122,15.25123195540696,0.0655684736107809,7.348190723865704e-05,1.0,15.565277415097244,0.0642455623071689
3.0,16.9122,15.465358319551193,0.0646606421485758,5.010298616192532e-05,1.0,15.685751227267994,0.0637521267238771
4.0,16.9122,15.73508047802101,0.063552264724468,3.137495252709635e-05,1.0,15.862945634872707,0.0630399941484779
5.0,16.9122,16.048586153224754,0.0623107849160321,1.832252277286328e-05,1.0,16.06856074543847,0.0622333272931042
6.0,16.9122,16.393940500859934,0.060998147452563,1.171364593725119e-05,1.5,16.253200798367875,0.0615263425589634
7.5,16.9122,16.763795663514962,0.0596523615577359,8.009221021588707e-06,1.5,16.41546323287585,0.0609181712275571
9.0,16.9122,17.142299363715022,0.0583352313935604,5.027850800969508e-06,1.5,16.61680307726017,0.0601800475910125
10.5,16.9122,17.524560308652774,0.0570627726109766,2.948114177529203e-06,1.5,16.85934359105381,0.059314290298386
12.0,16.9122,17.91595526561352,0.0558161697310844,1.885258304347861e-06,1.5,17.067277445120574,0.058591653133634
13.5,16.9122,18.329386592273124,0.054557199443955,1.293343129434799e-06,1.5,17.236202755861203,0.058017419159214
15.0,16.9122,18.781741205051983,0.0532431998227627,8.145452621824653e-07,1.5,17.450955354766727,0.0573034530013195
16.5,16.9122,19.29052061653733,0.0518389327005888,4.780873400462867e-07,1.5,17.6969171869588,0.056507016981292
18.0,16.9122,19.87130529898967,0.050323820451334,3.077191753916187e-07,1.5,17.89485124814244,0.0558819956720123
19.5,16.9122,20.536217893410285,0.0486944580151188,2.113556820440537e-07,nan,18.06171037862673,0.0553657421715357
nan,nan,nan,nan,1.333778350650902e-07,nan,18.27259226941727,0.0547267724937798
nan,nan,nan,nan,7.853874377216698e-08,nan,18.51267180837572,0.0540170543912288
nan,nan,nan,nan,5.062786879432299e-08,nan,18.71347520772424,0.0534374288527251
Name:	615.8482110660261_8_210_0.025
Lambda:	615.8482110660261	Maximal Depth:	20	Filter time:	8 to 210 [us]
Chi2:	4.917622436800428	RelRMS:	5.549105091330536	AbsRMS:	1.1345972353387826e-06	Phi model:	0.0070432838146457
depth_vector,start_model,resistivity_model,conductivity_model,E/I[V/A],modelled_thickness,rhoa,sigma
0.0,16.9122,15.0496588421315,0.0664466889575264,0.0002002959786121,1.0,15.211400832483497,0.0657401649599903
1.0,16.9122,15.121349405435542,0.0661316641251963,0.000115668191915,1.0,15.410856335042748,0.0648893207657837
2.0,16.9122,15.26263836109732,0.0655194715580029,7.346115005065286e-05,1.0,15.568209360993144,0.0642334630022092
3.0,16.9122,15.467700251996998,0.0646508520147261,5.008764250921363e-05,1.0,15.68895447156772,0.0637391103283681
4.0,16.9122,15.728002895031898,0.0635808631695939,3.136438209754769e-05,1.0,15.86650952318547,0.0630258342919541
5.0,16.9122,16.03351340073892,0.0623693619112772,1.8315831664392457e-05,1.0,16.07247393339013,0.0622181752569234
6.0,16.9122,16.373942608331525,0.0610726459668407,1.17092925670138e-05,1.5,16.257229041552062,0.0615110974597261
7.5,16.9122,16.745667439727207,0.059716938939538,8.006339085699444e-06,1.5,16.419402234577667,0.060903557006119
9.0,16.9122,17.133457844984527,0.0583653346013122,5.026230575729597e-06,1.5,16.620373880084813,0.0601671182137628
10.5,16.9122,17.530728282655993,0.0570426957669151,2.947386036997729e-06,1.5,16.862120167959294,0.0593045233955904
12.0,16.9122,17.939158022735704,0.0557439763188785,1.8849583625045984e-06,1.5,17.069087937774267,0.0585854384045311
13.5,16.9122,18.36666409474753,0.0544464686042784,1.293252767731075e-06,1.5,17.23700562778681,0.0580147168013889
15.0,16.9122,18.824644109029617,0.053121854214515,8.145903924905631e-07,1.5,17.45031079829483,0.057305569600383
16.5,16.9122,19.32530753916777,0.0517456189493098,4.7819069121376e-07,1.5,17.694367209895546,0.0565151603410124
18.0,16.9122,19.879604015840663,0.0503028128328496,3.078292273086463e-07,1.5,17.890585939386654,0.055895318542836
19.5,16.9122,20.49592466793113,0.0487901871324032,2.11457468621106e-07,nan,18.055913823856223,0.0553835164343085
nan,nan,nan,nan,1.3346257004752864e-07,nan,18.26485730837735,0.0547499486646052
nan,nan,nan,nan,7.860234762694347e-08,nan,18.50268367459054,0.0540462139215666
nan,nan,nan,nan,5.067597131279528e-08,nan,18.7016312281231,0.0534712714523117
Name:	784.7599703514607_8_210_0.025
Lambda:	784.7599703514607	Maximal Depth:	20	Filter time:	8 to 210 [us]
Chi2:	4.923714621040463	RelRMS:	5.552150236874383	AbsRMS:	1.1535958792739595e-06	Phi model:	0.0068858717341026
depth_vector,start_model,resistivity_model,conductivity_model,E/I[V/A],modelled_thickness,rhoa,sigma
0.0,16.9122,15.067788998869156,0.066366737686269,0.0002002130253663,1.0,15.215602184022224,0.0657220127015473
1.0,16.9122,15.136633242071069,0.0660648893322314,0.0001156215395367,1.0,15.415001495554923,0.0648718717470355
2.0,16.9122,15.27269465993832,0.0654763302918044,7.343060299507608e-05,1.0,15.572526634454944,0.0642156551389325
3.0,16.9122,15.47108749608714,0.0646366973396611,5.006588679638965e-05,1.0,15.69349914519229,0.0637206521469974
4.0,16.9122,15.72452100476017,0.0635949419188843,3.1350203016630846e-05,1.0,15.871293236329608,0.063006837887097
5.0,16.9122,16.024299161924873,0.0624052253327925,1.8307453386327897e-05,1.0,16.07737719634131,0.0621992000179959
6.0,16.9122,16.36135214844969,0.0611196428587813,1.1704128813806118e-05,1.5,16.262010382580613,0.0614930120245877
7.5,16.9122,16.734815263283526,0.0597556641210146,8.003068983130022e-06,1.5,16.423874641655193,0.0608869722777682
9.0,16.9122,17.129807600025224,0.0583777718553317,5.024497306376545e-06,1.5,16.624195944518064,0.060153285207743
10.5,16.9122,17.538305756417742,0.0570180503116199,2.9466776470683645e-06,1.5,16.864822528379197,0.0592950206453257
12.0,16.9122,17.95902291328629,0.055682316617581,1.8847146792567909e-06,1.5,17.07055919889913,0.0585803890984713
13.5,16.9122,18.39592370867127,0.0543598688403252,1.2932245099422702e-06,1.5,17.23725671999191,0.0580138717108153
15.0,16.9122,18.85609388327908,0.0530332531323873,8.146914822468138e-07,1.5,17.44886723821753,0.0573103105403737
16.5,16.9122,19.34761727471428,0.0516859510812691,4.783370906203512e-07,1.5,17.690756677955484,0.0565266946012605
18.0,16.9122,19.877883665502623,0.0503071663376049,3.0797179593839934e-07,1.5,17.885064149858515,0.0559125755222919
19.5,16.9122,20.452487934762807,0.0488938071099073,2.115841254919233e-07,nan,18.048707442748206,0.0554056296370292
nan,nan,nan,nan,1.3356476243721832e-07,nan,18.255539643643832,0.0547778931502678
nan,nan,nan,nan,7.867726982226854e-08,nan,18.49093541241289,0.0540805523190949
nan,nan,nan,nan,5.07318535951221e-08,nan,18.68789519285547,0.0535105740737623
Name:	1000.0_8_210_0.025
Lambda:	1000	Maximal Depth:	20	Filter time:	8 to 210 [us]
Chi2:	4.931306582661337	RelRMS:	5.555953016574898	AbsRMS:	1.180525818484577e-06	Phi model:	0.0067319008620254
depth_vector,start_model,resistivity_model,conductivity_model,E/I[V/A],modelled_thickness,rhoa,sigma
0.0,16.9122,15.08400193784369,0.0662954038404846,0.0002000970591152,1.0,15.22148041784668,0.0656966321638158
1.0,16.9122,15.150717655416235,0.0660034740758639,0.000115555098846,1.0,15.420909702895456,0.0648470174111867
2.0,16.9122,15.282869350114533,0.0654327389111983,7.338789749728701e-05,1.0,15.578567303669807,0.0641907551899482
3.0,16.9122,15.47628278114585,0.0646149992308399,5.003642727135301e-05,1.0,15.69965836027776,0.0636956535646746
4.0,16.9122,15.724600798195793,0.0635946192106026,3.13318224956371e-05,1.0,15.877499793539965,0.0629822083453509
5.0,16.9122,16.02012419870897,0.0624214885974846,1.829715853415788e-05,1.0,16.08340722933102,0.0621758801316874
6.0,16.9122,16.354680796432973,0.0611445745989799,1.1698061070937186e-05,1.5,16.267633261370413,0.0614717570732694
7.5,16.9122,16.729412441376052,0.0597749624204821,7.999374783147519e-06,1.5,16.428930737504352,0.0608682339695532
9.0,16.9122,17.129599014536247,0.0583784827158765,5.022648382167862e-06,1.5,16.62827546465764,0.0601385274212853
10.5,16.9122,17.546007248698164,0.0569930233030193,2.9460003816935466e-06,1.5,16.867407167726867,0.0592859347056815
12.0,16.9122,17.974977664801994,0.055632892493556,1.8845413350510511e-06,1.5,17.07160597426347,0.0585767971395054
13.5,16.9122,18.417356263356183,0.0542966094427806,1.29327190460822e-06,1.5,17.236835587095758,0.058015289114241
15.0,16.9122,18.87685413899564,0.052974928589092,8.148600873905252e-07,1.5,17.446460223583216,0.0573182174025337
16.5,16.9122,19.35835804445655,0.051657273705936,4.785353592656736e-07,1.5,17.68586987137458,0.0565423135685594
18.0,16.9122,19.86653952362407,0.0503358926103291,3.081536299331333e-07,1.5,17.87802776224625,0.0559345814481695
19.5,16.9122,20.40491473880948,0.0490078009538571,2.1174090596617019e-07,nan,18.039797074313693,0.0554329960520381
nan,nan,nan,nan,1.3368819578900176e-07,nan,18.24430110795988,0.0548116364711666
nan,nan,nan,nan,7.876604275019716e-08,nan,18.47703938214569,0.0541212246896165
nan,nan,nan,nan,5.0797302837594994e-08,nan,18.671839597824995,0.0535565868997978
Name:	10_8_210_0.025
Lambda:	10	Maximal Depth:	20	Filter time:	8 to 210 [us]
Chi2:	4.666827927241462	RelRMS:	5.404329372492351	AbsRMS:	3.038501413380091e-07	Phi model:	0.1602743963112306
depth_vector,start_model,resistivity_model,conductivity_model,E/I[V/A],modelled_thickness,rhoa,sigma
0.0,16.9122,12.27003812685895,0.081499339257228,0.0002039405616919,1.0,15.02963001675598,0.0665352373202225
1.0,16.9122,12.832517940123884,0.0779270291821112,0.0001158761134695,1.0,15.392415903972214,0.064967059507659
2.0,16.9122,13.92934631315767,0.0717908778716629,7.30432479651244e-05,1.0,15.627533111265606,0.0639896260580704
3.0,16.9122,15.446567983119852,0.0647393000887193,4.9687616824257e-05,1.0,15.773047773160858,0.0633992881009073
4.0,16.9122,17.190698276587916,0.0581709936333362,3.110995562918932e-05,1.0,15.952899391353805,0.0626845299696419
5.0,16.9122,18.912898597775584,0.0528739682513612,1.8222570348176164e-05,1.0,16.12726548670951,0.0620067922131064
6.0,16.9122,20.350328061933887,0.0491392569670923,1.1691420460442496e-05,1.5,16.27379258094594,0.0614484911876561
7.5,16.9122,20.933440479095488,0.0477704561272963,8.018382252709632e-06,1.5,16.402957426497963,0.0609646159530086
9.0,16.9122,20.483996462420738,0.0488185985500713,5.0503881506288e-06,1.5,16.567331264114024,0.06035975161347
10.5,16.9122,19.161548844646425,0.0521878480757254,2.969267018600324e-06,1.5,16.779178399756887,0.0595976737463193
12.0,16.9122,17.375516206368847,0.0575522469734429,1.9008538469278271e-06,1.5,16.973797084230085,0.0589143369063292
13.5,16.9122,15.672888389564964,0.0638044484937314,1.304137457973572e-06,1.5,17.14096185266406,0.0583397832977838
15.0,16.9122,14.61074044258508,0.0684428009606794,8.20610664192522e-07,1.5,17.364858592750963,0.0575875694385127
16.5,16.9122,14.739177573980871,0.0678463906809362,4.805644933361261e-07,1.5,17.636050261323803,0.0567020384486553
18.0,16.9122,16.737085240357445,0.0597475597237648,3.0848681137956415e-07,1.5,17.865152657730068,0.055974892527286
19.5,16.9122,21.71644508298064,0.0460480523482965,2.113037823896791e-07,nan,18.0646677579547,0.0553566782073616
nan,nan,nan,nan,1.3284044651711173e-07,nan,18.32183868188596,0.0545796749639903
nan,nan,nan,nan,7.785192263689598e-08,nan,18.62139335154859,0.0537016742582712
nan,nan,nan,nan,4.998021582737098e-08,nan,18.87478986622317,0.0529807222802263
Name:	58.06735210785115_8_210_0.025
Lambda:	58.06735210785115	Maximal Depth:	20	Filter time:	8 to 210 [us]
Chi2:	4.830852464109425	RelRMS:	5.500675330558851	AbsRMS:	9.313142103802184e-07	Phi model:	0.0202002218182979
depth_vector,start_model,resistivity_model,conductivity_model,E/I[V/A],modelled_thickness,rhoa,sigma
0.0,16.9122,14.231083990205496,0.0702687160506007,0.0002011782340891,1.0,15.166895786335743,0.0659330698969347
1.0,16.9122,14.447019272969364,0.0692184305361188,0.0001157568330854,1.0,15.402988055147572,0.0649224680574758
2.0,16.9122,14.859388153783794,0.0672975219201983,7.340801044220705e-05,1.0,15.575721609000263,0.0642024828834999
3.0,16.9122,15.421889256630108,0.0648428985164761,5.003671154022194e-05,1.0,15.699598898225291,0.0636958948112388
4.0,16.9122,16.069205419498186,0.0622308305790037,3.133967072374834e-05,1.0,15.87484893731778,0.0629927254078778
5.0,16.9122,16.726452763503865,0.0597855393572713,1.83182389748e-05,1.0,16.07106578197254,0.0622236268313787
6.0,16.9122,17.32107126449049,0.0577331496839964,1.1721539027279414e-05,1.5,16.24590355529008,0.0615539786135425
7.5,16.9122,17.709870240316988,0.05646568757593,8.020290407197038e-06,1.5,16.400355640572073,0.0609742875042384
9.0,16.9122,17.841912291731962,0.0560478038255689,5.038295746700469e-06,1.5,16.593829484712696,0.0602633648201136
10.5,16.9122,17.75572867133907,0.0563198513848761,2.955490391269376e-06,1.5,16.8312805871805,0.0594131857537713
12.0,16.9122,17.564652392689098,0.0569325243473778,1.8899829734323869e-06,1.5,17.03882185463227,0.0586895038008824
13.5,16.9122,17.427981397263853,0.0573789917033648,1.296267976291077e-06,1.5,17.210265613331053,0.0581048556987639
15.0,16.9122,17.521832862755705,0.0570716549936732,8.159132545104478e-07,1.5,17.431443926813163,0.0573675941131757
16.5,16.9122,18.0219889448839,0.0554877712475725,4.784073373836033e-07,1.5,17.689024891792897,0.0565322286625288
18.0,16.9122,19.09862161152953,0.0523597995886947,3.0760121344094845e-07,1.5,17.89942595195173,0.0558677134498249
19.5,16.9122,20.925562496649786,0.0477884405812317,2.1106052415814108e-07,nan,18.07854540578952,0.0553141847175247
nan,nan,nan,nan,1.33011919141399e-07,nan,18.30608886944717,0.0546266330908618
nan,nan,nan,nan,7.81954118105204e-08,nan,18.566821189889776,0.0538595158413294
nan,nan,nan,nan,5.0337240125934734e-08,nan,18.78543587766077,0.053232728083205
Name:	172.21381097981777_8_210_0.025
Lambda:	172.21381097981777	Maximal Depth:	20	Filter time:	8 to 210 [us]
Chi2:	4.886502487233362	RelRMS:	5.532492899399989	AbsRMS:	1.0722684847474004e-06	Phi model:	0.0089624634142048
depth_vector,start_model,resistivity_model,conductivity_model,E/I[V/A],modelled_thickness,rhoa,sigma
0.0,16.9122,14.826015759911575,0.0674490042499431,0.0002005701015655,1.0,15.197537867234557,0.0658001321487719
1.0,16.9122,14.937496094725242,0.0669456241968908,0.0001157414263498,1.0,15.404354920973404,0.0649167073292031
2.0,16.9122,15.152745921219845,0.0659946392026282,7.349224839600088e-05,1.0,15.56381724515667,0.0642515897127481
3.0,16.9122,15.454038324112382,0.0647080057022853,5.011176269784237e-05,1.0,15.683919713462286,0.0637595714763606
4.0,16.9122,15.81661743597008,0.0632246435780766,3.138540756024008e-05,1.0,15.85942262116621,0.0630539978590006
5.0,16.9122,16.212568511809728,0.0616805411968849,1.833396471440273e-05,1.0,16.06187462437283,0.0622592333327372
6.0,16.9122,16.614819598359947,0.0601872318913839,1.1723703590216207e-05,1.5,16.243903825276963,0.0615615563079061
7.5,16.9122,16.981800846641253,0.0588865697478595,8.017270042907753e-06,1.5,16.404474410720525,0.0609589783227975
9.0,16.9122,17.289595697836134,0.057838252407785,5.033365843209908e-06,1.5,16.604662875619727,0.0602240471541448
10.5,16.9122,17.545275397980355,0.0569954006031225,2.951225282486895e-06,1.5,16.84749305392098,0.0593560120072147
12.0,16.9122,17.783279390565177,0.0562325979386313,1.886944204875784e-06,1.5,17.057110029692197,0.0586265784918575
13.5,16.9122,18.05656498138075,0.0553815191887915,1.294215549203551e-06,1.5,17.228456032915545,0.0580435065155848
15.0,16.9122,18.42647680526128,0.0542697342833586,8.148002721098257e-07,1.5,17.44731405421586,0.0573154123833958
16.5,16.9122,18.95405554965473,0.0527591573940605,4.779874663408929e-07,1.5,17.69938223785531,0.0564991470640826
18.0,16.9122,19.6946602945016,0.0507751839862494,3.075025258598373e-07,1.5,17.90325541985334,0.0558557634658485
19.5,16.9122,20.695549584085693,0.0483195672546416,2.1111101664015055e-07,nan,18.075662666540847,0.0553230063233621
nan,nan,nan,nan,1.3314580963940348e-07,nan,18.293814494798603,0.0546632852478265
nan,nan,nan,nan,7.834854711720762e-08,nan,18.542620248754098,0.0539298107055388
nan,nan,nan,nan,5.0476853557473496e-08,nan,18.750780922160363,0.0533311121361437
Name:	1000_8_210_0.025
Lambda:	1000	Maximal Depth:	20	Filter time:	8 to 210 [us]
Chi2:	4.931306582661337	RelRMS:	5.555953016574898	AbsRMS:	1.180525818484577e-06	Phi model:	0.0067319008620254
depth_vector,start_model,resistivity_model,conductivity_model,E/I[V/A],modelled_thickness,rhoa,sigma
0.0,16.9122,15.08400193784369,0.0662954038404846,0.0002000970591152,1.0,15.22148041784668,0.0656966321638158
1.0,16.9122,15.150717655416235,0.0660034740758639,0.000115555098846,1.0,15.420909702895456,0.0648470174111867
2.0,16.9122,15.282869350114533,0.0654327389111983,7.338789749728701e-05,1.0,15.578567303669807,0.0641907551899482
3.0,16.9122,15.47628278114585,0.0646149992308399,5.003642727135301e-05,1.0,15.69965836027776,0.0636956535646746
4.0,16.9122,15.724600798195793,0.0635946192106026,3.13318224956371e-05,1.0,15.877499793539965,0.0629822083453509
5.0,16.9122,16.02012419870897,0.0624214885974846,1.829715853415788e-05,1.0,16.08340722933102,0.0621758801316874
6.0,16.9122,16.354680796432973,0.0611445745989799,1.1698061070937186e-05,1.5,16.267633261370413,0.0614717570732694
7.5,16.9122,16.729412441376052,0.0597749624204821,7.999374783147519e-06,1.5,16.428930737504352,0.0608682339695532
9.0,16.9122,17.129599014536247,0.0583784827158765,5.022648382167862e-06,1.5,16.62827546465764,0.0601385274212853
10.5,16.9122,17.546007248698164,0.0569930233030193,2.9460003816935466e-06,1.5,16.867407167726867,0.0592859347056815
12.0,16.9122,17.974977664801994,0.055632892493556,1.8845413350510511e-06,1.5,17.07160597426347,0.0585767971395054
13.5,16.9122,18.417356263356183,0.0542966094427806,1.29327190460822e-06,1.5,17.236835587095758,0.058015289114241
15.0,16.9122,18.87685413899564,0.052974928589092,8.148600873905252e-07,1.5,17.446460223583216,0.0573182174025337
16.5,16.9122,19.35835804445655,0.051657273705936,4.785353592656736e-07,1.5,17.68586987137458,0.0565423135685594
18.0,16.9122,19.86653952362407,0.0503358926103291,3.081536299331333e-07,1.5,17.87802776224625,0.0559345814481695
19.5,16.9122,20.40491473880948,0.0490078009538571,2.1174090596617019e-07,nan,18.039797074313693,0.0554329960520381
nan,nan,nan,nan,1.3368819578900176e-07,nan,18.24430110795988,0.0548116364711666
nan,nan,nan,nan,7.876604275019716e-08,nan,18.47703938214569,0.0541212246896165
nan,nan,nan,nan,5.0797302837594994e-08,nan,18.671839597824995,0.0535565868997978
Name:	29.657596692192385_8_210_0.025
Lambda:	29.657596692192385	Maximal Depth:	20	Filter time:	8 to 210 [us]
Chi2:	4.772492767797848	RelRMS:	5.466748584261614	AbsRMS:	7.483323005038261e-07	Phi model:	0.0464254555067453
depth_vector,start_model,resistivity_model,conductivity_model,E/I[V/A],modelled_thickness,rhoa,sigma
0.0,16.9122,13.56537712710544,0.0737170806701618,0.0002019692797173,1.0,15.127267475485388,0.0661057921809446
1.0,16.9122,13.89926918143282,0.0719462287510654,0.0001157812118381,1.0,15.400825822845457,0.0649315829880114
2.0,16.9122,14.53808986956042,0.0687848272346824,7.329679858333845e-05,1.0,15.591472794514551,0.0641376227364372
3.0,16.9122,15.407181713359025,0.0649047969060386,4.993326781231932e-05,1.0,15.721274024395395,0.0636080764477647
4.0,16.9122,16.395975666338675,0.0609905760017089,3.127267907824297e-05,1.0,15.89751201896235,0.0629029246090339
5.0,16.9122,17.37374643404833,0.057558109518638,1.829089063761236e-05,1.0,16.087081312347348,0.0621616799582201
6.0,16.9122,18.21032549947488,0.0549139003599269,1.1713293829728236e-05,1.5,16.253526516347502,0.0615251095812479
7.5,16.9122,18.63545267527678,0.0536611595878578,8.020154811056831e-06,1.5,16.40054049308502,0.06097360025553
9.0,16.9122,18.568539582415223,0.0538545315080686,5.042096064659464e-06,1.5,16.58549039294743,0.0602936649027408
10.5,16.9122,18.08739674982148,0.0552871158758581,2.9596473353736587e-06,1.5,16.815516753765255,0.0594688830943054
12.0,16.9122,17.40021452294531,0.0574705558187986,1.8932163092162608e-06,1.5,17.019416455950065,0.0587564210904772
13.5,16.9122,16.786678605099883,0.059571045799149,1.298584607885771e-06,1.5,17.189791163096693,0.0581740633444585
15.0,16.9122,16.546216917728824,0.0604367756673446,8.172753913762536e-07,1.5,17.412070112183656,0.0574314250722132
16.5,16.9122,16.97648306972794,0.0589050155967331,4.790142761321625e-07,1.5,17.674079723955337,0.0565800322064071
18.0,16.9122,18.390082174494925,0.0543771360297069,3.07834693360186e-07,1.5,17.890374156555726,0.0558959802209369
19.5,16.9122,21.16267330811444,0.0472530093642077,2.111078924402171e-07,nan,18.075841001401315,0.0553224605108263
nan,nan,nan,nan,1.3294177793000566e-07,nan,18.312527268704496,0.0546074272178131
nan,nan,nan,nan,7.807977390738086e-08,nan,18.58514858801339,0.0538064032829393
nan,nan,nan,nan,5.022123522629548e-08,nan,18.81435278907577,0.0531509114988336
Name:	19.579250709528285_8_210_0.025
Lambda:	19.579250709528285	Maximal Depth:	20	Filter time:	8 to 210 [us]
Chi2:	4.729907671556463	RelRMS:	5.441793836510291	AbsRMS:	5.936053407718019e-07	Phi model:	0.0785943185185076
depth_vector,start_model,resistivity_model,conductivity_model,E/I[V/A],modelled_thickness,rhoa,sigma
0.0,16.9122,13.060950343776009,0.0765641070273676,0.0002026434327824,1.0,15.09369863829056,0.0662528134398511
1.0,16.9122,13.484576377343965,0.0741587998033178,0.0001158039269587,1.0,15.398811826356503,0.0649400753302541
2.0,16.9122,14.2996054320743,0.0699319995051737,7.32026585500514e-05,1.0,15.60483722122919,0.0640826934509497
3.0,16.9122,15.413615975458349,0.0648777030381583,4.984479778738772e-05,1.0,15.739871088997766,0.0635329218610312
4.0,16.9122,16.682304356883275,0.0599437570857763,3.1214903101725967e-05,1.0,15.917122548569903,0.0628254256979284
5.0,16.9122,17.92948814376851,0.0557740406185301,1.826688399075141e-05,1.0,16.10117283587816,0.0621072769166048
6.0,16.9122,18.97394373211322,0.0527038560943716,1.1705698085059914e-05,1.5,16.260556955058185,0.0614985084929043
7.5,16.9122,19.43659390913553,0.0514493436800149,8.019602988427712e-06,1.5,16.4012928233937,0.0609708033853079
9.0,16.9122,19.212145873783385,0.052050406371554,5.045040004577841e-06,1.5,16.579037660881454,0.0603171318175794
10.5,16.9122,18.41165740505086,0.0543134155714667,2.96301982092342e-06,1.5,16.802754807290434,0.0595140506106841
12.0,16.9122,17.323748706673825,0.057724226836352,1.89587440874392e-06,1.5,17.003504754740263,0.0588114047323813
13.5,16.9122,16.32431042807677,0.0612583302924737,1.3005035303862e-06,1.5,17.172877717139944,0.0582313585685128
15.0,16.9122,15.80555744719922,0.0632688852222167,8.184138423058327e-07,1.5,17.3959190445476,0.0574847467063506
16.5,16.9122,16.155566045987374,0.0618981716365409,4.795293283260362e-07,1.5,17.661421890052353,0.0566205827721742
18.0,16.9122,17.809738321544074,0.0561490563165838,3.0803908759189775e-07,1.5,17.88245937358036,0.0559207198019644
19.5,16.9122,21.360528311903057,0.0468153214844763,2.111563343752133e-07,nan,18.07307634458642,0.0553309232437087
nan,nan,nan,nan,1.3289066002662913e-07,nan,18.31722304891014,0.0545934281266231
nan,nan,nan,nan,7.798881345901788e-08,nan,18.599596685789745,0.053764606668273
nan,nan,nan,nan,5.012860487211529e-08,nan,18.837523111002056,0.0530855354022605
Name:	38.33470583465637_8_210_0.025
Lambda:	38.33470583465637	Maximal Depth:	20	Filter time:	8 to 210 [us]
Chi2:	4.7968527640068	RelRMS:	5.480948685643531	AbsRMS:	8.286730480843076e-07	Phi model:	0.0333567013880336
depth_vector,start_model,resistivity_model,conductivity_model,E/I[V/A],modelled_thickness,rhoa,sigma
0.0,16.9122,13.846310430660736,0.0722214054789381,0.0002016214110179,1.0,15.144662423011592,0.0660298639922503
1.0,16.9122,14.130316750342631,0.070769821913281,0.0001157696303087,1.0,15.401852932413856,0.0649272528693906
2.0,16.9122,14.672714719228765,0.068153713824306,7.33451838206208e-05,1.0,15.584614992899978,0.0641658456404331
3.0,16.9122,15.410407065961165,0.0648912125240884,4.997857562770121e-05,1.0,15.711771229288264,0.0636465478911698
4.0,16.9122,16.251852457372554,0.0615314471149014,3.130217961616601e-05,1.0,15.887522110737375,0.0629424773120638
5.0,16.9122,17.090222979954692,0.0585129872894526,1.8303060033480924e-05,1.0,16.079949835936667,0.0621892487354112
6.0,16.9122,17.82035187367087,0.0561156147246158,1.1717068459942855e-05,1.5,16.25003563481946,0.0615383265903287
7.5,16.9122,18.22796398471661,0.054860762334096,8.020342322302537e-06,1.5,16.40028486827187,0.0609745506271423
9.0,16.9122,18.246376376521685,0.0548054024187914,5.040518799128344e-06,1.5,16.588950137104824,0.0602810902278427
10.5,16.9122,17.935162422380944,0.0557563949770602,2.957876881327293e-06,1.5,16.822226100078847,0.0594451646322428
12.0,16.9122,17.461347147363465,0.0572693499281922,1.8918287525366093e-06,1.5,17.027737335635166,0.0587277088135032
13.5,16.9122,17.05294276877833,0.0586409051832899,1.2975861169630997e-06,1.5,17.198608381317925,0.0581442392214857
15.0,16.9122,16.95750052034253,0.0589709549942446,8.166853030305215e-07,1.5,17.420456388347727,0.0574037773584901
16.5,16.9122,17.421596725037542,0.0574000199742222,4.78749105137504e-07,1.5,17.680605369940285,0.0565591493660139
18.0,16.9122,18.69562282686554,0.0534884560552325,3.077309100316294e-07,1.5,17.894396324776597,0.055883416341651
19.5,16.9122,21.060358968212498,0.0474825714751278,2.110848696070595e-07,nan,18.077155321111423,0.0553184382297224
nan,nan,nan,nan,1.3297006210031e-07,nan,18.309930328230568,0.0546151723176238
nan,nan,nan,nan,7.812829321765205e-08,nan,18.57745327975816,0.0538286914218533
nan,nan,nan,nan,5.0270301611316734e-08,nan,18.802108283042926,0.0531855249925281
Name:	25.30767493410372_8_210_0.025
Lambda:	25.30767493410372	Maximal Depth:	20	Filter time:	8 to 210 [us]
Chi2:	4.756495927362431	RelRMS:	5.457393612152224	AbsRMS:	6.926569624967123e-07	Phi model:	0.0569647896069218
depth_vector,start_model,resistivity_model,conductivity_model,E/I[V/A],modelled_thickness,rhoa,sigma
0.0,16.9122,13.378339422281668,0.0747476924030269,0.0002022110955336,1.0,15.115205024978945,0.0661585468637328
1.0,16.9122,13.745520005826489,0.0727509762872643,0.0001157889860718,1.0,15.400136459874783,0.0649344895485511
2.0,16.9122,14.449320496733758,0.0692074066891967,7.32627667587937e-05,1.0,15.596300760289328,0.0641177683971163
3.0,16.9122,15.40762860165591,0.064902914384406,4.990138463371979e-05,1.0,15.727969774827011,0.0635809970591705
4.0,16.9122,16.497456099194046,0.0606154060351676,3.125188039173862e-05,1.0,15.904564622946271,0.062875031395531
5.0,16.9122,17.571800562036707,0.0569093643232251,1.828225094740925e-05,1.0,16.092149122088813,0.0621421037310271
6.0,16.9122,18.483437551160105,0.0541024902555117,1.1710558472694042e-05,1.5,16.256057421403288,0.061515530738921
7.5,16.9122,18.92283535934057,0.0528462030668351,8.019953444863904e-06,1.5,16.400815016755175,0.0609725796540229
9.0,16.9122,18.79701168197573,0.0531999456572605,5.043153075984658e-06,1.5,16.583172839706332,0.0603020911417883
10.5,16.9122,18.199780739422103,0.0549457168917383,2.9608594063296168e-06,1.5,16.810927322678616,0.0594851182689345
12.0,16.9122,17.366445995280703,0.0575823055720063,1.8941718680635696e-06,1.5,17.013692082172998,0.0587761900926726
13.5,16.9122,16.612466689817733,0.0601957565165761,1.29927448907305e-06,1.5,17.183705734473797,0.0581946650770333
15.0,16.9122,16.27158371752795,0.0614568328049584,8.176846466154369e-07,1.5,17.40625974220651,0.0574505962113854
16.5,16.9122,16.675431100241372,0.0599684646225143,4.791993436028419e-07,1.5,17.669528927787464,0.056594604422497
18.0,16.9122,18.18005146394143,0.0550053448409326,3.079080414754969e-07,1.5,17.88753288112319,0.0559048588000252
19.5,16.9122,21.23358434372166,0.0470952046443199,2.11125164114498e-07,nan,18.074855158725715,0.0553254779204825
nan,nan,nan,nan,1.329232625124986e-07,nan,18.314227779763616,0.0546023568138075
nan,nan,nan,nan,7.804695453035192e-08,nan,18.590358360019167,0.053791324547601
nan,nan,nan,nan,5.018783552295787e-08,nan,18.82269908942241,0.0531273434935778
Name:	32.712100175445975_8_210_0.025
Lambda:	32.712100175445975	Maximal Depth:	20	Filter time:	8 to 210 [us]
Chi2:	4.782061281157287	RelRMS:	5.472329384530333	AbsRMS:	7.804443957274437e-07	Phi model:	0.0408892858204503
depth_vector,start_model,resistivity_model,conductivity_model,E/I[V/A],modelled_thickness,rhoa,sigma
0.0,16.9122,13.676155496445102,0.0731199641785247,0.0002018301040294,1.0,15.134220868217202,0.0660754199841276
1.0,16.9122,13.990377590236715,0.0714776991221349,0.0001157767108126,1.0,15.401224976579783,0.0649299001553884
2.0,16.9122,14.59105266434486,0.0685351511644962,7.331630429860076e-05,1.0,15.588707276725051,0.0641490010844622
3.0,16.9122,15.407944933986595,0.0649015818971559,4.995152119240647e-05,1.0,15.717443859153695,0.0636235770244287
4.0,16.9122,16.33794068269421,0.0612072243020957,3.128457021920436e-05,1.0,15.893483376246309,0.0629188690941443
5.0,16.9122,17.259852067403482,0.0579379241545513,1.82958116453159e-05,1.0,16.084196564667316,0.0621728288372658
6.0,16.9122,18.05361245027701,0.0553905764153398,1.1714836264035931e-05,1.5,16.252099804297504,0.0615305106442659
7.5,16.9122,18.47146760790981,0.0541375499352191,8.020251111616799e-06,1.5,16.400409210047293,0.0609740883408796
9.0,16.9122,18.438538152126046,0.0542342343926378,5.041477974956072e-06,1.5,16.586845962541606,0.0602887373680517
10.5,16.9122,18.02515974943732,0.0554780103977284,2.9589465113397293e-06,1.5,16.818171809787763,0.0594594948434302
12.0,16.9122,17.422963995909203,0.0573955154952276,1.892666014032464e-06,1.5,17.022715241559883,0.0587450348437106
13.5,16.9122,16.89108352179904,0.0592028331817455,1.2981885093321905e-06,1.5,17.193287576324508,0.0581622331134052
15.0,16.9122,16.708570854223964,0.059849523261123,8.170414987477307e-07,1.5,17.415392963038986,0.0574204671764983
16.5,16.9122,17.15299105397484,0.058298870258448,4.789095247294733e-07,1.5,17.67665685256575,0.0565717832472858
18.0,16.9122,18.51193808039364,0.0540191953785281,3.077940649246964e-07,1.5,17.891948460081682,0.0558910619618135
19.5,16.9122,21.12156755309832,0.0473449708448988,2.11099314739696e-07,nan,18.07633065434328,0.0553209619320459
nan,nan,nan,nan,1.329535091743125e-07,nan,18.311450040571728,0.0546106396699525
nan,nan,nan,nan,7.80994404139399e-08,nan,18.582028460764985,0.0538154379706956
nan,nan,nan,nan,5.0241035112560674e-08,nan,18.80940933309816,0.0531648805281907
Name:	34.75518963504069_8_210_0.025
Lambda:	34.75518963504069	Maximal Depth:	20	Filter time:	8 to 210 [us]
Chi2:	4.787811063231096	RelRMS:	5.47568556934354	AbsRMS:	7.993818592472223e-07	Phi model:	0.0378187490798083
depth_vector,start_model,resistivity_model,conductivity_model,E/I[V/A],modelled_thickness,rhoa,sigma
0.0,16.9122,13.74265315704626,0.0727661528361625,0.0002017481152416,1.0,15.1383208731282,0.0660575243701621
1.0,16.9122,14.04501935461162,0.071199617085017,0.0001157740667595,1.0,15.401459464915463,0.0649289115929565
2.0,16.9122,14.62280619940402,0.0683863265616388,7.33277897704421e-05,1.0,15.587079441554172,0.0641557004793382
3.0,16.9122,15.408575519564842,0.0648989258436162,4.996226233649581e-05,1.0,15.7151911004918,0.063632697407587
4.0,16.9122,16.303766680731986,0.0613355195509399,3.12915629232422e-05,1.0,15.89111548418539,0.0629282444643477
5.0,16.9122,17.192847263031748,0.0581637226633316,1.829869902124781e-05,1.0,16.082504555728647,0.0621793699193323
6.0,16.9122,17.96161330891401,0.0556742862014359,1.1715734055580235e-05,1.5,16.25126951436017,0.0615336542856769
7.5,16.9122,18.37540860055144,0.054420558570327,8.020297653971269e-06,1.5,16.400345761496283,0.0609743242333181
9.0,16.9122,18.362605986167203,0.0544585011927671,5.0411046295351474e-06,1.5,16.587664902966697,0.06028576088616
10.5,16.9122,17.98926897193183,0.0555886957696987,2.958525857032625e-06,1.5,16.819765952526893,0.0594538593950985
12.0,16.9122,17.43740765875798,0.0573479739402518,1.8923353683153864e-06,1.5,17.024698090930272,0.0587381928689084
13.5,16.9122,16.953964300085904,0.0589832550251939,1.2979498082340694e-06,1.5,17.195395480556964,0.0581551032734729
15.0,16.9122,16.805703685278186,0.0595036077469342,8.168995879070116e-07,1.5,17.417409825774797,0.057413818128122
16.5,16.9122,17.258079797686893,0.0579438739258831,4.788448737040939e-07,1.5,17.678247887351066,0.0565666918108727
18.0,16.9122,18.58405905616228,0.0538095578031652,3.077679594423541e-07,1.5,17.89296019923437,0.0558879016588205
19.5,16.9122,21.09771312548509,0.0473985021055218,2.110926098683333e-07,nan,18.07671342103583,0.0553197905342849
nan,nan,nan,nan,1.3295925650283488e-07,nan,18.310922346699744,0.054612213468331
nan,nan,nan,nan,7.811026274494643e-08,nan,18.580312036658736,0.0538204093680995
nan,nan,nan,nan,5.025216814170777e-08,nan,18.80663116527084,0.0531727341921101
Name:	31.509911978393713_8_210_0.025
Lambda:	31.50991197839372	Maximal Depth:	20	Filter time:	8 to 210 [us]
Chi2:	4.778429425596468	RelRMS:	5.470212127592234	AbsRMS:	7.686584098384971e-07	Phi model:	0.0429268926943082
depth_vector,start_model,resistivity_model,conductivity_model,E/I[V/A],modelled_thickness,rhoa,sigma
0.0,16.9122,13.63405483119954,0.0733457516770173,0.0002018811783679,1.0,15.131668201934696,0.0660865667059857
1.0,16.9122,13.955807143912208,0.0716547591757327,0.0001157777145587,1.0,15.401135961513589,0.064930275435457
2.0,16.9122,14.57104676903294,0.0686292492125717,7.330857354715675e-05,1.0,15.58980319495538,0.0641444915945818
3.0,16.9122,15.407797771802072,0.0649022017818865,4.994441682142848e-05,1.0,15.71893431477116,0.0636175442924457
4.0,16.9122,16.360057852736826,0.061124478226262,3.127997061762632e-05,1.0,15.89504138921303,0.0629127018617666
5.0,16.9122,17.302996141491402,0.0577934591109379,1.829390108961353e-05,1.0,16.085316399394493,0.062168500461554
6.0,16.9122,18.112737102080235,0.055209767268424,1.1714225038428298e-05,1.5,16.252665134805827,0.0615283703752964
7.5,16.9122,18.53307930741945,0.0539575740983131,8.020197299559722e-06,1.5,16.400482569736305,0.0609738156025538
9.0,16.9122,18.48716447772981,0.0540915834445368,5.041701912130021e-06,1.5,16.586354800499898,0.0602905226632352
10.5,16.9122,18.048153966740674,0.0554073287408125,2.959206522508592e-06,1.5,16.817186641068282,0.0594629780440182
12.0,16.9122,17.41391192092894,0.0574253507506345,1.892871326305398e-06,1.5,17.02148429486946,0.0587492831222372
13.5,16.9122,16.85129774777547,0.0593426105791768,1.2983366454563163e-06,1.5,17.19197975146156,0.05816665761923
15.0,16.9122,16.64704794766477,0.060070710623518,8.171291260165622e-07,1.5,17.414147879857712,0.0574245726462827
16.5,16.9122,17.086314291067676,0.0585263728013464,4.789488167412907e-07,1.5,17.675690067413743,0.0565748774834858
18.0,16.9122,18.46605987670433,0.0541534039571451,3.078093137405497e-07,1.5,17.89135754601495,0.0558929079265276
19.5,16.9122,21.13701724795584,0.0473103649521178,2.11102534630244e-07,nan,18.07614684491537,0.0553215244697621
nan,nan,nan,nan,1.329491014747456e-07,nan,18.311854761494,0.054609432688533
nan,nan,nan,nan,7.809204963220599e-08,nan,18.5832008682079,0.0538120427741163
nan,nan,nan,nan,5.0233592823255774e-08,nan,18.81126707545372,0.0531596301295871
Name:	33.477916743924986_8_210_0.025
Lambda:	33.477916743924986	Maximal Depth:	20	Filter time:	8 to 210 [us]
Chi2:	4.784272152164019	RelRMS:	5.473620248171899	AbsRMS:	7.877648256114332e-07	Phi model:	0.0396865462233724
depth_vector,start_model,resistivity_model,conductivity_model,E/I[V/A],modelled_thickness,rhoa,sigma
0.0,16.9122,13.701758004634236,0.0729833353984049,0.000201798403689,1.0,15.135805774687109,0.0660685010686636
1.0,16.9122,14.01141104078924,0.0713703992473602,0.0001157756811134,1.0,15.401316294580196,0.0649295151708497
2.0,16.9122,14.603261186643309,0.0684778548585187,7.332074052405334e-05,1.0,15.588078480408289,0.064151588745004
3.0,16.9122,15.408149224560235,0.0649007213926785,4.9955672407548334e-05,1.0,15.716573121938476,0.0636271019287352
4.0,16.9122,16.32471612249264,0.0612568079283273,3.1287273879791086e-05,1.0,15.89256774936542,0.0629224940721067
5.0,16.9122,17.233959974322488,0.0580249693912447,1.8296928839095894e-05,1.0,16.083541833760115,0.0621753597768467
6.0,16.9122,18.01806910460853,0.0554998426409757,1.1715184295150411e-05,1.5,16.251777927761264,0.0615317292941716
7.5,16.9122,18.434314861618155,0.0542466594232957,8.020269902061193e-06,1.5,16.40038359402677,0.06097418357728
9.0,16.9122,18.40913561191456,0.0543208557469037,5.041334217908747e-06,1.5,16.58716128444709,0.0602875912792653
10.5,16.9122,18.011209467590533,0.0555209799652491,2.958784237063765e-06,1.5,16.818786731658523,0.0594573209087471
12.0,16.9122,17.42843631623478,0.0573774939905818,1.8925383932460664e-06,1.5,17.023480502262363,0.0587423940637229
13.5,16.9122,16.9152501624109,0.0591182507145062,1.298096347971821e-06,1.5,17.194101351575963,0.0581594803678613
15.0,16.9122,16.745969649519708,0.059715861244779,8.169866871230885e-07,1.5,17.416171886632085,0.0574178990945511
16.5,16.9122,17.193498156055412,0.0581615207634641,4.788845381624498e-07,1.5,17.677271719122235,0.0565698155173039
18.0,16.9122,18.53977452939831,0.0539380885357754,3.0778396313717e-07,1.5,17.892339946090825,0.0558898390603451
19.5,16.9122,21.112356268369023,0.047365627374251,2.110967070302121e-07,nan,18.07647952046408,0.0553205063446074
nan,nan,nan,nan,1.3295571372171694e-07,nan,18.311247624443386,0.0546112433466912
nan,nan,nan,nan,7.810360883358274e-08,nan,18.581367301546663,0.0538173528229412
nan,nan,nan,nan,5.024532632371326e-08,nan,18.808338370523547,0.0531679077811148
Name:	32.24758435451586_8_210_0.025
Lambda:	32.24758435451586	Maximal Depth:	20	Filter time:	8 to 210 [us]
Chi2:	4.780666858912844	RelRMS:	5.471519297252881	AbsRMS:	7.761421572929895e-07	Phi model:	0.0416629033562172
depth_vector,start_model,resistivity_model,conductivity_model,E/I[V/A],modelled_thickness,rhoa,sigma
0.0,16.9122,13.660040885567296,0.0732062230543221,0.0002018487539967,1.0,15.133288628719786,0.0660794903562607
1.0,16.9122,13.977151313100384,0.071545336928758,0.0001157766596767,1.0,15.401229511491511,0.0649298810366963
2.0,16.9122,14.583413712120544,0.0685710506291734,7.331311322223197e-05,1.0,15.589159623218611,0.0641471396899799
3.0,16.9122,15.40793503445331,0.0649016235961486,4.994866695376602e-05,1.0,15.718042619322,0.0636211533598154
4.0,16.9122,16.346492293644562,0.0611752039542327,3.128274017553482e-05,1.0,15.894103217195813,0.0629164153733506
5.0,16.9122,17.276478550351737,0.0578821660378029,1.829504704937708e-05,1.0,16.08464469417767,0.0621710966585404
6.0,16.9122,18.076332171387147,0.0553209572892719,1.1714583376134331e-05,1.5,16.25233369764207,0.0615296251359324
7.5,16.9122,18.495028173217896,0.0540685848453083,8.020218209687694e-06,1.5,16.400454063750608,0.0609739215824681
9.0,16.9122,18.45701506248861,0.0541799416977431,5.041555937559251e-06,1.5,16.586674962816033,0.0602893589126089
10.5,16.9122,18.03375118526442,0.0554515801913198,2.959041113730299e-06,1.5,16.817813349580565,0.0594607621819598
12.0,16.9122,17.419299904640386,0.0574075884492698,1.892741094890184e-06,1.5,17.02226506957936,0.0587465884189001
13.5,16.9122,16.875733705796446,0.0592566828461225,1.2982425361873995e-06,1.5,17.192810569563218,0.0581638467982844
15.0,16.9122,16.684994694338094,0.059934091578665,8.170731097121631e-07,1.5,17.41494378175946,0.0574219482148088
16.5,16.9122,17.127507872294046,0.0583856102975511,4.789232441805898e-07,1.5,17.676319268634273,0.0565728636602784
18.0,16.9122,18.494450199195867,0.054070274554227,3.077989453333213e-07,1.5,17.891759331752603,0.055891652769177
19.5,16.9122,21.12761238922509,0.0473314249417975,2.1109982636628403e-07,nan,18.076301447513284,0.0553210513170307
nan,nan,nan,nan,1.3295131728276365e-07,nan,18.31165130021637,0.0546100394554905
nan,nan,nan,nan,7.80962810928987e-08,nan,18.582529604540067,0.0538139866466662
nan,nan,nan,nan,5.023795642795498e-08,nan,18.81017777793725,0.0531627086041108
Name:	33.002526234115784_8_210_0.025
Lambda:	33.002526234115784	Maximal Depth:	20	Filter time:	8 to 210 [us]
Chi2:	4.7829075420616105	RelRMS:	5.472823548296814	AbsRMS:	7.832513392096998e-07	Phi model:	0.0404256152968558
depth_vector,start_model,resistivity_model,conductivity_model,E/I[V/A],modelled_thickness,rhoa,sigma
0.0,16.9122,13.685961016235792,0.0730675762420841,0.0002018179477653,1.0,15.134828589983382,0.0660727668010608
1.0,16.9122,13.99843335336986,0.0714365654181772,0.0001157763171404,1.0,15.40125988891049,0.0649297529691086
2.0,16.9122,14.595727757295624,0.0685131989735937,7.331800681722124e-05,1.0,15.588465952042116,0.0641499941736728
3.0,16.9122,15.40801939796104,0.0649012682403769,4.995311424551448e-05,1.0,15.717109694390668,0.0636249297386333
4.0,16.9122,16.33286568801191,0.0612262427856726,3.1285607846842246e-05,1.0,15.893131955685648,0.0629202603230295
5.0,16.9122,17.24991543272001,0.0579712986942056,1.8296240571923147e-05,1.0,16.08394518454393,0.0621738005524268
6.0,16.9122,18.039969927939172,0.0554324649095596,1.171497004097364e-05,1.5,16.251976078826395,0.0615309790729284
7.5,16.9122,18.457215979808243,0.0541793519181861,8.020258519566915e-06,1.5,16.40039911116817,0.0609741258869139
9.0,16.9122,18.427259682108243,0.0542674286492494,5.041422960178275e-06,1.5,16.586966632174303,0.0602882987694848
10.5,16.9122,18.019801762812104,0.0554945061639758,2.958884336272868e-06,1.5,16.81840740924031,0.0594586619093662
12.0,16.9122,17.425048712806305,0.0573886487482278,1.8926171001081008e-06,1.5,17.02300853709553,0.0587440227043803
13.5,16.9122,16.900331670615913,0.0591704363849065,1.2981531796135612e-06,1.5,17.193599522694008,0.0581611778662222
15.0,16.9122,16.722892095074904,0.059798269002436,8.170204824871677e-07,1.5,17.415691613134097,0.0574194825111537
16.5,16.9122,17.168509427240302,0.0582461747327555,4.788999409433447e-07,1.5,17.67689268294732,0.0565710285136644
18.0,16.9122,18.52260834245344,0.0539880767066709,3.077901877812293e-07,1.5,17.89209871287986,0.0558905926044403
19.5,16.9122,21.118036333819028,0.0473528875598424,2.1109831122331266e-07,nan,18.076387941646956,0.0553207866100316
nan,nan,nan,nan,1.3295435140042698e-07,nan,18.31137270877808,0.0546108702992333
nan,nan,nan,nan,7.81010364112408e-08,nan,18.581775310319195,0.0538161711300351
nan,nan,nan,nan,5.024267874941468e-08,nan,18.80899911071727,0.0531660400488936
Name:	32.53388632765331_8_210_0.025
Lambda:	32.53388632765331	Maximal Depth:	20	Filter time:	8.0 to 210.0 [us]
Chi2:	4.781537069935366	RelRMS:	5.472023219719432	AbsRMS:	7.787033106207671e-07	Phi model:	0.04117857006021662
depth_vector,start_model,resistivity_model,conductivity_model,E/I[V/A],modelled_thickness,rhoa,sigma
0.0,16.9122,13.670077980643153,0.07315247224017311,0.0002018376450055632,1.0,15.13384390679504,0.06607706582403719
1.0,16.9122,13.985385042772483,0.0715032154596838,0.00011577695247057321,1.0,15.401203545549519,0.0649299905064218
2.0,16.9122,14.588156670562645,0.06854875654152344,7.331524562985073e-05,1.0,15.588857343171107,0.06414838355282419
3.0,16.9122,15.407902592791178,0.0649017602478786,4.995053095915567e-05,1.0,15.71765158312652,0.06362273617730126
4.0,16.9122,16.34109274641762,0.061195417926945266,3.128392522893253e-05,1.0,15.893701829373343,0.06291800429726747
5.0,16.9122,17.266020676721897,0.05791722474583869,1.8295544871480857e-05,1.0,16.084352917207553,0.06217222446854969
6.0,16.9122,18.062081402025964,0.055364604872605284,1.1714752907089095e-05,1.5,16.252176899325946,0.061530218763584506
7.5,16.9122,18.48031670730683,0.054111626756083435,8.020246316237697e-06,1.5,16.400415747350397,0.06097406403624597
9.0,16.9122,18.445543551456804,0.05421363687171048,5.041512022442859e-06,1.5,16.586771283747904,0.06028900880666407
10.5,16.9122,18.028492584913817,0.05546775446089135,2.958985065453005e-06,1.5,16.818025721158318,0.059460011334262985
12.0,16.9122,17.421679827244706,0.05739974617350967,1.8926963642071667e-06,1.5,17.02253326351979,0.05874566285284072
13.5,16.9122,16.885355247469292,0.05922291745386144,1.2982104400370146e-06,1.5,17.193093944658028,0.05816288814676689
15.0,16.9122,16.699694163155474,0.05988133616280827,8.170545520941922e-07,1.5,17.415207475821244,0.05742107875478201
16.5,16.9122,17.143368324167312,0.05833159394879722,4.789154838970649e-07,1.5,17.676510217953947,0.05657225253570158
18.0,16.9122,18.50531799709,0.054038520178753595,3.077964812537446e-07,1.5,17.891854820520066,0.05589135447561902
19.5,16.9122,21.123756934547874,0.04734006375373982,2.1109994614638997e-07,nan,18.076294609736365,0.055321072243499164
nan,nan,nan,nan,1.3295299320185003e-07,nan,18.311497416703844,0.054610498379438634
nan,nan,nan,nan,7.809845472507743e-08,nan,18.58218481093463,0.053814985168566025
nan,nan,nan,nan,5.02400185744436e-08,nan,18.809663054037628,0.05316416339448159
