Name:	10.0_8_210_0.025
Lambda:	10	Maximal Depth:	20	Filter time:	8 to 210 [us]
Chi2:	0.4931568410112737	RelRMS:	2.027094180457872	AbsRMS:	8.618088609257584e-07	Phi model:	0.0390877482154202
depth_vector,start_model,resistivity_model,conductivity_model,E/I[V/A],modelled_thickness,rhoa,sigma
0.0,14.0388,13.365360373608857,0.0748202795919063,0.0002599775784332,1.0,12.783803927450084,0.078223978220813
1.0,14.0388,13.28062500329186,0.0752976610477391,0.0001515858297159,1.0,12.86857129368032,0.0777087041893371
2.0,14.0388,13.13530624942728,0.076130695471497,9.67578198698732e-05,1.0,12.95646210448949,0.0771815632952373
3.0,14.0388,12.95355418473793,0.0771988896436018,6.612052358629172e-05,1.0,13.037376499767776,0.0767025482479402
4.0,14.0388,12.78648730613353,0.0782075620972393,4.146011539581955e-05,1.0,13.173026021727336,0.0759127020891493
5.0,14.0388,12.67913753442254,0.0788697178562109,2.4207251812679416e-05,1.0,13.34556097072895,0.0749312825585464
6.0,14.0388,12.68637503825514,0.0788247231367943,1.5463306541600796e-05,1.5,13.506165042158736,0.0740402621231531
7.5,14.0388,12.96747234085876,0.077116031074856,1.0565180425445586e-05,1.5,13.64778115049774,0.0732719838465119
9.0,14.0388,13.624691914557909,0.073396155030229,6.627537546767342e-06,1.5,13.821895221718174,0.0723489784836968
10.5,14.0388,14.623802650179458,0.0683816667881338,3.885316857733874e-06,1.5,14.025528430480769,0.0712985614022759
12.0,14.0388,15.896577516746037,0.0629066224441433,2.4858522020090504e-06,1.5,14.193667291380011,0.0704539552372988
13.5,14.0388,17.24736757333557,0.0579798624774484,1.7069785883385514e-06,1.5,14.325134845165342,0.069807370807228
15.0,14.0388,18.326374949267063,0.0545661650363643,1.0769575484524191e-06,1.5,14.486505390213866,0.0690297606678512
16.5,14.0388,18.717244281048423,0.0534266682095141,6.33874558057591e-07,1.5,14.6633623656793,0.0681971825466562
18.0,14.0388,18.0455049110667,0.0554154624616091,4.09133961485653e-07,1.5,14.799740890171574,0.0675687505221185
19.5,14.0388,16.21196978333167,0.061682819137015,2.817567313661451e-07,nan,14.911407047393034,0.0670627524834975
nan,nan,nan,nan,1.7842499125846697e-07,nan,15.05054234729491,0.0664427883676719
nan,nan,nan,nan,1.055038387022283e-07,nan,15.20592677144786,0.0657638311054935
nan,nan,nan,nan,6.824806322886737e-08,nan,15.335125077842582,0.0652097713532757
Name:	12.742749857031335_8_210_0.025
Lambda:	12.742749857031336	Maximal Depth:	20	Filter time:	8 to 210 [us]
Chi2:	0.4826429941146881	RelRMS:	2.002385011868024	AbsRMS:	9.090804017330482e-07	Phi model:	0.0327227237271439
depth_vector,start_model,resistivity_model,conductivity_model,E/I[V/A],modelled_thickness,rhoa,sigma
0.0,14.0388,13.26765346007437,0.0753712781999654,0.0002603263310406,1.0,12.77238395060326,0.078293919433323
1.0,14.0388,13.194624863427483,0.075788437363746,0.0001516467038836,1.0,12.865127253615702,0.0777295070842733
2.0,14.0388,13.074933390904164,0.0764822251940243,9.674224917962708e-05,1.0,12.957852297836585,0.0771732828106829
3.0,14.0388,12.925443520690894,0.0773667842344606,6.608943904144503e-05,1.0,13.041464184159963,0.0766785067902567
4.0,14.0388,12.797315532177189,0.0781413881282859,4.1430916713310216e-05,1.0,13.17921447341489,0.0758770564070567
5.0,14.0388,12.73109855697763,0.0785478170265143,2.418825381068445e-05,1.0,13.352547993391536,0.074892073070617
6.0,14.0388,12.776064819850149,0.0782713624344095,1.545165680346583e-05,1.5,13.51295281571348,0.0740030705085534
7.5,14.0388,13.088721976069106,0.0764016534103451,1.0557915331177172e-05,1.5,13.654041290910452,0.0732383899165226
9.0,14.0388,13.74817224875934,0.0727369414570901,6.623656329531286e-06,1.5,13.82729410692514,0.0723207297296995
10.5,14.0388,14.71007864828636,0.0679806018655443,3.883454891889757e-06,1.5,14.03001120320001,0.071275780576135
12.0,14.0388,15.90043362202766,0.0628913665986222,2.484808317006939e-06,1.5,14.197642251025757,0.0704342300164488
13.5,14.0388,17.133487810104207,0.0583652325249425,1.7062968279594316e-06,1.5,14.328950382592971,0.0697887823810748
15.0,14.0388,18.09582057786072,0.0552613790403872,1.0765115142252864e-06,1.5,14.490506605269363,0.0690106997112411
16.5,14.0388,18.439466039873,0.054231505285328,6.335667567057284e-07,1.5,14.66811118110939,0.0681751036416924
18.0,14.0388,17.85421080468721,0.0560091964265075,4.088951120514135e-07,1.5,14.80550368129706,0.067542450532314
19.5,14.0388,16.259791150239227,0.0615014049541028,2.815621803234448e-07,nan,14.918275147365264,0.0670318780235536
nan,nan,nan,nan,1.7827438837048488e-07,nan,15.05901743316548,0.0664053949361685
nan,nan,nan,nan,1.0539387254012873e-07,nan,15.216502002074114,0.0657181262726277
nan,nan,nan,nan,6.816503158958637e-08,nan,15.347575667079637,0.0651568704850882
Name:	16.237767391887218_8_210_0.025
Lambda:	16.237767391887218	Maximal Depth:	20	Filter time:	8 to 210 [us]
Chi2:	0.4751984998072848	RelRMS:	1.9831808451728024	AbsRMS:	9.651440993052826e-07	Phi model:	0.0271240295112795
depth_vector,start_model,resistivity_model,conductivity_model,E/I[V/A],modelled_thickness,rhoa,sigma
0.0,14.0388,13.169547165861191,0.0759327551210153,0.0002606937542118,1.0,12.760380152301556,0.0783675711902386
1.0,14.0388,13.112423490234812,0.0762635527097433,0.0001517144229058,1.0,12.86129866282701,0.0777526458420795
2.0,14.0388,13.007040017044016,0.0768814425641522,9.673014277703236e-05,1.0,12.958933447931622,0.0771668443254186
3.0,14.0388,12.89418699254674,0.0775543274328216,6.606068630178741e-05,1.0,13.04524808498753,0.076656265445101
4.0,14.0388,12.801543249253744,0.0781155818895736,4.140330531426897e-05,1.0,13.185073202368647,0.0758433407726817
5.0,14.0388,12.777570818923987,0.0782621371598244,2.4170360999034465e-05,1.0,13.359136921562657,0.0748551351686443
6.0,14.0388,12.8798820042341,0.0776404628296487,1.544081433067337e-05,1.5,13.519277900153842,0.0739684476778615
7.5,14.0388,13.232887999284465,0.075569293721376,1.0551251460826658e-05,1.5,13.659789688706116,0.0732075692810115
9.0,14.0388,13.87084501710813,0.0720936611119663,6.6201816676576485e-06,1.5,13.832131936883828,0.072295435335855
10.5,14.0388,14.783648793058036,0.0676422995430986,3.881842094492674e-06,1.5,14.03389698705109,0.071256045339558
12.0,14.0388,15.889655977064308,0.0629340245908052,2.4839251502058e-06,1.5,14.201007393588482,0.0704175395649384
13.5,14.0388,17.005565036832678,0.0588042795304996,1.705724370463262e-06,1.5,14.33215615895828,0.0697731722225865
15.0,14.0388,17.86703812220009,0.0559689856349208,1.0761325069806574e-06,1.5,14.493908717073376,0.0689945010362892
16.5,14.0388,18.174353223661985,0.0550225907735773,6.332964305175316e-07,1.5,14.672284995406756,0.0681557099192835
18.0,14.0388,17.68064835062159,0.0565590118738402,4.086791818088274e-07,1.5,14.810718325098003,0.0675186697937139
19.5,14.0388,16.307904485630367,0.0613199568884613,2.813826082695745e-07,nan,14.924621477650769,0.0670033743567616
nan,nan,nan,nan,1.7813262456632732e-07,nan,15.067006014867934,0.06637018655287
nan,nan,nan,nan,1.0528869600064748e-07,nan,15.226633844334032,0.0656743972583348
nan,nan,nan,nan,6.808487249022011e-08,nan,15.35961952274264,0.0651057793794516
Name:	20.6913808111479_8_210_0.025
Lambda:	20.6913808111479	Maximal Depth:	20	Filter time:	8 to 210 [us]
Chi2:	0.4708623626116935	RelRMS:	1.9699085043620828	AbsRMS:	1.0274466083178444e-06	Phi model:	0.022375872220676
depth_vector,start_model,resistivity_model,conductivity_model,E/I[V/A],modelled_thickness,rhoa,sigma
0.0,14.0388,13.05802339265324,0.0765812688436922,0.0002610679372047,1.0,12.748184454386974,0.0784425424324539
1.0,14.0388,13.01495846506819,0.0768346670244068,0.0001517859544676,1.0,12.857257616746605,0.0777770835592107
2.0,14.0388,12.94376939067948,0.0772572478554877,9.672125812322128e-05,1.0,12.959727026489617,0.0771621190751938
3.0,14.0388,12.8702080595309,0.0776988216021465,6.603480141620265e-05,1.0,13.048656920833007,0.0766362397346378
4.0,14.0388,12.82376954523445,0.0779801911187353,4.137795726120345e-05,1.0,13.190457418881955,0.0758123822581401
5.0,14.0388,12.847608485845424,0.0778354976415827,2.415406499647673e-05,1.0,13.365144911177284,0.0748214857860388
6.0,14.0388,12.98891351461348,0.0769887334206149,1.5431098968497885e-05,1.5,13.524951762740082,0.0739374171192907
7.5,14.0388,13.362376601246613,0.0748369867009067,1.054539769000998e-05,1.5,13.664844271734635,0.0731804900307918
9.0,14.0388,13.988356736367685,0.0714880252803494,6.617233169549497e-06,1.5,13.836240500655054,0.0722739677698329
10.5,14.0388,14.851210322230854,0.0673345793576901,3.880541605205469e-06,1.5,14.037032273357216,0.0712401297173075
12.0,14.0388,15.870266095267898,0.0630109157588841,2.4832410917023346e-06,1.5,14.203615241842858,0.0704046105849213
13.5,14.0388,16.879353061612353,0.0592439767300227,1.7052876225915574e-06,1.5,14.334603164165053,0.0697612615115771
15.0,14.0388,17.64475016273695,0.056674081002963,1.075838228185466e-06,1.5,14.496551651954588,0.0689819223225523
16.5,14.0388,17.928668783072276,0.0557765895560617,6.33075494686324e-07,1.5,14.675698432391783,0.0681398575070763
18.0,14.0388,17.518492893235706,0.0570825359289966,4.0849501786038114e-07,1.5,14.815169453162657,0.0674983842177063
19.5,14.0388,16.355060674516135,0.061143154397352,2.8122492659733145e-07,nan,14.930199739477196,0.0669783403738319
nan,nan,nan,nan,1.7800479728774277e-07,nan,15.074218344600911,0.0663384314290609
nan,nan,nan,nan,1.051918579431394e-07,nan,15.235977352654402,0.0656341222393442
nan,nan,nan,nan,6.801017985386965e-08,nan,15.370863335403945,0.0650581543911515
Name:	26.366508987303583_8_210_0.025
Lambda:	26.366508987303583	Maximal Depth:	20	Filter time:	8 to 210 [us]
Chi2:	0.4696374052428035	RelRMS:	1.962722544550622	AbsRMS:	1.0936721497333576e-06	Phi model:	0.0184877452390448
depth_vector,start_model,resistivity_model,conductivity_model,E/I[V/A],modelled_thickness,rhoa,sigma
0.0,14.0388,12.948167252338983,0.0772310073318953,0.0002614378231611,1.0,12.736157408621809,0.0785166175257102
1.0,14.0388,12.921931347615034,0.0773878124793293,0.00015186075969,1.0,12.85303502495863,0.0778026355688094
2.0,14.0388,12.881124406244089,0.0776329743011606,9.671714501928208e-05,1.0,12.960094450669091,0.0771599314963613
3.0,14.0388,12.8486376935371,0.0778292628255058,6.601342311681252e-05,1.0,13.051473954365786,0.0766196985487217
4.0,14.0388,12.847472560857012,0.0778363211334458,4.135615474621365e-05,1.0,13.195092922104376,0.0757857489828513
5.0,14.0388,12.917441983937453,0.0774147080546967,2.4140124863067733e-05,1.0,13.370289705780838,0.0747926949980474
6.0,14.0388,13.102865006947242,0.0763191866412263,1.5422955454927835e-05,1.5,13.5297122397751,0.0739114019779494
7.5,14.0388,13.4859170420612,0.0741514275136872,1.0540624396113888e-05,1.5,13.668969352840854,0.0731584053037742
9.0,14.0388,14.098669236640546,0.07092868009139,6.614950210637477e-06,1.5,13.839423769957664,0.0722573437031951
10.5,14.0388,14.91265554250811,0.0670571379557133,3.879616212844097e-06,1.5,14.03926432336477,0.0712288035161326
12.0,14.0388,15.844009689539591,0.0631153363065797,2.482788247882643e-06,1.5,14.205342285050488,0.0703960510020505
13.5,14.0388,16.751290140305,0.0596968944853935,1.7050052566960336e-06,1.5,14.3361857560979,0.0697535604667126
15.0,14.0388,17.440941142183814,0.0573363554092464,1.0756389671517872e-06,1.5,14.49834191106415,0.0689734044164642
16.5,14.0388,17.699247370886823,0.0564995775834447,6.32909884125722e-07,1.5,14.678258401537253,0.0681279735404624
18.0,14.0388,17.372796134149265,0.0575612579735696,4.083467979705072e-07,1.5,14.81875426550679,0.0674820556494193
19.5,14.0388,16.400347504133034,0.060974317754425,2.810923860429959e-07,nan,14.934892624732528,0.066957294245556
nan,nan,nan,nan,1.7789336298508614e-07,nan,15.080512788483476,0.0663107424810958
nan,nan,nan,nan,1.0510514592496721e-07,nan,15.24435601475436,0.0655980481584228
nan,nan,nan,nan,6.794231151554605e-08,nan,15.381097717391066,0.0650148655430049
Name:	33.59818286283781_8_210_0.025
Lambda:	33.59818286283781	Maximal Depth:	20	Filter time:	8 to 210 [us]
Chi2:	0.470936258381825	RelRMS:	1.960698262863036	AbsRMS:	1.1600486935004675e-06	Phi model:	0.0154251550339196
depth_vector,start_model,resistivity_model,conductivity_model,E/I[V/A],modelled_thickness,rhoa,sigma
0.0,14.0388,12.843025841519037,0.0778632708786734,0.000261789554605,1.0,12.724746943778957,0.078587024513591
1.0,14.0388,12.83208164771584,0.0779296787110144,0.000151935022513,1.0,12.848846478116467,0.077827998155566
2.0,14.0388,12.822996245862178,0.0779848937663603,9.671686907619447e-05,1.0,12.960119101637854,0.0771597847332763
3.0,14.0388,12.832448319551249,0.0779274519638174,6.599642459147318e-05,1.0,13.0537149473629,0.0766065448826135
4.0,14.0388,12.87851998617922,0.0776486739992767,4.133804669396075e-05,1.0,13.198946030967695,0.0757636251905095
5.0,14.0388,12.988048772580932,0.0769938593171208,2.4128657233312776e-05,1.0,13.374525703056351,0.0747690065578534
6.0,14.0388,13.205245177988292,0.0757274845352278,1.5416437746060716e-05,1.5,13.533525334795533,0.0738905773079641
7.5,14.0388,13.603293295441455,0.0735116106285164,1.053694854398876e-05,1.5,13.672148147215257,0.0731413958678966
9.0,14.0388,14.201726252858643,0.0704139751883128,6.613325979011973e-06,1.5,13.841689650476413,0.0722455151973141
10.5,14.0388,14.965363317664664,0.0668209637663544,3.879052321664413e-06,1.5,14.040624866245343,0.0712219014129542
12.0,14.0388,15.815121764383584,0.0632306228746242,2.482554999475504e-06,1.5,14.206232046225049,0.0703916419741802
13.5,14.0388,16.630197472715167,0.0601315770086723,1.7048689180760251e-06,1.5,14.33695005717743,0.0697498419128115
15.0,14.0388,17.249258776030892,0.0579735055856181,1.0755302316537866e-06,1.5,14.499319077376525,0.0689687560266408
16.5,14.0388,17.496543153730094,0.0571541470342848,6.327983010446941e-07,1.5,14.67998385619722,0.0681199659206604
18.0,14.0388,17.242920483091304,0.057994815958272,4.0823476667181706e-07,1.5,14.821465268255473,0.067469712467754
19.5,14.0388,16.442723086676466,0.0608171769802715,2.809859332492152e-07,nan,14.9386644877473,0.0669403882000429
nan,nan,nan,nan,1.7779961193656365e-07,nan,15.085813473724093,0.0662874429504091
nan,nan,nan,nan,1.0502983854043488e-07,nan,15.251642042234383,0.0655667106027554
nan,nan,nan,nan,6.7882383419016e-08,nan,15.390148905543745,0.0649766292800316
Name:	42.81332398719393_8_210_0.025
Lambda:	42.81332398719393	Maximal Depth:	20	Filter time:	8 to 210 [us]
Chi2:	0.474040407384946	RelRMS:	1.9625610830637512	AbsRMS:	1.222848012092517e-06	Phi model:	0.0130858868856253
depth_vector,start_model,resistivity_model,conductivity_model,E/I[V/A],modelled_thickness,rhoa,sigma
0.0,14.0388,12.752732003496346,0.0784145702839074,0.0002621102539343,1.0,12.714365433533288,0.0786511922461003
1.0,14.0388,12.755105883061931,0.0783999763834139,0.000152004738456,1.0,12.844917486843585,0.0778518041104001
2.0,14.0388,12.77018314289651,0.0783074125727207,9.671902235240692e-05,1.0,12.959926744994574,0.0771609299710141
3.0,14.0388,12.8124773169383,0.0780489186644634,6.598320793796303e-05,1.0,13.055458023859504,0.0765963168946236
4.0,14.0388,12.897690345188364,0.0775332616333948,4.132342574537351e-05,1.0,13.202059192241547,0.0757457594636198
5.0,14.0388,13.055726533538548,0.0765947415818739,2.4119563655812384e-05,1.0,13.377887141559745,0.074750219479233
6.0,14.0388,13.304302931586673,0.0751636523267844,1.5411471078806147e-05,1.5,13.53643281875006,0.0738747063860757
7.5,14.0388,13.714661753625768,0.0729146673803769,1.0534307623317493e-05,1.5,13.674433097270242,0.0731291741958666
9.0,14.0388,14.292221662976038,0.069968128369468,6.612310815093065e-06,1.5,13.84310632358604,0.0722381217498986
10.5,14.0388,15.005790506768314,0.0666409410120015,3.878815035091457e-06,1.5,14.04119748404373,0.0712189968937043
12.0,14.0388,15.785508333780038,0.0633492427899873,2.482517153441368e-06,1.5,14.206376428759295,0.0703909265684109
13.5,14.0388,16.522225592806116,0.0605245337187144,1.7048615915959375e-06,1.5,14.336991131598328,0.069749642084665
15.0,14.0388,17.078019773811214,0.0585547981115163,1.0755015336915934e-06,1.5,14.49957700297198,0.0689675291765428
16.5,14.0388,17.314152120065177,0.0577562212151937,6.327351553207643e-07,1.5,14.68096052896184,0.0681154341384715
18.0,14.0388,17.128457440310005,0.0583823735140682,4.081558062540617e-07,1.5,14.82337674640613,0.067461012231403
19.5,14.0388,16.48175958140264,0.0606731335365648,2.809037791941825e-07,nan,14.941577020177997,0.066927339640892
nan,nan,nan,nan,1.7772273102060637e-07,nan,15.090163799076237,0.0662683330224166
nan,nan,nan,nan,1.0496569419082705e-07,nan,15.25785491050276,0.0655400123979189
nan,nan,nan,nan,6.783037325292676e-08,nan,15.398015017283614,0.0649434358180286
Name:	54.5559478116852_8_210_0.025
Lambda:	54.5559478116852	Maximal Depth:	20	Filter time:	8 to 210 [us]
Chi2:	0.4780398887495541	RelRMS:	1.9666687677225927	AbsRMS:	1.2783278724363204e-06	Phi model:	0.011355784515754
depth_vector,start_model,resistivity_model,conductivity_model,E/I[V/A],modelled_thickness,rhoa,sigma
0.0,14.0388,12.66958201767748,0.0789292021319038,0.0002623882023868,1.0,12.705384942347289,0.0787067849213274
1.0,14.0388,12.685830108303737,0.0788281091156527,0.0001520645456085,1.0,12.841549319283796,0.0778722236029828
2.0,14.0388,12.725498211772733,0.0785823850161615,9.67208346442637e-05,1.0,12.959764854724572,0.0771618938468195
3.0,14.0388,12.79962883058222,0.0781272655040351,6.597216518462571e-05,1.0,13.056914842106265,0.0765877707017874
4.0,14.0388,12.921350124240565,0.0773912935091814,4.131143730539911e-05,1.0,13.20461319746738,0.0757311088969874
5.0,14.0388,13.1156804866106,0.0762446143012457,2.411240262710888e-05,1.0,13.38053570086712,0.0747354233310102
6.0,14.0388,13.39322693810962,0.0746646050739691,1.540778757797025e-05,1.5,13.538590146653355,0.073862934704999
7.5,14.0388,13.811007825221967,0.0724060121212716,1.0532521836581804e-05,1.5,13.675978718323272,0.0731209093401253
9.0,14.0388,14.36992726383579,0.0695897746481055,6.61179249981702e-06,1.5,13.843829778406423,0.0722343467094487
10.5,14.0388,15.039948525272992,0.0664895892641925,3.87883874813223e-06,1.5,14.04114025732386,0.0712192871571381
12.0,14.0388,15.756667142397005,0.0634651979992181,2.482633178278259e-06,1.5,14.205933805885769,0.0703931197810933
13.5,14.0388,16.42350104099199,0.0608883573303929,1.704955301649268e-06,1.5,14.336465787420709,0.0697521979843479
15.0,14.0388,16.926557588539666,0.0590787580267982,1.0755359061259516e-06,1.5,14.49926807889016,0.0689689986114488
16.5,14.0388,17.155617121112414,0.0582899462572732,6.327111340365878e-07,1.5,14.681332108001572,0.0681137101622395
18.0,14.0388,17.03018378765769,0.0587192723501158,4.081043620526735e-07,1.5,14.82462244208124,0.0674553435614923
19.5,14.0388,16.517207463995206,0.0605429218092607,2.808424050223802e-07,nan,14.943753789073565,0.0669175907281857
nan,nan,nan,nan,1.7766075314804592e-07,nan,15.093673116178447,0.0662529254677001
nan,nan,nan,nan,1.0491173900517025e-07,nan,15.263085782688805,0.0655175509223821
nan,nan,nan,nan,6.77857550928421e-08,nan,15.404771163912088,0.0649149532543946
Name:	69.51927961775606_8_210_0.025
Lambda:	69.51927961775606	Maximal Depth:	20	Filter time:	8 to 210 [us]
Chi2:	0.4821238272455536	RelRMS:	1.971571413759336	AbsRMS:	1.3232587144273822e-06	Phi model:	0.0101083637274873
depth_vector,start_model,resistivity_model,conductivity_model,E/I[V/A],modelled_thickness,rhoa,sigma
0.0,14.0388,12.599626156634182,0.0793674342054555,0.0002626129503331,1.0,12.698134940338612,0.0787517225717349
1.0,14.0388,12.62729411390137,0.0791935303779058,0.0001521098422744,1.0,12.838999809736988,0.0778876871110792
2.0,14.0388,12.687480179737085,0.0788178571184749,9.671986043672428e-05,1.0,12.95985187910873,0.0771613757107825
3.0,14.0388,12.788519358682544,0.0781951351796693,6.596179093060244e-05,1.0,13.058283838702591,0.0765797414386234
4.0,14.0388,12.945936553050345,0.0772443149170523,4.1301228431190016e-05,1.0,13.206789059822052,0.075718631945309
5.0,14.0388,13.169058662842392,0.0759355718280444,2.4106706633098348e-05,1.0,13.382643342564457,0.0747236531978274
6.0,14.0388,13.469078103679324,0.0742441310609693,1.5405098077492443e-05,1.5,13.54016585815126,0.0738543390440076
7.5,14.0388,13.893094439465877,0.0719782050253194,1.0531398408099227e-05,1.5,13.67695128374337,0.073115709726086
9.0,14.0388,14.436255351975264,0.0692700409918402,6.6116535376522375e-06,1.5,13.844023755279238,0.0722333345909395
10.5,14.0388,15.06777276770635,0.0663668091772147,3.879057472168872e-06,1.5,14.0406124377422,0.0712219644573285
12.0,14.0388,15.728105306739652,0.0635804491702818,2.482862795896103e-06,1.5,14.20505793980488,0.0703974601326924
13.5,14.0388,16.334957557006838,0.0612184020993095,1.705123670957167e-06,1.5,14.3355220198845,0.0697567900640744
15.0,14.0388,16.79465858974933,0.0595427406074424,1.0756178244081348e-06,1.5,14.498531900305831,0.0689725005866908
16.5,14.0388,17.02005381386031,0.0587542208113142,6.327179296533567e-07,1.5,14.681226985976338,0.0681141978770037
18.0,14.0388,16.946957875251652,0.0590076406255981,4.0807553584705337e-07,1.5,14.825320568688088,0.0674521670790752
19.5,14.0388,16.548934522815255,0.060426850962601,2.807987151021448e-07,nan,14.94530383054784,0.0669106504182286
nan,nan,nan,nan,1.776119339506633e-07,nan,15.09643879841116,0.0662407878674834
nan,nan,nan,nan,1.0486708491054597e-07,nan,15.26741832050218,0.0654989585670243
nan,nan,nan,nan,6.774802825239562e-08,nan,15.410489602588363,0.0648908649749868
Name:	88.58667904100822_8_210_0.025
Lambda:	88.58667904100822	Maximal Depth:	20	Filter time:	8 to 210 [us]
Chi2:	0.4857256344028084	RelRMS:	1.976171606003969	AbsRMS:	1.3561030310974157e-06	Phi model:	0.0092219295977869
depth_vector,start_model,resistivity_model,conductivity_model,E/I[V/A],modelled_thickness,rhoa,sigma
0.0,14.0388,12.54072560330562,0.0797402025714053,0.0002627807424964,1.0,12.69272897763101,0.0787852637334608
1.0,14.0388,12.57883781765428,0.0794986003076142,0.0001521382228129,1.0,12.83740306413178,0.0778973749600524
2.0,14.0388,12.657981274619882,0.0790015388950739,9.67145121268736e-05,1.0,12.960329661006003,0.0771585311605706
3.0,14.0388,12.7830524086468,0.0782285770277819,6.595100001066151e-05,1.0,13.059708199749226,0.0765713892458333
4.0,14.0388,12.966862398342156,0.0771196585018016,4.129213371932456e-05,1.0,13.208728210964782,0.0757075158204772
5.0,14.0388,13.214337698222854,0.0756753779748255,2.4102107308575312e-05,1.0,13.384345798466962,0.0747141485327239
6.0,14.0388,13.533334165710246,0.0738916210710089,1.5403180194121795e-05,1.5,13.541289778438692,0.0738482091707589
7.5,14.0388,13.962051963653243,0.0716227100861143,1.0530792669277627e-05,1.5,13.67747575081137,0.0731129060814221
9.0,14.0388,14.490687179826663,0.0690098397398405,6.611807804498442e-06,1.5,13.843808415062496,0.0722344581792947
10.5,14.0388,15.088095735555482,0.0662774161515607,3.8794224766772175e-06,1.5,14.0397317280939,0.0712264321973454
12.0,14.0388,15.700193867938758,0.063693481011218,2.4831748496698213e-06,1.5,14.20386784109354,0.0704033585209006
13.5,14.0388,16.25688441566209,0.0615124014190927,1.7053448217075811e-06,1.5,14.334282630275478,0.0697628214674585
15.0,14.0388,16.681378415388373,0.0599470844134506,1.0757327386440543e-06,1.5,14.497499353019746,0.0689774129765148
16.5,14.0388,16.904828994719427,0.0591546948101261,6.327461942683982e-07,1.5,14.680789778217235,0.0681162263820274
18.0,14.0388,16.877153997850666,0.0592516961169727,4.08062755197797e-07,1.5,14.825630122763322,0.067450758700947
19.5,14.0388,16.577494404651443,0.0603227469477783,2.807678215242199e-07,nan,14.94640012294382,0.0669057426386522
nan,nan,nan,nan,1.775728704823179e-07,nan,15.09865271632937,0.0662310749699202
nan,nan,nan,nan,1.048294976621784e-07,nan,15.271067585700091,0.06548330654606
nan,nan,nan,nan,6.771562573463376e-08,nan,15.415405246436022,0.0648701726625834
Name:	112.88378916846884_8_210_0.025
Lambda:	112.88378916846884	Maximal Depth:	20	Filter time:	8 to 210 [us]
Chi2:	0.488127929810466	RelRMS:	1.979291664428479	AbsRMS:	1.373647062366035e-06	Phi model:	0.0085973402976054
depth_vector,start_model,resistivity_model,conductivity_model,E/I[V/A],modelled_thickness,rhoa,sigma
0.0,14.0388,12.49539770071029,0.0800294655642017,0.0002628811101667,1.0,12.689498060267884,0.0788053235242694
1.0,14.0388,12.541575354001576,0.079734799797773,0.0001521437584582,1.0,12.837091675560728,0.0778992645120546
2.0,14.0388,12.635485807138965,0.0791421885365901,9.670119637951518e-05,1.0,12.961519391305965,0.0771514488240288
3.0,14.0388,12.779661469164404,0.0782493341011313,6.593749071818058e-05,1.0,13.061491923414332,0.0765609323853255
4.0,14.0388,12.984038935587227,0.0770176371898543,4.128285078602395e-05,1.0,13.21070822842689,0.0756961687979902
5.0,14.0388,13.251790330942704,0.0754615018066666,2.4097950319109063e-05,1.0,13.385884988432297,0.0747055574483249
6.0,14.0388,13.587174654523556,0.0735988184024021,1.540167422606031e-05,1.5,13.542172471116585,0.0738433956688153
7.5,14.0388,14.01935989696587,0.0713299328463936,1.0530491902617916e-05,1.5,13.677736182400624,0.0731115139716408
9.0,14.0388,14.533988067646812,0.0688042397823372,6.612145771099171e-06,1.5,13.84333667866592,0.0722369196973377
10.5,14.0388,15.100424607410536,0.0662233033837505,3.879883943235998e-06,1.5,14.038618465391686,0.0712320804547272
12.0,14.0388,15.67094107256576,0.0638123770212271,2.483544089043064e-06,1.5,14.202459972059945,0.0704103375026065
13.5,14.0388,16.186636050415004,0.0617793590271254,1.705604654281024e-06,1.5,14.332826799305897,0.0697699074999237
15.0,14.0388,16.584485072145473,0.0602973197931573,1.0758738429651362e-06,1.5,14.496231729474855,0.0689834447090634
16.5,14.0388,16.80905772288473,0.0594917345449143,6.32793007494258e-07,1.5,14.680065725124004,0.0681195860239619
18.0,14.0388,16.820667051626362,0.0594506743954195,4.0806455909932084e-07,1.5,14.825586430336262,0.0674509574848108
19.5,14.0388,16.602923798629817,0.0602303553355178,2.807489035443319e-07,nan,14.947071547403931,0.0669027372237128
nan,nan,nan,nan,1.775431447872392e-07,nan,15.100337960871284,0.0662236833765739
nan,nan,nan,nan,1.047987707616335e-07,nan,15.274052414909695,0.0654705099102484
nan,nan,nan,nan,6.76884243171758e-08,nan,15.419534882069398,0.0648527992347453
Name:	143.8449888287663_8_210_0.025
Lambda:	143.8449888287663	Maximal Depth:	20	Filter time:	8 to 210 [us]
Chi2:	0.4891497654832563	RelRMS:	1.980519555338402	AbsRMS:	1.3759227068847596e-06	Phi model:	0.0081526668718889
depth_vector,start_model,resistivity_model,conductivity_model,E/I[V/A],modelled_thickness,rhoa,sigma
0.0,14.0388,12.462902930008635,0.0802381279559004,0.0002629156830514,1.0,12.6883856068651,0.0788122327760078
1.0,14.0388,12.513920311815893,0.0799110091068568,0.0001521262397427,1.0,12.83807719495845,0.0778932845483047
2.0,14.0388,12.61750169907126,0.0792549922995934,9.667936830199157e-05,1.0,12.963470268794149,0.0771398382736461
3.0,14.0388,12.778705880860326,0.0782551855659952,6.592075248492616e-05,1.0,13.06370283109974,0.0765479751743416
4.0,14.0388,12.999959776944072,0.0769233149300614,4.127300333300366e-05,1.0,13.212809467259689,0.0756841308033633
5.0,14.0388,13.283815958841632,0.0752795735124895,2.4094015960901763e-05,1.0,13.387342153380484,0.0746974260120397
6.0,14.0388,13.631193922379104,0.073361145450234,1.5400451019546893e-05,1.5,13.542889534717602,0.0738394858376766
7.5,14.0388,14.064280338752017,0.0711021094513204,1.0530416508319104e-05,1.5,13.67780146770043,0.0731111650042193
9.0,14.0388,14.565739435611809,0.068654255722514,6.612624076373279e-06,1.5,13.842669125140688,0.0722404032748154
10.5,14.0388,15.105459144816606,0.0662012316483042,3.8804193255531e-06,1.5,14.037327161489664,0.0712386331454483
12.0,14.0388,15.641742564071953,0.0639314958613967,2.483956326276594e-06,1.5,14.200888569025349,0.0704181287768976
13.5,14.0388,16.124392817399983,0.0620178391412599,1.7058928144079504e-06,1.5,14.331212682466775,0.0697777656473851
15.0,14.0388,16.501943754583138,0.0605989218526009,1.0760335368846142e-06,1.5,14.494797438784452,0.0689902707659956
16.5,14.0388,16.729092571961218,0.0597761053505107,6.328527193928363e-07,1.5,14.67914229975812,0.0681238712439266
18.0,14.0388,16.774580944798604,0.0596140078426266,4.080764727519626e-07,1.5,14.82529787699202,0.067452270321795
19.5,14.0388,16.625991578276114,0.0601467885564565,2.8073831603967173e-07,nan,14.947447345044043,0.0669010552046907
nan,nan,nan,nan,1.775199646169174e-07,nan,15.101652445092409,0.0662179191075855
nan,nan,nan,nan,1.0477290087350989e-07,nan,15.276566562269116,0.0654597350735769
nan,nan,nan,nan,6.76649338759049e-08,nan,15.423103354970552,0.0648377941186344
Name:	183.29807108324357_8_210_0.025
Lambda:	183.2980710832436	Maximal Depth:	20	Filter time:	8 to 210 [us]
Chi2:	0.4886229423279778	RelRMS:	1.9795905550468	AbsRMS:	1.3625373987023498e-06	Phi model:	0.0078272891668663
depth_vector,start_model,resistivity_model,conductivity_model,E/I[V/A],modelled_thickness,rhoa,sigma
0.0,14.0388,12.439126966107398,0.080391493930778,0.0002628845043981,1.0,12.689388833124166,0.0788060018611469
1.0,14.0388,12.494718866652864,0.0800338135393264,0.0001520842787286,1.0,12.840438490834511,0.077878960341876
2.0,14.0388,12.60708707880218,0.0793204642554917,9.66476437777684e-05,1.0,12.966306947230484,0.0771229621564367
3.0,14.0388,12.780896347607118,0.0782417737224841,6.589967781291424e-05,1.0,13.06648785817406,0.0765316595288783
4.0,14.0388,13.015324127167943,0.0768325083746949,4.126184080067532e-05,1.0,13.21519232691528,0.0756704840355072
5.0,14.0388,13.310718587652037,0.0751274240691761,2.408988153332476e-05,1.0,13.388873845249078,0.0746888806002784
6.0,14.0388,13.665780322917156,0.0731754774605169,1.539926732893057e-05,1.5,13.543583523834316,0.0738357022157523
7.5,14.0388,14.09758580753912,0.0709341311095421,1.0530421266560897e-05,1.5,13.67779734742896,0.0731111870280759
9.0,14.0388,14.586876060801243,0.0685547745680284,6.61317004544386e-06,1.5,13.841907234031549,0.0722443795564105
10.5,14.0388,15.104409598294268,0.0662058317137354,3.880998476709863e-06,1.5,14.03593062457232,0.0712457211956667
12.0,14.0388,15.612913109670911,0.064049546229818,2.484398349541673e-06,1.5,14.199204107732353,0.0704264825276677
13.5,14.0388,16.06925941731178,0.0622306214636548,1.7062032525639889e-06,1.5,14.32947428459211,0.0697862308232241
15.0,14.0388,16.431024773207465,0.0608604766776693,1.0762099039381358e-06,1.5,14.493213810575584,0.0689978091174166
16.5,14.0388,16.661630180506386,0.0600181368309308,6.329251087782746e-07,1.5,14.678023015836729,0.0681290660820642
18.0,14.0388,16.736625904531913,0.059749199492427,4.080986461659695e-07,1.5,14.824760865581377,0.0674547137095275
19.5,14.0388,16.646862189717712,0.0600713809367432,2.8073625159764645e-07,nan,14.94752062402737,0.066900727227802
nan,nan,nan,nan,1.775034655494734e-07,nan,15.102588236483353,0.0662138160917542
nan,nan,nan,nan,1.047519401548674e-07,nan,15.278604374234886,0.0654510042609881
nan,nan,nan,nan,6.76451585603401e-08,nan,15.426109057904794,0.0648251607872284
Name:	233.57214690901213_8_210_0.025
Lambda:	233.57214690901213	Maximal Depth:	20	Filter time:	8 to 210 [us]
Chi2:	0.4865058480022141	RelRMS:	1.976464663001435	AbsRMS:	1.33335253279532e-06	Phi model:	0.0075784176406622
depth_vector,start_model,resistivity_model,conductivity_model,E/I[V/A],modelled_thickness,rhoa,sigma
0.0,14.0388,12.42428736823894,0.0804875137190056,0.0002627881914042,1.0,12.69248912054496,0.0787867525827798
1.0,14.0388,12.483994531358285,0.0801025663290801,0.0001520170282819,1.0,12.84422517875796,0.0778560003489989
2.0,14.0388,12.603814788683229,0.0793410579864982,9.660498949897414e-05,1.0,12.970123366945865,0.0771002689572315
3.0,14.0388,12.785779922926396,0.0782118889913695,6.587337076094099e-05,1.0,13.06996643022845,0.0765112906248314
4.0,14.0388,13.028767274539522,0.0767532322074839,4.124872200420077e-05,1.0,13.217994162894971,0.0756544440613508
5.0,14.0388,13.331557085413662,0.075009992725765,2.4085170318170924e-05,1.0,13.390619755236886,0.0746791424354286
6.0,14.0388,13.691356319154169,0.0730387827684393,1.5397901301891927e-05,1.5,13.544384525970475,0.0738313356419086
7.5,14.0388,14.121079340446087,0.070816116522748,1.0530372352852344e-05,1.5,13.677839703086972,0.0731109606273795
9.0,14.0388,14.599789949915245,0.068494136109527,6.6137166336178415e-06,1.5,13.841144583978148,0.0722483602373139
10.5,14.0388,15.099002116266885,0.0662295423432421,3.8815944192538986e-06,1.5,14.03449396026168,0.0712530143823835
12.0,14.0388,15.584682657374486,0.0641655670496961,2.4848593481331685e-06,1.5,14.197447867346495,0.0704351943633444
13.5,14.0388,16.019715333534098,0.0624230817576825,1.7065319684216702e-06,1.5,14.327634109410896,0.0697951938445416
15.0,14.0388,16.369017601849563,0.0610910211182745,1.0764027554172234e-06,1.5,14.4914826610445,0.0690060515814689
16.5,14.0388,16.603590527598758,0.0602279367428258,6.330113460655156e-07,1.5,14.676689894256208,0.0681352544207774
18.0,14.0388,16.704641798549243,0.0598636003129889,4.081323564033933e-07,1.5,14.823944540386089,0.0674584283066911
19.5,14.0388,16.66553772262075,0.0600040644738791,2.807438227446164e-07,nan,14.947251884640588,0.0669019300482635
nan,nan,nan,nan,1.7749448182597704e-07,nan,15.10309783479459,0.0662115819508362
nan,nan,nan,nan,1.0473643373528237e-07,nan,15.280112353811496,0.0654445449643934
nan,nan,nan,nan,6.76294635851044e-08,nan,15.42849562162177,0.0648151332783594
Name:	297.63514416313194_8_210_0.025
Lambda:	297.63514416313194	Maximal Depth:	20	Filter time:	8 to 210 [us]
Chi2:	0.4831111695792349	RelRMS:	1.971738220930223	AbsRMS:	1.2898603183096354e-06	Phi model:	0.0073750029409865
depth_vector,start_model,resistivity_model,conductivity_model,E/I[V/A],modelled_thickness,rhoa,sigma
0.0,14.0388,12.419145646299208,0.0805208368176269,0.0002626339498234,1.0,12.697458059291778,0.0787559206992786
1.0,14.0388,12.480851628755545,0.0801227375939657,0.0001519261211038,1.0,12.849348352416136,0.0778249583226502
2.0,14.0388,12.604233554460828,0.0793384219420533,9.655145835358624e-05,1.0,12.974916951837264,0.0770717842520293
3.0,14.0388,12.791203494221133,0.0781787265327914,6.584149146990332e-05,1.0,13.074184921621162,0.0764866036387683
4.0,14.0388,13.03984725820568,0.0766880148362721,4.123325355983165e-05,1.0,13.221299731549069,0.0756355290557228
5.0,14.0388,13.34777903239151,0.0749188308836448,2.407961740098538e-05,1.0,13.392678319090573,0.0746676636423464
6.0,14.0388,13.710700110899412,0.0729357357327831,1.539619642638261e-05,1.5,13.545384386051996,0.073825885740808
7.5,14.0388,14.137910514970503,0.070731809975817,1.0530180603603578e-05,1.5,13.678005746932872,0.0731100730985025
9.0,14.0388,14.606970975043406,0.0684604632752772,6.61422705495001e-06,1.5,13.840432492072091,0.0722520774240839
10.5,14.0388,15.089976173443423,0.0662691569891198,3.8822003390239655e-06,1.5,14.033033620277036,0.0712604292884362
12.0,14.0388,15.55601917334419,0.0642837983713427,2.48534296594624e-06,1.5,14.195606039349284,0.0704443330723652
13.5,14.0388,15.973170730509578,0.0626049778639095,1.7068858509711409e-06,1.5,14.325653709490975,0.0698048424371366
15.0,14.0388,16.312818828606474,0.0613014838518515,1.0766195202695147e-06,1.5,14.489537467806077,0.0690153155145134
16.5,14.0388,16.552139578187337,0.0604151502756667,6.331175754678655e-07,1.5,14.675048135380074,0.0681428769960283
18.0,14.0388,16.67679252805993,0.0599635690326797,4.081823373448925e-07,1.5,14.822734411548344,0.0674639356164206
19.5,14.0388,16.681851367207198,0.0599453848369478,2.807646576642049e-07,nan,14.946512407325333,0.0669052400150483
nan,nan,nan,nan,1.7749553801692005e-07,nan,15.103037920533671,0.0662118446144154
nan,nan,nan,nan,1.04727985645662e-07,nan,15.280934076374134,0.0654410257253907
nan,nan,nan,nan,6.76189275812776e-08,nan,15.430098234712752,0.0648084013976218
Name:	379.26901907322497_8_210_0.025
Lambda:	379.26901907322497	Maximal Depth:	20	Filter time:	8 to 210 [us]
Chi2:	0.4778809663119576	RelRMS:	1.9644064819837728	AbsRMS:	1.2257723829604491e-06	Phi model:	0.007198392730902
depth_vector,start_model,resistivity_model,conductivity_model,E/I[V/A],modelled_thickness,rhoa,sigma
0.0,14.0388,12.421233205565157,0.0805073041823226,0.0002623972344507,1.0,12.705093383107458,0.0787085911017063
1.0,14.0388,12.484589638606412,0.0800987480523728,0.0001518002276556,1.0,12.856451658659632,0.0777819593267351
2.0,14.0388,12.61131027599964,0.0792939019114518,9.648144683941815e-05,1.0,12.981193003070803,0.0770345221555093
3.0,14.0388,12.801426900452824,0.0781162918615445,6.580109405033108e-05,1.0,13.079535484185994,0.0764553145797161
4.0,14.0388,13.052699316307269,0.0766125056409335,4.121418593175207e-05,1.0,13.225377282122231,0.0756122096684362
5.0,14.0388,13.361745805716806,0.0748405196850961,2.407281528918272e-05,1.0,13.39520105977032,0.0746536013560326
6.0,14.0388,13.72351298408576,0.0728676397333272,1.5394020521453825e-05,1.5,13.546660759317287,0.0738189298283126
7.5,14.0388,14.145083372393856,0.0706959424468039,1.0529809027252802e-05,1.5,13.678327525074476,0.0731083532081569
9.0,14.0388,14.603723882644536,0.0684756852454891,6.614704253102353e-06,1.5,13.839766832860477,0.0722555525737361
10.5,14.0388,15.07280307202534,0.066344660327711,3.882825522992758e-06,1.5,14.031527249370722,0.0712680795345957
12.0,14.0388,15.523947002863624,0.0644166074398176,2.485854789146593e-06,1.5,14.193657443399063,0.0704540041203447
13.5,14.0388,15.92915200469359,0.0627779808809248,1.7072667870960333e-06,1.5,14.323522676812974,0.0698152278991262
15.0,14.0388,16.263977047638207,0.0614855761952281,1.0768588795394533e-06,1.5,14.487390276147426,0.0690255443484833
16.5,14.0388,16.509686489665842,0.0605705020883313,6.332407119345759e-07,1.5,14.673145654894656,0.0681517122176471
18.0,14.0388,16.65501122258368,0.0600419889626991,4.082451605717192e-07,1.5,14.821213698047206,0.0674708576755597
19.5,14.0388,16.69666577623684,0.0598921972447473,2.807954945518009e-07,nan,14.945418105912688,0.0669101388073165
nan,nan,nan,nan,1.7750384566545457e-07,nan,15.102566675496233,0.0662139106210661
nan,nan,nan,nan,1.0472445543215544e-07,nan,15.28127748331173,0.0654395551086663
nan,nan,nan,nan,6.761190937496786e-08,nan,15.431165992749351,0.0648039169865627
Name:	483.2930238571752_8_210_0.025
Lambda:	483.2930238571752	Maximal Depth:	20	Filter time:	8 to 210 [us]
Chi2:	0.4718250972177993	RelRMS:	1.9564002712979187	AbsRMS:	1.1471789451178508e-06	Phi model:	0.0070327725496276
depth_vector,start_model,resistivity_model,conductivity_model,E/I[V/A],modelled_thickness,rhoa,sigma
0.0,14.0388,12.429849993848604,0.0804514938229253,0.0002621037761555,1.0,12.714574919281333,0.0786498963865103
1.0,14.0388,12.493671282759577,0.0800405243076895,0.0001516485073626,1.0,12.865025254446923,0.0777301233555169
2.0,14.0388,12.62179126000748,0.0792280572067872,9.639816851547808e-05,1.0,12.988668223945838,0.076990187350879
3.0,14.0388,12.813122646183656,0.0780449877530709,6.575316312849493e-05,1.0,13.085890950830157,0.0764181822817773
4.0,14.0388,13.065053870993667,0.0765400594497468,4.119141991919256e-05,1.0,13.230249840177231,0.0755843625086526
5.0,14.0388,13.373443267218557,0.0747750583016443,2.406441197558324e-05,1.0,13.398319288883046,0.0746362270101838
6.0,14.0388,13.732595606178112,0.0728194456953289,1.539107536696691e-05,1.5,13.548388848938997,0.0738095142640013
7.5,14.0388,14.147851470933892,0.0706821104288841,1.0529045748038852e-05,1.5,13.67898856990819,0.0731048202057757
9.0,14.0388,14.596379251172722,0.0685101409597627,6.615031371047589e-06,1.5,13.839310571642825,0.0722579347304359
10.5,14.0388,15.052737029927757,0.0664331010374928,3.8834251110554655e-06,1.5,14.03008293110219,0.0712754161832627
12.0,14.0388,15.490809020189266,0.0645544076294978,2.4863835281471283e-06,1.5,14.19164514825204,0.0704639941003012
13.5,14.0388,15.886022559344788,0.0629484187287497,1.7076785887013325e-06,1.5,14.3212198677005,0.0698264539779435
15.0,14.0388,16.21751836765249,0.0616617152717152,1.0771328306570262e-06,1.5,14.48493375150614,0.0690372505083787
16.5,14.0388,16.469901097384042,0.0607168187645542,6.333945144924359e-07,1.5,14.670770243652344,0.0681627469718349
18.0,14.0388,16.63426728061935,0.0601168649709689,4.083332370834729e-07,1.5,14.819082354302983,0.0674805616226049
19.5,14.0388,16.708370699603513,0.0598502402166436,2.808468875444312e-07,nan,14.943594779812535,0.0669183027735007
nan,nan,nan,nan,1.775275787488372e-07,nan,15.101220636894096,0.0662198125598456
nan,nan,nan,nan,1.0473161691198425e-07,nan,15.280580859497324,0.0654425384214678
nan,nan,nan,nan,6.761260681277639e-08,nan,15.43105987548708,0.0648043626341275
Name:	615.8482110660261_8_210_0.025
Lambda:	615.8482110660261	Maximal Depth:	20	Filter time:	8 to 210 [us]
Chi2:	0.4650812108755069	RelRMS:	1.948088236462691	AbsRMS:	1.0516022006967847e-06	Phi model:	0.006869748897526
depth_vector,start_model,resistivity_model,conductivity_model,E/I[V/A],modelled_thickness,rhoa,sigma
0.0,14.0388,12.444560238060602,0.080356395153409,0.0002617441828597,1.0,12.726217405743544,0.0785779441068391
1.0,14.0388,12.50841765844478,0.0799461632403098,0.000151465970797,1.0,12.87535921962469,0.0776677359398093
2.0,14.0388,12.636436913302717,0.0791362317448262,9.629873709860931e-05,1.0,12.99760748647039,0.0769372364137731
3.0,14.0388,12.827212876296876,0.0779592581524765,6.569591021364439e-05,1.0,13.093492607412164,0.0763738163669107
4.0,14.0388,13.077717969689774,0.0764659401829661,4.11639802139202e-05,1.0,13.2361286664967,0.075550791715345
5.0,14.0388,13.383358030946406,0.0747196628594777,2.405393904402957e-05,1.0,13.402208035203763,0.0746145707761949
6.0,14.0388,13.738022893406692,0.072790677942452,1.538711659951836e-05,1.5,13.550712551404564,0.0737968572653655
7.5,14.0388,14.14589342638992,0.0706918940965896,1.0527755942964226e-05,1.5,13.680105798735129,0.0730988498709169
9.0,14.0388,14.584359626874082,0.0685666032368905,6.615148661292096e-06,1.5,13.839146985405574,0.0722587888584878
10.5,14.0388,15.02913342876132,0.0665374357570274,3.883980793533323e-06,1.5,14.028744706640138,0.0712822152595503
12.0,14.0388,15.456153273216284,0.0646991513556535,2.4869263408382582e-06,1.5,14.189580032710898,0.070474249251544
13.5,14.0388,15.84352902154415,0.063117251127586,1.7081243271485675e-06,1.5,14.31872832542064,0.0698386041883802
15.0,14.0388,16.173260572914387,0.0618304512866574,1.0774471220422702e-06,1.5,14.482116777224116,0.0690506792192623
16.5,14.0388,16.432475828372826,0.0608551024473968,6.335848484776706e-07,1.5,14.66783195159404,0.0681764014818375
18.0,14.0388,16.614020267055356,0.0601901276106507,4.084516095601126e-07,1.5,14.816219091877382,0.0674936023690568
19.5,14.0388,16.71636159636301,0.0598216300978779,2.809230120591242e-07,nan,14.940895047775967,0.0669303945180215
nan,nan,nan,nan,1.7756989836618025e-07,nan,15.098821193924673,0.0662303359418794
nan,nan,nan,nan,1.0475166422004149e-07,nan,15.278631205294287,0.0654508893213866
nan,nan,nan,nan,6.762259939258137e-08,nan,15.429539674681388,0.064810747506675
Name:	784.7599703514607_8_210_0.025
Lambda:	784.7599703514607	Maximal Depth:	20	Filter time:	8 to 210 [us]
Chi2:	0.4582242773947197	RelRMS:	1.9406975458559093	AbsRMS:	9.389985515358404e-07	Phi model:	0.006702169863447
depth_vector,start_model,resistivity_model,conductivity_model,E/I[V/A],modelled_thickness,rhoa,sigma
0.0,14.0388,12.46456332202837,0.0802274395150867,0.0002613190286833,1.0,12.740016983555236,0.0784928309978547
1.0,14.0388,12.527934018274289,0.0798216209106239,0.0001512513308095,1.0,12.88753724460265,0.0775943441341986
2.0,14.0388,12.654851048105556,0.0790210802322877,9.618168469257864e-05,1.0,13.008150677457063,0.0768748782817365
3.0,14.0388,12.843693843568568,0.0778592212006631,6.562807785130476e-05,1.0,13.102513234306423,0.0763212356375791
4.0,14.0388,13.091167134107804,0.0763873831688081,4.113095713589471e-05,1.0,13.243212369734,0.0755103801163377
5.0,14.0388,13.392403297609366,0.0746691969900956,2.4040849511331577e-05,1.0,13.407072331555812,0.0745874994383621
6.0,14.0388,13.741068751300263,0.0727745430940642,1.5381815499804174e-05,1.5,13.553825731943794,0.07377990685266
7.5,14.0388,14.140614517864956,0.0707182844661114,1.05257392319747e-05,1.5,13.681853130564608,0.0730895142973028
9.0,14.0388,14.56889908884396,0.0686393662212777,6.614957249729412e-06,1.5,13.839413952107012,0.0722573949634444
10.5,14.0388,15.002800879329635,0.0666542206380787,3.884457569508216e-06,1.5,14.027596763390758,0.0712880486135587
12.0,14.0388,15.420060606050887,0.0648505881752239,2.487475013955744e-06,1.5,14.187493384655305,0.0704846143633494
13.5,14.0388,15.800990245722126,0.0632871727941693,1.7086071529908466e-06,1.5,14.316030698214536,0.0698517641572756
15.0,14.0388,16.129837146798117,0.0619969061621001,1.0778108222290298e-06,1.5,14.478858663808907,0.0690662173876717
16.5,14.0388,16.395641503498375,0.0609918190628056,6.338219201928187e-07,1.5,14.6641741998109,0.0681934070322825
18.0,14.0388,16.592516351930797,0.0602681340665748,4.086094276058116e-07,1.5,14.81240384741082,0.0675109867582227
19.5,14.0388,16.719381719276953,0.0598108241554787,2.8103163344566894e-07,nan,14.937044934821804,0.0669476462287907
nan,nan,nan,nan,1.7763681811795756e-07,nan,15.095028913966862,0.0662469747954399
nan,nan,nan,nan,1.0478885308479437e-07,nan,15.275016135267425,0.0654663792918142
nan,nan,nan,nan,6.764498882743725e-08,nan,15.426134862399906,0.0648250523491421
Name:	1000.0_8_210_0.025
Lambda:	1000	Maximal Depth:	20	Filter time:	8 to 210 [us]
Chi2:	0.4520149542567435	RelRMS:	1.9358774621099768	AbsRMS:	8.087041062918549e-07	Phi model:	0.0065239909837203
depth_vector,start_model,resistivity_model,conductivity_model,E/I[V/A],modelled_thickness,rhoa,sigma
0.0,14.0388,12.489323234542963,0.0800683897133994,0.0002608259979304,1.0,12.75606661820906,0.0783940716155023
1.0,14.0388,12.55179473967913,0.0796698815380376,0.0001510019909621,1.0,12.901720249110712,0.0775090438090166
2.0,14.0388,12.676818716809713,0.0788841445428244,9.60448612208935e-05,1.0,13.02050183640665,0.0768019552982127
3.0,14.0388,12.862637963010132,0.0777445499807862,6.554800971109144e-05,1.0,13.113181042588565,0.0762591469417094
4.0,14.0388,13.10580348548079,0.076302074963038,4.109123391563106e-05,1.0,13.251745873842136,0.07546175496573
5.0,14.0388,13.401311373487315,0.074619563125618,2.4024497876305263e-05,1.0,13.413155086295548,0.0745536746251236
6.0,14.0388,13.742750405059684,0.0727656379200359,1.5374790905480555e-05,1.5,13.557953826184043,0.0737574425182605
7.5,14.0388,14.133159764201263,0.070755585918795,1.0522765437416589e-05,1.5,13.684430723211658,0.073075747192303
9.0,14.0388,14.551043916853608,0.0687235916346702,6.6143443991244e-06,1.5,13.840268797448394,0.0722529319794974
10.5,14.0388,14.974440607888656,0.0667804578605221,3.884815942513603e-06,1.5,14.02673405597131,0.0712924331501309
12.0,14.0388,15.382681872253295,0.0650081701165362,2.4880206470927456e-06,1.5,14.18541905848945,0.0704949212904314
13.5,14.0388,15.757900252858098,0.0634602316269024,1.7091311217537528e-06,1.5,14.313104635911824,0.0698660441209227
15.0,14.0388,16.08611663924902,0.0621654077504367,1.078234721794699e-06,1.5,14.475063581592725,0.0690843252164815
16.5,14.0388,16.357818317157648,0.0611328467287782,6.341177807102127e-07,1.5,14.659612599699186,0.0682146266280269
18.0,14.0388,16.568024272269614,0.0603572268827327,4.088174905079626e-07,1.5,14.807377687359423,0.0675339024311959
19.5,14.0388,16.71591270028391,0.0598232365728385,2.811819259323885e-07,nan,14.931721867074767,0.066971512656223
nan,nan,nan,nan,1.777354554167298e-07,nan,15.089443569442576,0.0662714960560299
nan,nan,nan,nan,1.0484823242412005e-07,nan,15.26924839536408,0.0654911082790172
nan,nan,nan,nan,6.768346233459848e-08,nan,15.420288493325517,0.0648496297869419
Name:	10_8_210_0.025
Lambda:	10	Maximal Depth:	20	Filter time:	8 to 210 [us]
Chi2:	0.4931568410112737	RelRMS:	2.027094180457872	AbsRMS:	8.618088609257584e-07	Phi model:	0.0390877482154202
depth_vector,start_model,resistivity_model,conductivity_model,E/I[V/A],modelled_thickness,rhoa,sigma
0.0,14.0388,13.365360373608857,0.0748202795919063,0.0002599775784332,1.0,12.783803927450084,0.078223978220813
1.0,14.0388,13.28062500329186,0.0752976610477391,0.0001515858297159,1.0,12.86857129368032,0.0777087041893371
2.0,14.0388,13.13530624942728,0.076130695471497,9.67578198698732e-05,1.0,12.95646210448949,0.0771815632952373
3.0,14.0388,12.95355418473793,0.0771988896436018,6.612052358629172e-05,1.0,13.037376499767776,0.0767025482479402
4.0,14.0388,12.78648730613353,0.0782075620972393,4.146011539581955e-05,1.0,13.173026021727336,0.0759127020891493
5.0,14.0388,12.67913753442254,0.0788697178562109,2.4207251812679416e-05,1.0,13.34556097072895,0.0749312825585464
6.0,14.0388,12.68637503825514,0.0788247231367943,1.5463306541600796e-05,1.5,13.506165042158736,0.0740402621231531
7.5,14.0388,12.96747234085876,0.077116031074856,1.0565180425445586e-05,1.5,13.64778115049774,0.0732719838465119
9.0,14.0388,13.624691914557909,0.073396155030229,6.627537546767342e-06,1.5,13.821895221718174,0.0723489784836968
10.5,14.0388,14.623802650179458,0.0683816667881338,3.885316857733874e-06,1.5,14.025528430480769,0.0712985614022759
12.0,14.0388,15.896577516746037,0.0629066224441433,2.4858522020090504e-06,1.5,14.193667291380011,0.0704539552372988
13.5,14.0388,17.24736757333557,0.0579798624774484,1.7069785883385514e-06,1.5,14.325134845165342,0.069807370807228
15.0,14.0388,18.326374949267063,0.0545661650363643,1.0769575484524191e-06,1.5,14.486505390213866,0.0690297606678512
16.5,14.0388,18.717244281048423,0.0534266682095141,6.33874558057591e-07,1.5,14.6633623656793,0.0681971825466562
18.0,14.0388,18.0455049110667,0.0554154624616091,4.09133961485653e-07,1.5,14.799740890171574,0.0675687505221185
19.5,14.0388,16.21196978333167,0.061682819137015,2.817567313661451e-07,nan,14.911407047393034,0.0670627524834975
nan,nan,nan,nan,1.7842499125846697e-07,nan,15.05054234729491,0.0664427883676719
nan,nan,nan,nan,1.055038387022283e-07,nan,15.20592677144786,0.0657638311054935
nan,nan,nan,nan,6.824806322886737e-08,nan,15.335125077842582,0.0652097713532757
Name:	58.06735210785115_8_210_0.025
Lambda:	58.06735210785115	Maximal Depth:	20	Filter time:	8 to 210 [us]
Chi2:	0.4791308188335438	RelRMS:	1.9679371168583355	AbsRMS:	1.2911661623844758e-06	Phi model:	0.0109929398326704
depth_vector,start_model,resistivity_model,conductivity_model,E/I[V/A],modelled_thickness,rhoa,sigma
0.0,14.0388,12.650064345592508,0.0790509812978474,0.0002624521072901,1.0,12.703322421663454,0.0787195638122718
1.0,14.0388,12.669469211845458,0.0789299048980709,0.0001520780252808,1.0,12.840790487605291,0.0778768254933573
2.0,14.0388,12.715068725847528,0.0786468419134199,9.672106896974915e-05,1.0,12.959743923025824,0.0771620184734731
3.0,14.0388,12.7969848854501,0.0781434071346742,6.596955298977613e-05,1.0,13.057259516066392,0.0765857490057192
4.0,14.0388,12.927274989810307,0.0773558233106537,4.130869772726509e-05,1.0,13.205197007846843,0.0757277607752293
5.0,14.0388,13.130479011390667,0.0761586838631326,2.411082133074762e-05,1.0,13.381120731708736,0.0747321558522626
6.0,14.0388,13.414344219601473,0.0745470657103586,1.5407012657622776e-05,1.5,13.539044106213616,0.0738604581058318
7.5,14.0388,13.833333799145809,0.0722891541922995,1.0532176313415375e-05,1.5,13.676277823433397,0.0731193101595645
9.0,14.0388,14.387730391814337,0.0695036654682474,6.611724080698191e-06,1.5,13.843925283601893,0.0722338483857969
10.5,14.0388,15.047584798283014,0.0664558474602584,3.878878238206974e-06,1.5,14.041044957156297,0.0712197705406769
12.0,14.0388,15.749653221410725,0.0634934614713014,2.482682527760054e-06,1.5,14.205745553115772,0.0703940526219455
13.5,14.0388,16.400215645222588,0.0609748079923145,1.7049922529125165e-06,1.5,14.3362586496526,0.0697532058006105
15.0,14.0388,16.890940461782034,0.0592033346078408,1.07555292659048e-06,1.5,14.499115112651234,0.0689697262371169
16.5,14.0388,17.118238620706308,0.0584172251688555,6.327102306379674e-07,1.5,14.681346082900218,0.0681136453260732
18.0,14.0388,17.00701512042155,0.058799265651221,4.080949765330996e-07,1.5,14.8248497359855,0.0674543093393131
19.5,14.0388,16.52572612899747,0.0605117132036524,2.808296081931801e-07,nan,14.94420775643064,0.0669155579404796
nan,nan,nan,nan,1.776470204659537e-07,nan,15.094450965584654,0.0662495113124684
nan,nan,nan,nan,1.0489941153185645e-07,nan,15.26428154152656,0.0655124184704988
nan,nan,nan,nan,6.777542208631864e-08,nan,15.40633685986906,0.0649083561586163
Name:	172.21381097981777_8_210_0.025
Lambda:	172.21381097981777	Maximal Depth:	20	Filter time:	8 to 210 [us]
Chi2:	0.4889138722310249	RelRMS:	1.9800472098551447	AbsRMS:	1.367513077400053e-06	Phi model:	0.007902255120107
depth_vector,start_model,resistivity_model,conductivity_model,E/I[V/A],modelled_thickness,rhoa,sigma
0.0,14.0388,12.444425601814752,0.0803572645292822,0.0002628988779446,1.0,12.688926315154086,0.0788088743809413
1.0,14.0388,12.49887481179938,0.0800072018527591,0.0001520975076174,1.0,12.839693936905148,0.0778834764219495
2.0,14.0388,12.609078242838908,0.0793079383552823,9.665683408413812e-05,1.0,12.965485027615378,0.0771278512041844
3.0,14.0388,12.779991027709908,0.078247316279939,6.590557686101544e-05,1.0,13.0657081468155,0.0765362266448397
4.0,14.0388,13.011455929107802,0.0768553500429502,4.126487897043959e-05,1.0,13.214543664074055,0.0756741984756285
5.0,14.0388,13.304317347114123,0.0751635708852745,2.4090986498189057e-05,1.0,13.38846444321628,0.0746911644902402
6.0,14.0388,13.657761186898703,0.0732184423431899,1.5399580532838167e-05,1.5,13.543399886033162,0.0738367033695331
7.5,14.0388,14.090045939614482,0.0709720893945758,1.0530419647299792e-05,1.5,13.677798749584204,0.0731111795332124
9.0,14.0388,14.582344695282664,0.0685760775030572,6.613026635325119e-06,1.5,13.84210735040739,0.0722433351140401
10.5,14.0388,15.10519745151424,0.0662023785660447,3.880846676733795e-06,1.5,14.036296634057788,0.0712438633972433
12.0,14.0388,15.620306560382334,0.0640192301050155,2.484282343497259e-06,1.5,14.199646134967402,0.0704242901897002
13.5,14.0388,16.08286334779322,0.0621779827618328,1.7061214843601032e-06,1.5,14.329932120694496,0.0697840011786137
15.0,14.0388,16.4483029428933,0.0607965456054579,1.0761629837058766e-06,1.5,14.493635072675035,0.0689958036742147
16.5,14.0388,16.67794689693191,0.0599594186370722,6.329052575696291e-07,1.5,14.678329933784552,0.0681276415308214
18.0,14.0388,16.74571760593953,0.0597167600417022,4.080919379739957e-07,1.5,14.824923324184692,0.0674539745084985
19.5,14.0388,16.641693028387238,0.0600900400154124,2.807359492465764e-07,nan,14.947531356290328,0.0669006791933688
nan,nan,nan,nan,1.775070604279197e-07,nan,15.102384330407505,0.0662147100830016
nan,nan,nan,nan,1.0475685927599297e-07,nan,15.2781260736935,0.065453053285235
nan,nan,nan,nan,6.764989039315681e-08,nan,15.425389720744873,0.0648281837998003
Name:	1000_8_210_0.025
Lambda:	1000	Maximal Depth:	20	Filter time:	8 to 210 [us]
Chi2:	0.4520149542567435	RelRMS:	1.9358774621099768	AbsRMS:	8.087041062918549e-07	Phi model:	0.0065239909837203
depth_vector,start_model,resistivity_model,conductivity_model,E/I[V/A],modelled_thickness,rhoa,sigma
0.0,14.0388,12.489323234542963,0.0800683897133994,0.0002608259979304,1.0,12.75606661820906,0.0783940716155023
1.0,14.0388,12.55179473967913,0.0796698815380376,0.0001510019909621,1.0,12.901720249110712,0.0775090438090166
2.0,14.0388,12.676818716809713,0.0788841445428244,9.60448612208935e-05,1.0,13.02050183640665,0.0768019552982127
3.0,14.0388,12.862637963010132,0.0777445499807862,6.554800971109144e-05,1.0,13.113181042588565,0.0762591469417094
4.0,14.0388,13.10580348548079,0.076302074963038,4.109123391563106e-05,1.0,13.251745873842136,0.07546175496573
5.0,14.0388,13.401311373487315,0.074619563125618,2.4024497876305263e-05,1.0,13.413155086295548,0.0745536746251236
6.0,14.0388,13.742750405059684,0.0727656379200359,1.5374790905480555e-05,1.5,13.557953826184043,0.0737574425182605
7.5,14.0388,14.133159764201263,0.070755585918795,1.0522765437416589e-05,1.5,13.684430723211658,0.073075747192303
9.0,14.0388,14.551043916853608,0.0687235916346702,6.6143443991244e-06,1.5,13.840268797448394,0.0722529319794974
10.5,14.0388,14.974440607888656,0.0667804578605221,3.884815942513603e-06,1.5,14.02673405597131,0.0712924331501309
12.0,14.0388,15.382681872253295,0.0650081701165362,2.4880206470927456e-06,1.5,14.18541905848945,0.0704949212904314
13.5,14.0388,15.757900252858098,0.0634602316269024,1.7091311217537528e-06,1.5,14.313104635911824,0.0698660441209227
15.0,14.0388,16.08611663924902,0.0621654077504367,1.078234721794699e-06,1.5,14.475063581592725,0.0690843252164815
16.5,14.0388,16.357818317157648,0.0611328467287782,6.341177807102127e-07,1.5,14.659612599699186,0.0682146266280269
18.0,14.0388,16.568024272269614,0.0603572268827327,4.088174905079626e-07,1.5,14.807377687359423,0.0675339024311959
19.5,14.0388,16.71591270028391,0.0598232365728385,2.811819259323885e-07,nan,14.931721867074767,0.066971512656223
nan,nan,nan,nan,1.777354554167298e-07,nan,15.089443569442576,0.0662714960560299
nan,nan,nan,nan,1.0484823242412005e-07,nan,15.26924839536408,0.0654911082790172
nan,nan,nan,nan,6.768346233459848e-08,nan,15.420288493325517,0.0648496297869419
Name:	337.1817380817165_8_210_0.025
Lambda:	337.1817380817165	Maximal Depth:	20	Filter time:	8 to 210 [us]
Chi2:	0.4807298251018626	RelRMS:	1.968415170624332	AbsRMS:	1.260725658374088e-06	Phi model:	0.0072808242755563
depth_vector,start_model,resistivity_model,conductivity_model,E/I[V/A],modelled_thickness,rhoa,sigma
0.0,14.0388,12.418197617751323,0.0805269839296597,0.0002625278613138,1.0,12.700878556414732,0.0787347107964384
1.0,14.0388,12.48086165304966,0.0801226732415268,0.0001518676023683,1.0,12.852648943739265,0.0778049726851923
2.0,14.0388,12.606304640413398,0.0793253874568596,9.651819713571282e-05,1.0,12.977897645422717,0.0770540828200088
3.0,14.0388,12.795865880370448,0.0781502408159852,6.582204203913803e-05,1.0,13.07676027910818,0.0764715402482088
4.0,14.0388,13.046855848562448,0.0766468190962793,4.122394086225229e-05,1.0,13.22329082908607,0.0756241402329585
5.0,14.0388,13.35627372947424,0.0748711819070635,2.407625233270244e-05,1.0,13.393926194013329,0.0746607070633978
6.0,14.0388,13.719231814824251,0.0728903785210083,1.5395107421694337e-05,1.5,13.546023152329935,0.0738224044617846
7.5,14.0388,14.143723861701105,0.0707027378205422,1.0529988032422435e-05,1.5,13.678172507596855,0.0731091817598147
9.0,14.0388,14.6071338959102,0.0684596997005679,6.614460813949403e-06,1.5,13.840106404045851,0.0722537797619584
10.5,14.0388,15.08221878876857,0.0663032418509059,3.882510773474242e-06,1.5,14.032285582836447,0.0712642280615459
12.0,14.0388,15.539625101417004,0.0643516168165996,2.485597752056782e-06,1.5,14.19463594270885,0.0704491474128757
13.5,14.0388,15.9496605833037,0.0626972589652981,1.7070754616385518e-06,1.5,14.32459289052146,0.0698100118895314
15.0,14.0388,16.28622139871721,0.061401596817219,1.076738312450874e-06,1.5,14.488471733514537,0.0690203921015916
16.5,14.0388,16.528758972657876,0.0605006099764788,6.331781436836919e-07,1.5,14.674112268528155,0.0681472229256906
18.0,14.0388,16.66460950200164,0.060007406707003,4.082127298016478e-07,1.5,14.821998676032637,0.0674672843964702
19.5,14.0388,16.689665545360832,0.0599173181321159,2.8077910420921294e-07,nan,14.945999721225284,0.0669075350362725
nan,nan,nan,nan,1.7749883457987725e-07,nan,15.102850921110704,0.066212664431601
nan,nan,nan,nan,1.0472553104458097e-07,nan,15.281172849418343,0.0654400031891572
nan,nan,nan,nan,6.761486906619167e-08,nan,15.430715679375057,0.0648058081542268
Name:	113.6915244958074_8_210_0.025
Lambda:	113.6915244958074	Maximal Depth:	20	Filter time:	8 to 210 [us]
Chi2:	0.4881763696575958	RelRMS:	1.9793538315584167	AbsRMS:	1.3739184593075522e-06	Phi model:	0.0085820364804562
depth_vector,start_model,resistivity_model,conductivity_model,E/I[V/A],modelled_thickness,rhoa,sigma
0.0,14.0388,12.494263750149168,0.0800367288539159,0.0002628830100707,1.0,12.689436920630492,0.0788057032203059
1.0,14.0388,12.540638537182083,0.0797407561851872,0.0001521435476732,1.0,12.837103532197176,0.0778991925625485
2.0,14.0388,12.634915244820297,0.0791457624070689,9.670066388602572e-05,1.0,12.961566974008276,0.0771511655963582
3.0,14.0388,12.779575831641862,0.0782498584596234,6.593703806050588e-05,1.0,13.061551701428543,0.0765605819935337
4.0,14.0388,12.984507951474871,0.0770148552210954,4.128256625854577e-05,1.0,13.210768928871332,0.0756958209915064
5.0,14.0388,13.252806350674918,0.0754557165885905,2.409783022438348e-05,1.0,13.385929461948074,0.074705309246002
6.0,14.0388,13.5886195972063,0.0735909922892823,1.540163365404947e-05,1.5,13.542196253568909,0.0738432659869672
7.5,14.0388,14.020868016733637,0.07132226041972,1.0530486187662848e-05,1.5,13.677741131057266,0.0731114875196283
9.0,14.0388,14.535082144464058,0.0687990607869297,6.612157733916663e-06,1.5,13.843319981609095,0.0722370068255666
10.5,14.0388,15.10066153316362,0.0662222643560237,3.879898630641506e-06,1.5,14.038583036457084,0.071232260221924
12.0,14.0388,15.670061866308927,0.0638159573670878,2.483555633042748e-06,1.5,14.202415961685396,0.0704105556898032
13.5,14.0388,16.184685688793078,0.0617868038483095,1.7056127721602582e-06,1.5,14.332781321124976,0.069770128881134
15.0,14.0388,16.581863267614615,0.0603068535701329,1.0758783258140192e-06,1.5,14.496191461934195,0.0689836363313714
16.5,14.0388,16.806504932837292,0.0595007709215112,6.327946267221162e-07,1.5,14.680040682368672,0.0681197022295068
18.0,14.0388,16.819185043721237,0.0594559128400403,4.080648055301338e-07,1.5,14.825580461543018,0.0674509846406325
19.5,14.0388,16.60362911056585,0.0602277967871278,2.807485071603963e-07,nan,14.947085616407568,0.0669026742512459
nan,nan,nan,nan,1.7754239600165708e-07,nan,15.100380417988228,0.0662234971781741
nan,nan,nan,nan,1.047979595748633e-07,nan,15.274131233831442,0.0654701720635377
nan,nan,nan,nan,6.768769456551316e-08,nan,15.4196457088213,0.0648523331134591
Name:	87.95730415567407_8_210_0.025
Lambda:	87.95730415567407	Maximal Depth:	20	Filter time:	8 to 210 [us]
Chi2:	0.4856405436069979	RelRMS:	1.9760591167477704	AbsRMS:	1.3553829077807557e-06	Phi model:	0.009243790666674
depth_vector,start_model,resistivity_model,conductivity_model,E/I[V/A],modelled_thickness,rhoa,sigma
0.0,14.0388,12.542257246712808,0.0797304648062524,0.0002627768732727,1.0,12.692853572277764,0.078784490367405
1.0,14.0388,12.580094779893052,0.0794906570655027,0.0001521377704683,1.0,12.837428510044443,0.0778972205545344
2.0,14.0388,12.658740400573455,0.0789968012895421,9.671481784976142e-05,1.0,12.960302348600406,0.0771586937636521
3.0,14.0388,12.783173276611231,0.0782278373578533,6.595137945901432e-05,1.0,13.059658107397787,0.0765716829473153
4.0,14.0388,12.966295768162654,0.077123028649045,4.129241809294434e-05,1.0,13.208667566770057,0.0757078634120347
5.0,14.0388,13.213129425787008,0.0756822980972531,2.410224414515209e-05,1.0,13.384295140119317,0.0747144313190246
6.0,14.0388,13.531601830880806,0.0739010807809815,1.5403235379533818e-05,1.5,13.541257435359093,0.0738483855560406
7.5,14.0388,13.960188711566058,0.0716322694958626,1.0530808993650076e-05,1.5,13.677461616014693,0.0731129816390139
9.0,14.0388,14.489237291749456,0.0690167453168446,6.611802105465646e-06,1.5,13.84381637016113,0.07223441667107
10.5,14.0388,15.08760626515165,0.0662795663159459,3.87941092206139e-06,1.5,14.039759605801654,0.0712262907683098
12.0,14.0388,15.701033814816276,0.06369007364702,2.4831650156616725e-06,1.5,14.203905341852725,0.070403172643895
13.5,14.0388,16.259068792894162,0.0615041373363915,1.7053377462223238e-06,1.5,14.334322279092072,0.0697626285030993
15.0,14.0388,16.684470226878414,0.059935975575,1.075728863075894e-06,1.5,14.49753417345024,0.068977247305361
16.5,14.0388,16.907929182706486,0.0591438483798953,6.327449459964198e-07,1.5,14.680809086273443,0.0681161367962342
18.0,14.0388,16.879008673958367,0.0592451855032719,4.0806277998621977e-07,1.5,14.82562952235899,0.0674507614325495
19.5,14.0388,16.57672413864948,0.0603255499479809,2.8076843418017373e-07,nan,14.946378380223392,0.0669058399674379
nan,nan,nan,nan,1.7757378630138548e-07,nan,15.098600803089145,0.0662313026910018
nan,nan,nan,nan,1.048304325249725e-07,nan,15.27097679543504,0.0654836958627905
nan,nan,nan,nan,6.771645041031328e-08,nan,15.415280089889643,0.0648706993430411
Name:	133.23299708869857_8_210_0.025
Lambda:	133.23299708869857	Maximal Depth:	20	Filter time:	8 to 210 [us]
Chi2:	0.4889803560767611	RelRMS:	1.9803360395687364	AbsRMS:	1.3767635375581994e-06	Phi model:	0.0082777732339087
depth_vector,start_model,resistivity_model,conductivity_model,E/I[V/A],modelled_thickness,rhoa,sigma
0.0,14.0388,12.471484607906056,0.0801829157826221,0.0002629114212632,1.0,12.688522725456014,0.078811381091179
1.0,14.0388,12.521810479299416,0.0798606560651243,0.0001521341290154,1.0,12.837633358687189,0.0778959775575225
2.0,14.0388,12.623476862155083,0.0792174779515759,9.66871703883171e-05,1.0,12.962772875513526,0.0771439883737363
3.0,14.0388,12.778068411966364,0.0782590895399748,6.592642003838314e-05,1.0,13.06295411462693,0.0765523625992281
4.0,14.0388,12.99482500335249,0.0769537103994869,4.127621971734534e-05,1.0,13.212123066781558,0.075688062769733
5.0,14.0388,13.274404845538768,0.0753329442363721,2.4095272201976707e-05,1.0,13.386876837332984,0.0747000224287733
6.0,14.0388,13.61868658178809,0.0734285199967281,1.5400833819260404e-05,1.5,13.542665121079946,0.073840709421622
7.5,14.0388,14.051653025649792,0.0711660043252282,1.0530434706751152e-05,1.5,13.677785709274549,0.0731112492369233
9.0,14.0388,14.55670459400423,0.0686968670376048,6.612468886977373e-06,1.5,13.842885708597704,0.0722392730136396
10.5,14.0388,15.104186309349144,0.0662068104510219,3.880247666781944e-06,1.5,14.037741157841008,0.0712365321995863
12.0,14.0388,15.650395067154792,0.0638961505897498,2.483824172983398e-06,1.5,14.20139227551948,0.0704156311296189
13.5,14.0388,16.143037547807374,0.0619462103732655,1.7058000777847248e-06,1.5,14.331732093170803,0.0697752367612641
15.0,14.0388,16.526647294727063,0.0605083403891034,1.0759815096650762e-06,1.5,14.495264682211015,0.0689880469190209
16.5,14.0388,16.753174868260714,0.0596901785997902,6.328324191140232e-07,1.5,14.679456220768133,0.0681224144110477
18.0,14.0388,16.78850160404932,0.0595645772079388,4.080714339426241e-07,1.5,14.825419917219037,0.0674517150666704
19.5,14.0388,16.619016617252818,0.0601720320179391,2.8074054712332216e-07,nan,14.94736815199575,0.0669014096549486
nan,nan,nan,nan,1.775263804166627e-07,nan,15.101288593961142,0.0662195145651272
nan,nan,nan,nan,1.047803901252106e-07,nan,15.27583861807436,0.0654628544462888
nan,nan,nan,nan,6.767183157389589e-08,nan,15.42205529983057,0.064842200378505
Name:	146.9549671429637_8_210_0.025
Lambda:	146.9549671429637	Maximal Depth:	20	Filter time:	8 to 210 [us]
Chi2:	0.4891684281736813	RelRMS:	1.9805281994038384	AbsRMS:	1.3753861537964334e-06	Phi model:	0.0081198802970364
depth_vector,start_model,resistivity_model,conductivity_model,E/I[V/A],modelled_thickness,rhoa,sigma
0.0,14.0388,12.460448656737224,0.0802539320652239,0.000262915614175,1.0,12.688387822862136,0.0788122190116371
1.0,14.0388,12.5118937750089,0.0799239521995773,0.0001521235556685,1.0,12.838228204888102,0.0778923683269046
2.0,14.0388,12.616303240034906,0.0792625209599221,9.667699432322289e-05,1.0,12.963682486653925,0.0771385754803465
3.0,14.0388,12.778750544689654,0.078254912051285,6.591908732577643e-05,1.0,13.06392282861082,0.0765466861002834
4.0,14.0388,13.001341715909447,0.0769151385949899,4.127208402180624e-05,1.0,13.213005671528467,0.0756830069448022
5.0,14.0388,13.286403871115226,0.0752649106334942,2.4093666141749307e-05,1.0,13.387471734804516,0.0746967029928599
6.0,14.0388,13.63462206428169,0.073342700317281,1.5400348918206175e-05,1.5,13.54294939248049,0.0738391594784541
7.5,14.0388,14.06766804946734,0.0710849869703788,1.0530416024551012e-05,1.5,13.67780188660657,0.0731111627650645
9.0,14.0388,14.568002989258696,0.0686435883310376,6.61267066891646e-06,1.5,13.842604101899834,0.0722407426116271
10.5,14.0388,15.105595755822788,0.0662006329419035,3.880469116607467e-06,1.5,14.03720708411524,0.0712392425364742
12.0,14.0388,15.639186636101002,0.0639419442499414,2.483994305742765e-06,1.5,14.200743817340484,0.0704188465662554
13.5,14.0388,16.119268655780157,0.0620375540202571,1.7059193705895125e-06,1.5,14.331063952001166,0.0697784898141049
15.0,14.0388,16.49525292828976,0.0606235020673721,1.0760484247349915e-06,1.5,14.494663741658202,0.0689909071243897
16.5,14.0388,16.72267462190812,0.0597990466602702,6.328585710838333e-07,1.5,14.679051813045776,0.068124291182845
18.0,14.0388,16.77093001089777,0.0596269854653378,4.080779896890626e-07,1.5,14.82526113718759,0.0674524374812937
19.5,14.0388,16.627923038148115,0.0601398020489859,2.807377675906448e-07,nan,14.947466812583338,0.0669009680729421
nan,nan,nan,nan,1.77518222104236e-07,nan,15.101751269793452,0.066217485782606
nan,nan,nan,nan,1.047708417338853e-07,nan,15.276766722797094,0.0654588774015726
nan,nan,nan,nan,6.766303106395907e-08,nan,15.423392504769645,0.064836578573148
Name:	125.40087374595338_8_210_0.025
Lambda:	125.40087374595338	Maximal Depth:	20	Filter time:	8 to 210 [us]
Chi2:	0.4887485286959284	RelRMS:	1.9800652722788945	AbsRMS:	1.3764701066105848e-06	Phi model:	0.0083862769329964
depth_vector,start_model,resistivity_model,conductivity_model,E/I[V/A],modelled_thickness,rhoa,sigma
0.0,14.0388,12.479653092978404,0.0801304325168015,0.0002629039410515,1.0,12.68876340242684,0.0788098862186003
1.0,14.0388,12.52855514573754,0.0798176635986807,0.0001521389471677,1.0,12.837362316980563,0.0778976222145926
2.0,14.0388,12.627550296671568,0.0791919237307322,9.669279710595084e-05,1.0,12.962269986830204,0.0771469812784342
3.0,14.0388,12.778522325911036,0.0782563096495357,6.593066878484177e-05,1.0,13.062392901085683,0.0765556516001662
4.0,14.0388,12.99088149607764,0.0769770704399029,4.127869046767622e-05,1.0,13.21159585071714,0.0756910831438821
5.0,14.0388,13.266367185147498,0.0753785860170944,2.409624716112427e-05,1.0,13.386515736951992,0.074702037456962
6.0,14.0388,13.607665299834675,0.073487992096054,1.5401129875727232e-05,1.5,13.542491566435356,0.0738416557318351
7.5,14.0388,14.04051640905382,0.071222451572733,1.0530445674655264e-05,1.5,13.677776211945073,0.0731113000026042
9.0,14.0388,14.549052079040948,0.0687330002372167,6.612344170292165e-06,1.5,13.8430597702565,0.0722383646821074
10.5,14.0388,15.103223033455349,0.0662110330877645,3.880111055054911e-06,1.5,14.038070651642077,0.0712348601752497
12.0,14.0388,15.657923547935436,0.0638654287037858,2.483719592731362e-06,1.5,14.20179091814816,0.0704136545709965
13.5,14.0388,16.158557988763405,0.0618867104784595,1.7057271638373389e-06,1.5,14.332140511639745,0.069773248398441
15.0,14.0388,16.54705745576443,0.0604337056708311,1.0759411691750062e-06,1.5,14.495626995965576,0.0689863225839296
16.5,14.0388,16.772795652708275,0.0596203531424131,6.328173300191987e-07,1.5,14.679689567545198,0.0681213315444261
18.0,14.0388,16.799726882465126,0.059524777217882,4.080683898930692e-07,1.5,14.82549364547621,0.0674513796243901
19.5,14.0388,16.613252227524985,0.0601929102324222,2.807431674583671e-07,nan,14.94727514368052,0.0669018259440273
nan,nan,nan,nan,1.7753217014584508e-07,nan,15.100960267189238,0.0662209543172403
nan,nan,nan,nan,1.0478685990275757e-07,nan,15.27520983507089,0.065465549134655
nan,nan,nan,nan,6.767770751059392e-08,nan,15.421162634329406,0.0648459538176373
Name:	138.3161955650301_8_210_0.025
Lambda:	138.3161955650301	Maximal Depth:	20	Filter time:	8 to 210 [us]
Chi2:	0.4890836941795696	RelRMS:	1.9804593106216943	AbsRMS:	1.3765868784650384e-06	Phi model:	0.0082151553819429
depth_vector,start_model,resistivity_model,conductivity_model,E/I[V/A],modelled_thickness,rhoa,sigma
0.0,14.0388,12.46759207524543,0.0802079498562928,0.0002629144707906,1.0,12.688424609716709,0.0788119905156867
1.0,14.0388,12.517802925937785,0.0798862233186247,0.0001521306598287,1.0,12.83782852415496,0.0778947933537556
2.0,14.0388,12.61982585314616,0.0792403961541749,9.668351616098404e-05,1.0,12.96309949872328,0.0771420446243191
3.0,14.0388,12.778699452087492,0.0782552249350103,6.592371474783905e-05,1.0,13.063311485715456,0.0765502683675181
4.0,14.0388,12.997420741729268,0.0769383418349626,4.127466055926973e-05,1.0,13.212455791644793,0.0756861567425166
5.0,14.0388,13.278970183339602,0.0753070446121375,2.409465252784523e-05,1.0,13.387106361725316,0.0746987416831968
6.0,14.0388,13.62471834140085,0.0733960126692192,1.540063866742573e-05,1.5,13.542779526307775,0.073840085638065
7.5,14.0388,14.057835211162809,0.0711347077966838,1.0530418858160024e-05,1.5,13.677799432918514,0.0731111758806236
9.0,14.0388,14.56137914508786,0.068674813699727,6.61253997755185e-06,1.5,13.842786493020018,0.0722397907750894
10.5,14.0388,15.105085829823556,0.0662028677801747,3.8803289279317375e-06,1.5,14.037545173258312,0.0712375267653643
12.0,14.0388,15.646434649320978,0.0639123239519233,2.48388731159698e-06,1.5,14.20115161510686,0.0704168244310709
13.5,14.0388,16.13392441496926,0.06198120025108,1.70584459131351e-06,1.5,14.3314827704416,0.0697764506309479
15.0,14.0388,16.514441162658162,0.0605530632342051,1.0760065895021815e-06,1.5,14.49503944177548,0.0689891189338848
16.5,14.0388,16.74110697717336,0.059733206493663,6.328422535115762e-07,1.5,14.679304140760369,0.068123120170477
18.0,14.0388,16.781435715962235,0.0595896571023905,4.080739024874344e-07,1.5,14.825360128620172,0.0674519870899805
19.5,14.0388,16.622407024992416,0.0601597589624933,2.807394956765222e-07,nan,14.947405473315202,0.0669012426126558
nan,nan,nan,nan,1.7752329493122e-07,nan,15.10146357445658,0.0662187472803267
nan,nan,nan,nan,1.0477677515488101e-07,nan,15.276189977019746,0.0654613487724569
nan,nan,nan,nan,6.766849718682848e-08,nan,15.422561913509275,0.0648400703857157
Name:	130.18525557541696_8_210_0.025
Lambda:	130.18525557541696	Maximal Depth:	20	Filter time:	8 to 210 [us]
Chi2:	0.4889013737911183	RelRMS:	1.9802445772344364	AbsRMS:	1.3767647058952823e-06	Phi model:	0.0083181734508465
depth_vector,start_model,resistivity_model,conductivity_model,E/I[V/A],modelled_thickness,rhoa,sigma
0.0,14.0388,12.474532748641415,0.0801633231600525,0.0002629090452041,1.0,12.688599174291657,0.0788109062524489
1.0,14.0388,12.524324737304928,0.079844624039602,0.0001521361432477,1.0,12.83752004775293,0.077896665109788
2.0,14.0388,12.624988903929951,0.0792079904077156,9.668938664993005e-05,1.0,12.962574790996571,0.0771451672313259
3.0,14.0388,12.778219439170131,0.0782581645870486,6.592807003579223e-05,1.0,13.062736160622018,0.076553639888596
4.0,14.0388,12.993315429807309,0.0769626509417258,4.1277169695631446e-05,1.0,13.211920351361815,0.0756892240798988
5.0,14.0388,13.271365206193032,0.0753501983001231,2.4095643925947257e-05,1.0,13.386739157238289,0.0747007907044557
6.0,14.0388,13.61454547756574,0.0734508545766596,1.5400945220766727e-05,1.5,13.542599814477384,0.0738410655043483
7.5,14.0388,14.047490777586336,0.0711870906934897,1.0530437361826411e-05,1.5,13.677783410189791,0.0731112615261191
9.0,14.0388,14.553869395228554,0.068710249683005,6.612420168777554e-06,1.5,13.84295370182123,0.0722389181918911
10.5,14.0388,15.103872673569082,0.0662081852523785,3.880194826887518e-06,1.5,14.037868600080442,0.0712358854815231
12.0,14.0388,15.653272049333085,0.0638844068414824,2.4837837918238272e-06,1.5,14.201546198507357,0.0704148679321343
13.5,14.0388,16.148910573228886,0.0619236818152777,1.70577191266293e-06,1.5,14.331889853172246,0.0697744687019526
15.0,14.0388,16.534348003793895,0.0604801592279625,1.0759658797388583e-06,1.5,14.495405058018616,0.0689873788278042
16.5,14.0388,16.760565573936624,0.0596638577372974,6.328265004938467e-07,1.5,14.6795477487412,0.0681219896631864
18.0,14.0388,16.792721120944098,0.0595496103816544,4.080701531513492e-07,1.5,14.825450938451368,0.0674515739286145
19.5,14.0388,16.61683433651264,0.0601799343815248,2.807414541416901e-07,nan,14.94733595738023,0.0669015537518745
nan,nan,nan,nan,1.7752852144900405e-07,nan,15.101167177180704,0.0662200469849174
nan,nan,nan,nan,1.0478281150429604e-07,nan,15.275603282157006,0.0654638629669095
nan,nan,nan,nan,6.767403911805238e-08,nan,15.421719917128458,0.064843610529415
Name:	128.336609033548_8_210_0.025
Lambda:	128.336609033548	Maximal Depth:	20	Filter time:	8 to 210 [us]
Chi2:	0.4888477422703721	RelRMS:	1.9801825185215909	AbsRMS:	1.3766992131187245e-06	Phi model:	0.0083437803678342
depth_vector,start_model,resistivity_model,conductivity_model,E/I[V/A],modelled_thickness,rhoa,sigma
0.0,14.0388,12.476460047689931,0.0801509399443116,0.0002629072928577,1.0,12.688655556134,0.0788105560574206
1.0,14.0388,12.52591618415377,0.0798344795940017,0.0001521372882915,1.0,12.837455634257482,0.0778970559657821
2.0,14.0388,12.625950198838677,0.0792019597932501,9.669071969703156e-05,1.0,12.962455649866222,0.0771458762916053
3.0,14.0388,12.778326685351503,0.0782575077804478,6.592907622003362e-05,1.0,13.062603254642235,0.0765544187866699
4.0,14.0388,12.992384344973305,0.0769681663848634,4.127775491203284e-05,1.0,13.211795476179535,0.0756899394789277
5.0,14.0388,13.26946742478207,0.075360974784293,2.409587518360156e-05,1.0,13.386653505210726,0.0747012686636546
6.0,14.0388,13.61194311966515,0.0734648970546535,1.5401015788783672e-05,1.5,13.542558445987748,0.0738412910668493
7.5,14.0388,14.044861366605865,0.0712004179961275,1.0530440397433362e-05,1.5,13.67778078159594,0.0731112755766304
9.0,14.0388,14.552062722231918,0.0687187802229748,6.612390991478873e-06,1.5,13.842994423319023,0.0722387056889558
10.5,14.0388,15.103645268958472,0.0662091821009087,3.880162719549412e-06,1.5,14.03794603978326,0.0712354925119401
12.0,14.0388,15.655049265116457,0.0638771544608461,2.483759187033036e-06,1.5,14.201639987926248,0.0704144029034791
13.5,14.0388,16.15257422936857,0.0619096365569893,1.7057547522605918e-06,1.5,14.331985975073104,0.0697740007378774
15.0,14.0388,16.539165737675432,0.0604625418150353,1.0759563855298196e-06,1.5,14.495490329258962,0.0689869730023214
16.5,14.0388,16.76519684858235,0.0596473759915654,6.328229525510699e-07,1.5,14.67960261626934,0.0681217350455866
18.0,14.0388,16.79537056311008,0.0595402165282636,4.080694420767484e-07,1.5,14.82546816100789,0.0674514955709848
19.5,14.0388,16.615474055025647,0.0601848612136066,2.807420769679419e-07,nan,14.947313850263804,0.0669016526994481
nan,nan,nan,nan,1.775298901850877e-07,nan,15.101089558180096,0.0662203873533291
nan,nan,nan,nan,1.0478433950592941e-07,nan,15.275454779027598,0.0654644993858348
nan,nan,nan,nan,6.76754264540898e-08,nan,15.421509154453128,0.0648444967340462
Name:	131.34107224481207_8_210_0.025
Lambda:	131.34107224481207	Maximal Depth:	20	Filter time:	8 to 210 [us]
Chi2:	0.4889334309295518	RelRMS:	1.9802817529933348	AbsRMS:	1.3767835555056372e-06	Phi model:	0.0083025934976016
depth_vector,start_model,resistivity_model,conductivity_model,E/I[V/A],modelled_thickness,rhoa,sigma
0.0,14.0388,12.47335785622996,0.080170873915923,0.0002629100326411,1.0,12.688567403725862,0.0788111035849768
1.0,14.0388,12.523355112991268,0.0798508060322139,0.0001521354049517,1.0,12.83756158041362,0.0778964130949688
2.0,14.0388,12.624404563378102,0.0792116566749517,9.668855354336236e-05,1.0,12.962649251314698,0.0771447240924595
3.0,14.0388,12.778157925596116,0.078258541318924,6.59274462225891e-05,1.0,13.0628185612498,0.0765531569860772
4.0,14.0388,12.99389114145303,0.0769592410090158,4.127680925659983e-05,1.0,13.211997264361834,0.075688783458759
5.0,14.0388,13.272530446579673,0.0753435830510902,2.4095502669788e-05,1.0,13.386791475646326,0.0747004987579907
6.0,14.0388,13.616136974227338,0.0734422694111261,1.5400902908481273e-05,1.5,13.542624619000865,0.0738409302578584
7.5,14.0388,14.049093765566097,0.0711789683154489,1.0530436420480669e-05,1.5,13.677784225320494,0.0731112571690367
9.0,14.0388,14.55496494782113,0.068705077860713,6.612438772507911e-06,1.5,13.84292773755322,0.072239053685673
10.5,14.0388,15.10400023125208,0.0662076261049621,3.880214975798708e-06,1.5,14.037820003458128,0.0712361320884337
12.0,14.0388,15.652173282841584,0.0638888914612408,2.483799175156304e-06,1.5,14.20148756055881,0.0704151586751558
13.5,14.0388,16.146659344949825,0.0619323154490634,1.705782629615694e-06,1.5,14.3318298242859,0.0697747609523982
15.0,14.0388,16.53139299421909,0.0604909701408521,1.0759718116213138e-06,1.5,14.495351782076488,0.0689876323827132
16.5,14.0388,16.75772785936791,0.0596739610758734,6.328287287732605e-07,1.5,14.67951328954578,0.0681221495750927
18.0,14.0388,16.791099644862015,0.0595553609442127,4.080706154038773e-07,1.5,14.825439742507642,0.0674516248670041
19.5,14.0388,16.617672522134523,0.0601768989410528,2.807410852871549e-07,nan,14.947349049850454,0.0669014951524133
nan,nan,nan,nan,1.775276863163192e-07,nan,15.101214536811051,0.0662198393091084
nan,nan,nan,nan,1.0478187416956912e-07,nan,15.275694381450636,0.0654634725616339
nan,nan,nan,nan,6.767318667866229e-08,nan,15.421849422422625,0.0648430660038768
Name:	132.0605312612417_8_210_0.025
Lambda:	132.0605312612417	Maximal Depth:	20	Filter time:	8 to 210 [us]
Chi2:	0.4889522409431983	RelRMS:	1.9803034791302168	AbsRMS:	1.3767843140691676e-06	Phi model:	0.0082930567022697
depth_vector,start_model,resistivity_model,conductivity_model,E/I[V/A],modelled_thickness,rhoa,sigma
0.0,14.0388,12.472638180848431,0.0801754998020777,0.0002629105971858,1.0,12.688549239714735,0.0788112164052635
1.0,14.0388,12.522761458945746,0.0798545914396254,0.0001521349315723,1.0,12.837588210431168,0.0778962515083207
2.0,14.0388,12.624047486301771,0.0792138972136384,9.668803169777406e-05,1.0,12.96269589269744,0.0771444465162028
3.0,14.0388,12.778122125473786,0.078258760573782,6.592705761711317e-05,1.0,13.062869893515291,0.0765528561603773
4.0,14.0388,12.994247381367948,0.0769571311558889,4.1276585547842814e-05,1.0,13.212045001463094,0.0756885099838261
5.0,14.0388,13.27324792040828,0.0753395104194844,2.4095415217989256e-05,1.0,13.386823866269888,0.0747003180134199
6.0,14.0388,13.617114444431843,0.0734369975431108,1.5400876784529805e-05,1.5,13.542639933573458,0.0738408467555064
7.5,14.0388,14.05007626525238,0.071173990882393,1.0530435899277749e-05,1.5,13.677784676640906,0.0731112547566136
9.0,14.0388,14.555634196596584,0.068701918892261,6.612450326387494e-06,1.5,13.842911612460012,0.0722391378342616
10.5,14.0388,15.104074246768551,0.0662073016632545,3.880227469861003e-06,1.5,14.037789869573263,0.0712362850057677
12.0,14.0388,15.6514941274223,0.0638916637516378,2.4838087140117635e-06,1.5,14.201451200801284,0.0704153389580057
13.5,14.0388,16.145272957084313,0.0619376335512007,1.705789278399494e-06,1.5,14.331792582757467,0.0697749422638935
15.0,14.0388,16.529575179531577,0.0604976225425497,1.07597549771569e-06,1.5,14.49531867644951,0.0689877899424657
16.5,14.0388,16.755983253802103,0.0596801742310818,6.328301212888326e-07,1.5,14.679491755111124,0.0681222495085239
18.0,14.0388,16.79010357322202,0.059558894061551,4.0807091333859227e-07,1.5,14.8254325264192,0.0674516576982142
19.5,14.0388,16.618188429232813,0.060175030765743,2.807408673032893e-07,nan,14.94735678718853,0.0669014605215757
nan,nan,nan,nan,1.7752717782365437e-07,nan,15.10124337315882,0.0662197128600294
nan,nan,nan,nan,1.0478130035142312e-07,nan,15.275750151342145,0.0654632335625192
nan,nan,nan,nan,6.767266390861086e-08,nan,15.42192884465084,0.0648427320650525
Name:	132.50715053843908_8_210_0.025
Lambda:	132.50715053843908	Maximal Depth:	20	Filter time:	8 to 210 [us]
Chi2:	0.4889635550607528	RelRMS:	1.9803169596183865	AbsRMS:	1.3767795215255766e-06	Phi model:	0.0082871983251791
depth_vector,start_model,resistivity_model,conductivity_model,E/I[V/A],modelled_thickness,rhoa,sigma
0.0,14.0388,12.472195998932348,0.0801783422971866,0.0002629109247402,1.0,12.688538700807122,0.0788112818646634
1.0,14.0388,12.522396845433546,0.0798569165586429,0.0001521346302387,1.0,12.837605162062152,0.0778961486489094
2.0,14.0388,12.623828496508429,0.0792152713637218,9.668770510841158e-05,1.0,12.962725082732163,0.0771442727989436
3.0,14.0388,12.778100992749838,0.0782588899999608,6.592681532877942e-05,1.0,13.062901898489551,0.0765526686008128
4.0,14.0388,12.994467837769358,0.0769558255470399,4.127644636742532e-05,1.0,13.21207470132129,0.0756883398411298
5.0,14.0388,13.27369039260373,0.0753369990125137,2.409536082718131e-05,1.0,13.386844011776937,0.0747002055988895
6.0,14.0388,13.617716293078685,0.073433751921257,1.5400860502836167e-05,1.5,13.542649478368077,0.0738407947128306
7.5,14.0388,14.050680360952738,0.0711709308240354,1.0530435528851552e-05,1.5,13.677784997400654,0.0731112530420708
9.0,14.0388,14.556044783434578,0.0686999809960769,6.612457471920257e-06,1.5,13.84290163986947,0.0722391898761934
10.5,14.0388,15.104118065947404,0.0662071095865255,3.8802352213397046e-06,1.5,14.037771174200566,0.0712363798775875
12.0,14.0388,15.651074224634923,0.0638933779015622,2.48381464522259e-06,1.5,14.201428592610077,0.0704154510568299
13.5,14.0388,16.144417835829003,0.0619409142013605,1.705793423226551e-06,1.5,14.331769366649771,0.0697750552926852
15.0,14.0388,16.528454738247017,0.0605017235934336,1.0759778078608316e-06,1.5,14.495297928622588,0.0689878886880543
16.5,14.0388,16.7549082971383,0.0596840031748068,6.32831007840618e-07,1.5,14.679478045150114,0.0681223131315888
18.0,14.0388,16.789490216345808,0.0595610698784901,4.08071118231618e-07,1.5,14.82542756383981,0.0674516802765989
19.5,14.0388,16.61850460669301,0.0601738858980883,2.80740749322088e-07,nan,14.947360974935863,0.0669014417780387
nan,nan,nan,nan,1.7752687606888657e-07,nan,15.101260485575816,0.066219637821304
nan,nan,nan,nan,1.0478095438662838e-07,nan,15.275783776211524,0.065463089465646
nan,nan,nan,nan,6.767234710247063e-08,nan,15.42197697615654,0.0648425296929226
Name:	131.78525836304007_8_210_0.025
Lambda:	131.78525836304007	Maximal Depth:	20	Filter time:	8 to 210 [us]
Chi2:	0.4889454888688029	RelRMS:	1.9802965185480703	AbsRMS:	1.3767840457607806e-06	Phi model:	0.0082966928257492
depth_vector,start_model,resistivity_model,conductivity_model,E/I[V/A],modelled_thickness,rhoa,sigma
0.0,14.0388,12.472912648543666,0.0801737355321541,0.000262910382253,1.0,12.688556155088524,0.0788111734524631
1.0,14.0388,12.522987860098436,0.0798531477608682,0.0001521351119866,1.0,12.83757806118638,0.0778963130922208
2.0,14.0388,12.624183641708788,0.0792130428692529,9.668823044177752e-05,1.0,12.9626781293568,0.0771445522307063
3.0,14.0388,12.7781357012226,0.0782586774300981,6.592720552921255e-05,1.0,13.06285035522588,0.0765529706615634
4.0,14.0388,12.99411136328533,0.0769579367178186,4.127667062650892e-05,1.0,13.212026846517707,0.0756886139891223
5.0,14.0388,13.272974156727924,0.0753410643456358,2.4095448427740123e-05,1.0,13.386811565933334,0.0747003866510523
6.0,14.0388,13.616741666541758,0.0734390079865538,1.540088667889887e-05,1.5,13.54263413321946,0.0738408783817799
7.5,14.0388,14.04970165584298,0.0711758886057285,1.053043607784118e-05,1.5,13.677784522019126,0.0731112555831066
9.0,14.0388,14.555379131251147,0.0687031228099684,6.6124459392981305e-06,1.5,13.84291773526582,0.0722391058824563
10.5,14.0388,15.104046202826972,0.0662074245914868,3.880222746481373e-06,1.5,14.037801261667928,0.0712362271953964
12.0,14.0388,15.651753287845873,0.0638906058388062,2.4838051231481947e-06,1.5,14.201464888257677,0.0704152710912829
13.5,14.0388,16.145801765698856,0.0619356049647817,1.7057867885793608e-06,1.5,14.331806528844703,0.0697748743668402
15.0,14.0388,16.530268438479883,0.0604950853473229,1.075974132501121e-06,1.5,14.495330937720768,0.0689877315872609
16.5,14.0388,16.756648453261946,0.0596778050687895,6.328296226151343e-07,1.5,14.679499466797616,0.0681222137213751
18.0,14.0388,16.79048340077399,0.059557546744241,4.080708253581336e-07,1.5,14.825434657337375,0.0674516480031215
19.5,14.0388,16.617988720668436,0.0601757539260007,2.807409709196034e-07,nan,14.947353109325848,0.0669014769829774
nan,nan,nan,nan,1.7752738689976225e-07,nan,15.101231516547609,0.0662197648519077
nan,nan,nan,nan,1.0478152959442513e-07,nan,15.275727870951613,0.0654633290438228
nan,nan,nan,nan,6.767287075183186e-08,nan,15.421897419718656,0.06484286419396
Name:	132.2309466869719_8_210_0.025
Lambda:	132.2309466869719	Maximal Depth:	20	Filter time:	8.0 to 210.0 [us]
Chi2:	0.4889565962638087	RelRMS:	1.980308969040323	AbsRMS:	1.3767818684347002e-06	Phi model:	0.008290816440350549
depth_vector,start_model,resistivity_model,conductivity_model,E/I[V/A],modelled_thickness,rhoa,sigma
0.0,14.0388,12.472469201669552,0.08017658603367335,0.0002629107203747822,1.0,12.688545276167938,0.07881124102368413
1.0,14.0388,12.522622133264274,0.07985547989535398,0.0001521348150471423,1.0,12.83759476559231,0.07789621173276388
2.0,14.0388,12.62396382442991,0.07921442218210406,9.668790592342389e-05,1.0,12.962707134188182,0.0771443796151634
3.0,14.0388,12.778114084489,0.0782588098202905,6.592696432832487e-05,1.0,13.062882216434842,0.07655278394394976
4.0,14.0388,12.994331675234353,0.07695663193713,4.1276531912317695e-05,1.0,13.212056446785414,0.0756884444164865
5.0,14.0388,13.27341709572529,0.0753385501855472,2.4095394185095706e-05,1.0,13.386831656516666,0.07470027454279693
6.0,14.0388,13.617344628753141,0.07343575618175156,1.540087042432157e-05,1.5,13.542643662107485,0.07384082642578972
7.5,14.0388,14.050307319346976,0.07117282044237006,1.0530435681606246e-05,1.5,13.677784865127183,0.07311125374910636
9.0,14.0388,14.555791277726726,0.06870117748460712,6.612453028764284e-06,1.5,13.842907840913062,0.0722391575160585
10.5,14.0388,15.104091089849694,0.06620722783326059,3.8802304325815305e-06,1.5,14.037782723940339,0.07123632126707434
12.0,14.0388,15.651333646506721,0.06389231886467348,2.483810991937398e-06,1.5,14.201442517946647,0.07041538201040352
13.5,14.0388,16.14494603928977,0.06193888772167063,1.7057908772127648e-06,1.5,14.331783627433945,0.06977498586329457
15.0,14.0388,16.5291467805763,0.06049919050722679,1.0759763958925645e-06,1.5,14.495310609753446,0.06898782833443604
16.5,14.0388,16.755572182618096,0.05968163838877317,6.328304734150557e-07,1.5,14.679486309698612,0.06812227477873721
18.0,14.0388,16.789869055664344,0.05955972596835907,4.080710025955124e-07,1.5,14.825430364585456,0.06745166753396718
19.5,14.0388,16.618307883382904,0.0601745982212742,2.8074083115546825e-07,nan,14.947358070256536,0.06690145477881346
nan,nan,nan,nan,1.7752706923347024e-07,nan,15.101249531268069,0.06621968585642124
nan,nan,nan,nan,1.0478117281143717e-07,nan,15.27576254713496,0.06546318044119864
nan,nan,nan,nan,6.767254621919889e-08,nan,15.421946724843155,0.06484265688644247
