Name:	5.000000000000001_8_210_0.015
Lambda:	5.000000000000001	Maximal Depth:	20	Filter time:	8.0 to 210.0 [us]
Chi2:	4.665966535482423	RelRMS:	3.240127266765219	AbsRMS:	6.389818620698299e-07	Phi model:	0.9320451453800362
depth_vector,start_model,resistivity_model,conductivity_model,E/I[V/A],modelled_thickness,rhoa,sigma,rel_err
0.0,14.1996,13.74820065620762,0.07273679116317507,0.0002448178371176656,1.0,13.306239189435727,0.07515271488535497,0.015
1.0,14.1996,13.414441186903666,0.07454652684125868,0.00014295947423341196,1.0,13.381170617574478,0.07473187724597326,0.015
2.0,14.1996,13.003890203325765,0.07690006485476542,9.210148311939391e-05,1.0,13.389552513361428,0.07468509489037072,0.015
3.0,14.1996,12.76483837898409,0.07834020065983684,6.37274262527961e-05,1.0,13.361754172128562,0.07484047282398831,0.015
4.0,14.1996,12.864501503748567,0.07773328797144698,4.066629757877995e-05,1.0,13.343900589666461,0.07494060625529553,0.015
5.0,14.1996,13.385241766857918,0.07470914738918027,2.4213887037965223e-05,1.0,13.343122842334337,0.07494497441238075,0.015
6.0,14.1996,14.28124297514993,0.07002191628138038,1.566099505856002e-05,1.5,13.392265819596364,0.07466996350511056,0.015
7.5,14.1996,15.38967199616494,0.06497864283587051,1.0764386438176752e-05,1.5,13.478880039708594,0.07419014020853468,0.015
9.0,14.1996,16.039329245602666,0.062346746842556366,6.755453051806645e-06,1.5,13.64686014585755,0.07327692885484328,0.015
10.5,14.1996,15.627824737212581,0.06398843196768296,3.922344329357313e-06,1.5,13.93712035095825,0.07175083337292447,0.015
12.0,14.1996,14.03688756652373,0.07124086413464467,2.4682588116514614e-06,1.5,14.261034351626787,0.0701211409595916,0.015
13.5,14.1996,11.811345747029325,0.08466435759460435,1.6616796991962555e-06,1.5,14.584310158397923,0.06856683580773829,0.015
15.0,14.1996,10.044680232967137,0.09955518511360377,1.016510223686459e-06,1.5,15.055257505626173,0.06642197914092791,0.015
16.5,14.1996,10.257941143306871,0.09748544917831613,5.727636759528226e-07,1.5,15.688646199367476,0.06374036276248726,0.015
18.0,14.1996,15.526691877321174,0.06440521959868573,3.546960368306098e-07,1.5,16.277720060190475,0.06143366492987215,0.015
19.5,14.1996,35.34122273101334,0.02829556882089594,2.350914968839691e-07,nan,16.82455340706391,0.05943694170093946,0.015
nan,nan,nan,nan,1.4163033202467872e-07,nan,17.555711041824694,0.05696152081892906,0.015
nan,nan,nan,nan,7.889707725626068e-08,nan,18.456575587300442,0.05418123179297018,0.015
nan,nan,nan,nan,4.8542634560346516e-08,nan,19.24562331602036,0.051959865553826166,0.015
Name:	5.8538995686138975_8_210_0.015
Lambda:	5.8538995686138975	Maximal Depth:	20	Filter time:	8.0 to 210.0 [us]
Chi2:	4.691227504395634	RelRMS:	3.2488862529935054	AbsRMS:	6.261192227650943e-07	Phi model:	0.8468928286307118
depth_vector,start_model,resistivity_model,conductivity_model,E/I[V/A],modelled_thickness,rhoa,sigma,rel_err
0.0,14.1996,13.379444900559408,0.0747415163657641,0.00024475284549225075,1.0,13.30859464273115,0.07513941380325811,0.015
1.0,14.1996,13.16736493014472,0.07594533950453891,0.00014291721151903073,1.0,13.383808493107361,0.07471714800125825,0.015
2.0,14.1996,12.949816303786402,0.07722117260517507,9.20981273848415e-05,1.0,13.38987775711633,0.07468328076920112,0.015
3.0,14.1996,12.911937830446478,0.07744770871200991,6.374280029655163e-05,1.0,13.359605616256228,0.07485250902789978,0.015
4.0,14.1996,13.16714749127549,0.07594659364623939,4.0684528233113973e-05,1.0,13.339914042096852,0.07496300177379656,0.015
5.0,14.1996,13.75104110603121,0.07272176646766039,2.422651682034053e-05,1.0,13.33848507607815,0.07497103263948961,0.015
6.0,14.1996,14.593937010291688,0.06852160587611122,1.5667998419581678e-05,1.5,13.388274760517618,0.07469222270139143,0.015
7.5,14.1996,15.47708169675182,0.0646116638519696,1.0767741937334465e-05,1.5,13.476079655607121,0.07420555722108102,0.015
9.0,14.1996,15.826357563331472,0.06318573278774693,6.756223596181814e-06,1.5,13.64582251380703,0.07328250085241739,0.015
10.5,14.1996,15.191354005747638,0.06582691704910903,3.921896801545168e-06,1.5,13.938180574395663,0.0717453755647988,0.015
12.0,14.1996,13.576991960069368,0.07365401724778592,2.4675815633628965e-06,1.5,14.263643605293543,0.070108313673014,0.015
13.5,14.1996,11.542428143129525,0.08663688329697218,1.661065248059544e-06,1.5,14.587906562801066,0.06854993180104295,0.015
15.0,14.1996,10.099334977654143,0.09901642060715946,1.0160720290754702e-06,1.5,15.05958571492928,0.06640288909200555,0.015
16.5,14.1996,10.664993373150496,0.09376470898871217,5.725271094991936e-07,1.5,15.692967568945276,0.06372281059057908,0.015
18.0,14.1996,16.158941132912958,0.06188524308459628,3.545819286337021e-07,1.5,16.281212100679372,0.061420488463403325,0.015
19.5,14.1996,35.11658059483337,0.02847657667862821,2.3504664279733678e-07,nan,16.82669376515741,0.05942938131260661,0.015
nan,nan,nan,nan,1.4163510492017945e-07,nan,17.55531663845082,0.05696280053472426,0.015
nan,nan,nan,nan,7.892635206580788e-08,nan,18.452011449315446,0.054194633617415146,0.015
nan,nan,nan,nan,4.8576800023619105e-08,nan,19.23659825690244,0.05198424308940287,0.015
Name:	6.853628031883595_8_210_0.015
Lambda:	6.853628031883595	Maximal Depth:	20	Filter time:	8.0 to 210.0 [us]
Chi2:	4.715288948752965	RelRMS:	3.2572074135206943	AbsRMS:	6.064556228149243e-07	Phi model:	0.7776458999947403
depth_vector,start_model,resistivity_model,conductivity_model,E/I[V/A],modelled_thickness,rhoa,sigma,rel_err
0.0,14.1996,13.079670805033674,0.07645452358136971,0.0002446525205996312,1.0,13.312232706186718,0.07511887915956132,0.015
1.0,14.1996,12.97420437772424,0.07707601721743546,0.00014287425007616968,1.0,13.386491313426541,0.0747021737501154,0.015
2.0,14.1996,12.922864326927932,0.07738222538762221,9.209766778941244e-05,1.0,13.389922303459667,0.07468303230868051,0.015
3.0,14.1996,13.05507103623048,0.07659858741670546,6.375959048622922e-05,1.0,13.357260137387001,0.07486565281460662,0.015
4.0,14.1996,13.43760077991939,0.0744180465231829,4.070279958898016e-05,1.0,13.335921580344083,0.07498544393616619,0.015
5.0,14.1996,14.065334766257623,0.07109677918217591,2.4238404541540038e-05,1.0,13.334123481082377,0.0749955556822867,0.015
6.0,14.1996,14.853976066968043,0.06732204195641454,1.5674224017923043e-05,1.5,13.384729426487565,0.07471200710423483,0.015
7.5,14.1996,15.534526777464844,0.06437273657094271,1.077047865947672e-05,1.5,13.47379675814424,0.0742181300453081,0.015
9.0,14.1996,15.62766224890811,0.06398909728611962,6.756586532449684e-06,1.5,13.645333844150043,0.07328512526124195,0.015
10.5,14.1996,14.81115444721222,0.0675166816715102,3.921230270118593e-06,1.5,13.939760005946374,0.0717372465217065,0.015
12.0,14.1996,13.192549432521393,0.0758003602802402,2.46678543669335e-06,1.5,14.266712391679595,0.07009323329341131,0.015
13.5,14.1996,11.336364538882373,0.08821170107666525,1.6603831583306657e-06,1.5,14.591901456004368,0.06853116456515773,0.015
15.0,14.1996,10.179699891393117,0.09823472309291699,1.0156021463300998e-06,1.5,15.064230377516129,0.06638241549283086,0.015
16.5,14.1996,11.059754276136315,0.09041792204712042,5.722784814083013e-07,1.5,15.697512477563423,0.06370436089344142,0.015
18.0,14.1996,16.732811282005272,0.05976282067290245,3.544627350117853e-07,1.5,16.28486177045397,0.06140672325597046,0.015
19.5,14.1996,34.89907226674729,0.028654056828691835,2.3499942863303398e-07,nan,16.82894747754137,0.05942142260141484,0.015
nan,nan,nan,nan,1.41638915751386e-07,nan,17.555001750186616,0.05696382229009858,0.015
nan,nan,nan,nan,7.895515079881419e-08,nan,18.44752428704503,0.05420781588032713,0.015
nan,nan,nan,nan,4.861059406560868e-08,nan,19.227681712847303,0.05200834998905942,0.015
Name:	8.024090035856696_8_210_0.015
Lambda:	8.024090035856696	Maximal Depth:	20	Filter time:	8.0 to 210.0 [us]
Chi2:	4.7389020411087985	RelRMS:	3.265352904740129	AbsRMS:	5.807358263920129e-07	Phi model:	0.7195380179521293
depth_vector,start_model,resistivity_model,conductivity_model,E/I[V/A],modelled_thickness,rhoa,sigma,rel_err
0.0,14.1996,12.854008686323233,0.07779674219949827,0.0002445243621038652,1.0,13.316883713035043,0.07509264341034713,0.015
1.0,14.1996,12.832588899052686,0.07792659827775056,0.0001428364843456028,1.0,13.388850786924369,0.07468900922972463,0.015
2.0,14.1996,12.912159051573836,0.07744638181777293,9.210462877610494e-05,1.0,13.389247648658223,0.07468679542275947,0.015
3.0,14.1996,13.179742163875943,0.07587401844179299,6.378124537577876e-05,1.0,13.35423661157019,0.07488260310840936,0.015
4.0,14.1996,13.663025209711464,0.07319023310366256,4.0723444762189544e-05,1.0,13.331414010143678,0.07501079774726932,0.015
5.0,14.1996,14.326020284239071,0.06980305626819201,2.42509211170103e-05,1.0,13.329535011442644,0.07502137164886526,0.015
6.0,14.1996,15.060581380641537,0.06639849914993141,1.5680501420529537e-05,1.5,13.381156966644975,0.07473195348449213,0.015
7.5,14.1996,15.568392660232663,0.0642327067298581,1.0773117683790132e-05,1.5,13.471596272938704,0.07423025302567646,0.015
9.0,14.1996,15.442668010191749,0.06475564969343553,6.7568255758598345e-06,1.5,13.645012011919677,0.07328685376945394,0.015
10.5,14.1996,14.481397636422637,0.06905410825021939,3.920480934678348e-06,1.5,13.941536186582352,0.07172810704765967,0.015
12.0,14.1996,12.868125763910593,0.07771139467758065,2.465943128371756e-06,1.5,14.269960989593491,0.07007727636601528,0.015
13.5,14.1996,11.17721169449978,0.08946775164794385,1.65967661432452e-06,1.5,14.596042459160953,0.06851172177649889,0.015
15.0,14.1996,10.280584148599862,0.09727073729912443,1.0151241023644196e-06,1.5,15.068959388361833,0.06636158305478793,0.015
16.5,14.1996,11.44254066177769,0.08739317862687342,5.720304485806336e-07,1.5,15.70204978509125,0.06368595270596314,0.015
18.0,14.1996,17.27425491666319,0.05788961693713194,3.5434666894246797e-07,1.5,16.288417641753863,0.0613933177546106,0.015
19.5,14.1996,34.68260289158495,0.028832899397023926,2.349558283176284e-07,nan,16.83102935744686,0.05941407258953843,0.015
nan,nan,nan,nan,1.4164598769695385e-07,nan,17.554417434071418,0.05696571838716204,0.015
nan,nan,nan,nan,7.898638931402141e-08,nan,18.442660062841835,0.05422211311126394,0.015
nan,nan,nan,nan,4.86461670760229e-08,nan,19.21830694326708,0.05203371987719963,0.015
Name:	9.394443439884116_8_210_0.015
Lambda:	9.394443439884116	Maximal Depth:	20	Filter time:	8.0 to 210.0 [us]
Chi2:	4.762759776649167	RelRMS:	3.2735622030840696	AbsRMS:	5.488538279735919e-07	Phi model:	0.6694342546030445
depth_vector,start_model,resistivity_model,conductivity_model,E/I[V/A],modelled_thickness,rhoa,sigma,rel_err
0.0,14.1996,12.68129002852752,0.0788563306848455,0.0002443654140451993,1.0,13.322657752759602,0.07506009825951312,0.015
1.0,14.1996,12.727150289351671,0.07857218444545772,0.0001428017837509245,1.0,13.391019677993652,0.07467691214309588,0.015
2.0,14.1996,12.916183923352783,0.07742224839272961,9.21178256752524e-05,1.0,13.387968846075339,0.07469392941507691,0.015
3.0,14.1996,13.295732295680496,0.07521210398654604,6.38070774599247e-05,1.0,13.35063208933131,0.0749028205787436,0.015
4.0,14.1996,13.860355305402702,0.07214822260798788,4.0746000720526075e-05,1.0,13.326493599730012,0.0750384932477857,0.015
5.0,14.1996,14.543083235592231,0.06876120997180536,2.4263705243211748e-05,1.0,13.3248525327191,0.07504773486569594,0.015
6.0,14.1996,15.220720972427811,0.06569991012984801,1.5686521358858577e-05,1.5,13.3777332675753,0.07475107927467663,0.015
7.5,14.1996,15.567375158067582,0.06423690505600513,1.0775394590423124e-05,1.5,13.469698452430023,0.07424071173765537,0.015
9.0,14.1996,15.253409139121283,0.06555911474473226,6.756736658085833e-06,1.5,13.645131722710518,0.07328621081287418,0.015
10.5,14.1996,14.184611740018157,0.07049893351530818,3.919508726300357e-06,1.5,13.943841495564936,0.07171624837517453,0.015
12.0,14.1996,12.596869935051801,0.07938479996665043,2.46495824806818e-06,1.5,14.273761802525412,0.07005861621027423,0.015
13.5,14.1996,11.06401529225324,0.09038309994927214,1.658877937466575e-06,1.5,14.600726985504858,0.0684897403391467,0.015
15.0,14.1996,10.40651706481136,0.09609362996015296,1.0145958056047126e-06,1.5,15.074189840176741,0.06633855687121128,0.015
16.5,14.1996,11.821049620641945,0.08459485680982148,5.717599820529924e-07,1.5,15.707001214899202,0.06366587652972416,0.015
18.0,14.1996,17.76332048044172,0.056295781022531716,3.542203786054033e-07,1.5,16.292288955890818,0.06137872969890023,0.015
19.5,14.1996,34.46382388436292,0.02901593286210253,2.349077466626781e-07,nan,16.833325964385608,0.05940596659957203,0.015
nan,nan,nan,nan,1.416521687734192e-07,nan,17.55390676540777,0.05696737560271361,0.015
nan,nan,nan,nan,7.901832883807683e-08,nan,18.437689996755243,0.05423672923104711,0.015
nan,nan,nan,nan,4.868278498866776e-08,nan,19.20866873082379,0.05205982850832962,0.015
Name:	10.998825680021056_8_210_0.015
Lambda:	10.998825680021056	Maximal Depth:	20	Filter time:	8.0 to 210.0 [us]
Chi2:	4.787347830728104	RelRMS:	3.282001313092094	AbsRMS:	5.119598632777072e-07	Phi model:	0.6253549818979303
depth_vector,start_model,resistivity_model,conductivity_model,E/I[V/A],modelled_thickness,rhoa,sigma,rel_err
0.0,14.1996,12.557242238526179,0.07963531968284847,0.000244181847598979,1.0,13.329333888181539,0.07502250362913113,0.015
1.0,14.1996,12.658486502808527,0.07899838576895674,0.00014277267673278675,1.0,13.392839631311361,0.07466676429560778,0.015
2.0,14.1996,12.9336046073472,0.07731796590039017,9.21386353919999e-05,1.0,13.385952968396776,0.07470517805948702,0.015
3.0,14.1996,13.399959824674257,0.07462708941549452,6.383805600723183e-05,1.0,13.34631265282163,0.07492706232897844,0.015
4.0,14.1996,14.023157184661743,0.07131061763279531,4.077117921890629e-05,1.0,13.321006461522,0.07506940281791173,0.015
5.0,14.1996,14.710648667015397,0.0679779677045939,2.4277275771152175e-05,1.0,13.319886513308052,0.07507571472181002,0.015
6.0,14.1996,15.327968451632191,0.06524021778590727,1.569266873573354e-05,1.5,13.374239349928997,0.07477060742189491,0.015
7.5,14.1996,15.53577089203761,0.06436758156059831,1.0777596947753373e-05,1.5,13.467863405175267,0.07425082731502401,0.015
9.0,14.1996,15.071644245638062,0.06634976142628987,6.756512579704419e-06,1.5,13.645433413076576,0.07328459050935593,0.015
10.5,14.1996,13.920679203632922,0.07183557536036222,3.918429843968898e-06,1.5,13.9464008666326,0.07170308738167319,0.015
12.0,14.1996,12.371201960782674,0.0808328894128517,2.463904475949414e-06,1.5,14.277831283956218,0.07003864803499148,0.015
13.5,14.1996,10.98909658669194,0.09099929117112539,1.6580364425166354e-06,1.5,14.60566672372532,0.0684665766319047,0.015
15.0,14.1996,10.549573377966736,0.0947905630087891,1.0140468919635208e-06,1.5,15.07962922184194,0.06631462785249122,0.015
16.5,14.1996,12.190535429173448,0.08203085137728054,5.714832680820981e-07,1.5,15.712071058284867,0.06364533334214441,0.015
18.0,14.1996,18.21973310692543,0.054885546024814935,3.540935816359945e-07,1.5,16.296178115330246,0.061364081376802916,0.015
19.5,14.1996,34.242333669881525,0.029203617067710793,2.3486144503005313e-07,nan,16.835538289663585,0.05939816017727001,0.015
nan,nan,nan,nan,1.416611003566982e-07,nan,17.55316892075688,0.05696977021724466,0.015
nan,nan,nan,nan,7.905292096893452e-08,nan,18.43231093758662,0.05425255701176512,0.015
nan,nan,nan,nan,4.872161451754058e-08,nan,19.1984615887295,0.05208750687539736,0.015
Name:	12.87720418070694_8_210_0.015
Lambda:	12.87720418070694	Maximal Depth:	20	Filter time:	8.0 to 210.0 [us]
Chi2:	4.813411214626569	RelRMS:	3.2909231581593916	AbsRMS:	4.687271093540607e-07	Phi model:	0.5854971979472325
depth_vector,start_model,resistivity_model,conductivity_model,E/I[V/A],modelled_thickness,rhoa,sigma,rel_err
0.0,14.1996,12.480970896773265,0.08012197194198509,0.00024395894604142368,1.0,13.33745185794869,0.07497684045277601,0.015
1.0,14.1996,12.62570622313737,0.07920349027030579,0.00014274336229708995,1.0,13.394673178797168,0.07465654343720235,0.015
2.0,14.1996,12.964992157486183,0.07713078325485796,9.216432658597554e-05,1.0,13.38346525898835,0.07471906420711175,0.015
3.0,14.1996,13.49359502133775,0.07410923467161092,6.387262154260577e-05,1.0,13.341497193036579,0.07495410638934415,0.015
4.0,14.1996,14.150175846035989,0.07067049984966361,4.0798103929245856e-05,1.0,13.315145017524737,0.07510244902957117,0.015
5.0,14.1996,14.826504554071281,0.06744678061865939,2.4291095333906766e-05,1.0,13.314834114112093,0.07510420268324053,0.015
6.0,14.1996,15.37954316333417,0.06502143720263844,1.569856078892148e-05,1.5,13.370892688161762,0.07478932209854423,0.015
7.5,14.1996,15.46850798707188,0.06464747607434217,1.0779436526671165e-05,1.5,13.466331110962177,0.07425927609829501,0.015
9.0,14.1996,14.890266997327103,0.06715796299552629,6.755953461041441e-06,1.5,13.646186261291534,0.07328054746230289,0.015
10.5,14.1996,13.689051406180681,0.07305108077455934,3.917118617554934e-06,1.5,13.949512995878559,0.07168709045939124,0.015
12.0,14.1996,12.188172539468676,0.08204675448773992,2.462700048396001e-06,1.5,14.28248612394199,0.0700158215679049,0.015
13.5,14.1996,10.950582822207881,0.09131934037081486,1.6570969091228031e-06,1.5,14.611186905900892,0.06844070960423747,0.015
15.0,14.1996,10.712016142749984,0.09335310801196015,1.013444522266129e-06,1.5,15.085603968946787,0.06628836353244237,0.015
16.5,14.1996,12.552453087717963,0.07966570303126304,5.711832745608631e-07,1.5,15.717572044544669,0.0636230581393826,0.015
18.0,14.1996,18.638914159866843,0.05365119402466007,3.539569050470254e-07,1.5,16.300372906069327,0.061348289745423994,0.015
19.5,14.1996,34.01498153096047,0.02939881061201809,2.3481156157857612e-07,nan,16.83792257040182,0.059389749288776786,0.015
nan,nan,nan,nan,1.4167031164960996e-07,nan,17.552408050297586,0.05697223977100087,0.015
nan,nan,nan,nan,7.908936118853446e-08,nan,18.426648742842907,0.05426922789682035,0.015
nan,nan,nan,nan,4.876248603481335e-08,nan,19.18773230379041,0.05211663286559698,0.015
Name:	15.076371999678692_8_210_0.015
Lambda:	15.076371999678692	Maximal Depth:	20	Filter time:	8.0 to 210.0 [us]
Chi2:	4.8420835562710565	RelRMS:	3.300710226846621	AbsRMS:	4.217395812066051e-07	Phi model:	0.548082942790853
depth_vector,start_model,resistivity_model,conductivity_model,E/I[V/A],modelled_thickness,rhoa,sigma,rel_err
0.0,14.1996,12.44671057562115,0.08034251249954008,0.00024371298721786644,1.0,13.346423921004604,0.0749264376674114,0.015
1.0,14.1996,12.621596717057233,0.07922927838825397,0.00014272166303044503,1.0,13.396030820022816,0.07464897725565973,0.015
2.0,14.1996,13.006167865914604,0.07688659798253951,9.219983577630135e-05,1.0,13.3800287631699,0.07473825487973669,0.015
3.0,14.1996,13.573653395788403,0.07367213312742149,6.391434274230639e-05,1.0,13.335690631525509,0.07498674254155273,0.015
4.0,14.1996,14.245791933294297,0.07019616773026623,4.082913269649581e-05,1.0,13.308398121270688,0.07514052336634786,0.015
5.0,14.1996,14.898372817111632,0.06712142408273224,2.4306590902092628e-05,1.0,13.309174665646564,0.07513613917632207,0.015
6.0,14.1996,15.387334668907668,0.06498851305422274,1.570510152548843e-05,1.5,13.367180027950392,0.07481009441849579,0.015
7.5,14.1996,15.373395513219709,0.06504743855318702,1.0781508801436683e-05,1.5,13.464605512521016,0.07426879302702773,0.015
9.0,14.1996,14.703870827649595,0.06800930256538777,6.7554076129502175e-06,1.5,13.646921340982923,0.07327660026858297,0.015
10.5,14.1996,13.47456261760506,0.07421391167780539,3.9157581677992495e-06,1.5,13.952743790019689,0.07167049112700642,0.015
12.0,14.1996,12.038007965702082,0.08307022248607375,2.4614503495213745e-06,1.5,14.287319939866485,0.0699921331788518,0.015
13.5,14.1996,10.943823997610874,0.09137573851866662,1.6561253900813602e-06,1.5,14.616900506610222,0.06841395681305819,0.015
15.0,14.1996,10.894063478747633,0.0917931130060717,1.0128260914913392e-06,1.5,15.091744182398884,0.06626139350852994,0.015
16.5,14.1996,12.916322365657505,0.07742141855013193,5.708797811229846e-07,1.5,15.723142110929183,0.06360051909121259,0.015
18.0,14.1996,19.033893625582465,0.0525378579743638,3.5382231741180806e-07,1.5,16.30450622285197,0.0613327374856913,0.015
19.5,14.1996,33.77890695604799,0.029604273498285996,2.3476605088199494e-07,nan,16.840098583005712,0.05938207517437909,0.015
nan,nan,nan,nan,1.4168474525491363e-07,nan,17.551215972627368,0.05697610932254415,0.015
nan,nan,nan,nan,7.913059667679407e-08,nan,18.42024668601236,0.05428808946187253,0.015
nan,nan,nan,nan,4.880735383696306e-08,nan,19.17597118903258,0.0521485973326835,0.015
Name:	17.651113509036346_8_210_0.015
Lambda:	17.651113509036346	Maximal Depth:	20	Filter time:	8.0 to 210.0 [us]
Chi2:	4.873749362324475	RelRMS:	3.311485477128062	AbsRMS:	3.7233049400586384e-07	Phi model:	0.5128609422040603
depth_vector,start_model,resistivity_model,conductivity_model,E/I[V/A],modelled_thickness,rhoa,sigma,rel_err
0.0,14.1996,12.453484893930048,0.08029880860797527,0.00024343297820953315,1.0,13.356656450940891,0.07486903654915497,0.015
1.0,14.1996,12.647770099710552,0.07906532077325515,0.00014270007395253078,1.0,13.397381908606594,0.07464144911459092,0.015
2.0,14.1996,13.057323876484089,0.07658537150946947,9.223980273699182e-05,1.0,13.37616349247926,0.07475985177381014,0.015
3.0,14.1996,13.641851645877518,0.07330383191069181,6.395929927657084e-05,1.0,13.329440858150303,0.07502190156675242,0.015
4.0,14.1996,14.307821499320115,0.06989184202832824,4.0861700338851765e-05,1.0,13.301325797770872,0.07518047563105228,0.015
5.0,14.1996,14.925623160902472,0.06699887764951018,2.4322261718272575e-05,1.0,13.303457323650107,0.07516842995559196,0.015
6.0,14.1996,15.34925403114546,0.06514974590757838,1.571136040318374e-05,1.5,13.363629768836255,0.074829968900514,0.015
7.5,14.1996,15.249654427797674,0.06557525645808474,1.0783204991578504e-05,1.5,13.463193493865411,0.07427658233209351,0.015
9.0,14.1996,14.514788043631809,0.06889525337841486,6.7545187412089185e-06,1.5,13.64811857374552,0.07327017233889441,0.015
10.5,14.1996,13.28197707295665,0.07528999594767362,3.914158777902914e-06,1.5,13.956544412190523,0.07165097394212691,0.015
12.0,14.1996,11.92122556431037,0.08388399285001272,2.4600444582030125e-06,1.5,14.292762797152065,0.06996547932631031,0.015
13.5,14.1996,10.969730339564244,0.09115994368551848,1.6550515471602145e-06,1.5,14.623222387558702,0.06838438023419452,0.015
15.0,14.1996,11.094931368956818,0.09013124703032961,1.0121514551179936e-06,1.5,15.098449574689814,0.06623196607394334,0.015
16.5,14.1996,13.274242724445454,0.0753338642933227,5.705517040307555e-07,1.5,15.729168919101607,0.06357614983621883,0.015
18.0,14.1996,19.398004708989966,0.05155169384697345,3.5367736832225046e-07,1.5,16.30896068171812,0.061315985703550784,0.015
19.5,14.1996,33.53569558761845,0.0298189729623263,2.3471692042947837e-07,nan,16.84244845706216,0.05937379013208099,0.015
nan,nan,nan,nan,1.41699718042571e-07,nan,17.549979577515586,0.05698012328636352,0.015
nan,nan,nan,nan,7.917405925702728e-08,nan,18.413504875859648,0.05430796617709719,0.015
nan,nan,nan,nan,4.8854639544409235e-08,nan,19.16359575984536,0.05218227375132596,0.015
Name:	20.665569151220556_8_210_0.015
Lambda:	20.665569151220556	Maximal Depth:	20	Filter time:	8.0 to 210.0 [us]
Chi2:	4.909680935469529	RelRMS:	3.323669975314402	AbsRMS:	3.2395993278570513e-07	Phi model:	0.47875728632095704
depth_vector,start_model,resistivity_model,conductivity_model,E/I[V/A],modelled_thickness,rhoa,sigma,rel_err
0.0,14.1996,12.496497552332313,0.08002242194760904,0.00024313099239015355,1.0,13.367714101461706,0.07480710556868163,0.015
1.0,14.1996,12.700135154819405,0.07873931952767631,0.00014268552518638465,1.0,13.39829259226502,0.07463637572576307,0.015
2.0,14.1996,13.118200335685756,0.07622996862455865,9.228891608994722e-05,1.0,13.371417480004565,0.07478638682064832,0.015
3.0,14.1996,13.699684593467934,0.07299438123391572,6.401088868896162e-05,1.0,13.322278009891939,0.07506223779878253,0.015
4.0,14.1996,14.342680331266461,0.06972197503558945,4.089800868639735e-05,1.0,13.29345221725186,0.07522500428460778,0.015
5.0,14.1996,14.91385332139367,0.06705175238417538,2.4339381901341607e-05,1.0,13.297218207837007,0.0752036993279262,0.015
6.0,14.1996,15.27028078541015,0.06548668056945232,1.5718111305744367e-05,1.5,13.359803057094581,0.07485140280334901,0.015
7.5,14.1996,15.09684643027519,0.06623899929157401,1.0785016782116667e-05,1.5,13.461685650772578,0.07428490205033195,0.015
9.0,14.1996,14.318604935103465,0.06983920602127948,6.753561424407697e-06,1.5,13.649408289767445,0.07326324912924395,0.015
10.5,14.1996,13.104950557220745,0.07630704104022784,3.91245725620446e-06,1.5,13.960590572211947,0.07163020753509268,0.015
12.0,14.1996,11.833789074353703,0.08450378773162429,2.4585577700369043e-06,1.5,14.298524099059815,0.06993728814750566,0.015
13.5,14.1996,11.025337278990197,0.09070017312809041,1.6539211355034426e-06,1.5,14.62988468773878,0.06835323868533934,0.015
15.0,14.1996,11.315682682083104,0.08837292703367942,1.011445751814848e-06,1.5,15.105471725618735,0.06620117651168812,0.015
16.5,14.1996,13.635451582954325,0.07333823848196563,5.702121749814271e-07,1.5,15.735412185671679,0.06355092502188014,0.015
18.0,14.1996,19.7421672827021,0.05065300003187546,3.53530099564586e-07,1.5,16.31348954391998,0.06129896349323366,0.015
19.5,14.1996,33.282517629939065,0.03004580395986801,2.3466965106258856e-07,nan,16.84471009065882,0.059365818385591976,0.015
nan,nan,nan,nan,1.4171878987021995e-07,nan,17.54840501475516,0.0569852359322214,0.015
nan,nan,nan,nan,7.922200084449691e-08,nan,18.40607544375844,0.05432988705580381,0.015
nan,nan,nan,nan,4.890590972735823e-08,nan,19.150200067096065,0.05221877560006295,0.015
Name:	24.19483326789813_8_210_0.015
Lambda:	24.19483326789813	Maximal Depth:	20	Filter time:	8.0 to 210.0 [us]
Chi2:	4.950376993403924	RelRMS:	3.3374164012239813	AbsRMS:	2.827366692402121e-07	Phi model:	0.4458034799027546
depth_vector,start_model,resistivity_model,conductivity_model,E/I[V/A],modelled_thickness,rhoa,sigma,rel_err
0.0,14.1996,12.572804025633168,0.07953675233951162,0.00024280198851448536,1.0,13.379787141251327,0.0747396045574516,0.015
1.0,14.1996,12.77672994367491,0.07826728782782542,0.00014267198148962287,1.0,13.39914050245835,0.07463165266582057,0.015
2.0,14.1996,13.18824249691583,0.07582511469847916,9.234241689278739e-05,1.0,13.366252279359095,0.07481528697047378,0.015
3.0,14.1996,13.749165322919165,0.07273168781620877,6.406566746896784e-05,1.0,13.31468286360899,0.07510505584276055,0.015
4.0,14.1996,14.353952550052862,0.06966722207788803,4.09358995938251e-05,1.0,13.285247866711606,0.07527145974488485,0.015
5.0,14.1996,14.867849883410686,0.06725922092580341,2.4356793378284736e-05,1.0,13.29088043319315,0.07523956031555006,0.015
6.0,14.1996,15.154738612111851,0.06598596159228955,1.5724692914985895e-05,1.5,13.356074944513969,0.0748722962512839,0.015
7.5,14.1996,14.91877330769963,0.06702963972807983,1.0786540448358087e-05,1.5,13.460417922780493,0.07429189834496847,0.015
9.0,14.1996,14.119962931464523,0.07082171566977903,6.752318585281696e-06,1.5,13.651083121712944,0.07325426056555427,0.015
10.5,14.1996,12.94404187389881,0.07725562152394327,3.910547751017542e-06,1.5,13.965134803658625,0.07160689918567899,0.015
12.0,14.1996,11.77305778534505,0.0849397003083419,2.4569320289084003e-06,1.5,14.304830917370559,0.06990645368521524,0.015
13.5,14.1996,11.107827388882408,0.09002660601306059,1.6526986068644948e-06,1.5,14.637098444535402,0.06831955143222658,0.015
15.0,14.1996,11.554650048726131,0.08654524332480734,1.0106892480682561e-06,1.5,15.11300844433722,0.06616816259205464,0.015
16.5,14.1996,13.998262753302797,0.07143743603212882,5.698508251364032e-07,1.5,15.742063502994947,0.06352407356314811,0.015
18.0,14.1996,20.06725517550206,0.04983242557361765,3.5337421865299077e-07,1.5,16.318286676939728,0.061280943263066656,0.015
19.5,14.1996,33.02128899885607,0.03028349377986553,2.3462003658574945e-07,nan,16.84708474441316,0.059357450572071264,0.015
nan,nan,nan,nan,1.4173932778709022e-07,nan,17.54670980711174,0.056990741340846515,0.015
nan,nan,nan,nan,7.927284332914138e-08,nan,18.398204646905818,0.054353129514089764,0.015
nan,nan,nan,nan,4.896011758640146e-08,nan,19.136062260638017,0.052257355059768654,0.015
Name:	28.326824805926805_8_210_0.015
Lambda:	28.326824805926805	Maximal Depth:	20	Filter time:	8.0 to 210.0 [us]
Chi2:	4.996658295549471	RelRMS:	3.352980937164169	AbsRMS:	2.5744899450881414e-07	Phi model:	0.4138065100386954
depth_vector,start_model,resistivity_model,conductivity_model,E/I[V/A],modelled_thickness,rhoa,sigma,rel_err
0.0,14.1996,12.678204082931277,0.07887552475561617,0.00024245450874110588,1.0,13.39256780847473,0.07466827977284583,0.015
1.0,14.1996,12.875712704186647,0.07766560368148331,0.00014266207442326196,1.0,13.399760824471333,0.07462819770437608,0.015
2.0,14.1996,13.267566427098242,0.0753717726227138,9.240137769653197e-05,1.0,13.360565720471667,0.0748471300483747,0.015
3.0,14.1996,13.792500051804657,0.07250317174145354,6.412425672240151e-05,1.0,13.306571360407116,0.07515083885360871,0.015
4.0,14.1996,14.34336670329489,0.06971863863525742,4.097573611024794e-05,1.0,13.276635879291094,0.07532028513034697,0.015
5.0,14.1996,14.790955381517426,0.06760888490337726,2.4374728847881216e-05,1.0,13.284359815686106,0.07527649159421329,0.015
6.0,14.1996,15.008382779893017,0.06662943067654943,1.5731264929972822e-05,1.5,13.352354860637949,0.07489315633364031,0.015
7.5,14.1996,14.723495545407832,0.0679186540258705,1.078788695202523e-05,1.5,13.459297846826503,0.07429808087914369,0.015
9.0,14.1996,13.918314851174914,0.07184777831890941,6.750858568232292e-06,1.5,13.653051275892405,0.07324370060528004,0.015
10.5,14.1996,12.795823965455822,0.07815049681049416,3.9084672195378055e-06,1.5,13.970090254450302,0.07158149888698398,0.015
12.0,14.1996,11.735026652768395,0.08521497475799011,2.455188477271374e-06,1.5,14.311602498052624,0.06987337722215732,0.015
13.5,14.1996,11.214647592778707,0.08916909708726971,1.651397073759962e-06,1.5,14.644788162501873,0.06828367805008678,0.015
15.0,14.1996,11.812819672740487,0.08465379373458322,1.0098890962677339e-06,1.5,15.12099024791702,0.0661332349009189,0.015
16.5,14.1996,14.366839366800471,0.06960473173458348,5.694712020348889e-07,1.5,15.749058749559929,0.06349585812726381,0.015
18.0,14.1996,20.379458692043357,0.04906901675413119,3.5321174115154773e-07,1.5,16.32329057103334,0.06126215762982006,0.015
19.5,14.1996,32.751931208284695,0.030532550695729573,2.345693445806461e-07,nan,16.849511835502675,0.059348900416981536,0.015
nan,nan,nan,nan,1.4176207271600983e-07,nan,17.544832909515456,0.05699683805239599,0.015
nan,nan,nan,nan,7.93270069302534e-08,nan,18.38982896677697,0.05437788474306086,0.015
nan,nan,nan,nan,4.90175357081989e-08,nan,19.12111561811354,0.05229820372262665,0.015
Name:	33.164477502323265_8_210_0.015
Lambda:	33.164477502323265	Maximal Depth:	20	Filter time:	8.0 to 210.0 [us]
Chi2:	5.048254707963207	RelRMS:	3.3702482242287757	AbsRMS:	2.5588235702054384e-07	Phi model:	0.3833153904828513
depth_vector,start_model,resistivity_model,conductivity_model,E/I[V/A],modelled_thickness,rhoa,sigma,rel_err
0.0,14.1996,12.809670867285487,0.07806601827326351,0.00024210347856675613,1.0,13.405510098314789,0.07459619161569318,0.015
1.0,14.1996,12.993438664656166,0.07696192099787483,0.00014265884967107023,1.0,13.399962754906046,0.07462707309644395,0.015
2.0,14.1996,13.353623554049987,0.07488604092757374,9.246580943778655e-05,1.0,13.354358420534554,0.07488192008253523,0.015
3.0,14.1996,13.828848433264708,0.0723126010691203,6.418613214671933e-05,1.0,13.298018296963322,0.07519917461899986,0.015
4.0,14.1996,14.315589253869003,0.06985391814938634,4.101714034764707e-05,1.0,13.267699753182686,0.07537101521762411,0.015
5.0,14.1996,14.691510144223898,0.06806652210584078,2.439319901339e-05,1.0,13.27765315674863,0.07531451440962895,0.015
6.0,14.1996,14.838929149318663,0.06739030761164565,1.573804720351027e-05,1.5,13.348518474945962,0.07491468074729905,0.015
7.5,14.1996,14.510427533187054,0.0689159570049113,1.0789354569215298e-05,1.5,13.458077289124354,0.07430481921872398,0.015
9.0,14.1996,13.715489107311857,0.07291026897953574,6.749490316263988e-06,1.5,13.654896371576463,0.07323380366925111,0.015
10.5,14.1996,12.663436186784672,0.07896750812734236,3.9064770433871445e-06,1.5,13.974834611057007,0.07155719747901643,0.015
12.0,14.1996,11.721665683564948,0.0853121072546975,2.4535334919673374e-06,1.5,14.318037524629359,0.06984197368388209,0.015
13.5,14.1996,11.34669408488398,0.0881313969090077,1.6501780135652874e-06,1.5,14.65199978078922,0.06825006927116782,0.015
15.0,14.1996,12.085646121199945,0.08274278346160223,1.0091600006248934e-06,1.5,15.128272423861345,0.06610140087262917,0.015
16.5,14.1996,14.727497183129797,0.06790019971251396,5.691473203648801e-07,1.5,15.755033005673486,0.06347178070905302,0.015
18.0,14.1996,20.657686334293846,0.04840813166670553,3.5309277813018755e-07,1.5,16.326956763150573,0.06124840130997152,0.015
19.5,14.1996,32.47102705273549,0.030796685253469864,2.3455295670181068e-07,nan,16.85029666052169,0.05934613616286562,0.015
nan,nan,nan,nan,1.418097623671412e-07,nan,17.540899217644853,0.05700962006520587,0.015
nan,nan,nan,nan,7.939792669628246e-08,nan,18.378876568265653,0.054410289784886795,0.015
nan,nan,nan,nan,4.908675666549972e-08,nan,19.10313530063287,0.052347428014440686,0.015
Name:	38.82830410883109_8_210_0.015
Lambda:	38.82830410883109	Maximal Depth:	20	Filter time:	8.0 to 210.0 [us]
Chi2:	5.106569510636986	RelRMS:	3.3896580061907744	AbsRMS:	2.8191221176960915e-07	Phi model:	0.3538509960186702
depth_vector,start_model,resistivity_model,conductivity_model,E/I[V/A],modelled_thickness,rhoa,sigma,rel_err
0.0,14.1996,12.96684055828748,0.07711978839447295,0.000241735985413103,1.0,13.419092921746051,0.07452068525283623,0.015
1.0,14.1996,13.130976779362873,0.07615579684609883,0.0001426575119501954,1.0,13.400046523748124,0.07462660657392182,0.015
2.0,14.1996,13.449853614207242,0.07435025158516878,9.253381564385294e-05,1.0,13.347814574751883,0.07491863139090607,0.015
3.0,14.1996,13.862842279537153,0.07213527931974623,6.425035237673493e-05,1.0,13.289155630925181,0.07524932567370202,0.015
4.0,14.1996,14.273580529887669,0.07005950594569349,4.105946350790803e-05,1.0,13.258580824226497,0.07542285356610479,0.015
5.0,14.1996,14.568589515437127,0.06864082476483965,2.4411521824809167e-05,1.0,13.271008360606558,0.07535222439979644,0.015
6.0,14.1996,14.645258413496448,0.06828148549966469,1.5744325733647947e-05,1.5,13.344969486432841,0.07493460371090767,0.015
7.5,14.1996,14.284160223207547,0.07000761573475597,1.0790251293645103e-05,1.5,13.457331655958784,0.07430893624125026,0.015
9.0,14.1996,13.512870426143708,0.07400352171403002,6.747603631107989e-06,1.5,13.657441600103143,0.07322015566901255,0.015
10.5,14.1996,12.543154259046418,0.07972476295416493,3.9040955787769895e-06,1.5,13.98051705245346,0.07152811274776913,0.015
12.0,14.1996,11.728003830247847,0.08526600216661655,2.4515942569522064e-06,1.5,14.325587001298404,0.0698051674887294,0.015
13.5,14.1996,11.499544269353004,0.08695996785412285,1.6487507412110837e-06,1.5,14.660454415625459,0.06821070968538168,0.015
15.0,14.1996,12.37652996834304,0.08079809143256002,1.0082943964054625e-06,1.5,15.136929434849215,0.06606359660353146,0.015
16.5,14.1996,15.101290258112751,0.06621950726778314,5.687433243973568e-07,1.5,15.762492980707496,0.06344174117786762,0.015
18.0,14.1996,20.941237077131227,0.047752670786199394,3.5292386520329606e-07,1.5,16.33216584530661,0.0612288663654105,0.015
19.5,14.1996,32.190877084978865,0.031064701883088085,2.3450383631177968e-07,nan,16.85264961208196,0.05933785030948975,0.015
nan,nan,nan,nan,1.418383970980287e-07,nan,17.53853833445826,0.05701729419693335,0.015
nan,nan,nan,nan,7.94589218838048e-08,nan,18.369469892319227,0.05443815231805503,0.015
nan,nan,nan,nan,4.9150333981376e-08,nan,19.08665812463492,0.05239261862763246,0.015
Name:	45.4593985345391_8_210_0.015
Lambda:	45.4593985345391	Maximal Depth:	20	Filter time:	8.0 to 210.0 [us]
Chi2:	5.170677263858426	RelRMS:	3.4108684881832456	AbsRMS:	3.282652429923559e-07	Phi model:	0.32616943135408133
depth_vector,start_model,resistivity_model,conductivity_model,E/I[V/A],modelled_thickness,rhoa,sigma,rel_err
0.0,14.1996,13.14183607396908,0.07609286817850112,0.00024137310377270058,1.0,13.432539112287257,0.07444608883254707,0.015
1.0,14.1996,13.28223028467053,0.07528856062329636,0.0001426615606716315,1.0,13.399792994523807,0.07462801853794887,0.015
2.0,14.1996,13.551997697285055,0.07378985905526943,9.260479429439183e-05,1.0,13.340993250929866,0.07495693770254326,0.015
3.0,14.1996,13.89457290319979,0.07197054612378256,6.431576670492581e-05,1.0,13.28014333987778,0.07530039205203362,0.015
4.0,14.1996,14.221603259702059,0.07031556018958653,4.110188825458559e-05,1.0,13.249455716402613,0.07547479846753373,0.015
5.0,14.1996,14.433109258659906,0.06928514030336168,2.4429499763490953e-05,1.0,13.264496707362925,0.07538921544191834,0.015
6.0,14.1996,14.44008023813233,0.06925169275439838,1.5750230100891178e-05,1.5,13.341634147881319,0.07495333696875522,0.015
7.5,14.1996,14.05229206207421,0.07116276800842364,1.0790839859901985e-05,1.5,13.456842314787522,0.07431163839239723,0.015
9.0,14.1996,13.31410765420775,0.07510830060653469,6.7455050942303516e-06,1.5,13.660274020467563,0.07320497367048952,0.015
10.5,14.1996,12.435682028349506,0.08041376401554089,3.901594163291166e-06,1.5,13.98649193428228,0.0714975566924613,0.015
12.0,14.1996,11.75211640858917,0.08509105638786375,2.449588130438998e-06,1.5,14.333407368669233,0.06976708149562931,0.015
13.5,14.1996,11.670662157647033,0.08568494113633171,1.647286194233301e-06,1.5,14.669142541192516,0.06817031037716713,0.015
15.0,14.1996,12.680205363168954,0.07886307605905261,1.0074138552208317e-06,1.5,15.145748550435597,0.06602512887824483,0.015
16.5,14.1996,15.47549091161826,0.06461830553299266,5.683374361330022e-07,1.5,15.769996797084158,0.06341155377944643,0.015
18.0,14.1996,21.21091963955232,0.04714552772786358,3.527577202792466e-07,1.5,16.337293620617817,0.061209648502490686,0.015
19.5,14.1996,31.908527894660164,0.03133958430490139,2.3445901800494266e-07,nan,16.85479720320808,0.05933028964653836,0.015
nan,nan,nan,nan,1.4187160339513222e-07,nan,17.535801528209817,0.05702619286556714,0.015
nan,nan,nan,nan,7.952381911876697e-08,nan,18.359474647962248,0.05446778947517389,0.015
nan,nan,nan,nan,4.921703386780736e-08,nan,19.069409819152746,0.05244000781794672,0.015
Name:	53.22295069415713_8_210_0.015
Lambda:	53.22295069415713	Maximal Depth:	20	Filter time:	8.0 to 210.0 [us]
Chi2:	5.239966584553052	RelRMS:	3.4336459944560924	AbsRMS:	3.854554834250938e-07	Phi model:	0.3005870051019306
depth_vector,start_model,resistivity_model,conductivity_model,E/I[V/A],modelled_thickness,rhoa,sigma,rel_err
0.0,14.1996,13.329933247194008,0.07501913036289984,0.00024102370040331636,1.0,13.445517756235486,0.07437422776346717,0.015
1.0,14.1996,13.443162080477634,0.07438726052795386,0.0001426715551340449,1.0,13.399167196849497,0.07463150398146585,0.015
2.0,14.1996,13.658454212263676,0.07321472726409393,9.267765837205653e-05,1.0,13.333999788454168,0.07499625137731697,0.015
3.0,14.1996,13.924615799907892,0.07181526688920313,6.438124676922767e-05,1.0,13.271137279319188,0.0753514924119073,0.015
4.0,14.1996,14.164206808196528,0.07060049415695632,4.114360284981446e-05,1.0,13.240498647658532,0.07552585643568956,0.015
5.0,14.1996,14.290599721592727,0.06997606954794387,2.4446720339275397e-05,1.0,13.258266857488819,0.07542463964173104,0.015
6.0,14.1996,14.228960497591771,0.07027920276883531,1.5755560212755224e-05,1.5,13.338624991678312,0.07497024623031827,0.015
7.5,14.1996,13.819907442275655,0.07235938476266199,1.079102349166601e-05,1.5,13.45668965020151,0.0743124814493307,0.015
9.0,14.1996,13.12237320065609,0.07620572778329472,6.7431636444744375e-06,1.5,13.663436037211222,0.07318803244488312,0.015
10.5,14.1996,12.341218712335907,0.08102927460481925,3.898970355874055e-06,1.5,13.992766026020067,0.07146549853977854,0.015
12.0,14.1996,11.792509744387493,0.08479959072969503,2.4475190449590174e-06,1.5,14.341484355339459,0.06972778934334585,0.015
13.5,14.1996,11.856707390460821,0.08434044689375894,1.6457887146988123e-06,1.5,14.678039353883998,0.06812899024796436,0.015
15.0,14.1996,12.992721287352484,0.07696617035673896,1.0065212086157e-06,1.5,15.154702031877958,0.06598612086839432,0.015
16.5,14.1996,15.846964802081796,0.06310356667597515,5.679305037440737e-07,1.5,15.77752888809088,0.06338128151074503,0.015
18.0,14.1996,21.46635110328179,0.04658453573169775,3.5259407220262644e-07,1.5,16.342348271503226,0.06119071649842012,0.015
19.5,14.1996,31.627095795962116,0.03161845799726169,2.3441768962108933e-07,nan,16.85677817163288,0.05932331729219951,0.015
nan,nan,nan,nan,1.4190829856728094e-07,nan,17.532778416347035,0.05703602568019853,0.015
nan,nan,nan,nan,7.959155281068807e-08,nan,18.34905703115621,0.05449871338358296,0.015
nan,nan,nan,nan,4.928593224795744e-08,nan,19.05163385090851,0.052488936530360276,0.015
Name:	62.312361621777015_8_210_0.015
Lambda:	62.312361621777015	Maximal Depth:	20	Filter time:	8.0 to 210.0 [us]
Chi2:	5.313705539269381	RelRMS:	3.4577214265114105	AbsRMS:	4.4582717492700136e-07	Phi model:	0.27729585385016864
depth_vector,start_model,resistivity_model,conductivity_model,E/I[V/A],modelled_thickness,rhoa,sigma,rel_err
0.0,14.1996,13.525711638862978,0.0739332633062155,0.00024069683210663976,1.0,13.457687752621545,0.07430696999231542,0.015
1.0,14.1996,13.609769839206376,0.0734766283202856,0.00014268856425158662,1.0,13.398102348430891,0.07463743551094117,0.015
2.0,14.1996,13.767478796929746,0.07263494026393617,9.275176242395693e-05,1.0,13.32689670665433,0.07503622351186111,0.015
3.0,14.1996,13.954374403478951,0.07166211619997032,6.444597860594987e-05,1.0,13.262249122272483,0.07540199183263799,0.015
4.0,14.1996,14.104440354055866,0.07089965818547636,4.1183966770719335e-05,1.0,13.231845995998397,0.07557524477706452,0.015
5.0,14.1996,14.145451341231373,0.07069410341720134,2.4462829646296135e-05,1.0,13.25244564648782,0.07545777033728271,0.015
6.0,14.1996,14.017359087461584,0.07134011433683625,1.576012428969509e-05,1.5,13.336049654565457,0.07498472380519823,0.015
7.5,14.1996,13.591712320007847,0.07357424704523342,1.079069298966768e-05,1.5,13.456964420328058,0.07431096410490634,0.015
9.0,14.1996,12.940068909529838,0.07727934116823292,6.740526840597448e-06,1.5,13.666999107125873,0.07316895187902715,0.015
10.5,14.1996,12.260075972568233,0.08156556307134537,3.896201030000478e-06,1.5,13.999395721572132,0.07143165461485362,0.015
12.0,14.1996,11.846921942660996,0.08441011132174177,2.445374091004204e-06,1.5,14.349869528618665,0.0696870447501735,0.015
13.5,14.1996,12.054181891922338,0.08295876144610966,1.6442494280204586e-06,1.5,14.687198623877705,0.06808650346528647,0.015
15.0,14.1996,13.310305089361629,0.0751297579797219,1.0056099985039736e-06,1.5,15.16385537039762,0.065946289751099,0.015
16.5,14.1996,16.213770649014535,0.06167596801801187,5.675175260674113e-07,1.5,15.785182075801881,0.06335055213160729,0.015
18.0,14.1996,21.709125773727685,0.04606357761353047,3.524287951220781e-07,1.5,16.347457208077014,0.06117159306622416,0.015
19.5,14.1996,31.349514557738072,0.03189842056910472,2.3437638892340441e-07,nan,16.858758394576153,0.059316349199340965,0.015
nan,nan,nan,nan,1.4194575816396778e-07,nan,17.529693671360803,0.0570460624553727,0.015
nan,nan,nan,nan,7.966013163812783e-08,nan,18.338524473143707,0.0545300142039494,0.015
nan,nan,nan,nan,4.935553731469973e-08,nan,19.03371756152125,0.05253834395555022,0.015
Name:	72.95406136340671_8_210_0.015
Lambda:	72.95406136340671	Maximal Depth:	20	Filter time:	8.0 to 210.0 [us]
Chi2:	5.389939992643809	RelRMS:	3.482436644570662	AbsRMS:	5.033736043882098e-07	Phi model:	0.2566814350084131
depth_vector,start_model,resistivity_model,conductivity_model,E/I[V/A],modelled_thickness,rhoa,sigma,rel_err
0.0,14.1996,13.720775473143084,0.07288217797582874,0.00024040483244734876,1.0,13.468582833575379,0.07424686118476649,0.015
1.0,14.1996,13.775662451317755,0.07259179030655921,0.00014271268463471852,1.0,13.39659266498696,0.07464584652286832,0.015
2.0,14.1996,13.875943465141065,0.07206717168545583,9.282490694573895e-05,1.0,13.319894867865592,0.07507566763252105,0.015
3.0,14.1996,13.984299489262849,0.07150876601061072,6.450786457681988e-05,1.0,13.253765624892242,0.07545025529362569,0.015
4.0,14.1996,14.046032908503276,0.07119447936040457,4.1221552400371346e-05,1.0,13.223801614007293,0.07562121916142113,0.015
5.0,14.1996,14.0033046208056,0.07141171509718044,2.447716039183379e-05,1.0,13.247272498403289,0.07548723709884667,0.015
6.0,14.1996,13.811250740398114,0.07240473862913697,1.576365209458673e-05,1.5,13.334059898388771,0.07499591329425748,0.015
7.5,14.1996,13.375508732050239,0.07476351143219036,1.0789767185694904e-05,1.5,13.457734182563543,0.07430671362907776,0.015
9.0,14.1996,12.772195487173136,0.07829507471947797,6.737625177331073e-06,1.5,13.670922762942821,0.07314795184935553,0.015
10.5,14.1996,12.193678153322846,0.08200970924654874,3.893353201615396e-06,1.5,14.006221545951705,0.0713968429471998,0.015
12.0,14.1996,11.91322690291979,0.08394031341373276,2.4432173016783427e-06,1.5,14.358313338519578,0.06964606332397434,0.015
13.5,14.1996,12.257317996113335,0.08158391585476443,1.6427214380392327e-06,1.5,14.696304819724151,0.06804431537496988,0.015
15.0,14.1996,13.623900411166161,0.07340041910321064,1.0047182934187333e-06,1.5,15.172826168613994,0.06590729959515168,0.015
16.5,14.1996,16.56449123516477,0.0603701004638826,5.671219883712513e-07,1.5,15.792520777923526,0.06332111346010745,0.015
18.0,14.1996,21.929935808470805,0.04559976867847161,3.5227667850983596e-07,1.5,16.352162867066454,0.06115398972780645,0.015
19.5,14.1996,31.078869510179057,0.032176202537626944,2.343447000520518e-07,nan,16.860278158656904,0.05931100249888525,0.015
nan,nan,nan,nan,1.4198934397753726e-07,nan,17.526106148365546,0.0570577395534751,0.015
nan,nan,nan,nan,7.973210530618111e-08,nan,18.32748676527726,0.05456285484240926,0.015
nan,nan,nan,nan,4.942712267766297e-08,nan,19.015335418116372,0.05258913282419808,0.015
Name:	85.41314966877566_8_210_0.015
Lambda:	85.41314966877566	Maximal Depth:	20	Filter time:	8.0 to 210.0 [us]
Chi2:	5.467836369139587	RelRMS:	3.5075107741194564	AbsRMS:	5.547436484476386e-07	Phi model:	0.23861357275382072
depth_vector,start_model,resistivity_model,conductivity_model,E/I[V/A],modelled_thickness,rhoa,sigma,rel_err
0.0,14.1996,13.912448849399905,0.07187807199328058,0.0002401533571299651,1.0,13.47798356357053,0.07419507489999373,0.015
1.0,14.1996,13.937878790934422,0.07174692899829402,0.0001427446288753255,1.0,13.394593944401484,0.07465698506060113,0.015
2.0,14.1996,13.981028926974831,0.07152549395492716,9.289672843221648e-05,1.0,13.313028619880308,0.07511438820965974,0.015
3.0,14.1996,14.012326248593066,0.07136573772683939,6.456640615996592e-05,1.0,13.245753060618465,0.0754958963392685,0.015
4.0,14.1996,13.988930154752524,0.07148509492416512,4.1255924755714466e-05,1.0,13.216455657439397,0.07566325086840593,0.015
5.0,14.1996,13.867021598804543,0.07211353879236826,2.448942534316776e-05,1.0,13.242849073043557,0.07551245162459393,0.015
6.0,14.1996,13.616514192068456,0.0734402348423721,1.5765951370806017e-05,1.5,13.332763457666237,0.07500320568764067,0.015
7.5,14.1996,13.172917438670414,0.07591332783005231,1.078810994637952e-05,1.5,13.459112373635037,0.07429910474325879,0.015
9.0,14.1996,12.61998590200771,0.07923939121365503,6.73436984579131e-06,1.5,13.675328005741248,0.07312438864941118,0.015
10.5,14.1996,12.141400554470769,0.08236282095410935,3.890371632468852e-06,1.5,14.013376849624914,0.07136038734495079,0.015
12.0,14.1996,11.988910649754148,0.08341041394119546,2.441011027591286e-06,1.5,14.366963744492168,0.06960412915243612,0.015
13.5,14.1996,12.462611393173574,0.08024000495977532,1.6411772845386653e-06,1.5,14.705521696579508,0.06800166771591648,0.015
15.0,14.1996,13.930260075640335,0.07178616871257752,1.0038272868081534e-06,1.5,15.181803203766318,0.0658683284573152,0.015
16.5,14.1996,16.898374506127972,0.059177289486474764,5.667316647119008e-07,1.5,15.799771107636495,0.06329205614356467,0.015
18.0,14.1996,22.13132825500585,0.04518481622420523,3.5212916322484823e-07,1.5,16.356729421667904,0.061136916447079644,0.015
19.5,14.1996,30.817040902843576,0.0324495788921683,2.3431632336914233e-07,nan,16.86163936446591,0.0593062144424339,0.015
nan,nan,nan,nan,1.4203475082627088e-07,nan,17.522370688539606,0.057069903255387903,0.015
nan,nan,nan,nan,7.980472077735327e-08,nan,18.316367448161234,0.054595978314487745,0.015
nan,nan,nan,nan,4.949880324645951e-08,nan,18.996973233516233,0.05263996467793652,0.015
Name:	100.0_8_210_0.015
Lambda:	100.0	Maximal Depth:	20	Filter time:	8.0 to 210.0 [us]
Chi2:	5.5465375077774794	RelRMS:	3.532663215266823	AbsRMS:	5.967817466314767e-07	Phi model:	0.2229323888057715
depth_vector,start_model,resistivity_model,conductivity_model,E/I[V/A],modelled_thickness,rhoa,sigma,rel_err
0.0,14.1996,14.095984624518277,0.07094218861878011,0.00023995105958026422,1.0,13.485557830535209,0.07415340266723787,0.015
1.0,14.1996,14.092657197261167,0.0709589388291049,0.00014278652173282217,1.0,13.391973877972791,0.07467159129131866,0.015
2.0,14.1996,14.080577468515477,0.07101981450945638,9.296761169729307e-05,1.0,13.306260736763248,0.07515259318774256,0.015
3.0,14.1996,14.037955903797855,0.07123544245707868,6.462155083959138e-05,1.0,13.23821649606755,0.07553887642622048,0.015
4.0,14.1996,13.933872907795694,0.07176755569806598,4.1286899688659155e-05,1.0,13.209844520308758,0.07570111809132986,0.015
5.0,14.1996,13.738390354760396,0.07278873100686768,2.4499483006483534e-05,1.0,13.239224473235371,0.07553312522358209,0.015
6.0,14.1996,13.43544961328344,0.07442996168965675,1.576693133448534e-05,1.5,13.332211003545439,0.07500631363650558,0.015
7.5,14.1996,12.987629296153715,0.0769963460765045,1.0785662872527702e-05,1.5,13.461148051124226,0.07428786877628046,0.015
9.0,14.1996,12.485118924659,0.08009535239787974,6.730729236680588e-06,1.5,13.680258827237202,0.07309803218116123,0.015
10.5,14.1996,12.102726998982105,0.08262600652597589,3.887241207872915e-06,1.5,14.02089922543087,0.07132210166564901,0.015
12.0,14.1996,12.071363436129728,0.08284068368010432,2.438746995446619e-06,1.5,14.375854167059153,0.06956108404962823,0.015
13.5,14.1996,12.66611230372999,0.07895082374293445,1.6396117780866941e-06,1.5,14.714880793020427,0.06795841665766812,0.015
15.0,14.1996,14.225647080508434,0.07029557209880251,1.00293375871621e-06,1.5,15.190818989747346,0.0658292354530012,0.015
16.5,14.1996,17.21336860068917,0.05809438136123821,5.663444290991924e-07,1.5,15.8069723050275,0.06326322212141437,0.015
18.0,14.1996,22.31420131630723,0.04481451008821004,3.519846288229185e-07,1.5,16.36120679207151,0.06112018585845335,0.015
19.5,14.1996,30.564859761914914,0.03271731026379652,2.3428994601715184e-07,nan,16.86290491045294,0.05930176356388763,0.015
nan,nan,nan,nan,1.4208096405594599e-07,nan,17.518570933706552,0.05708228164181777,0.015
nan,nan,nan,nan,7.987723783342254e-08,nan,18.305280016673095,0.05462904687003776,0.015
nan,nan,nan,nan,4.957002129137002e-08,nan,18.978773369609932,0.05269044424131573,0.015
