Name:	5.000000000000001_8_210_0.015
Lambda:	5.000000000000001	Maximal Depth:	20	Filter time:	8.0 to 210.0 [us]
Chi2:	5.931265866470572	RelRMS:	3.653128549552943	AbsRMS:	1.3288030006871336e-06	Phi model:	0.347036477160489
depth_vector,start_model,resistivity_model,conductivity_model,E/I[V/A],modelled_thickness,rhoa,sigma,rel_err
0.0,13.2552,18.059437118561775,0.05537271142145312,0.0002770250986654695,1.0,12.253814029913036,0.08160724469613131,0.015
1.0,13.2552,17.042143948336502,0.0586780632197166,0.00016770445353478348,1.0,12.030204388031297,0.08312410726744492,0.015
2.0,13.2552,15.19629229555981,0.06580552548941093,0.00010969673597095458,1.0,11.916480550463987,0.08391739454994229,0.015
3.0,13.2552,12.947145257791036,0.07723710363087516,7.611188469771896e-05,1.0,11.86987319200272,0.0842468983302826,0.015
4.0,13.2552,10.809035377895238,0.09251519354308214,4.833896595186875e-05,1.0,11.891618924198834,0.08409283936647612,0.015
5.0,13.2552,9.218361365169613,0.10847914942653157,2.8363650143609077e-05,1.0,12.007679267466415,0.0832800391920359,0.015
6.0,13.2552,8.479515854848117,0.11793126130287916,1.8050516735428804e-05,1.5,12.182615474489713,0.082084179878614,0.015
7.5,13.2552,9.296186713710929,0.10757098913741715,1.2224104264576731e-05,1.5,12.383268741717009,0.08075412242578404,0.015
9.0,13.2552,11.486484762350084,0.08705883659705517,7.532145678950994e-06,1.5,12.69180098746143,0.07879102429890972,0.015
10.5,13.2552,14.290454719977323,0.06997677957735322,4.287727778567663e-06,1.5,13.133648569533026,0.07614030440252259,0.015
12.0,13.2552,16.768023933960944,0.059637319456269405,2.6587209175617116e-06,1.5,13.571556377784953,0.07368351662576318,0.015
13.5,13.2552,18.34983487474023,0.054496403200694016,1.770764493305339e-06,1.5,13.97902551956344,0.07153574464833151,0.015
15.0,13.2552,19.257838038164877,0.051926908826329096,1.071314130850659e-06,1.5,14.537335044855126,0.06878839876184237,0.015
16.5,13.2552,20.467816212646355,0.048857190704210775,5.979067473955869e-07,1.5,15.245680401510628,0.06559234967964528,0.015
18.0,13.2552,23.61395296581355,0.042347844151621815,3.6832556551070086e-07,1.5,15.873641087104803,0.06299751862301872,0.015
19.5,13.2552,31.270935671613643,0.03197857622494345,2.434670871610011e-07,nan,16.436448601560404,0.06084039345975653,0.015
nan,nan,nan,nan,1.4649530944082834e-07,nan,17.16485450309776,0.05825857713035254,0.015
nan,nan,nan,nan,8.17052562652759e-08,nan,18.031218301902033,0.055459369592043284,0.015
nan,nan,nan,nan,5.041022030819976e-08,nan,18.767300725228917,0.05328416774692048,0.015
Name:	5.8538995686138975_8_210_0.015
Lambda:	5.8538995686138975	Maximal Depth:	20	Filter time:	8.0 to 210.0 [us]
Chi2:	5.940942842462305	RelRMS:	3.6561074102849043	AbsRMS:	1.3497759127975483e-06	Phi model:	0.3146759572330781
depth_vector,start_model,resistivity_model,conductivity_model,E/I[V/A],modelled_thickness,rhoa,sigma,rel_err
0.0,13.2552,17.672593046336562,0.056584791907902554,0.00027711361687128235,1.0,12.251204406227592,0.08162462781958606,0.015
1.0,13.2552,16.726492165460474,0.05978539852276733,0.00016768915075439733,1.0,12.0309362691142,0.08311905055695444,0.015
2.0,13.2552,15.010381170248106,0.06662056004161225,0.00010967694535757016,1.0,11.917914017128394,0.08390730110678787,0.015
3.0,13.2552,12.914184641787141,0.07743423435067241,7.610064982158923e-05,1.0,11.871041410445336,0.08423860766925632,0.015
4.0,13.2552,10.901187853216314,0.09173312243261247,4.8334349569127586e-05,1.0,11.892376086079794,0.08408748535715374,0.015
5.0,13.2552,9.384547898082218,0.10655814332881772,2.836317365352278e-05,1.0,12.007813749927848,0.08327910649063895,0.015
6.0,13.2552,8.648755665024765,0.11562356930072165,1.805108300195484e-05,1.5,12.182360692236076,0.08208589658959192,0.015
7.5,13.2552,9.340701517293038,0.10705834012024001,1.2224731252355863e-05,1.5,12.382845325481146,0.08075688371413492,0.015
9.0,13.2552,11.325936255284578,0.08829292143803204,7.532594561524068e-06,1.5,12.691296762361386,0.07879415466555811,0.015
10.5,13.2552,13.958911626075885,0.07163882305350758,4.287931057506325e-06,1.5,13.133233479644499,0.07614271089826607,0.015
12.0,13.2552,16.4198704938638,0.06090182016805222,2.658790025974503e-06,1.5,13.571321204949603,0.07368479346250309,0.015
13.5,13.2552,18.2007976298058,0.05494264703885233,1.770775300003539e-06,1.5,13.978968645317984,0.07153603569566148,0.015
15.0,13.2552,19.44838555422058,0.05141814970770083,1.0712961926300305e-06,1.5,14.537497323782551,0.06878763089187674,0.015
16.5,13.2552,20.98164409832809,0.047660707393263065,5.978861886439867e-07,1.5,15.246029888716349,0.06559084609561891,0.015
18.0,13.2552,24.19118031176744,0.04133737945450991,3.6831176788717384e-07,1.5,15.874037521458108,0.06299594533830641,0.015
19.5,13.2552,31.2373767929988,0.03201293138750783,2.4345963226173734e-07,nan,16.436784129993086,0.060839151508672924,0.015
nan,nan,nan,nan,1.464939108718904e-07,nan,17.164963750842794,0.05825820633911332,0.015
nan,nan,nan,nan,8.170786323104155e-08,nan,18.03083476461087,0.05546054927876665,0.015
nan,nan,nan,nan,5.0414177371062864e-08,nan,18.766318668670632,0.05328695615029956,0.015
Name:	6.853628031883595_8_210_0.015
Lambda:	6.853628031883595	Maximal Depth:	20	Filter time:	8.0 to 210.0 [us]
Chi2:	5.949516484310129	RelRMS:	3.658744605694389	AbsRMS:	1.3721576296941483e-06	Phi model:	0.29021926315893487
depth_vector,start_model,resistivity_model,conductivity_model,E/I[V/A],modelled_thickness,rhoa,sigma,rel_err
0.0,13.2552,17.33421549796109,0.05768937164290033,0.00027721062950900234,1.0,12.248345951653189,0.08164367694603103,0.015
1.0,13.2552,16.452588922806914,0.060780707807862364,0.00016767880215016228,1.0,12.031431271526774,0.083115630836588,0.015
2.0,13.2552,14.850660962496297,0.06733707021696808,0.00010965858921471864,1.0,11.919243968150917,0.08389793871759588,0.015
3.0,13.2552,12.885918621192554,0.07760409089929926,7.60890880771422e-05,1.0,11.872243917269495,0.08423007537314738,0.015
4.0,13.2552,10.985348345360206,0.09103034046456633,4.832878820989261e-05,1.0,11.893288399556388,0.08408103515233847,0.015
5.0,13.2552,9.534381330464178,0.10488357506792896,2.836184788000333e-05,1.0,12.00818795021595,0.08327651133924968,0.015
6.0,13.2552,8.801733888343879,0.11361397795999016,1.80510795314628e-05,1.5,12.182362253685977,0.08208588606839641,0.015
7.5,13.2552,9.38883651252275,0.10650946990782174,1.2225012807210932e-05,1.5,12.382655198149106,0.08075812368170235,0.015
9.0,13.2552,11.196597776458326,0.08931284484493798,7.532887680453625e-06,1.5,12.690967531960363,0.07879619875172203,0.015
10.5,13.2552,13.676615337721033,0.07311750570639595,4.288095269903697e-06,1.5,13.132898186484534,0.07614465488121507,0.015
12.0,13.2552,16.121245857715415,0.06202994537927807,2.6588616823708177e-06,1.5,13.571077372198342,0.07368611736372502,0.015
13.5,13.2552,18.06936613272119,0.05534228443072691,1.7708008341695484e-06,1.5,13.978834264625375,0.07153672338262031,0.015
15.0,13.2552,19.610148871623036,0.0509940034900528,1.071294291418321e-06,1.5,14.53751452344604,0.0687875495076689,0.015
16.5,13.2552,21.421772707611062,0.04668147746916876,5.978763804956745e-07,1.5,15.246196628774268,0.06559012876120802,0.015
18.0,13.2552,24.68742673798221,0.04050644931986676,3.6830383710822146e-07,1.5,15.874265400396038,0.06299504101620045,0.015
19.5,13.2552,31.214901186764447,0.03203598159791753,2.434548109977219e-07,nan,16.437001133479892,0.06083834830205971,0.015
nan,nan,nan,nan,1.4649256980366752e-07,nan,17.165068508612382,0.05825785079146414,0.015
nan,nan,nan,nan,8.170909305651029e-08,nan,18.030653839537838,0.05546110578681222,0.015
nan,nan,nan,nan,5.041638555118221e-08,nan,18.765770702450915,0.05328851214564795,0.015
Name:	8.024090035856696_8_210_0.015
Lambda:	8.024090035856696	Maximal Depth:	20	Filter time:	8.0 to 210.0 [us]
Chi2:	5.95720489056955	RelRMS:	3.6611078929446323	AbsRMS:	1.3956963714283887e-06	Phi model:	0.2715030100607524
depth_vector,start_model,resistivity_model,conductivity_model,E/I[V/A],modelled_thickness,rhoa,sigma,rel_err
0.0,13.2552,17.035259187354274,0.05870177782456792,0.00027731450122175374,1.0,12.245287243692038,0.08166407043780323,0.015
1.0,13.2552,16.21059994671085,0.0616880314909567,0.00016767246313188614,1.0,12.031734509481458,0.08311353605849285,0.015
2.0,13.2552,14.710044896453109,0.06798075784534963,0.00010964136705605263,1.0,11.920492096436062,0.08388915423206192,0.015
3.0,13.2552,12.862332217731332,0.0777463980149302,7.607723151418044e-05,1.0,11.87347740372032,0.08422132505904881,0.015
4.0,13.2552,11.0624641424791,0.09039577323103529,4.832245132786226e-05,1.0,11.894328147007666,0.08407368517502828,0.015
5.0,13.2552,9.670853228563427,0.10340349257358615,2.8359843660198604e-05,1.0,12.008753697684611,0.08327258807821235,0.015
6.0,13.2552,8.941753443923094,0.11183488856758962,1.805063279940885e-05,1.5,12.182563252336976,0.0820845317432003,0.015
7.5,13.2552,9.437758485108507,0.10595736281849799,1.2225035324018037e-05,1.5,12.382639993397174,0.08075822284530863,0.015
9.0,13.2552,11.091228466782837,0.0901613381236266,7.533074230585508e-06,1.5,12.690758010467455,0.07879749965882185,0.015
10.5,13.2552,13.436412278256656,0.07442462908184504,4.288243591040042e-06,1.5,13.132595358909528,0.0761464107185463,0.015
12.0,13.2552,15.862234523536857,0.06304282026067451,2.658947507642671e-06,1.5,13.570785339939349,0.07368770302901786,0.015
13.5,13.2552,17.949983437856385,0.055710357809634924,1.7708475866081992e-06,1.5,13.978588225206337,0.07153798251219601,0.015
15.0,13.2552,19.743219023636644,0.05065030169613156,1.0713118362170517e-06,1.5,14.537355803109644,0.0687883005371646,0.015
16.5,13.2552,21.796926300799885,0.04587802822287392,5.978793426659403e-07,1.5,15.24614627093516,0.06559034540462023,0.015
18.0,13.2552,25.112165355213804,0.03982133702350679,3.683033488380142e-07,1.5,15.874279430369187,0.06299498534005225,0.015
19.5,13.2552,31.201303767153508,0.0320499427672227,2.4345398532156915e-07,nan,16.437038297606737,0.06083821074661619,0.015
nan,nan,nan,nan,1.4649244179108306e-07,nan,17.1650785084205,0.058257816852363364,0.015
nan,nan,nan,nan,8.170987535079768e-08,nan,18.03053875512123,0.05546145978117093,0.015
nan,nan,nan,nan,5.041759280038374e-08,nan,18.765471137016828,0.053289362824863844,0.015
Name:	9.394443439884116_8_210_0.015
Lambda:	9.394443439884116	Maximal Depth:	20	Filter time:	8.0 to 210.0 [us]
Chi2:	5.964182514368837	RelRMS:	3.6632513778513593	AbsRMS:	1.4204778061506136e-06	Phi model:	0.25700497342266815
depth_vector,start_model,resistivity_model,conductivity_model,E/I[V/A],modelled_thickness,rhoa,sigma,rel_err
0.0,13.2552,16.769061353656856,0.05963362998740108,0.0002774253371180628,1.0,12.242025566660727,0.08168582842396165,0.015
1.0,13.2552,15.993994641137807,0.06252346724113073,0.00016766969293146886,1.0,12.031867032831771,0.08311262061584171,0.015
2.0,13.2552,14.583997142742282,0.06856830745456155,0.00010962500226484258,1.0,11.921678392184173,0.08388080663672305,0.015
3.0,13.2552,12.841443180486365,0.07787286724280201,7.60649715320174e-05,1.0,11.87475319648999,0.08421227653772087,0.015
4.0,13.2552,11.133844085173765,0.08981623887940345,4.83153285515894e-05,1.0,11.895497114281051,0.08406542327680089,0.015
5.0,13.2552,9.79640076785423,0.1020783064818444,2.8357189116231237e-05,1.0,12.009503120043846,0.08326739166510572,0.015
6.0,13.2552,9.070593613353342,0.11024636783725407,1.8049770026883358e-05,1.5,12.182951464010035,0.08208191610662861,0.015
7.5,13.2552,9.486902911905203,0.10540847832911737,1.2224817663193352e-05,1.5,12.382786973510857,0.08075726426847128,0.015
9.0,13.2552,11.004956395854991,0.09086814740825773,7.533163825429135e-06,1.5,12.690657386191505,0.07879812444452905,0.015
10.5,13.2552,13.23246996866433,0.07557168105184363,4.288378962667454e-06,1.5,13.132318985610944,0.07614801324089812,0.015
12.0,13.2552,15.635749860029188,0.06395599884572042,2.65904787666883e-06,1.5,13.570443840490164,0.07368955737588315,0.015
13.5,13.2552,17.83797100992639,0.056060187531615825,1.77091517437618e-06,1.5,13.978232556905144,0.07153980275610791,0.015
15.0,13.2552,19.84761172833761,0.05038389573956854,1.0713483691625463e-06,1.5,14.537025318982728,0.0687898643675182,0.015
16.5,13.2552,22.111723357432005,0.04522487839754419,5.978949444496034e-07,1.5,15.245881042500478,0.06559148646197163,0.015
18.0,13.2552,25.473099523682468,0.03925709939892846,3.683104507380964e-07,1.5,15.874075367178337,0.06299579514833517,0.015
19.5,13.2552,31.19525725562124,0.03205615494066184,2.4345746259316435e-07,nan,16.436881785166243,0.060838790049732416,0.015
nan,nan,nan,nan,1.4649392723993785e-07,nan,17.164962472259887,0.058258210678647816,0.015
nan,nan,nan,nan,8.171061407735436e-08,nan,18.030430081700768,0.05546179405974948,0.015
nan,nan,nan,nan,5.041815825290928e-08,nan,18.765330830385917,0.053289761264466586,0.015
Name:	10.998825680021056_8_210_0.015
Lambda:	10.998825680021056	Maximal Depth:	20	Filter time:	8.0 to 210.0 [us]
Chi2:	5.970562003877113	RelRMS:	3.6652100224575808	AbsRMS:	1.4453863894788223e-06	Phi model:	0.24568342157459921
depth_vector,start_model,resistivity_model,conductivity_model,E/I[V/A],modelled_thickness,rhoa,sigma,rel_err
0.0,13.2552,16.53555028909866,0.06047576176882767,0.00027753641617957365,1.0,12.238758912014159,0.08170763123851975,0.015
1.0,13.2552,15.803525436044021,0.06327702031087581,0.00016766753633150986,1.0,12.0319702047353,0.0831119079405998,0.015
2.0,13.2552,14.471635999666585,0.06910068771927647,0.00010960807922970072,1.0,11.922905465909444,0.08387217384715907,0.015
3.0,13.2552,12.822080162178175,0.0779904654589309,7.605157231242123e-05,1.0,11.8761479320975,0.08420238664233155,0.015
4.0,13.2552,11.196873720594224,0.08931064375234639,4.830710184360618e-05,1.0,11.89684761279206,0.08405588039345416,0.015
5.0,13.2552,9.909445014109599,0.10091382499990124,2.8353765501754248e-05,1.0,12.010469836589303,0.0832606895155383,0.015
6.0,13.2552,9.18886121171202,0.10882741364353302,1.804843899273869e-05,1.5,12.183550434557366,0.08207788077632974,0.015
7.5,13.2552,9.536571246688395,0.10485949028559434,1.222433396252205e-05,1.5,12.383113618321163,0.08075513403353354,0.015
9.0,13.2552,10.936858145492673,0.09143393712316938,7.533146543369037e-06,1.5,12.69067679557717,0.07879800392903476,0.015
10.5,13.2552,13.057402933609115,0.07658490781700923,4.288500304894499e-06,1.5,13.132071266947321,0.07614944966959959,0.015
12.0,13.2552,15.436183953080732,0.06478285067342834,2.6591655153072407e-06,1.5,13.57004360959125,0.07369173075414467,0.015
13.5,13.2552,17.731861368617675,0.05639565859508844,1.771008063103341e-06,1.5,13.977743783831864,0.07154230435649463,0.015
15.0,13.2552,19.92414303287342,0.05019036444127464,1.0714092664734636e-06,1.5,14.536474471816742,0.06879247110011413,0.015
16.5,13.2552,22.37177616132287,0.044699177784946545,5.979285158067467e-07,1.5,15.245310372603184,0.0655939417145003,0.015
18.0,13.2552,25.77802906817272,0.03879272528382191,3.6832992772507626e-07,1.5,15.873515756783974,0.06299801602380513,0.015
19.5,13.2552,31.193324966084162,0.03205814067872786,2.434693951880118e-07,nan,16.436344725870015,0.0608407779636094,0.015
nan,nan,nan,nan,1.4650035525520318e-07,nan,17.164460369051106,0.058259914876384926,0.015
nan,nan,nan,nan,8.171376064604926e-08,nan,18.029967211061276,0.05546321789129522,0.015
nan,nan,nan,nan,5.0419920908315263e-08,nan,18.764893476737264,0.05329100328971729,0.015
Name:	12.87720418070694_8_210_0.015
Lambda:	12.87720418070694	Maximal Depth:	20	Filter time:	8.0 to 210.0 [us]
Chi2:	5.97703694900201	RelRMS:	3.667196904347313	AbsRMS:	1.4902340783773251e-06	Phi model:	0.23606000754923184
depth_vector,start_model,resistivity_model,conductivity_model,E/I[V/A],modelled_thickness,rhoa,sigma,rel_err
0.0,13.2552,16.27099106150648,0.06145907131408707,0.0002777626770680973,1.0,12.23211168212654,0.08175203317193316,0.015
1.0,13.2552,15.594682023129963,0.06412442385915945,0.00016771378824202411,1.0,12.029757994688856,0.08312719178902024,0.015
2.0,13.2552,14.359570617666286,0.06963996533223078,0.00010961414800432018,1.0,11.922465388327657,0.0838752697054605,0.015
3.0,13.2552,12.80904302979118,0.07806984469286325,7.605051816620109e-05,1.0,11.876257676408104,0.08420160855775938,0.015
4.0,13.2552,11.265937264172917,0.0887631429637128,4.830475614910751e-05,1.0,11.897232752839946,0.08405315931650523,0.015
5.0,13.2552,10.023328758662963,0.09976725537768279,2.8353059774939597e-05,1.0,12.010669134901963,0.08325930793431706,0.015
6.0,13.2552,9.30538832087627,0.10746461786624634,1.804863753405449e-05,1.5,12.18346108552055,0.0820784827054154,0.015
7.5,13.2552,9.594348810686556,0.10422802211299233,1.2224818653651644e-05,1.5,12.382786304672893,0.08075726863045597,0.015
9.0,13.2552,10.88937352007516,0.09183264750322366,7.5336860648126746e-06,1.5,12.690070897045159,0.07880176620863849,0.015
10.5,13.2552,12.902605624354642,0.07750372514776585,4.288900307268042e-06,1.5,13.131254749743333,0.076154184733911,0.015
12.0,13.2552,15.24819618141584,0.06558152768383041,2.6594216401407134e-06,1.5,13.56917232216586,0.07369646255921258,0.015
13.5,13.2552,17.611530706126278,0.056780981544786675,1.7711643832932076e-06,1.5,13.976921335908191,0.07154651414048487,0.015
15.0,13.2552,19.9558860206055,0.05011052874161776,1.0714784953490877e-06,1.5,14.5358483247843,0.06879543440852731,0.015
16.5,13.2552,22.558126166294407,0.04432992317837846,5.979401833008912e-07,1.5,15.24511205271217,0.06559479500985994,0.015
18.0,13.2552,26.0163980619823,0.03843729626282501,3.6831875500804696e-07,1.5,15.873836763884077,0.06299674205263252,0.015
19.5,13.2552,31.228189004052187,0.03202235005911612,2.434497804310562e-07,nan,16.43722756524492,0.06083751022066595,0.015
nan,nan,nan,nan,1.4647835654723457e-07,nan,17.166178877774396,0.05825408246763245,0.015
nan,nan,nan,nan,8.169432217125513e-08,nan,18.032827150051425,0.055454421632225775,0.015
nan,nan,nan,nan,5.040406955573507e-08,nan,18.768827462714494,0.05327983338258959,0.015
Name:	15.076371999678692_8_210_0.015
Lambda:	15.076371999678692	Maximal Depth:	20	Filter time:	8.0 to 210.0 [us]
Chi2:	5.982575994875694	RelRMS:	3.668895745107826	AbsRMS:	1.513223740679108e-06	Phi model:	0.22887873623373206
depth_vector,start_model,resistivity_model,conductivity_model,E/I[V/A],modelled_thickness,rhoa,sigma,rel_err
0.0,13.2552,16.08799973505315,0.06215813130709853,0.0002778583254399775,1.0,12.22930437927989,0.08177079979252949,0.015
1.0,13.2552,15.443992177687267,0.06475009754568198,0.0001677022188081469,1.0,12.03031126063232,0.0831233688252418,0.015
2.0,13.2552,14.267948646015638,0.07008716002627698,0.00010958927196609365,1.0,11.924269533813455,0.08386257935249757,0.015
3.0,13.2552,12.79318977477813,0.07816658844313461,7.603033386988981e-05,1.0,11.878359498024498,0.08418670946659856,0.015
4.0,13.2552,11.315880030885587,0.08837138581096635,4.829160770613247e-05,1.0,11.899392175510082,0.08403790590733545,0.015
5.0,13.2552,10.117312753725788,0.09884047516784943,2.8346573453460264e-05,1.0,12.012501269111638,0.08324660931119744,0.015
6.0,13.2552,9.407024688941519,0.10630353731032041,1.8045402539430846e-05,1.5,12.18491712595378,0.08206867471178837,0.015
7.5,13.2552,9.645064537752694,0.10367996980069982,1.2223130521733985e-05,1.5,12.383926399709056,0.08074983391563872,0.015
9.0,13.2552,10.847665026915239,0.09218573743923682,7.533016046683387e-06,1.5,12.69082335807562,0.07879709391460914,0.015
10.5,13.2552,12.776037807084661,0.07827152792593278,4.288719267985747e-06,1.5,13.13162428604885,0.07615204168325228,0.015
12.0,13.2552,15.088434993426265,0.06627592592841342,2.659387673518735e-06,1.5,13.56928786203751,0.07369583504803354,0.015
13.5,13.2552,17.51043305736518,0.05710881031462459,1.771173834983352e-06,1.5,13.97687161157866,0.0715467686754441,0.015
15.0,13.2552,19.98286865723096,0.050042865073736155,1.071498985143972e-06,1.5,14.535663015851666,0.0687963114520104,0.015
16.5,13.2552,22.722474563082503,0.04400929120742478,5.979545690465544e-07,1.5,15.244867537832787,0.0655958470953143,0.015
18.0,13.2552,26.22553418199439,0.038130777167794276,3.6832629528378343e-07,1.5,15.873620119899075,0.06299760183541284,0.015
19.5,13.2552,31.238268840368065,0.03201201721869225,2.4345287183325083e-07,nan,16.437088416646322,0.0608380252421877,0.015
nan,nan,nan,nan,1.4647810965775348e-07,nan,17.166198166880985,0.05825401700938742,0.015
nan,nan,nan,nan,8.169241589348468e-08,nan,18.033107677470184,0.05545355896972536,0.015
nan,nan,nan,nan,5.0401843191537797e-08,nan,18.76938016654721,0.053278264445956854,0.015
Name:	17.651113509036346_8_210_0.015
Lambda:	17.651113509036346	Maximal Depth:	20	Filter time:	8.0 to 210.0 [us]
Chi2:	5.9883477220314925	RelRMS:	3.6706651133780723	AbsRMS:	1.5467414987526319e-06	Phi model:	0.22251367867498095
depth_vector,start_model,resistivity_model,conductivity_model,E/I[V/A],modelled_thickness,rhoa,sigma,rel_err
0.0,13.2552,15.901559546457044,0.06288691351803953,0.0002780148324247207,1.0,12.224714333588544,0.081801502490116,0.015
1.0,13.2552,15.290687181319027,0.0653992844233791,0.00016771733889984157,1.0,12.029588210196053,0.0831283650384989,0.015
2.0,13.2552,14.174915902497526,0.07054715575588047,0.00010957765275441377,1.0,11.925112456069394,0.08385665155644222,0.015
3.0,13.2552,12.775855335238264,0.07827264584327344,7.60176225826627e-05,1.0,11.879683621094957,0.08417732592005085,0.015
4.0,13.2552,11.365853199093314,0.08798283617456654,4.8282347389577116e-05,1.0,11.900913623440632,0.08402716225335426,0.015
5.0,13.2552,10.20822405741464,0.09796023229659229,2.834213565962534e-05,1.0,12.013755176336073,0.08323792064364156,0.015
6.0,13.2552,9.508776677423223,0.10516599915258389,1.80434758302795e-05,1.5,12.185784526217496,0.08206283295494993,0.015
7.5,13.2552,9.699999868820127,0.10309278489935035,1.2222373202395625e-05,1.5,12.384437947395275,0.08074649848847783,0.015
9.0,13.2552,10.816631221223226,0.09245022591117907,7.532972932971921e-06,1.5,12.690871780566932,0.0787967932613789,0.015
10.5,13.2552,12.661064858497108,0.07898229818551786,4.288935116755383e-06,1.5,13.131183699804849,0.07615459678740627,0.015
12.0,13.2552,14.937819401897297,0.06694417525713205,2.6596191245766184e-06,1.5,13.568500613579051,0.07370011090239569,0.015
13.5,13.2552,17.40166680552011,0.05746575952613819,1.7713686365144084e-06,1.5,13.975846880065214,0.07155201459929945,0.015
15.0,13.2552,19.9809549232311,0.05004765807450663,1.071635520986525e-06,1.5,14.534428341621554,0.06880215557816934,0.015
16.5,13.2552,22.842445866539848,0.04377814905823301,5.980338658554648e-07,1.5,15.243519903934684,0.06560164622751456,0.015
18.0,13.2552,26.39469781281374,0.03788639699881442,3.6837257890902193e-07,1.5,15.872290480447889,0.06300287921468167,0.015
19.5,13.2552,31.25496638275728,0.03199491523214945,2.434802483800637e-07,nan,16.435856286164462,0.06084258602588232,0.015
nan,nan,nan,nan,1.464910482895198e-07,nan,17.16518736388114,0.05825744740218755,0.015
nan,nan,nan,nan,8.169664209184968e-08,nan,18.03248576576267,0.05545547147463426,0.015
nan,nan,nan,nan,5.040265214057927e-08,nan,18.769179337000008,0.053278834521479725,0.015
Name:	20.665569151220556_8_210_0.015
Lambda:	20.665569151220556	Maximal Depth:	20	Filter time:	8.0 to 210.0 [us]
Chi2:	5.993698261969456	RelRMS:	3.6723046019402137	AbsRMS:	1.5738096926690818e-06	Phi model:	0.21745193005611171
depth_vector,start_model,resistivity_model,conductivity_model,E/I[V/A],modelled_thickness,rhoa,sigma,rel_err
0.0,13.2552,15.746976986181934,0.06350425233220992,0.00027813170976649675,1.0,12.221289356255022,0.08182442710009041,0.015
1.0,13.2552,15.163298786551147,0.06594871037474606,0.0001677137620679414,1.0,12.029759246297024,0.08312718314024596,0.015
2.0,13.2552,14.095743178984772,0.07094340378525708,0.00010955457531941628,1.0,11.92678706342617,0.08384487747471642,0.015
3.0,13.2552,12.756372535548259,0.07839219160566957,7.599677035617601e-05,1.0,11.881856577703624,0.08416193155171608,0.015
4.0,13.2552,11.40602643910666,0.08767295125420749,4.826770213087453e-05,1.0,11.903320797574873,0.08401016968338242,0.015
5.0,13.2552,10.289538242089865,0.09718609100546909,2.8334340439922265e-05,1.0,12.01595852313574,0.08322265744131707,0.015
6.0,13.2552,9.600235777027097,0.1041641083850203,1.8039329057219493e-05,1.5,12.187651918182354,0.08205025928810235,0.015
7.5,13.2552,9.751971453206066,0.10254336826132107,1.2220085340875203e-05,1.5,12.385983653730216,0.08073642174546514,0.015
9.0,13.2552,10.795767661888195,0.09262889229547373,7.531978986926489e-06,1.5,12.691988243621815,0.0787898618250404,0.015
10.5,13.2552,12.56685264363738,0.07957441917696885,4.288616055653653e-06,1.5,13.13183497408322,0.07615081989482689,0.015
12.0,13.2552,14.808952875172084,0.06752671903470958,2.6595275101735297e-06,1.5,13.568812213526304,0.0736984184218522,0.015
13.5,13.2552,17.30075165151614,0.05780095686838933,1.7713551075320152e-06,1.5,13.975918041684123,0.07155165027566934,0.015
15.0,13.2552,19.966771262349965,0.05008321009244167,1.0716523972723707e-06,1.5,14.534275749971677,0.06880287791443263,0.015
16.5,13.2552,22.932185110231263,0.04360683446401482,5.980512414131824e-07,1.5,15.243224649476947,0.06560291690212108,0.015
18.0,13.2552,26.528187432645588,0.037695752962352794,3.6838343358691705e-07,1.5,15.871978686755002,0.06300411686127637,0.015
19.5,13.2552,31.271030430698783,0.03197847932181664,2.4348580566416054e-07,nan,16.435606198840862,0.06084351181829399,0.015
nan,nan,nan,nan,1.464920635890758e-07,nan,17.16510805206582,0.05825771658219478,0.015
nan,nan,nan,nan,8.169498313253998e-08,nan,18.032729885680812,0.055454720740538935,0.015
nan,nan,nan,nan,5.040020844092375e-08,nan,18.76978602584599,0.05327711240943293,0.015
Name:	24.19483326789813_8_210_0.015
Lambda:	24.19483326789813	Maximal Depth:	20	Filter time:	8.0 to 210.0 [us]
Chi2:	5.999552794009962	RelRMS:	3.6740976833125183	AbsRMS:	1.6114415644217779e-06	Phi model:	0.2127049808727005
depth_vector,start_model,resistivity_model,conductivity_model,E/I[V/A],modelled_thickness,rhoa,sigma,rel_err
0.0,13.2552,15.58038415841425,0.06418326979825757,0.00027830807178387697,1.0,12.216125776348843,0.08185901310348821,0.015
1.0,13.2552,15.027380534248605,0.06654519713006002,0.00016773538759107858,1.0,12.028725254877552,0.08313432876808854,0.015
2.0,13.2552,14.014861947502677,0.07135282557515246,0.00010954367941552711,1.0,11.92757792585969,0.08383931810933225,0.015
3.0,13.2552,12.74025982849174,0.07849133482848171,7.598264468455888e-05,1.0,11.883329142084994,0.0841515023309827,0.015
4.0,13.2552,11.448198096575158,0.0873499909386753,4.8256454985111036e-05,1.0,11.905170265991725,0.08399711870199766,0.015
5.0,13.2552,10.370528407253014,0.09642710194984981,2.8328289507179874e-05,1.0,12.017669537577934,0.08321080862417707,0.015
6.0,13.2552,9.692193961489513,0.10317581385322568,1.8036281761319827e-05,1.5,12.189024645166072,0.08204101879444312,0.015
7.5,13.2552,9.808513596016612,0.10195224691395803,1.2218575433045859e-05,1.5,12.387004029558273,0.08072977110637627,0.015
9.0,13.2552,10.78295196692822,0.09273898307875647,7.531508971146491e-06,1.5,12.69251628058683,0.07878658399118994,0.015
10.5,13.2552,12.481542722730184,0.08011830125605357,4.2886301307387116e-06,1.5,13.131806242018866,0.07615098651092048,0.015
12.0,13.2552,14.683484315186767,0.06810372650895431,2.6596599589260467e-06,1.5,13.568361733090162,0.07370086526814998,0.015
13.5,13.2552,17.192095734668463,0.05816626520892767,1.771499007008105e-06,1.5,13.975161185671402,0.07155552531482001,0.015
15.0,13.2552,19.92873356985388,0.05017880320868438,1.0717687037190881e-06,1.5,14.533224241664305,0.06880785594246654,0.015
16.5,13.2552,22.98517194783056,0.04350630929669353,5.981249268633113e-07,1.5,15.241972707078808,0.06560830538264718,0.015
18.0,13.2552,26.630641100941187,0.037550729485241637,3.684283354229611e-07,1.5,15.870689072840685,0.06300923642384802,0.015
19.5,13.2552,31.292047628314823,0.03195700108468272,2.4351300059249406e-07,nan,16.43438251755527,0.06084804214163788,0.015
nan,nan,nan,nan,1.465050912804016e-07,nan,17.164090453557158,0.058261170477154865,0.015
nan,nan,nan,nan,8.169912539238273e-08,nan,18.03212035745786,0.055456595240970234,0.015
nan,nan,nan,nan,5.0400781370381464e-08,nan,18.769643782235065,0.05327751616397066,0.015
Name:	28.326824805926805_8_210_0.015
Lambda:	28.326824805926805	Maximal Depth:	20	Filter time:	8.0 to 210.0 [us]
Chi2:	6.005524834582858	RelRMS:	3.6759258531438617	AbsRMS:	1.6488587453483888e-06	Phi model:	0.20856913395361307
depth_vector,start_model,resistivity_model,conductivity_model,E/I[V/A],modelled_thickness,rhoa,sigma,rel_err
0.0,13.2552,15.431177889812648,0.06480386702431704,0.0002784810551204808,1.0,12.21106641356052,0.08189292942420567,0.015
1.0,13.2552,14.902863301914504,0.06710119926226087,0.00016775448948268986,1.0,12.027812111837079,0.08314064026788859,0.015
2.0,13.2552,13.93834367504308,0.07174453603052726,0.00010953022494221811,1.0,11.928554679041238,0.08383245304286734,0.015
3.0,13.2552,12.722343193741805,0.0786018726874076,7.596610750479728e-05,1.0,11.88505367975341,0.08413929183202039,0.015
4.0,13.2552,11.484753473791224,0.08707196042841055,4.8243284574027095e-05,1.0,11.907336907483392,0.08398183470995357,0.015
5.0,13.2552,10.445557293870873,0.09573448039835737,2.83209192026284e-05,1.0,12.019754452089854,0.08319637509950394,0.015
6.0,13.2552,9.779806158740369,0.10225151539494308,1.8032342212290778e-05,1.5,12.190799881806207,0.08202907189809751,0.015
7.5,13.2552,9.865803989100785,0.10136021363334877,1.2216454874237563e-05,1.5,12.388437430159223,0.08072043029135656,0.015
9.0,13.2552,10.77724989171369,0.09278804983160598,7.5306716499389035e-06,1.5,12.693457101150805,0.0787807444442648,0.015
10.5,13.2552,12.408095486632345,0.08059254549397475,4.288450121075221e-06,1.5,13.132173715180333,0.07614885560370216,0.015
12.0,13.2552,14.569550525359347,0.06863629720487453,2.659683385855829e-06,1.5,13.5682820580617,0.07370129805090854,0.015
13.5,13.2552,17.085633351668644,0.05852870534075557,1.7715777259490325e-06,1.5,13.974747197612814,0.07155764507645773,0.015
15.0,13.2552,19.878589410119922,0.05030538029478659,1.0718516162333272e-06,1.5,14.532474758757445,0.06881140456806147,0.015
16.5,13.2552,23.013432227595175,0.04345288395534978,5.981840190227827e-07,1.5,15.240968895672982,0.0656126265229704,0.015
18.0,13.2552,26.70699581861423,0.03744337276988003,3.684662712508616e-07,1.5,15.869599731955935,0.06301356158254846,0.015
19.5,13.2552,31.31265502292586,0.031935969634891724,2.4353668227897713e-07,nan,16.433317105975277,0.06085198706695634,0.015
nan,nan,nan,nan,1.4651675840159863e-07,nan,17.163179257761485,0.058264263571551456,0.015
nan,nan,nan,nan,8.170293792666455e-08,nan,18.031559393446354,0.05545832050241058,0.015
nan,nan,nan,nan,5.0401341344159514e-08,nan,18.7695047577895,0.053277910786910444,0.015
Name:	33.164477502323265_8_210_0.015
Lambda:	33.164477502323265	Maximal Depth:	20	Filter time:	8.0 to 210.0 [us]
Chi2:	6.011922877689773	RelRMS:	3.6778834232207505	AbsRMS:	1.6907617790352412e-06	Phi model:	0.20477832436537044
depth_vector,start_model,resistivity_model,conductivity_model,E/I[V/A],modelled_thickness,rhoa,sigma,rel_err
0.0,13.2552,15.28369722942943,0.06542919458483226,0.0002786774484877523,1.0,12.205328706805501,0.08193142716774318,0.015
1.0,13.2552,14.781810336373352,0.06765071241235701,0.00016778307326442547,1.0,12.026446022032598,0.0831500842533187,0.015
2.0,13.2552,13.864526313857496,0.07212651751401757,0.00010952060623230129,1.0,11.929253090245721,0.08382754497996837,0.015
3.0,13.2552,12.705229947466515,0.07870774508881713,7.595107512264606e-05,1.0,11.886621836408247,0.08412819165635774,0.015
4.0,13.2552,11.519975193672995,0.08680574247670432,4.8230406722298836e-05,1.0,11.909456373971523,0.08396688888214329,0.015
5.0,13.2552,10.517324397840122,0.09508121668333858,2.8313449546356312e-05,1.0,12.021868394129289,0.08318174573332844,0.015
6.0,13.2552,9.864481760506974,0.10137379988916986,1.8028275184023058e-05,1.5,12.19263324128384,0.0820167375012999,0.015
7.5,13.2552,9.924485516102978,0.10076089066556142,1.2214243324927732e-05,1.5,12.38993277799767,0.08071068809798736,0.015
9.0,13.2552,10.778813018505314,0.09277459385214096,7.529793325278887e-06,1.5,12.694444180890724,0.07877461870330062,0.015
10.5,13.2552,12.345530507871826,0.08100097434957326,4.28826691807364e-06,1.5,13.132547733644786,0.07614668686397089,0.015
12.0,13.2552,14.46348253598566,0.06913964168117633,2.6597187002162253e-06,1.5,13.56816195607175,0.07370195043644068,0.015
13.5,13.2552,16.978056761289952,0.0588995557065167,1.7716729539253068e-06,1.5,13.974246428433563,0.0715602093552099,0.015
15.0,13.2552,19.81332732979219,0.050471078550060396,1.0719510662823847e-06,1.5,14.531575913202962,0.06881566087346586,0.015
16.5,13.2552,23.014865002444424,0.043450178825458645,5.982563785610089e-07,1.5,15.239739933482785,0.06561791765244822,0.015
18.0,13.2552,26.757100309067997,0.03737325750732038,3.6851421800255874e-07,1.5,15.868223191203061,0.06301902789937909,0.015
19.5,13.2552,31.33313626732854,0.031915094341919185,2.4356787994674073e-07,nan,16.43191382266162,0.06085718381877573,0.015
nan,nan,nan,nan,1.4653349644392005e-07,nan,17.16187223696795,0.058268700884855994,0.015
nan,nan,nan,nan,8.170983398501864e-08,nan,18.030544840453373,0.05546144106285671,0.015
nan,nan,nan,nan,5.040388822413002e-08,nan,18.76887247748998,0.05327970559762325,0.015
Name:	38.82830410883109_8_210_0.015
Lambda:	38.82830410883109	Maximal Depth:	20	Filter time:	8.0 to 210.0 [us]
Chi2:	6.018852090488617	RelRMS:	3.6800023374448267	AbsRMS:	1.7360320954867636e-06	Phi model:	0.20127526184233221
depth_vector,start_model,resistivity_model,conductivity_model,E/I[V/A],modelled_thickness,rhoa,sigma,rel_err
0.0,13.2552,15.141565977022195,0.06604336708089055,0.00027889035843610226,1.0,12.19911607024032,0.08197315233679059,0.015
1.0,13.2552,14.665150534727951,0.06818886704449029,0.00016781804663970926,1.0,12.02477508524957,0.08316163860949632,0.015
2.0,13.2552,13.792721146473307,0.07250200952954758,0.00010951315450685297,1.0,11.929794227738284,0.08382374254828916,0.015
3.0,13.2552,12.687778200545507,0.07881600578082341,7.593647965845897e-05,1.0,11.888144909437232,0.08411741340788709,0.015
4.0,13.2552,11.552794750198938,0.08655914188926278,4.82171443200974e-05,1.0,11.91164011674315,0.08395149536077634,0.015
5.0,13.2552,10.585731267099067,0.09446678503052928,2.8305438830649357e-05,1.0,12.024136491287454,0.08316605526929839,0.015
6.0,13.2552,9.947354148557604,0.10052924476857024,1.802376231535724e-05,1.5,12.19466838635584,0.08200304988357558,0.015
7.5,13.2552,9.984180199887993,0.10015844866373891,1.2211700840760303e-05,1.5,12.391652446444628,0.08069948736231032,0.015
9.0,13.2552,10.786098628100643,0.09271192805475886,7.5287077230457455e-06,1.5,12.695664468735123,0.07876704700747583,0.015
10.5,13.2552,12.2919025117989,0.08135437122447951,4.2879754196380785e-06,1.5,13.13314289777597,0.07614323606951272,0.015
12.0,13.2552,14.365688136652922,0.06961030968287406,2.6596967948015e-06,1.5,13.568236454740749,0.07370154576356897,0.015
13.5,13.2552,16.87154257466781,0.05927140304891115,1.771737414122725e-06,1.5,13.97390748123647,0.07156194509966197,0.015
15.0,13.2552,19.738499859266984,0.050662411385357244,1.072038326496805e-06,1.5,14.530787355803156,0.06881939536474121,0.015
16.5,13.2552,22.99659150995204,0.04348470509498064,5.983265724550047e-07,1.5,15.238547989533176,0.06562305022019585,0.015
18.0,13.2552,26.786546535842184,0.037332173397639494,3.6856331850946684e-07,1.5,15.86681383571569,0.0630246255079285,0.015
19.5,13.2552,31.351645828623735,0.03189625212871632,2.436012582668771e-07,nan,16.430412784421403,0.060862743567109655,0.015
nan,nan,nan,nan,1.465525845214697e-07,nan,17.16038201300563,0.058273760994487944,0.015
nan,nan,nan,nan,8.171867818684087e-08,nan,18.029243884069526,0.055465443056299815,0.015
nan,nan,nan,nan,5.040794283549138e-08,nan,18.76786600245787,0.053282562858720246,0.015
Name:	45.4593985345391_8_210_0.015
Lambda:	45.4593985345391	Maximal Depth:	20	Filter time:	8.0 to 210.0 [us]
Chi2:	6.026373391206876	RelRMS:	3.682300928796487	AbsRMS:	1.7839599923164646e-06	Phi model:	0.19803172947467465
depth_vector,start_model,resistivity_model,conductivity_model,E/I[V/A],modelled_thickness,rhoa,sigma,rel_err
0.0,13.2552,15.006282815062347,0.06663875473520091,0.00027911589771216006,1.0,12.192543530531283,0.08201734096711694,0.015
1.0,13.2552,14.553511664313092,0.06871193860737519,0.00016785837930972995,1.0,12.022848815768612,0.08317496255034383,0.015
2.0,13.2552,13.723610779731535,0.07286712047217957,0.00010950759852794435,1.0,11.93019773778714,0.08382090741318123,0.015
3.0,13.2552,12.670011422193987,0.07892652711017337,7.592223141055863e-05,1.0,11.88963222029011,0.08410689090058328,0.015
4.0,13.2552,11.583272507822253,0.08633138858856114,4.820345335471216e-05,1.0,11.913895475675195,0.0839356029303528,0.015
5.0,13.2552,10.650961884131487,0.09388823384016298,2.829682855767525e-05,1.0,12.026575536060973,0.08314918881119229,0.015
6.0,13.2552,10.027099246292378,0.09972973992151919,1.801873876126896e-05,1.5,12.196934831706866,0.0819878120034243,0.015
7.5,13.2552,10.044098532907404,0.09956095081342617,1.2208766417504169e-05,1.5,12.393637953983212,0.08068655900010442,0.015
9.0,13.2552,10.798424836263996,0.09260609905268154,7.527365095630116e-06,1.5,12.697174075374729,0.0787576821475126,0.015
10.5,13.2552,12.247138010205333,0.08165172950339229,4.287541384633235e-06,1.5,13.13402920954302,0.07613809776465341,0.015
12.0,13.2552,14.276625533717453,0.0700445632364788,2.659594924833931e-06,1.5,13.568582920279843,0.07369966383927849,0.015
13.5,13.2552,16.768608727625516,0.05963523964588343,1.771756023004403e-06,1.5,13.973809635091092,0.07156244618423852,0.015
15.0,13.2552,19.657544729031784,0.050871053012186335,1.0721050669679654e-06,1.5,14.530184304425386,0.06882225160044494,0.015
16.5,13.2552,22.962734043428767,0.04354882123830413,5.983910716659354e-07,1.5,15.237452950936731,0.06562776621656603,0.015
18.0,13.2552,26.79801624961589,0.03731619500060321,3.6861226726721325e-07,1.5,15.865409147401,0.06303020556919048,0.015
19.5,13.2552,31.36599450760892,0.031881660878229606,2.436365737165546e-07,nan,16.428825005745264,0.06086862570209943,0.015
nan,nan,nan,nan,1.4657442167965767e-07,nan,17.158677562448414,0.05827954959585519,0.015
nan,nan,nan,nan,8.173009756187662e-08,nan,18.027564474253527,0.05547061009978206,0.015
nan,nan,nan,nan,5.041411865335227e-08,nan,18.766333240184647,0.053286914774522076,0.015
Name:	53.22295069415713_8_210_0.015
Lambda:	53.22295069415713	Maximal Depth:	20	Filter time:	8.0 to 210.0 [us]
Chi2:	6.034572449571728	RelRMS:	3.6848050167595554	AbsRMS:	1.8340792924923002e-06	Phi model:	0.1950123498457565
depth_vector,start_model,resistivity_model,conductivity_model,E/I[V/A],modelled_thickness,rhoa,sigma,rel_err
0.0,13.2552,14.878540291743544,0.06721089437482813,0.00027935162221427864,1.0,12.18568363215461,0.08206351241232619,0.015
1.0,13.2552,14.44770186711807,0.06921516025160569,0.00016790364889190043,1.0,12.020687680275177,0.08318991613440771,0.015
2.0,13.2552,13.65739072558018,0.07322042841807318,0.00010950398885939396,1.0,11.930459912851466,0.0838190654262039,0.015
3.0,13.2552,12.651861670194853,0.0790397513083621,7.590844359587339e-05,1.0,11.891071911543284,0.08409670780219972,0.015
4.0,13.2552,11.611101587928855,0.08612447255130563,4.8189409057997506e-05,1.0,11.916210149653349,0.08391929879057149,0.015
5.0,13.2552,10.712611892992454,0.09334791645482274,2.8287628404267372e-05,1.0,12.029183044462277,0.08313116495973161,0.015
6.0,13.2552,10.103777181770806,0.09897288726875292,1.801318277232417e-05,1.5,12.199442719135439,0.08197095744639628,0.015
7.5,13.2552,10.103371422205376,0.09897686209993048,1.2205407911951217e-05,1.5,12.395911383024114,0.08067176096220521,0.015
9.0,13.2552,10.814544363709143,0.09246806581660022,7.52573305882786e-06,1.5,12.699009688934371,0.07874629790001478,0.015
10.5,13.2552,12.210855449605752,0.08189434426826228,4.286939877603708e-06,1.5,13.135257751173212,0.07613097656273111,0.015
12.0,13.2552,14.196912594769083,0.07043785001313979,2.659395619581788e-06,1.5,13.569260832720563,0.07369598184660332,0.015
13.5,13.2552,16.671156328243935,0.05998384157107448,1.7717168327522597e-06,1.5,13.974015700791114,0.07156139089949547,0.015
15.0,13.2552,19.57407855797736,0.051087973159914236,1.0721444948324827e-06,1.5,14.529828072809016,0.06882393893368846,0.015
16.5,13.2552,22.917591710261004,0.04363460230213741,5.984469136358029e-07,1.5,15.236505049958755,0.0656318490835736,0.015
18.0,13.2552,26.794441962143818,0.037321172854162706,3.6865993235958606e-07,1.5,15.864041595315056,0.06303563905778704,0.015
19.5,13.2552,31.374261955862803,0.031873259725019074,2.4367358742417816e-07,nan,16.427161285225925,0.06087479039360067,0.015
nan,nan,nan,nan,1.4659932129531206e-07,nan,17.156734594963872,0.05828614964374028,0.015
nan,nan,nan,nan,8.174461088950634e-08,nan,18.02543061132378,0.055477176748930955,0.015
nan,nan,nan,nan,5.042293037097516e-08,nan,18.764146821626362,0.05329312382311268,0.015
Name:	62.312361621777015_8_210_0.015
Lambda:	62.312361621777015	Maximal Depth:	20	Filter time:	8.0 to 210.0 [us]
Chi2:	6.0438067480097	RelRMS:	3.687623243095995	AbsRMS:	1.8881610669183927e-06	Phi model:	0.1921093458256857
depth_vector,start_model,resistivity_model,conductivity_model,E/I[V/A],modelled_thickness,rhoa,sigma,rel_err
0.0,13.2552,14.754907600211753,0.06777406047501433,0.00027960632193917064,1.0,12.178282364921245,0.08211338594680932,0.015
1.0,13.2552,14.345258867472138,0.0697094426275917,0.00016795708988079456,1.0,12.018137697583416,0.08320756719246761,0.015
2.0,13.2552,13.59304388294809,0.07356703977498805,0.00010950361755161656,1.0,11.930486882249978,0.08381887594946245,0.015
3.0,13.2552,12.63366387589197,0.07915360182316053,7.58956645620171e-05,1.0,11.892406657495115,0.08408726919624433,0.015
4.0,13.2552,11.636746073817415,0.08593467569512339,4.8175150969923126e-05,1.0,11.91856120949354,0.08390274483831706,0.015
5.0,13.2552,10.771227561092038,0.09283992881296207,2.8277829844221897e-05,1.0,12.031961708099429,0.08311196663191178,0.015
6.0,13.2552,10.177831737965121,0.09825275419614399,1.8007059548052465e-05,1.5,12.202208141612626,0.08195238012616309,0.015
7.5,13.2552,10.163409871958395,0.09839217473252501,1.2201591795560905e-05,1.5,12.398495842273855,0.08065494498053583,0.015
9.0,13.2552,10.835627462884403,0.09228814883358898,7.523788233997207e-06,1.5,12.701197973587304,0.07873273072977396,0.015
10.5,13.2552,12.182015402852713,0.08208822324800426,4.286158613537164e-06,1.5,13.136853864628996,0.07612172673188532,0.015
12.0,13.2552,14.12487866956367,0.0707970683071992,2.659092989057737e-06,1.5,13.57029035535476,0.07369039083275072,0.015
13.5,13.2552,16.577639706668894,0.060322218222520395,1.7716173855463093e-06,1.5,13.974538636810955,0.07155871302726628,0.015
15.0,13.2552,19.48759009084801,0.05131470824961737,1.072156501860304e-06,1.5,14.529719593387567,0.06882445277575054,0.015
16.5,13.2552,22.861999248479453,0.04374070653801241,5.984951128261728e-07,1.5,15.2356870014353,0.0656353730491965,0.015
18.0,13.2552,26.7770392454398,0.03734542832887332,3.6870755860564524e-07,1.5,15.862675452062268,0.06304106788429517,0.015
19.5,13.2552,31.37559812378994,0.03187190236356863,2.437134958718185e-07,nan,16.42536792154127,0.060881436858929446,0.015
nan,nan,nan,nan,1.466282928108963e-07,nan,17.154474581046735,0.05829382854458617,0.015
nan,nan,nan,nan,8.176297150118757e-08,nan,18.022731995119738,0.055485483569904036,0.015
nan,nan,nan,nan,5.043494005221834e-08,nan,18.761167929527982,0.053301585687856444,0.015
Name:	72.95406136340671_8_210_0.015
Lambda:	72.95406136340671	Maximal Depth:	20	Filter time:	8.0 to 210.0 [us]
Chi2:	6.054241751954028	RelRMS:	3.6908053243020773	AbsRMS:	1.9455240587216633e-06	Phi model:	0.18930954933649038
depth_vector,start_model,resistivity_model,conductivity_model,E/I[V/A],modelled_thickness,rhoa,sigma,rel_err
0.0,13.2552,14.63727327651069,0.06831873540304531,0.00027987627982643045,1.0,12.170449970489463,0.0821662307001606,0.015
1.0,13.2552,14.247451861562382,0.07018798938341102,0.0001680178546189158,1.0,12.015239898350588,0.0832276349419604,0.015
2.0,13.2552,13.530995151378853,0.07390439423061183,0.00010950633143853942,1.0,11.930289766548107,0.08382026082920017,0.015
3.0,13.2552,12.615148851998947,0.07926977412094062,7.588386795009449e-05,1.0,11.893639123853507,0.08407855573778353,0.015
4.0,13.2552,11.660017271306982,0.08576316627427337,4.816065407899945e-05,1.0,11.920952835577312,0.08388591195626283,0.015
5.0,13.2552,10.826149372571079,0.09236894537346589,2.826736786503516e-05,1.0,12.034930275249435,0.08309146601842478,0.015
6.0,13.2552,10.24868388799262,0.09757350416199315,1.8000290712335756e-05,1.5,12.205266965049935,0.08193184162735016,0.015
7.5,13.2552,10.22314700512894,0.09781723763712889,1.2197243023917146e-05,1.5,12.401442684363216,0.08063577967915654,0.015
9.0,13.2552,10.860588468704565,0.09207604200099836,7.521469095487431e-06,1.5,12.703808662488568,0.07871655080517471,0.015
10.5,13.2552,12.16076724473559,0.08223165363459292,4.285155137870253e-06,1.5,13.138904665330505,0.07610984518661512,0.015
12.0,13.2552,14.061747414452944,0.07111491698195205,2.6586587107959704e-06,1.5,13.571768073337227,0.07368236729336514,0.015
13.5,13.2552,16.490730155796978,0.06064012876036726,1.7714387569390492e-06,1.5,13.975478065439422,0.07155390286597381,0.015
15.0,13.2552,19.40195019027515,0.05154121055837111,1.0721304442635066e-06,1.5,14.529955017502315,0.06882333763562463,0.015
16.5,13.2552,22.799892520439222,0.04385985587886165,5.985309333420381e-07,1.5,15.235079117942217,0.06563799191710852,0.015
18.0,13.2552,26.748008940719135,0.03738596028647486,3.687531758780244e-07,1.5,15.86136721129454,0.0630462674924972,0.015
19.5,13.2552,31.367635428469804,0.03187999306738891,2.437556754226947e-07,nan,16.423473033355798,0.060888461165857964,0.015
nan,nan,nan,nan,1.4666156006229468e-07,nan,17.151880382562027,0.058302645406545624,0.015
nan,nan,nan,nan,8.178574900642564e-08,nan,18.019385593621074,0.05549578784495313,0.015
nan,nan,nan,nan,5.045074848421488e-08,nan,18.75724859370988,0.053312723078977775,0.015
Name:	85.41314966877566_8_210_0.015
Lambda:	85.41314966877566	Maximal Depth:	20	Filter time:	8.0 to 210.0 [us]
Chi2:	6.066259199323717	RelRMS:	3.694466564807207	AbsRMS:	2.0068468012699132e-06	Phi model:	0.186556986310387
depth_vector,start_model,resistivity_model,conductivity_model,E/I[V/A],modelled_thickness,rhoa,sigma,rel_err
0.0,13.2552,14.525010254122016,0.06884676723145255,0.00028016462412552265,1.0,12.162098018825438,0.08222265586514124,0.015
1.0,13.2552,14.153762332893148,0.0706525923270602,0.0001680874366161096,1.0,12.011923758852957,0.08325061164852848,0.015
2.0,13.2552,13.470823498222993,0.07423451135945143,0.00010951287322666402,1.0,11.92981465525053,0.08382359901625812,0.015
3.0,13.2552,12.596015087090812,0.07939018753834796,7.587342440690399e-05,1.0,11.894730493113311,0.08407084133423365,0.015
4.0,13.2552,11.680693151721295,0.08561135773459108,4.814603780041356e-05,1.0,11.923365372666256,0.08386893873876013,0.015
5.0,13.2552,10.877634450347458,0.09193175267698554,2.8256238119163857e-05,1.0,12.038090330816294,0.08306965411616003,0.015
6.0,13.2552,10.316649745644714,0.09693069210013269,1.7992838587037152e-05,1.5,12.208636783581946,0.0819092268634603,0.015
7.5,13.2552,10.282591826448902,0.09725174517068723,1.2192319310854045e-05,1.5,12.404781236268047,0.08061407782640172,0.015
9.0,13.2552,10.889209781339437,0.09183402837124827,7.5187401233244e-06,1.5,12.706882425982045,0.07869750946583702,0.015
10.5,13.2552,12.146770899471354,0.08232640660436935,4.283905804877893e-06,1.5,13.141459042897313,0.0760950512980124,0.015
12.0,13.2552,14.00749655568112,0.07139034416499092,2.658077901729998e-06,1.5,13.573745020386916,0.07367163583064677,0.015
13.5,13.2552,16.411149284581544,0.06093418459970448,1.7711716980409785e-06,1.5,13.976882853764922,0.07154671112741223,0.015
15.0,13.2552,19.318749392746284,0.05176318506287345,1.0720617928947423e-06,1.5,14.530575311755765,0.06882039964315546,0.015
16.5,13.2552,22.733407018352587,0.043988127217038084,5.985529713660605e-07,1.5,15.234705157055425,0.0656396031095413,0.015
18.0,13.2552,26.708767710313154,0.037440888731600536,3.687966948189377e-07,1.5,15.860119399173884,0.0630512277260717,0.015
19.5,13.2552,31.348784292855004,0.03189916363767636,2.4380058832270824e-07,nan,16.421455951945944,0.060895940221518535,0.015
nan,nan,nan,nan,1.466998417283284e-07,nan,17.148896370631146,0.058312790420296655,0.015
nan,nan,nan,nan,8.181365927276179e-08,nan,18.015287219706583,0.05550841281653944,0.015
nan,nan,nan,nan,5.047096933953133e-08,nan,18.752238281895266,0.0533269674247618,0.015
Name:	100.0_8_210_0.015
Lambda:	100.0	Maximal Depth:	20	Filter time:	8.0 to 210.0 [us]
Chi2:	6.080336277082917	RelRMS:	3.6987506841414115	AbsRMS:	2.0723830421407963e-06	Phi model:	0.18380346401279118
depth_vector,start_model,resistivity_model,conductivity_model,E/I[V/A],modelled_thickness,rhoa,sigma,rel_err
0.0,13.2552,14.418026353735486,0.06935762048603245,0.0002804720657280656,1.0,12.153208676394708,0.08228279680100527,0.015
1.0,13.2552,14.063976758840624,0.07110364423571729,0.00016816610310622584,1.0,12.008177424914829,0.08327658433203845,0.015
2.0,13.2552,13.412231947306644,0.07455880601593781,0.00010952327947607041,1.0,11.929058976681459,0.08382890904930287,0.015
3.0,13.2552,12.576003403169564,0.07951651792237646,7.586425841820156e-05,1.0,11.895688561925978,0.08406407033895098,0.015
4.0,13.2552,11.69869815189549,0.08547959670520897,4.8131168457965876e-05,1.0,11.925820932908216,0.08385166988719335,0.015
5.0,13.2552,10.925759323104925,0.09152681936579728,2.824430504810952e-05,1.0,12.04148077887544,0.08304626468816989,0.015
6.0,13.2552,10.381874090004795,0.09632172296933898,1.7984590410014077e-05,1.5,12.21236928640798,0.08188419270230975,0.015
7.5,13.2552,10.341777622822864,0.0966951752852565,1.2186732207903284e-05,1.5,12.408572326120971,0.08058944846498782,0.015
9.0,13.2552,10.921235044131542,0.09156473566946477,7.515540777866078e-06,1.5,12.710488360579333,0.07867518317403352,0.015
10.5,13.2552,12.139789663072627,0.08237375010226464,4.282374949339773e-06,1.5,13.144590712773372,0.07607692181912071,0.015
12.0,13.2552,13.962254443034288,0.07162167141989709,2.65732938090174e-06,1.5,13.576293883669537,0.07365780444712279,0.015
13.5,13.2552,16.339663827560564,0.06120076952337736,1.77080340883003e-06,1.5,13.978820714933484,0.07153679272327361,0.015
15.0,13.2552,19.239452580693495,0.05197653081894259,1.0719443519484358e-06,1.5,14.531636594059174,0.06881537351469552,0.015
16.5,13.2552,22.664311600079078,0.04412223135850775,5.985592026482159e-07,1.5,15.23459942325256,0.06564005867287201,0.015
18.0,13.2552,26.660310065972638,0.03750894110103882,3.6883780030947685e-07,1.5,15.858941012907113,0.06305591269846644,0.015
19.5,13.2552,31.317346016089083,0.03193118597873065,2.4384863510545595e-07,nan,16.419298810382752,0.06090394063403301,0.015
nan,nan,nan,nan,1.4674388330024767e-07,nan,17.145464985645262,0.058324460773576704,0.015
nan,nan,nan,nan,8.184747302348052e-08,nan,18.010325092304488,0.05552370625598998,0.015
nan,nan,nan,nan,5.049626985557712e-08,nan,18.74597404449677,0.05334478739948798,0.015
