Name:	10.0_8_210_0.025
Lambda:	10.0	Maximal Depth:	20	Filter time:	8.0 to 210.0 [us]
Chi2:	1.2990116084123866	RelRMS:	2.849628051321301	AbsRMS:	8.611716943254939e-07	Phi model:	0.08856668690754861
depth_vector,start_model,resistivity_model,conductivity_model,E/I[V/A],modelled_thickness,rhoa,sigma
0.0,13.8255,9.527997764991317,0.10495384493836636,0.00035449688474953296,1.0,10.3962268742424,0.09618874348323345
1.0,13.8255,9.609184657892053,0.10406710200731724,0.00020042942614483016,1.0,10.682225650605517,0.09361345029659765
2.0,13.8255,9.821084322606799,0.10182175075089582,0.00012444305679518118,1.0,10.95544522244704,0.0912788097329957
3.0,13.8255,10.23389893960864,0.09771446893321008,8.299089130974947e-05,1.0,11.204542050816391,0.08924952001292524
4.0,13.8255,10.92121994268676,0.0915648622816754,5.0432456574966685e-05,1.0,11.560212177368122,0.08650360258592303
5.0,13.8255,11.943693975949598,0.08372619074246615,2.836538895302089e-05,1.0,12.00718854550286,0.08328344276517065
6.0,13.8255,13.334830519622248,0.07499157927267967,1.7545161756341024e-05,1.5,12.41543798442263,0.08054488301215612
7.5,13.8255,15.158331632734694,0.06597032076013443,1.1657045319679958e-05,1.5,12.781672095226474,0.07823702505820553
9.0,13.8255,17.241420027757314,0.05799986302694787,7.062750424717602e-06,1.5,13.248086478216452,0.07548259906396888
10.5,13.8255,19.35119241052264,0.05167640209376596,3.976497512232675e-06,1.5,13.810298036864477,0.07240973347067912
12.0,13.8255,21.240552323418676,0.04707975502583586,2.459361245256168e-06,1.5,14.295409703550419,0.06995252467312212
13.5,13.8255,22.711424223752786,0.044030704113841884,1.6418363820052598e-06,1.5,14.701585851408364,0.06801987282917532
15.0,13.8255,23.648130049073625,0.04228664160442459,1.0009772814659584e-06,1.5,15.210606863681285,0.06574359648908704
16.5,13.8255,24.022872894343003,0.04162699458962228,5.670001169172967e-07,1.5,15.794783668141806,0.06331204155818906
18.0,13.8255,23.884615897686444,0.04186795401205777,3.550174811935009e-07,1.5,16.267892992428308,0.06147077562321302
19.5,13.8255,23.335814884285924,0.042852585391110073,2.384788354351456e-07,nan,16.664857245342436,0.06000651462402921
nan,nan,nan,nan,1.466776183741193e-07,nan,17.150628497543448,0.058306901122791736
nan,nan,nan,nan,8.405933803594544e-08,nan,17.692984291643903,0.05651957767646259
nan,nan,nan,nan,5.308358826086919e-08,nan,18.131790626360637,0.055151750900220786
Name:	12.742749857031335_8_210_0.025
Lambda:	12.742749857031335	Maximal Depth:	20	Filter time:	8.0 to 210.0 [us]
Chi2:	1.3005078562322965	RelRMS:	2.851317218694562	AbsRMS:	9.027809609628138e-07	Phi model:	0.08615796655026815
depth_vector,start_model,resistivity_model,conductivity_model,E/I[V/A],modelled_thickness,rhoa,sigma
0.0,13.8255,9.452060921736278,0.10579703286723072,0.00035467426747516043,1.0,10.39276028535991,0.09622082801319698
1.0,13.8255,9.558033484857022,0.1046240318768834,0.0002004322674679263,1.0,10.682124696381084,0.09361433501509137
2.0,13.8255,9.811625561034344,0.1019199105978296,0.00012441434422170796,1.0,10.957130702954418,0.0912647687711132
3.0,13.8255,10.272045850585874,0.09735159037894717,8.296356181174671e-05,1.0,11.207002550288665,0.08922992526438235
4.0,13.8255,11.000143698335247,0.09090790333505727,5.041351286735314e-05,1.0,11.56310795608853,0.08648193926732753
5.0,13.8255,12.043916295693036,0.08302947109966258,2.8356194052083624e-05,1.0,12.009784073500256,0.0832654437315416
6.0,13.8255,13.428195105423354,0.07447017206326723,1.7541096387795583e-05,1.5,12.417356199054412,0.08053244055897749
7.5,13.8255,15.204501585173382,0.06576999544497707,1.1655450088507122e-05,1.5,12.782838316838504,0.07822988722956198
9.0,13.8255,17.216948585004264,0.0580823015799087,7.062667222170109e-06,1.5,13.248190525063107,0.07548200624894294
10.5,13.8255,19.25107188032743,0.051945159532747615,3.976975167163034e-06,1.5,13.809192223405173,0.07241553190237311
12.0,13.8255,21.0845436837106,0.04742810729039279,2.4598750218567233e-06,1.5,14.293419113884898,0.06996226669296929
13.5,13.8255,22.53425590125765,0.044376881330445414,1.6422687607081622e-06,1.5,14.699005302784776,0.06803181435757062
15.0,13.8255,23.487074670754573,0.04257660922095041,1.0012803465818493e-06,1.5,15.207537435672537,0.06575686591139245
16.5,13.8255,23.909559594043124,0.04182427518443887,5.671755242136759e-07,1.5,15.79152698891238,0.06332509837092541
18.0,13.8255,23.83922279431062,0.04194767625724176,3.551189315749515e-07,1.5,16.26479457028858,0.06148248572574854
19.5,13.8255,23.364290028266122,0.04280035895763149,2.3853792748047967e-07,nan,16.662104919473567,0.06001642678598585
nan,nan,nan,nan,1.4670440211269487e-07,nan,17.14854098041351,0.05831399890767188
nan,nan,nan,nan,8.406674991876668e-08,nan,17.691944322385076,0.056522900014710685
nan,nan,nan,nan,5.308355203320838e-08,nan,18.1317988759001,0.055151725807479096
Name:	16.237767391887218_8_210_0.025
Lambda:	16.237767391887218	Maximal Depth:	20	Filter time:	8.0 to 210.0 [us]
Chi2:	1.302348914501992	RelRMS:	2.8533675100268088	AbsRMS:	9.373711600144995e-07	Phi model:	0.08384287927488251
depth_vector,start_model,resistivity_model,conductivity_model,E/I[V/A],modelled_thickness,rhoa,sigma
0.0,13.8255,9.381221849916264,0.10659592279111553,0.00035481681300741344,1.0,10.389976612765606,0.09624660740538662
1.0,13.8255,9.510110967113462,0.10515124412933355,0.00020042085674862938,1.0,10.682530141774992,0.09361078197096868
2.0,13.8255,9.803016636461996,0.1020094157833552,0.00012438011595266712,1.0,10.95914081212886,0.09124802912407745
3.0,13.8255,10.308444529477839,0.09700784605673711,8.293460684694723e-05,1.0,11.209610866226521,0.089209162738459
4.0,13.8255,11.0753500604522,0.09029059980422602,5.039516300529796e-05,1.0,11.565914687909435,0.08646095246105885
5.0,13.8255,12.141069997176672,0.08236506339495148,2.8348279323213458e-05,1.0,12.012019359366459,0.08324994907873194
6.0,13.8255,13.522575615389906,0.07395040918550384,1.7538217568870157e-05,1.5,12.41871499704326,0.08052362907419064
7.5,13.8255,15.256132062019082,0.06554741371763233,1.165479768978531e-05,1.5,12.783315340967661,0.0782269679912553
9.0,13.8255,17.19639707057044,0.058151716077281056,7.063204890608587e-06,1.5,13.2475181934141,0.07548583707529023
10.5,13.8255,19.14972314376728,0.05222007610723465,3.97777918770425e-06,1.5,13.80733134446603,0.07242529168395741
12.0,13.8255,20.917448090477926,0.0478069789237446,2.460548761444489e-06,1.5,14.290809809276688,0.0699750408371444
13.5,13.8255,22.335451498588863,0.04477187309435761,1.6427703758440111e-06,1.5,14.69601295159793,0.06804566675965455
15.0,13.8255,23.299901874770242,0.042918635682445805,1.0015879328874027e-06,1.5,15.204423800113677,0.06577033192093235
16.5,13.8255,23.77569790197714,0.04205975379241515,5.673223252700227e-07,1.5,15.788802714158473,0.0633360247831369
18.0,13.8255,23.78946910883898,0.04203540631465584,3.5518370627530173e-07,1.5,16.262817041100124,0.06148996188500153
19.5,13.8255,23.413225574769616,0.04271090272489462,2.3856071113588333e-07,nan,16.66104403033869,0.06002024832171767
nan,nan,nan,nan,1.4669954095895327e-07,nan,17.14891981020044,0.05831271071692718
nan,nan,nan,nan,8.40497089476858e-08,nan,17.69433558765369,0.05651526134147444
nan,nan,nan,nan,5.3064766598484414e-08,nan,18.13607784356487,0.05513871348731693
Name:	20.6913808111479_8_210_0.025
Lambda:	20.6913808111479	Maximal Depth:	20	Filter time:	8.0 to 210.0 [us]
Chi2:	1.3043337273923665	RelRMS:	2.855576593757522	AbsRMS:	9.671822377586858e-07	Phi model:	0.08188270177020897
depth_vector,start_model,resistivity_model,conductivity_model,E/I[V/A],modelled_thickness,rhoa,sigma
0.0,13.8255,9.316735396804782,0.1073337341256847,0.0003549363953749709,1.0,10.387642809121942,0.09626823124124433
1.0,13.8255,9.46651034611789,0.10563554714859513,0.00020040271840461628,1.0,10.683174712152736,0.09360513395540013
2.0,13.8255,9.795409358750392,0.10208863799108961,0.00012434397783626314,1.0,10.96126408088736,0.09123035378224788
3.0,13.8255,10.342341813166682,0.09668990041761286,8.290523716248428e-05,1.0,11.212258091823905,0.089188100363941
4.0,13.8255,11.145437733914438,0.08972281070281352,5.0377054557173567e-05,1.0,11.568686164228655,0.08644023926347692
5.0,13.8255,12.232177962307706,0.08175159019770682,2.8340681674643002e-05,1.0,12.014166073774389,0.08323507381697434
6.0,13.8255,13.612132650950024,0.07346387415128573,1.7535583443748854e-05,1.5,12.419958625665362,0.08051556612544093
7.5,13.8255,15.306995447500674,0.06532960720016938,1.1654321194907511e-05,1.5,12.783663774976137,0.07822483582190949
9.0,13.8255,17.180312833215552,0.05820615781027283,7.063849360620771e-06,1.5,13.246712423301837,0.07549042872259644
10.5,13.8255,19.056991378914567,0.05247418021642392,3.978639548528201e-06,1.5,13.805340762005587,0.07243573463627592
12.0,13.8255,20.76013605833471,0.048169241145147666,2.4612542283312437e-06,1.5,14.288078904935778,0.06998841528335574
13.5,13.8255,22.144011205097666,0.04515893668667377,1.643291067292576e-06,1.5,14.692908412344748,0.06806004447423193
15.0,13.8255,23.115180572252612,0.04326161315825483,1.0019055229155882e-06,1.5,15.201210570644,0.06578423444322007
16.5,13.8255,23.63932473842254,0.04230239277413177,5.674737469119657e-07,1.5,15.785993923114397,0.06334729411847584
18.0,13.8255,23.735449715932813,0.042131074488499516,3.552508592113349e-07,1.5,16.260767540409805,0.0614977120554051
19.5,13.8255,23.46245113001707,0.04262129282479927,2.385848183295683e-07,nan,16.659921696340195,0.06002429172399275
nan,nan,nan,nan,1.46695302755763e-07,nan,17.149250110513705,0.05831158759454614
nan,nan,nan,nan,8.403291271786428e-08,nan,17.69669330058493,0.05650773186914795
nan,nan,nan,nan,5.304608415922404e-08,nan,18.140335855474536,0.05512577098721201
Name:	26.366508987303583_8_210_0.025
Lambda:	26.366508987303583	Maximal Depth:	20	Filter time:	8.0 to 210.0 [us]
Chi2:	1.3064215558663652	RelRMS:	2.8578989169938787	AbsRMS:	9.900657712971952e-07	Phi model:	0.08026347494825913
depth_vector,start_model,resistivity_model,conductivity_model,E/I[V/A],modelled_thickness,rhoa,sigma
0.0,13.8255,9.259491507430976,0.10799729112527126,0.00035502253025081144,1.0,10.385962588044412,0.09628380533077689
1.0,13.8255,9.427968176170296,0.10606739239187872,0.00020037471736516674,1.0,10.684169957573545,0.09359641450584968
2.0,13.8255,9.789208454147559,0.10215330531410975,0.0001243050465026215,1.0,10.963552614185602,0.0912113103471691
3.0,13.8255,10.373614628369427,0.09639841422923426,8.287526417629524e-05,1.0,11.214961307766927,0.08916660276905722
4.0,13.8255,11.209595858773456,0.08920928217205318,5.035926968645599e-05,1.0,11.571409734032684,0.08641989377136124
5.0,13.8255,12.315665579965847,0.08119739802181061,2.833349257825564e-05,1.0,12.016198235195738,0.08322099722614226
6.0,13.8255,13.69457858299206,0.07302159711887352,1.7533245497466234e-05,1.5,12.421062682558148,0.0805084094297516
7.5,13.8255,15.3545113033946,0.0651274391115866,1.1654043399543157e-05,1.5,12.78386692211893,0.07822359275891537
9.0,13.8255,17.166588111445574,0.05825269375067399,7.064601981603152e-06,1.5,13.245771588911687,0.07549579073499357
10.5,13.8255,18.972168849255063,0.052708786641399975,3.979548449161288e-06,1.5,13.803238654056909,0.07244676594112862
12.0,13.8255,20.614060221542744,0.04851057915096944,2.461982805614168e-06,1.5,14.285259907936144,0.07000222652193064
13.5,13.8255,21.96376155681935,0.045529541805170354,1.6438235368883583e-06,1.5,14.689735342869271,0.0680747458452628
15.0,13.8255,22.938483437932216,0.043594861129587596,1.0022280767121109e-06,1.5,15.197948857175597,0.0657983527512568
16.5,13.8255,23.506282653489038,0.042541818063757945,5.676270369842195e-07,1.5,15.783151745746789,0.06335870148809017
18.0,13.8255,23.681010548922664,0.04222792764413906,3.5531896275098505e-07,1.5,16.258689686758657,0.06150557143694158
19.5,13.8255,23.511094651973004,0.0425331110610829,2.386095637476985e-07,nan,16.65876984573852,0.06002844203143908
nan,nan,nan,nan,1.4669154126664587e-07,nan,17.14954327189357,0.0583105907921701
nan,nan,nan,nan,8.401650096439743e-08,nan,17.698997802752775,0.05650037426664165
nan,nan,nan,nan,5.3027724715647564e-08,nan,18.144522687416437,0.055113050766197255
Name:	33.59818286283781_8_210_0.025
Lambda:	33.59818286283781	Maximal Depth:	20	Filter time:	8.0 to 210.0 [us]
Chi2:	1.3085815034271155	RelRMS:	2.860300912586402	AbsRMS:	1.0044786897668636e-06	Phi model:	0.07894829448423842
depth_vector,start_model,resistivity_model,conductivity_model,E/I[V/A],modelled_thickness,rhoa,sigma
0.0,13.8255,9.210133900532929,0.10857605446345754,0.00035506752250352784,1.0,10.38508520051837,0.0962919399014738
1.0,13.8255,9.395007871924127,0.10643950634553294,0.00020033485489695798,1.0,10.68558719560274,0.09358400073807017
2.0,13.8255,9.784671745475244,0.10220066917037182,0.00012426300501606986,1.0,10.96602531614091,0.0911907433341503
3.0,13.8255,10.402095714125583,0.09613447400239208,8.284484135514585e-05,1.0,11.217706760410758,0.08914477988755903
4.0,13.8255,11.26713762460154,0.08875368645684442,5.0342091986087354e-05,1.0,11.574041844315,0.08640024059453227
5.0,13.8255,12.390270265270772,0.08070848969315411,2.8326927587657383e-05,1.0,12.018054729784394,0.08320814162392653
6.0,13.8255,13.768045283285272,0.07263195169862081,1.7531341815116514e-05,1.5,12.421961846661887,0.08050258182597193
7.5,13.8255,15.39651488235738,0.0649497634783495,1.1654050959493031e-05,1.5,12.783861393546138,0.07822362658788248
9.0,13.8255,17.153305184818073,0.05829780262319783,7.065507443548927e-06,1.5,13.244639912864965,0.07550224140323107
10.5,13.8255,18.894264221195264,0.05292611494647233,3.9805248910049975e-06,1.5,13.800981228002394,0.07245861605629789
12.0,13.8255,20.479800079399084,0.048828601652509,2.4627431880337294e-06,1.5,14.282319333489491,0.07001663922015652
13.5,13.8255,21.797137543479902,0.045877583604968644,1.6443721601442227e-06,1.5,14.686467802495045,0.06808989155514389
15.0,13.8255,22.773761941937902,0.043910180608259505,1.0025575242258258e-06,1.5,15.194619238939422,0.06581277123662886
16.5,13.8255,23.38093655445648,0.0427698863846152,5.677831135088377e-07,1.5,15.780259218317548,0.06337031516182011
18.0,13.8255,23.629155477757358,0.04232059842093476,3.5538866074192703e-07,1.5,16.25656387320118,0.06151361430372702
19.5,13.8255,23.558557107204507,0.04244742135307545,2.386354907227274e-07,nan,16.657563209542484,0.060032790355983044
nan,nan,nan,nan,1.4668872235839946e-07,nan,17.14976297900916,0.058309843770084316
nan,nan,nan,nan,8.400085818626626e-08,nan,17.701195025571103,0.05649336095983364
nan,nan,nan,nan,5.3010003961732836e-08,nan,18.148566159537857,0.055100771664788335
Name:	42.81332398719393_8_210_0.025
Lambda:	42.81332398719393	Maximal Depth:	20	Filter time:	8.0 to 210.0 [us]
Chi2:	1.310809016535507	RelRMS:	2.8627779380112206	AbsRMS:	1.008814033696545e-06	Phi model:	0.07788390916942681
depth_vector,start_model,resistivity_model,conductivity_model,E/I[V/A],modelled_thickness,rhoa,sigma
0.0,13.8255,9.16907052473664,0.10906230869335828,0.00035506247031386485,1.0,10.385183713315525,0.09629102648591902
1.0,13.8255,9.368015707033583,0.10674619164538673,0.0002002800608438607,1.0,10.687536066382657,0.09356693570798529
2.0,13.8255,9.782068506030273,0.1022278671820319,0.00012421677271861275,1.0,10.968746114034834,0.0911681234667717
3.0,13.8255,10.427824434497547,0.09589728003971558,8.281360531788042e-05,1.0,11.220527349140188,0.08912237089076108
4.0,13.8255,11.317653555566944,0.08835753763712961,5.032550784476158e-05,1.0,11.57658442511496,0.08638126439354063
5.0,13.8255,12.455007603087221,0.0802889915339859,2.8321062234603337e-05,1.0,12.019713982546953,0.08319665521592569
6.0,13.8255,13.83107002730715,0.07230098597040331,1.7529942354321056e-05,1.5,12.422622956168565,0.08049829762429045
7.5,13.8255,15.431204434144586,0.06480375555049368,1.1654396377423926e-05,1.5,12.783608796636413,0.07822517224268605
9.0,13.8255,17.13871197667555,0.05834744182415354,7.066597807302447e-06,1.5,13.243277461221227,0.07551000897838057
10.5,13.8255,18.822091437232267,0.053129058656143,3.981585217339635e-06,1.5,13.798530915271508,0.07247148309775871
12.0,13.8255,20.357213142080962,0.04912263741704763,2.463544124103231e-06,1.5,14.27922356466532,0.07003181899011315
13.5,13.8255,21.645314559639857,0.04619937479978292,1.6449419492233263e-06,1.5,14.683076123678127,0.06810561980179251
15.0,13.8255,22.623344807641203,0.0442021287525195,1.0028963604793288e-06,1.5,15.191196633499061,0.06582759897892687
16.5,13.8255,23.26611544191766,0.042980960981494086,5.679431158382678e-07,1.5,15.777295310218477,0.06338221985059317
18.0,13.8255,23.5819622865232,0.042405292140234134,3.554605857436201e-07,1.5,16.254370863406237,0.061521913607331204
19.5,13.8255,23.60459723798746,0.04236462880165883,2.386630093185901e-07,nan,16.656282738636943,0.060037405445834455
nan,nan,nan,nan,1.46687109848011e-07,nan,17.149888662037597,0.05830941644615837
nan,nan,nan,nan,8.398615924577347e-08,nan,17.703260296211848,0.056486770417874976
nan,nan,nan,nan,5.299305127787498e-08,nan,18.15243648461527,0.05508902349541506
Name:	54.5559478116852_8_210_0.025
Lambda:	54.5559478116852	Maximal Depth:	20	Filter time:	8.0 to 210.0 [us]
Chi2:	1.31314278696497	RelRMS:	2.8653732235163853	AbsRMS:	1.0017758240356462e-06	Phi model:	0.07700936170792803
depth_vector,start_model,resistivity_model,conductivity_model,E/I[V/A],modelled_thickness,rhoa,sigma
0.0,13.8255,9.136543221331424,0.10945058495047265,0.00035499884669590016,1.0,10.38642451213722,0.09627952322105016
1.0,13.8255,9.347228983154723,0.10698357789267471,0.0002002070287952084,1.0,10.69013499347739,0.09354418822682335
2.0,13.8255,9.781600288140575,0.10223276054455238,0.0001241649981162466,1.0,10.97179508391037,0.09114278860953698
3.0,13.8255,10.450832824809039,0.09568615408583692,8.278099310114509e-05,1.0,11.223474098417684,0.08909897160461062
4.0,13.8255,11.360947205177917,0.08802082977238337,5.0309392362871376e-05,1.0,11.579056492047728,0.08636282245334762
5.0,13.8255,12.509394366443685,0.07993992120693622,2.831593323921276e-05,1.0,12.021165396164202,0.08318661020329086
6.0,13.8255,13.882718146666083,0.07203200334655996,1.7529110101704464e-05,1.5,12.423016156530357,0.08049574977605853
7.5,13.8255,15.457249773120179,0.06469456175438003,1.1655137862427723e-05,1.5,12.783066606297282,0.07822849014237108
9.0,13.8255,17.121251044437685,0.058406946864135716,7.067916075333642e-06,1.5,13.241630702179869,0.0755193995733001
10.5,13.8255,18.754193760893752,0.053321407080969815,3.982755978392131e-06,1.5,13.795826661527236,0.07248568893582323
12.0,13.8255,20.24533349597658,0.04939409865482004,2.464402141258867e-06,1.5,14.275909027200356,0.07004807876644964
13.5,13.8255,21.508124171557057,0.04649405926912157,1.6455435706241632e-06,1.5,14.679497087002034,0.06812222476514201
15.0,13.8255,22.487970180056205,0.044468219763421114,1.0032505929304355e-06,1.5,15.187620570132548,0.06584309868568652
16.5,13.8255,23.1631592396915,0.0431720038554343,5.681099969623695e-07,1.5,15.774205460587654,0.06339463515284692
18.0,13.8255,23.540729077607747,0.04247956793110597,3.555363148977842e-07,1.5,16.252062663263764,0.06153065126067994
19.5,13.8255,23.649326218388293,0.042284502770419743,2.386930146725676e-07,nan,16.654886836507984,0.06004243738288102
nan,nan,nan,nan,1.4668712773793474e-07,nan,17.149887267640278,0.05830942118709297
nan,nan,nan,nan,8.397256536359758e-08,nan,17.705170837199674,0.05648067500704016
nan,nan,nan,nan,5.297692776554944e-08,nan,18.15611942360424,0.05507784877752728
Name:	69.51927961775606_8_210_0.025
Lambda:	69.51927961775606	Maximal Depth:	20	Filter time:	8.0 to 210.0 [us]
Chi2:	1.316009524856008	RelRMS:	2.8685203657949554	AbsRMS:	9.731231310755617e-07	Phi model:	0.07618788792152967
depth_vector,start_model,resistivity_model,conductivity_model,E/I[V/A],modelled_thickness,rhoa,sigma
0.0,13.8255,9.113996910888865,0.10972134506708676,0.0003548175084286801,1.0,10.389963036935994,0.09624673316401909
1.0,13.8255,9.33420675187212,0.10713283159272581,0.0002000915664133799,1.0,10.694247076732829,0.09350821921588774
2.0,13.8255,9.784881473023598,0.10219847861795232,0.00012409783157752344,1.0,10.975753633008177,0.09110991677078353
3.0,13.8255,10.472601870838325,0.0954872544887406,8.274332353726339e-05,1.0,11.226880224605562,0.08907193984383434
4.0,13.8255,11.398094033995667,0.08773396648750442,5.029351244946208e-05,1.0,11.581493714804397,0.08634464816241445
5.0,13.8255,12.55352815274265,0.07965888058183257,2.831247850921503e-05,1.0,12.022143269722548,0.08317984385683322
6.0,13.8255,13.921267541080013,0.0718325394615913,1.752981983663968e-05,1.5,12.422680838078838,0.08049792255265326
7.5,13.8255,15.469500510240854,0.06464332829220938,1.1657055005593603e-05,1.5,12.781665014982552,0.07823706839662978
9.0,13.8255,17.09115897170734,0.05850978284476772,7.069957842482536e-06,1.5,13.239081169951614,0.07553394281392224
10.5,13.8255,18.676818064478365,0.053542310930463605,3.984273781603785e-06,1.5,13.79232277251151,0.07250410365924936
12.0,13.8255,20.1289132668262,0.049679780857721074,2.4654129387698736e-06,1.5,14.272006762851527,0.07006723137231764
13.5,13.8255,21.372889493990638,0.04678824546775332,1.6461998687757072e-06,1.5,14.675595265501087,0.06814033651846256
15.0,13.8255,22.361523251041923,0.044719672661539527,1.0035952430596311e-06,1.5,15.184143261878289,0.06585817735997174
16.5,13.8255,23.0750766212568,0.04333680084419734,5.682389045791714e-07,1.5,15.771819736196221,0.063404224542651
18.0,13.8255,23.51762794779494,0.04252129518418383,3.555698890592676e-07,1.5,16.251039595824764,0.06153452485937707
19.5,13.8255,23.711272265453623,0.042174033885856055,2.386837551889774e-07,nan,16.65531757285798,0.06004088457788585
nan,nan,nan,nan,1.466545735073877e-07,nan,17.152425116579952,0.058300793806315795
nan,nan,nan,nan,8.393479960907095e-08,nan,17.71048130045334,0.056463739354977484
nan,nan,nan,nan,5.2942743429364714e-08,nan,18.163934005646237,0.055054152899319676
Name:	88.58667904100822_8_210_0.025
Lambda:	88.58667904100822	Maximal Depth:	20	Filter time:	8.0 to 210.0 [us]
Chi2:	1.3189425110192932	RelRMS:	2.871779851534808	AbsRMS:	9.426526931326983e-07	Phi model:	0.07552923753755857
depth_vector,start_model,resistivity_model,conductivity_model,E/I[V/A],modelled_thickness,rhoa,sigma
0.0,13.8255,9.098544099371317,0.10990769392095348,0.00035461788642974454,1.0,10.393861826269616,0.09621063053508982
1.0,13.8255,9.325993387381876,0.10722718304229187,0.00019997452711397568,1.0,10.698419358550199,0.09347175189957364
2.0,13.8255,9.789094644498801,0.1021544929654932,0.00012403194642050854,1.0,10.979640133038275,0.0910776662880736
3.0,13.8255,10.49070820434998,0.09532244921132677,8.270683459624909e-05,1.0,11.2301820626043,0.08904575138901161
4.0,13.8255,11.427287625166594,0.08750983022407484,5.0278277189504465e-05,1.0,11.583833203047,0.08632720986840185
5.0,13.8255,12.586778256832396,0.0794484481727623,2.8309144426875844e-05,1.0,12.023087182125451,0.08317331354684722
6.0,13.8255,13.948621050391141,0.07169167449508985,1.753047514291136e-05,1.5,12.422371254860039,0.08049992867575642
7.5,13.8255,15.475256881497867,0.06461928274648511,1.1658894920889971e-05,1.5,12.780320244903479,0.07824530065267957
9.0,13.8255,17.063833904876795,0.05860347713031846,7.07195879651288e-06,1.5,13.236583790939596,0.0755481939897889
10.5,13.8255,18.61280351832742,0.05372645765133299,3.985811256673666e-06,1.5,13.78877573786481,0.07252275466732987
12.0,13.8255,20.034426858237723,0.049914080750896136,2.4664805036085484e-06,1.5,14.267888237985746,0.07008745676446188
13.5,13.8255,21.262134866231744,0.04703196580641521,1.6469298681175339e-06,1.5,14.671258320465208,0.06816047936427386
15.0,13.8255,22.2549663611694,0.04493379067715896,1.0040193331985017e-06,1.5,15.179867182971869,0.06587672921945968
16.5,13.8255,22.996171006794278,0.043485500247173646,5.684406242312267e-07,1.5,15.76808827149574,0.06341922893770947
18.0,13.8255,23.489504279606805,0.042572205360169445,3.5566556652976285e-07,1.5,16.248125007462182,0.06154556292130543
19.5,13.8255,23.754025816814373,0.04209812718533573,2.3872642076427296e-07,nan,16.653333070061183,0.06004803938004262
nan,nan,nan,nan,1.4666206301407238e-07,nan,17.15184116963274,0.05830277869937926
nan,nan,nan,nan,8.392545928123033e-08,nan,17.711795312790372,0.05645955039226663
nan,nan,nan,nan,5.292936916561385e-08,nan,18.166993668218055,0.05504488074707888
Name:	112.88378916846884_8_210_0.025
Lambda:	112.88378916846884	Maximal Depth:	20	Filter time:	8.0 to 210.0 [us]
Chi2:	1.322585126236528	RelRMS:	2.8758150222803307	AbsRMS:	8.98969956383344e-07	Phi model:	0.0748873795338528
depth_vector,start_model,resistivity_model,conductivity_model,E/I[V/A],modelled_thickness,rhoa,sigma
0.0,13.8255,9.091322967949772,0.10999499231578996,0.0003543220828309458,1.0,10.399645855824547,0.09615712052732338
1.0,13.8255,9.324142987631186,0.10724846254787558,0.0001998203006558849,1.0,10.70392352785556,0.09342368687496981
2.0,13.8255,9.796277559634754,0.10207959032525454,0.00012395032432051777,1.0,10.98445971411704,0.09103770472341184
3.0,13.8255,10.507474473464097,0.09517034778675229,8.266316964025607e-05,1.0,11.234136441538132,0.08901440757853962
4.0,13.8255,11.45072909575614,0.08733068363049644,5.026075589112278e-05,1.0,11.586525190778016,0.08630715279468976
5.0,13.8255,12.610800913347639,0.07929710467013804,2.8305488279063996e-05,1.0,12.024122487533027,0.08316615212767751
6.0,13.8255,13.964547861369015,0.07160990888694373,1.7531276961515993e-05,1.5,12.421992481755053,0.08050238329066466
7.5,13.8255,15.470547707793518,0.06463895260128606,1.1660968156359543e-05,1.5,12.778805367916602,0.07825457632453443
9.0,13.8255,17.029738987336742,0.05872080604075005,7.074161669365364e-06,1.5,13.233835759820403,0.07556388171569473
10.5,13.8255,18.547376689731806,0.05391598050378843,3.987479515528651e-06,1.5,13.78492955693317,0.07254298949224931
12.0,13.8255,19.943612626079407,0.05014136700049734,2.4676293543374163e-06,1.5,14.263459440512808,0.0701092188869468
13.5,13.8255,21.159460838858458,0.04726018340521901,1.6477112604782336e-06,1.5,14.66661959694868,0.06818203699835818
15.0,13.8255,22.15878306412462,0.045128832080089,1.0044712104228203e-06,1.5,15.175314239702407,0.06589649375323975
16.5,13.8255,22.926942086180294,0.04361680664787702,5.686550467841949e-07,1.5,15.764124244120149,0.06343517625934655
18.0,13.8255,23.46753708439354,0.04261205581155865,3.5576744089917354e-07,1.5,16.24502308130309,0.06155731481544841
19.5,13.8255,23.797607092828432,0.042021031614617954,2.38772225441862e-07,nan,16.65120321613516,0.060055720119432054
nan,nan,nan,nan,1.4667072142658088e-07,nan,17.15116614657945,0.05830507333750221
nan,nan,nan,nan,8.391631560154631e-08,nan,17.713081896461023,0.05645544947205345
nan,nan,nan,nan,5.291589231351507e-08,nan,18.170078103846706,0.05503553668205171
Name:	143.8449888287663_8_210_0.025
Lambda:	143.8449888287663	Maximal Depth:	20	Filter time:	8.0 to 210.0 [us]
Chi2:	1.3273026036817341	RelRMS:	2.8810335106324994	AbsRMS:	8.470981698292811e-07	Phi model:	0.07423316945136584
depth_vector,start_model,resistivity_model,conductivity_model,E/I[V/A],modelled_thickness,rhoa,sigma
0.0,13.8255,9.09228868242028,0.10998330947558625,0.00035393596899109195,1.0,10.407207896824717,0.09608725125065525
1.0,13.8255,9.328603200056325,0.10719718467540372,0.00019963290715443747,1.0,10.710620927454924,0.09336526862197725
2.0,13.8255,9.80620393453863,0.10197625979181198,0.00012385586036512344,1.0,10.990044182248514,0.09099144493115263
3.0,13.8255,10.522775852354535,0.0950319586800135,8.261449403377596e-05,1.0,11.238548699761632,0.088979460490411
4.0,13.8255,11.46834473914256,0.0871965416758797,5.0242443754370975e-05,1.0,11.589340355690407,0.08628618793726224
5.0,13.8255,12.625281745575341,0.07920615318944943,2.8302464755964214e-05,1.0,12.024978822017006,0.08316022961878825
6.0,13.8255,13.968764192951113,0.07158829415308032,1.7532871461802258e-05,1.5,12.421239337550428,0.08050726443833328
7.5,13.8255,15.454801751785729,0.06470480929232592,1.1663733118902418e-05,1.5,12.776785756416336,0.07826694593339432
9.0,13.8255,16.98788377588658,0.0588654839644858,7.0768635057915565e-06,1.5,13.230467230336483,0.07558312057998028
10.5,13.8255,18.47920201280812,0.054114890854425966,3.989456359350753e-06,1.5,13.780375401947111,0.07256696358639868
12.0,13.8255,19.855379680378594,0.050364184220975446,2.4689738468645388e-06,1.5,14.258280809837563,0.07013468266875805
13.5,13.8255,21.06330431973865,0.04747593183007327,1.6486223085490976e-06,1.5,14.661215801553814,0.06820716736834463
15.0,13.8255,22.071029284533644,0.04530826302245694,1.0049996643090639e-06,1.5,15.169994067607593,0.0659196038932734
16.5,13.8255,22.86587730821377,0.04373328810090243,5.689102358021659e-07,1.5,15.759409812988375,0.0634541529071624
18.0,13.8255,23.451040558570764,0.042642031064780414,3.55893181416794e-07,1.5,16.241196506329942,0.06157181828384713
19.5,13.8255,23.841418334647173,0.041943813323671496,2.3883304626683683e-07,nan,16.648376184390873,0.06006591807659756
nan,nan,nan,nan,1.4668782919998293e-07,nan,17.149832593689926,0.05830960707849346
nan,nan,nan,nan,8.391150591859137e-08,nan,17.71375874836825,0.05645329228005421
nan,nan,nan,nan,5.2904900628276164e-08,nan,18.17259473099993,0.05502791509977045
Name:	183.29807108324357_8_210_0.025
Lambda:	183.29807108324357	Maximal Depth:	20	Filter time:	8.0 to 210.0 [us]
Chi2:	1.3337511574380212	RelRMS:	2.8881423451461132	AbsRMS:	7.92382920855188e-07	Phi model:	0.07352911833887046
depth_vector,start_model,resistivity_model,conductivity_model,E/I[V/A],modelled_thickness,rhoa,sigma
0.0,13.8255,9.101428988010458,0.10987285637423808,0.00035343732448950163,1.0,10.41699421939443,0.09599698136898197
1.0,13.8255,9.339503926161592,0.10707206805693653,0.00019940021750532,1.0,10.718951798192407,0.09329270425198061
2.0,13.8255,9.819492501136384,0.1018382569042415,0.00012374152984436738,1.0,10.99681261354305,0.09093544058106953
3.0,13.8255,10.5373414134011,0.09490059786126201,8.255651932924564e-05,1.0,11.243809542567085,0.08893782807456635
4.0,13.8255,11.481065527057854,0.0870999296749298,5.022107533847429e-05,1.0,11.592627531902885,0.08626172084352769
5.0,13.8255,12.631277264106146,0.07916855746977107,2.8299043553842974e-05,1.0,12.025947972654864,0.08315352787770615
6.0,13.8255,13.962070289507404,0.07162261607804017,1.7534748544714388e-05,1.5,12.420352864915568,0.08051301044954634
7.5,13.8255,15.42812592256373,0.06481668642187408,1.1666919209366489e-05,1.5,12.774459529725743,0.07828119832960707
9.0,13.8255,16.9373000356211,0.05904128744822873,7.079946587178317e-06,1.5,13.226625999067384,0.07560507117011629
10.5,13.8255,18.405972141761413,0.05433019197780346,3.991700716462782e-06,1.5,13.775209519914913,0.07259417713787171
12.0,13.8255,19.766373459907815,0.05059096966007966,2.4704987878490987e-06,1.5,14.252412824972973,0.07016355842905472
13.5,13.8255,20.97018297824806,0.047686756049638644,1.6496571223429837e-06,1.5,14.655083935421349,0.06823570608033157
15.0,13.8255,21.988663527968903,0.04547797999310103,1.0056032547105688e-06,1.5,15.163923165055909,0.06594599491933742
16.5,13.8255,22.81057128156709,0.04383932290236353,5.692059915381198e-07,1.5,15.75395034882019,0.06347614267267827
18.0,13.8255,23.43874007309266,0.04266440930193111,3.560426274468726e-07,1.5,16.236651447237687,0.061589053829823284
19.5,13.8255,23.886347493748563,0.04186491887308078,2.389086153070266e-07,nan,16.644865307392752,0.06007858769249721
nan,nan,nan,nan,1.467130123145845e-07,nan,17.14787003858913,0.05831628054969075
nan,nan,nan,nan,8.391062503015766e-08,nan,17.71388272009723,0.05645289718811636
nan,nan,nan,nan,5.289602023911028e-08,nan,18.17462859791422,0.05502175709465464
Name:	233.57214690901213_8_210_0.025
Lambda:	233.57214690901213	Maximal Depth:	20	Filter time:	8.0 to 210.0 [us]
Chi2:	1.3427813704461755	RelRMS:	2.898062239623061	AbsRMS:	7.487929740047062e-07	Phi model:	0.07275284177303823
depth_vector,start_model,resistivity_model,conductivity_model,E/I[V/A],modelled_thickness,rhoa,sigma
0.0,13.8255,9.1185512289009,0.10966654404819684,0.0003528192284682615,1.0,10.429156867484641,0.0958850281673043
1.0,13.8255,9.356811803896152,0.10687401018192999,0.00019911863139057893,1.0,10.729054978125125,0.09320485373957393
2.0,13.8255,9.836376415262196,0.10166345387600179,0.00012360545105148416,1.0,11.004882152730865,0.09086876043937006
3.0,13.8255,10.551712815859425,0.09477134352036012,8.248826917384975e-05,1.0,11.250010714950099,0.08888880422763541
4.0,13.8255,11.489586303987185,0.08703533561108062,5.01963020960517e-05,1.0,11.596441403216366,0.0862333508383565
5.0,13.8255,12.62942541891842,0.07918016590858017,2.8295210101351806e-05,1.0,12.02703413668873,0.08314601826475891
6.0,13.8255,13.944750248529154,0.07171157476308883,1.7536998473510343e-05,1.5,12.419290520175096,0.08051989752357458
7.5,13.8255,15.390183567499546,0.06497648293888873,1.1670642712170185e-05,1.5,12.771742269176983,0.07829785309819288
9.0,13.8255,16.876994785542628,0.05925225507900446,7.083522237547504e-06,1.5,13.222174562968842,0.07563052470965599
10.5,13.8255,18.326161942838688,0.05456679926321233,3.994300129982093e-06,1.5,13.769232444312644,0.07262568948881738
12.0,13.8255,19.674552394452682,0.05082707753402074,2.4722700486262553e-06,1.5,14.245604573253532,0.07019709095937735
13.5,13.8255,20.877609578227222,0.047898203874972206,1.6508655776700932e-06,1.5,14.647931253073214,0.06826902602988355
15.0,13.8255,21.909089235048654,0.045643157014499204,1.0063163162646907e-06,1.5,15.156759024043971,0.06597716559415155
16.5,13.8255,22.758755855492574,0.043939132980270586,5.695639107584706e-07,1.5,15.747349705477466,0.06350274926911452
18.0,13.8255,23.429074470974168,0.04268201039007669,3.5623020847311763e-07,1.5,16.23095109761868,0.061610684055767674
19.5,13.8255,23.931601504922565,0.041785753443801366,2.3900905803472374e-07,nan,16.640201682764623,0.060095425468055914
nan,nan,nan,nan,1.467527655300571e-07,nan,17.14477315769953,0.05832681428922325
nan,nan,nan,nan,8.39175288583648e-08,nan,17.7129111687679,0.056455993623636486
nan,nan,nan,nan,5.289173861604298e-08,nan,18.175609417241017,0.055018787928586325
Name:	297.63514416313194_8_210_0.025
Lambda:	297.63514416313194	Maximal Depth:	20	Filter time:	8.0 to 210.0 [us]
Chi2:	1.3556245142917573	RelRMS:	2.9120920451608017	AbsRMS:	7.40080955021799e-07	Phi model:	0.07188438471244817
depth_vector,start_model,resistivity_model,conductivity_model,E/I[V/A],modelled_thickness,rhoa,sigma
0.0,13.8255,9.14361879565925,0.10936588918981727,0.00035205655807622955,1.0,10.444213425684657,0.0957467986570225
1.0,13.8255,9.380724437200422,0.10660157503767795,0.00019877327387195427,1.0,10.741478806821533,0.0930970509726217
2.0,13.8255,9.857240419971593,0.1014482712599681,0.0001234383748133685,1.0,11.01481012846429,0.0907868577249295
3.0,13.8255,10.566812983351053,0.09463591355081123,8.240371983929074e-05,1.0,11.257704690721907,0.08882805398370015
4.0,13.8255,11.495184250369782,0.08699295098013167,5.0164646568164077e-05,1.0,11.601319378741485,0.08619709253349427
5.0,13.8255,12.621223776390607,0.07923161950987752,2.828918293527861e-05,1.0,12.028742359898796,0.08313421055003904
6.0,13.8255,13.918333548596838,0.07184768180101661,1.753862794665206e-05,1.5,12.418521276660085,0.08052488518737283
7.5,13.8255,15.342072278288232,0.06518024305068477,1.1674310116661402e-05,1.5,12.769067358928236,0.07831425521463725
9.0,13.8255,16.80709220025156,0.05949869186681992,7.0872823503204e-06,1.5,13.217497522019485,0.07565728673934423
10.5,13.8255,18.238546584932067,0.05482893032859091,3.997114458151535e-06,1.5,13.762768500059812,0.0726597995160388
12.0,13.8255,19.577385251043317,0.05107934421154163,2.4742175949090362e-06,1.5,14.238128104657804,0.07023395158755905
13.5,13.8255,20.782286863476735,0.04811789994860589,1.6522097146142758e-06,1.5,14.639985733829485,0.06830607749085715
15.0,13.8255,21.82895438553945,0.04581071462875236,1.0071218366342874e-06,1.5,15.148676118358448,0.06601236914611405
16.5,13.8255,22.707724700427647,0.044037877558959805,5.699779236698795e-07,1.5,15.739723216388064,0.06353351874439625
18.0,13.8255,23.420363562494128,0.04269788542486255,3.564537356011857e-07,1.5,16.22416492069115,0.06163645431911697
19.5,13.8255,23.976782473380233,0.04170701390439818,2.39133720874607e-07,nan,16.634418042638437,0.06011632011632352
nan,nan,nan,nan,1.4680722711774613e-07,nan,17.14053272473539,0.05834124388426426
nan,nan,nan,nan,8.393259504062824e-08,nan,17.710791420713075,0.056462750661186306
nan,nan,nan,nan,5.289242476414621e-08,nan,18.17545222791512,0.05501926375532658
Name:	379.26901907322497_8_210_0.025
Lambda:	379.26901907322497	Maximal Depth:	20	Filter time:	8.0 to 210.0 [us]
Chi2:	1.3738929721448339	RelRMS:	2.9319264432248584	AbsRMS:	7.959757573524238e-07	Phi model:	0.07091334267856855
depth_vector,start_model,resistivity_model,conductivity_model,E/I[V/A],modelled_thickness,rhoa,sigma
0.0,13.8255,9.17667551397871,0.10897192545129367,0.0003511459953765174,1.0,10.462261010619843,0.0955816337391065
1.0,13.8255,9.411243803933624,0.10625588082013446,0.00019836227211572375,1.0,10.756311074608679,0.09296867606967946
2.0,13.8255,9.882301989740236,0.10119099791103285,0.0001232392699903422,1.0,11.026670588838012,0.09068920595236352
3.0,13.8255,10.582869971713746,0.09449232605832197,8.230232472195003e-05,1.0,11.266948998544173,0.08875517233007908
4.0,13.8255,11.49822749221817,0.08696992651056741,5.0125926820774396e-05,1.0,11.607292898811489,0.0861527324861763
5.0,13.8255,12.607085751310835,0.07932047260771775,2.8280993994601875e-05,1.0,12.03106424680639,0.08311816639707889
6.0,13.8255,13.883121348151708,0.07202991135225742,1.753974324129412e-05,1.5,12.417994835771394,0.08052829891017434
7.5,13.8255,15.283778698590343,0.06542884581888328,1.1678048307059894e-05,1.5,12.766342260195717,0.07833097214680733
9.0,13.8255,16.72719540127064,0.059782885056991523,7.091350591514703e-06,1.5,13.212441869133235,0.07568623649623687
10.5,13.8255,18.142400172116012,0.055119498551076576,4.00024675674514e-06,1.5,13.755583155267468,0.07269775397468822
12.0,13.8255,19.47384529638503,0.05135092657769198,2.4764237121061008e-06,1.5,14.22967084303103,0.07027569442969576
13.5,13.8255,20.68279614696483,0.048349362092743375,1.653755236312727e-06,1.5,14.630863085427848,0.06834866775535527
15.0,13.8255,21.74634917552672,0.0459847302151019,1.0080681318084125e-06,1.5,15.139194376420821,0.0660537129741522
16.5,13.8255,22.65503421086939,0.04414029970964343,5.704808093715399e-07,1.5,15.730472019874407,0.06357088323456324
18.0,13.8255,23.40980735927982,0.042717139216593876,3.567364855055829e-07,1.5,16.215590921909623,0.06166904461365355
19.5,13.8255,24.01902330353077,0.0416336662554052,2.3929977772953234e-07,nan,16.62672175826328,0.06014414714692703
nan,nan,nan,nan,1.4688808232557823e-07,nan,17.134242091799422,0.05836266317718294
nan,nan,nan,nan,8.396321713660025e-08,nan,17.706484975227706,0.05647648313027978
nan,nan,nan,nan,5.290308808057224e-08,nan,18.17300981082435,0.05502665823711668
Name:	483.2930238571752_8_210_0.025
Lambda:	483.2930238571752	Maximal Depth:	20	Filter time:	8.0 to 210.0 [us]
Chi2:	1.3998475591500712	RelRMS:	2.9598658901419914	AbsRMS:	9.381317687180956e-07	Phi model:	0.06982947939708105
depth_vector,start_model,resistivity_model,conductivity_model,E/I[V/A],modelled_thickness,rhoa,sigma
0.0,13.8255,9.217407243010028,0.10849037843677187,0.0003500695907798782,1.0,10.483696486589151,0.09538620287979625
1.0,13.8255,9.44840763765055,0.10583793993128994,0.0001978737943512781,1.0,10.77400605499919,0.09281598644879129
2.0,13.8255,9.911942265891675,0.10088840039364781,0.0001230002331400129,1.0,11.040952012287693,0.09057189985855207
3.0,13.8255,10.600745318184652,0.0943329898025743,8.217866519944678e-05,1.0,11.27824890094279,0.08866624675364332
4.0,13.8255,11.499979563350196,0.08695667626983834,5.007683879963445e-05,1.0,11.614877056882067,0.08609647739727716
5.0,13.8255,12.588571646180444,0.0794371298115791,2.8268865069370793e-05,1.0,12.034505334033454,0.08309439999764764
6.0,13.8255,13.84081660174032,0.07225007228795025,1.753932484056843e-05,1.5,12.418192322559555,0.08052701826684922
7.5,13.8255,15.21681231448029,0.06571678610035835,1.16812418617411e-05,1.5,12.764015346071774,0.07834525209245834
9.0,13.8255,16.63825704645298,0.06010244926545263,7.0954115121350926e-06,1.5,13.207400132241947,0.07571512863904205
10.5,13.8255,18.03778079070272,0.0554391924152573,4.003563627790194e-06,1.5,13.747984625223634,0.07273793412347036
12.0,13.8255,19.36290548185194,0.05164514183768852,2.478831634346079e-06,1.5,14.220454272312825,0.07032124156167054
13.5,13.8255,20.57704049114776,0.04859785353633337,1.6554796438094624e-06,1.5,14.620701296519911,0.06839617195640436
15.0,13.8255,21.658334333399832,0.04617160233129637,1.0091535243949727e-06,1.5,15.12833714745616,0.06610111807087474
16.5,13.8255,22.597303250702282,0.04425306811638782,5.710796491265956e-07,1.5,15.719473344976754,0.06361536280854826
18.0,13.8255,23.39398666400862,0.0427460276165109,3.570870312340579e-07,1.5,16.204976821198816,0.06170943723238363
19.5,13.8255,24.05515766339565,0.04157112640844105,2.395153173103922e-07,nan,16.61674534870606,0.06018025666367148
nan,nan,nan,nan,1.470020162140603e-07,nan,17.125387686775998,0.058392838649263805
nan,nan,nan,nan,8.401429369223211e-08,nan,17.699307800273637,0.05649938468127774
nan,nan,nan,nan,5.292734513569609e-08,nan,18.167456822683217,0.055043477453125794
Name:	615.8482110660261_8_210_0.025
Lambda:	615.8482110660261	Maximal Depth:	20	Filter time:	8.0 to 210.0 [us]
Chi2:	1.4366703891971253	RelRMS:	2.999056783425482	AbsRMS:	1.1694295574909294e-06	Phi model:	0.06862189085712538
depth_vector,start_model,resistivity_model,conductivity_model,E/I[V/A],modelled_thickness,rhoa,sigma
0.0,13.8255,9.265504441181122,0.10792720529660928,0.0003488162297654011,1.0,10.508794707172243,0.0951583914107201
1.0,13.8255,9.492057915072749,0.1053512324668887,0.0001972996198568,1.0,10.794898688247883,0.09263634878654982
2.0,13.8255,9.94639632087269,0.1005389256309325,0.000122715439061607,1.0,11.058027738013005,0.09043203939183535
3.0,13.8255,10.621127227386657,0.09415196509665118,8.202861216272688e-05,1.0,11.29199873702685,0.08855828124749658
4.0,13.8255,11.501569181722527,0.08694465808970907,5.001479798760285e-05,1.0,11.624480181532132,0.08602535204874837
5.0,13.8255,12.567155194486267,0.0795725034444344,2.825139387177686e-05,1.0,12.039466400293746,0.08306015954125687
6.0,13.8255,13.793062403537471,0.07250021574204817,1.7536580763311705e-05,1.5,12.419487732458984,0.08051861892712751
7.5,13.8255,15.142655242690944,0.06603861634389913,1.1683429713181596e-05,1.5,12.762421827633684,0.0783550342956665
9.0,13.8255,16.541274544567006,0.06045483359252088,7.0992505728033775e-06,1.5,13.202638260471273,0.0757424372516516
10.5,13.8255,17.924964141320515,0.05578811718204815,4.006997270866499e-06,1.5,13.740129629999323,0.07277951714637856
12.0,13.8255,19.24397667165826,0.05196431159016936,2.481431740180934e-06,1.5,14.210518839822072,0.07037040739129838
13.5,13.8255,20.46349595449981,0.048867505445964896,1.657396488699242e-06,1.5,14.609426174500449,0.06844895809428968
15.0,13.8255,21.562416821692953,0.046376990495515615,1.0104023313864992e-06,1.5,15.11586933047912,0.06615563935734972
16.5,13.8255,22.531052207255374,0.04438319128646745,5.717992417647215e-07,1.5,15.70628224531273,0.06366879089406616
18.0,13.8255,23.368468366824523,0.042792706150124434,3.575267219635278e-07,1.5,16.191688044203822,0.06176008315315663
19.5,13.8255,24.07991689518463,0.04152838252527252,2.397980147894887e-07,nan,16.603683145806013,0.06022760078101067
nan,nan,nan,nan,1.4716238499749874e-07,nan,17.112943942461747,0.05843529923093683
nan,nan,nan,nan,8.409505514913651e-08,nan,17.68797419076559,0.05653558678992605
nan,nan,nan,nan,5.29718075810547e-08,nan,18.15728936900046,0.05507429989562638
Name:	784.7599703514607_8_210_0.025
Lambda:	784.7599703514607	Maximal Depth:	20	Filter time:	8.0 to 210.0 [us]
Chi2:	1.4889660010282493	RelRMS:	3.053844193609465	AbsRMS:	1.4853577152055084e-06	Phi model:	0.06727545756652563
depth_vector,start_model,resistivity_model,conductivity_model,E/I[V/A],modelled_thickness,rhoa,sigma
0.0,13.8255,9.321032069841186,0.10728425699076458,0.0003473640332195488,1.0,10.538063179316357,0.09489409799352462
1.0,13.8255,9.542346572979767,0.10479602604579602,0.00019662531580891615,1.0,10.819564517735513,0.09242516169304156
2.0,13.8255,9.98602418682868,0.10013995372842932,0.00012237514268108034,1.0,11.078518091848654,0.09026478015464717
3.0,13.8255,10.644743952398622,0.09394307692808958,8.184539284987856e-05,1.0,11.308844654532178,0.0884263627760804
4.0,13.8255,11.504177251567178,0.08692494718505603,4.993559864411871e-05,1.0,11.636768115480944,0.08593451292284948
5.0,13.8255,12.544456445675472,0.07971648706586536,2.8226264193980034e-05,1.0,12.046611118049945,0.08301089743833914
6.0,13.8255,13.741796383489023,0.0727706896604519,1.7530157026476874e-05,1.5,12.422521538682126,0.08049895481252572
7.5,13.8255,15.063196675838398,0.06638697094116919,1.1683781527137949e-05,1.5,12.762165630862743,0.07835660725023817
9.0,13.8255,16.43768328129224,0.0608358235699858,7.102434297760877e-06,1.5,13.198692504400045,0.07576508049313448
10.5,13.8255,17.80459914419415,0.056165263362645663,4.010360988617507e-06,1.5,13.732445470325416,0.07282024182516583
12.0,13.8255,19.116715343814725,0.052310241692412565,2.484143734357249e-06,1.5,14.200174333720955,0.07042167064282542
13.5,13.8255,20.34075096950602,0.04916239334030278,1.659473991042788e-06,1.5,14.597230561679012,0.06850614544824846
15.0,13.8255,21.45613154754898,0.04660672394666754,1.0118127717088326e-06,1.5,15.101818649339508,0.06621719034109418
16.5,13.8255,22.452819240126516,0.04453783684379607,5.726506958194309e-07,1.5,15.690709641153186,0.0637319804438434
18.0,13.8255,23.328842275922568,0.04286539332610125,3.580689269436587e-07,1.5,16.17533843406562,0.06182250863413021
19.5,13.8255,24.087951922661432,0.04151452988658705,2.401605296074355e-07,nan,16.58697044543392,0.06028828490951349
nan,nan,nan,nan,1.473797201760723e-07,nan,17.096115940041656,0.058492818106003285
nan,nan,nan,nan,8.42132800933317e-08,nan,17.67141584151415,0.05658856137892324
nan,nan,nan,nan,5.304225375691312e-08,nan,18.14120917115766,0.05512311723905812
Name:	1000.0_8_210_0.025
Lambda:	1000.0	Maximal Depth:	20	Filter time:	8.0 to 210.0 [us]
Chi2:	1.5636971146803897	RelRMS:	3.1304763021705115	AbsRMS:	1.8813733804484763e-06	Phi model:	0.06576514139814044
depth_vector,start_model,resistivity_model,conductivity_model,E/I[V/A],modelled_thickness,rhoa,sigma
0.0,13.8255,9.383947073247874,0.1065649659140597,0.00034569355201753487,1.0,10.57198433896484,0.09458962177179268
1.0,13.8255,9.59941736522537,0.10417298904229096,0.00019583766744532042,1.0,10.848555569609097,0.09217817004149177
2.0,13.8255,10.031268041071044,0.09968829423216463,0.00012197027580807049,1.0,11.103020494464921,0.09006558174854491
3.0,13.8255,10.672370285131933,0.09369989733144252,8.162265419802427e-05,1.0,11.329408982628605,0.08826585760416109
4.0,13.8255,11.508931185623844,0.086889041551411,4.9835286321035166e-05,1.0,11.652378473386557,0.08581938891565781
5.0,13.8255,12.52193729283983,0.07985984729150578,2.8191320267985565e-05,1.0,12.0565638024659,0.0829423720044904
6.0,13.8255,13.688756299410496,0.0730526556341035,1.7518822336950075e-05,1.5,12.42787921409751,0.08046425160502481
7.5,13.8255,14.9802363562883,0.0667546209696636,1.1681569101923045e-05,1.5,12.763776969522102,0.07834671526992701
9.0,13.8255,16.32902967099704,0.06124062605974434,7.104612178420576e-06,1.5,13.195995041096856,0.07578056803489672
10.5,13.8255,17.677601337760276,0.05656876070985649,4.013532796596818e-06,1.5,13.725209547706404,0.07285863261498315
12.0,13.8255,18.981032184153666,0.05268417387937686,2.4869387591042655e-06,1.5,14.189532796558854,0.07047448385633338
13.5,13.8255,20.207396309848242,0.04948683069637436,1.6617219753082093e-06,1.5,14.584062796303028,0.0685679987783304
15.0,13.8255,21.336536259949305,0.04686796337590626,1.0134144260394244e-06,1.5,15.085902640775506,0.06628705115046361
16.5,13.8255,22.358023017388685,0.04472667369660824,5.736671188634581e-07,1.5,15.672170304076772,0.0638073719591901
18.0,13.8255,23.268876515928486,0.042975860880754585,3.5874307855282213e-07,1.5,16.15506756933394,0.06190008155077182
19.5,13.8255,24.07142950352488,0.041543025097598205,2.4062764421039195e-07,nan,16.565497365203452,0.06036643379634007
nan,nan,nan,nan,1.476730173876124e-07,nan,17.073471747222026,0.05857039592212445
nan,nan,nan,nan,8.438224664202689e-08,nan,17.647817864164146,0.05666422940768281
nan,nan,nan,nan,5.314826107153977e-08,nan,18.117078676745432,0.05519653680610062
