Name:	5.000000000000001_8_210_0.015
Lambda:	5.000000000000001	Maximal Depth:	20	Filter time:	8.0 to 210.0 [us]
Chi2:	1.5071060389117727	RelRMS:	1.8414637079105	AbsRMS:	1.903468284330956e-07	Phi model:	0.37797574653436494
depth_vector,start_model,resistivity_model,conductivity_model,E/I[V/A],modelled_thickness,rhoa,sigma,rel_err
0.0,13.6048,17.35600611771848,0.057616942124669765,0.0002752170788613746,1.0,12.307422503417005,0.08125178116883225,0.015
1.0,13.6048,16.476401283634388,0.06069286507322906,0.0001652900238016287,1.0,12.14707300437165,0.0823243590978754,0.015
2.0,13.6048,14.925685432407619,0.06699859812325502,0.00010723776517192913,1.0,12.09795530066066,0.08265859603113188,0.015
3.0,13.6048,13.038086915846177,0.07669836889832542,7.384671877096061e-05,1.0,12.111379001350286,0.08256698100922372,0.015
4.0,13.6048,11.188976846965806,0.08937367676037127,4.6473046137546244e-05,1.0,12.2078296618721,0.08191464229905118,0.015
5.0,13.6048,9.714283094940882,0.10294120422749381,2.701630173046985e-05,1.0,12.403661156174053,0.08062135746930167,0.015
6.0,13.6048,8.869611718110566,0.11274450695041512,1.7093489702686663e-05,1.5,12.633193247107583,0.07915655056008533,0.015
7.5,13.6048,9.307780931092566,0.10743699356519106,1.1541830086214992e-05,1.5,12.866592426665186,0.07772065569805135,0.015
9.0,13.6048,11.315948819371116,0.08837084861042832,7.107149356884525e-06,1.5,13.192854298810381,0.0757986086521225,0.015
10.5,13.6048,14.862142263249709,0.06728505098977186,4.061111140676831e-06,1.5,13.617799777857028,0.07343330173102057,0.015
12.0,13.6048,19.46448118929933,0.05137563083622047,2.536336154474336e-06,1.5,14.00469371322388,0.07140463193820182,0.015
13.5,13.6048,24.136405019630327,0.041431190733942865,1.7044180384078395e-06,1.5,14.339478370524892,0.06973754373489077,0.015
15.0,13.6048,27.588977322874296,0.03624635985223309,1.0461117554500242e-06,1.5,14.76989134651437,0.0677053051061202,0.015
16.5,13.6048,28.647720525215913,0.034906791244343274,5.961762921915488e-07,1.5,15.27516745212588,0.0654657307773623,0.015
18.0,13.6048,26.708210096377975,0.03744167042237004,3.7477712046106524e-07,1.5,15.690944487416775,0.06373102656770864,0.015
19.5,13.6048,22.005776244584535,0.04544261419753792,2.5247818487283555e-07,nan,16.043000106569423,0.062332481042028515,0.015
nan,nan,nan,nan,1.557576892752105e-07,nan,16.477435073517558,0.06068905721905677,0.015
nan,nan,nan,nan,8.95226448513902e-08,nan,16.965622501010063,0.05894272373091315,0.015
nan,nan,nan,nan,5.665068948459052e-08,nan,17.362439421572663,0.057595593321841033,0.015
Name:	5.8538995686138975_8_210_0.015
Lambda:	5.8538995686138975	Maximal Depth:	20	Filter time:	8.0 to 210.0 [us]
Chi2:	1.5121587500898017	RelRMS:	1.8445479629714305	AbsRMS:	2.0471120055605195e-07	Phi model:	0.3612070859082249
depth_vector,start_model,resistivity_model,conductivity_model,E/I[V/A],modelled_thickness,rhoa,sigma,rel_err
0.0,13.6048,17.231608574294828,0.05803288739344656,0.00027539452225122093,1.0,12.302135287731463,0.08128670158564008,0.015
1.0,13.6048,16.37075735079105,0.061084528868890674,0.00016530615324425807,1.0,12.146282839377346,0.08232971463154755,0.015
2.0,13.6048,14.851347978463949,0.06733395523760588,0.00010721843739087902,1.0,12.099409152643048,0.08264866386319002,0.015
3.0,13.6048,13.000890440039262,0.07691780840797394,7.382445588546984e-05,1.0,12.113813792462748,0.08255038562852955,0.015
4.0,13.6048,11.188981587697766,0.08937363889306024,4.645619178946658e-05,1.0,12.210782157734668,0.08189483581660414,0.015
5.0,13.6048,9.746648159395711,0.10259937402541877,2.7007593151409548e-05,1.0,12.406327380668115,0.08060403125893871,0.015
6.0,13.6048,8.92661198214142,0.11202458469132522,1.708949941825175e-05,1.5,12.635159681645831,0.07914423127177622,0.015
7.5,13.6048,9.372574765674953,0.10669426758400326,1.1540244519866397e-05,1.5,12.867770932533968,0.07771353758494956,0.015
9.0,13.6048,11.356012216005968,0.08805908103819483,7.107079138939291e-06,1.5,13.192941195605076,0.07579810939604027,0.015
10.5,13.6048,14.831146267788538,0.0674256717548447,4.061613203386327e-06,1.5,13.616677542269922,0.07343935382884145,0.015
12.0,13.6048,19.31769978631335,0.05176599755983904,2.5368667140322812e-06,1.5,14.002741020141348,0.07141458936943945,0.015
13.5,13.6048,23.861290917252763,0.04190888093472579,1.7048526000928778e-06,1.5,14.33704154103404,0.06974939684298888,0.015
15.0,13.6048,27.230327698326334,0.03672375929803677,1.0463991108236915e-06,1.5,14.767187214550743,0.06771770313947514,0.015
16.5,13.6048,28.307556937404254,0.035326255890300716,5.963220757462522e-07,1.5,15.272677791985858,0.06547640260732386,0.015
18.0,13.6048,26.514018267417427,0.03771589767775339,3.748441915748568e-07,1.5,15.689072704359406,0.06373862999067736,0.015
19.5,13.6048,22.056553696019247,0.045337998573207715,2.525028681674675e-07,nan,16.04195457243809,0.062336543560478234,0.015
nan,nan,nan,nan,1.5575325323894595e-07,nan,16.477747936549513,0.06068790491580992,0.015
nan,nan,nan,nan,8.950462166719658e-08,nan,16.967899957171323,0.058934812352978275,0.015
nan,nan,nan,nan,5.663033622773401e-08,nan,17.36659927708712,0.05758179733664753,0.015
Name:	6.853628031883595_8_210_0.015
Lambda:	6.853628031883595	Maximal Depth:	20	Filter time:	8.0 to 210.0 [us]
Chi2:	1.5183972286188092	RelRMS:	1.8483489292858968	AbsRMS:	2.3137945132053523e-07	Phi model:	0.3435213915199306
depth_vector,start_model,resistivity_model,conductivity_model,E/I[V/A],modelled_thickness,rhoa,sigma,rel_err
0.0,13.6048,17.08601304232594,0.05852740469779418,0.00027560436625533025,1.0,12.295889965694615,0.08132798868483598,0.015
1.0,13.6048,16.24701756070734,0.06154975805642345,0.00016533077033733964,1.0,12.145077120702913,0.08233788802340052,0.015
2.0,13.6048,14.764443501427229,0.06773028728806023,0.0001072012227925231,1.0,12.100704417064884,0.08263981711591609,0.015
3.0,13.6048,12.95927286345112,0.07716482325333915,7.38026868148883e-05,1.0,12.116195760894092,0.08253415673817133,0.015
4.0,13.6048,11.193003269995764,0.08934152665537268,4.6439306971961414e-05,1.0,12.21374178180969,0.08187499112592436,0.015
5.0,13.6048,9.788858332087509,0.10215695907274883,2.69989374651712e-05,1.0,12.408978831681564,0.08058680843639478,0.015
6.0,13.6048,8.99477261419762,0.1111756842437095,1.708566031276564e-05,1.5,12.637052336794511,0.07913237781633323,0.015
7.5,13.6048,9.443864830765207,0.10588885143106957,1.1538843399428398e-05,1.5,12.868812569687627,0.07770724723705208,0.015
9.0,13.6048,11.393870965606476,0.08776648454406748,7.107187413895202e-06,1.5,13.192807202726211,0.07579887924029968,0.015
10.5,13.6048,14.789933227448898,0.06761355745298987,4.062252086926224e-06,1.5,13.615249812197712,0.07344705486814601,0.015
12.0,13.6048,19.154878883694625,0.05220602051685321,2.5374938518666723e-06,1.5,14.000433754006627,0.07142635846648832,0.015
13.5,13.6048,23.568308166877493,0.04242985932292685,1.7053541550411531e-06,1.5,14.334230329599224,0.06976307600799933,0.015
15.0,13.6048,26.8567907172658,0.03723453075713607,1.0467256973830743e-06,1.5,14.764115403281862,0.06773179243625484,0.015
16.5,13.6048,27.96111374726679,0.0357639545062024,5.964862504997555e-07,1.5,15.269875265082602,0.0654884196917237,0.015
18.0,13.6048,26.32090755950723,0.03799261092115327,3.7491950137879114e-07,1.5,15.686971665702053,0.06374716684077379,0.015
19.5,13.6048,22.112282931560465,0.04522373393534676,2.5253067897875146e-07,nan,16.04077676713215,0.062341120664992894,0.015
nan,nan,nan,nan,1.557485899914094e-07,nan,16.478076840261327,0.06068669358044703,0.015
nan,nan,nan,nan,8.94848620374832e-08,nan,16.97039771358587,0.05892613814226858,0.015
nan,nan,nan,nan,5.6607987354101295e-08,nan,17.37116987353111,0.05756664676474814,0.015
Name:	8.024090035856696_8_210_0.015
Lambda:	8.024090035856696	Maximal Depth:	20	Filter time:	8.0 to 210.0 [us]
Chi2:	1.5260185872584697	RelRMS:	1.8529818729095968	AbsRMS:	2.643757236148572e-07	Phi model:	0.325066849587348
depth_vector,start_model,resistivity_model,conductivity_model,E/I[V/A],modelled_thickness,rhoa,sigma,rel_err
0.0,13.6048,16.926476323803605,0.059079041666439805,0.00027581911016841184,1.0,12.289507013540186,0.08137022900090557,0.015
1.0,13.6048,16.11233656111308,0.06206424476096704,0.00016534925072480725,1.0,12.144172167858635,0.08234402363354576,0.015
2.0,13.6048,14.671979283419331,0.0681571300424402,0.00010717730885552741,1.0,12.1025043299136,0.08262752672835763,0.015
3.0,13.6048,12.917252597783595,0.07741584306956921,7.377563968397153e-05,1.0,12.119156885676544,0.08251399081910438,0.015
4.0,13.6048,11.200112755861168,0.08928481541194187,4.6418993031792275e-05,1.0,12.21730485101619,0.0818511130068776,0.015
5.0,13.6048,9.836723798946782,0.10165986363336439,2.6988510443184248e-05,1.0,12.412174768590932,0.08056605861935692,0.015
6.0,13.6048,9.070649136796563,0.11024569299492992,1.708090320087447e-05,1.5,12.639398546912076,0.07911768873245234,0.015
7.5,13.6048,9.522298041154743,0.10501666674137546,1.1536957414218338e-05,1.5,12.870215003512175,0.07769877968061203,0.015
9.0,13.6048,11.434570103726813,0.08745409673723326,7.107103717338632e-06,1.5,13.192910778942448,0.07579828415091887,0.015
10.5,13.6048,14.742443794224927,0.06783135916663498,4.062845186206192e-06,1.5,13.613924732362598,0.07345420366713437,0.015
12.0,13.6048,18.977431502224622,0.05269416990822891,2.5381193599967608e-06,1.5,13.998133430121584,0.07143809601415653,0.015
13.5,13.6048,23.256393876827598,0.04299892774848419,1.7058657326454015e-06,1.5,14.33136436047385,0.0697770271446044,0.015
15.0,13.6048,26.465129928473782,0.037785569264260514,1.047063365294572e-06,1.5,14.760941042065165,0.06774635825387001,0.015
16.5,13.6048,27.599419128243557,0.036232646613082564,5.96657141502551e-07,1.5,15.26695945442524,0.06550092721377751,0.015
18.0,13.6048,26.120079417410413,0.03828472279963464,3.7499787395290526e-07,1.5,15.684785926772355,0.06375605026863009,0.015
19.5,13.6048,22.17226983662764,0.04510138147191601,2.5255931178774093e-07,nan,16.039564375548345,0.062345832878382836,0.015
nan,nan,nan,nan,1.5574311881127328e-07,nan,16.47846274922706,0.060685272359334984,0.015
nan,nan,nan,nan,8.946353954759177e-08,nan,16.973094057916306,0.058916777140794595,0.015
nan,nan,nan,nan,5.658399371407913e-08,nan,17.376080192023654,0.057550378966312654,0.015
Name:	9.394443439884116_8_210_0.015
Lambda:	9.394443439884116	Maximal Depth:	20	Filter time:	8.0 to 210.0 [us]
Chi2:	1.5354297466301854	RelRMS:	1.858686883237173	AbsRMS:	3.2330250989633327e-07	Phi model:	0.3058123329585532
depth_vector,start_model,resistivity_model,conductivity_model,E/I[V/A],modelled_thickness,rhoa,sigma,rel_err
0.0,13.6048,16.721634964631555,0.05980276462888532,0.0002761265115127787,1.0,12.280384353898295,0.08143067604252624,0.015
1.0,13.6048,15.940789215707238,0.06273215124221398,0.00016540653470749334,1.0,12.141368140356496,0.08236304084019298,0.015
2.0,13.6048,14.557501552914909,0.0686931061875632,0.00010717282451378678,1.0,12.102841924119415,0.08262522193296831,0.015
3.0,13.6048,12.871109060469362,0.07769338254395412,7.375991442276767e-05,1.0,12.120879322025608,0.08250226517665574,0.015
4.0,13.6048,11.221108807429651,0.08911775272492556,4.640466327077472e-05,1.0,12.219819857589043,0.08183426692488893,0.015
5.0,13.6048,9.907881633397176,0.10092974835601905,2.698115435148677e-05,1.0,12.414430687573025,0.08055141835871785,0.015
6.0,13.6048,9.164807858452152,0.10911303493152451,1.707796504963695e-05,1.5,12.640848188779369,0.07910861558227149,0.015
7.5,13.6048,9.597834455474253,0.10419016963036247,1.1536244662966638e-05,1.5,12.870745110588576,0.07769557950279929,0.015
9.0,13.6048,11.46738083532489,0.08720387108096496,7.107706014102028e-06,1.5,13.19216546958636,0.07580256647822012,0.015
10.5,13.6048,14.689937936187526,0.0680738070061261,4.06379895778415e-06,1.5,13.611794528158068,0.07346569902530838,0.015
12.0,13.6048,18.79462731707197,0.05320669482451811,2.5389469509908958e-06,1.5,13.995091392396795,0.07145362412876251,0.015
13.5,13.6048,22.939819983473523,0.043592321156854213,1.706496208277531e-06,1.5,14.32783426864907,0.06979421880863834,0.015
15.0,13.6048,26.067276771654246,0.038362273464921645,1.0474579902569214e-06,1.5,14.757233398304342,0.06776337901621204,0.015
16.5,13.6048,27.231774380778397,0.036721808355824656,5.968475330420649e-07,1.5,15.263712556557733,0.06551486057501595,0.015
18.0,13.6048,25.923611443152087,0.03857487226241224,3.75080708986109e-07,1.5,15.682476561420787,0.06376543883763999,0.015
19.5,13.6048,22.239838569975277,0.044964355152741185,2.5258605883024577e-07,nan,16.03843203941446,0.06235023458293798,0.015
nan,nan,nan,nan,1.557325421421857e-07,nan,16.47920883724193,0.06068252486369768,0.015
nan,nan,nan,nan,8.943657694902734e-08,nan,16.97650515843008,0.058904938953435106,0.015
nan,nan,nan,nan,5.655499985865845e-08,nan,17.382018441174253,0.05753071793038809,0.015
Name:	10.998825680021056_8_210_0.015
Lambda:	10.998825680021056	Maximal Depth:	20	Filter time:	8.0 to 210.0 [us]
Chi2:	1.5462756254160228	RelRMS:	1.865239973082834	AbsRMS:	3.6728362445240597e-07	Phi model:	0.28658558746552126
depth_vector,start_model,resistivity_model,conductivity_model,E/I[V/A],modelled_thickness,rhoa,sigma,rel_err
0.0,13.6048,16.542515426411274,0.06045029877399604,0.00027635846659472237,1.0,12.273511888067931,0.08147627257135592,0.015
1.0,13.6048,15.788753497131285,0.06333622221549622,0.0001654166993673082,1.0,12.140870753489391,0.08236641508703907,0.015
2.0,13.6048,14.45416063815635,0.06918423179552759,0.00010713780542593717,1.0,12.10547907227548,0.08260722223627197,0.015
3.0,13.6048,12.826561481119583,0.07796321730278048,7.372369763813575e-05,1.0,12.124848587055409,0.0824752567275445,0.015
4.0,13.6048,11.232316710568982,0.08902882867067449,4.6378165039520484e-05,1.0,12.224473955564477,0.08180311100788173,0.015
5.0,13.6048,9.965275152610543,0.10034845849068563,2.696740456461303e-05,1.0,12.41865013389598,0.08052404965259134,0.015
6.0,13.6048,9.256001806809556,0.10803800829687708,1.7071403081153663e-05,1.5,12.644087271663567,0.07908835003385983,0.015
7.5,13.6048,9.69698032619525,0.10312488696080137,1.1533342749481377e-05,1.5,12.872903965629988,0.07768254953738102,0.015
9.0,13.6048,11.512616000174217,0.08686123119062317,7.10715862067259e-06,1.5,13.192842834704097,0.07579867451838927,0.015
10.5,13.6048,14.626448119613896,0.06836929867197299,4.064223374066919e-06,1.5,13.610846882116704,0.07347081402509202,0.015
12.0,13.6048,18.585662070352637,0.053804916726382,2.539506954695252e-06,1.5,13.993033882485538,0.07146413053795687,0.015
13.5,13.6048,22.591954412933294,0.044263545407453836,1.7069797307036145e-06,1.5,14.325128453941085,0.06980740195211883,0.015
15.0,13.6048,25.65501741880922,0.0389787301125292,1.0477849778368158e-06,1.5,14.754162995403883,0.06777748085821698,0.015
16.5,13.6048,26.867933831617183,0.03721908823607557,5.970121633161763e-07,1.5,15.260906377341835,0.06552690746368246,0.015
18.0,13.6048,25.727102401818374,0.03886951528320269,3.751529216080236e-07,1.5,15.68046403262729,0.06377362289274345,0.015
19.5,13.6048,22.307386163956146,0.04482820141499954,2.5260837023872914e-07,nan,16.037487638730287,0.062353906205671224,0.015
nan,nan,nan,nan,1.557209486629088e-07,nan,16.480026749013952,0.06067951316036747,0.015
nan,nan,nan,nan,8.940991772069816e-08,nan,16.979879564393716,0.05889323279400457,0.015
nan,nan,nan,nan,5.652655673232812e-08,nan,17.387848827481932,0.05751142708461295,0.015
Name:	12.87720418070694_8_210_0.015
Lambda:	12.87720418070694	Maximal Depth:	20	Filter time:	8.0 to 210.0 [us]
Chi2:	1.559397327143991	RelRMS:	1.873137471216136	AbsRMS:	4.212063617311032e-07	Phi model:	0.26677371581963627
depth_vector,start_model,resistivity_model,conductivity_model,E/I[V/A],modelled_thickness,rhoa,sigma,rel_err
0.0,13.6048,16.345142861535408,0.06118025449341734,0.000276623151247081,1.0,12.265681431118606,0.0815282873288192,0.015
1.0,13.6048,15.623003994254729,0.06400817668405796,0.00016543615453075202,1.0,12.139918896843898,0.08237287320428287,0.015
2.0,13.6048,14.343086746643692,0.06971999944391341,0.00010710570372647916,1.0,12.107897785925422,0.08259072034473479,0.015
3.0,13.6048,12.78059206635807,0.07824363650822304,7.36887280979162e-05,1.0,12.128684242457146,0.0824491742063367,0.015
4.0,13.6048,11.24927718155043,0.08889460041397745,4.635232882409982e-05,1.0,12.229016047514781,0.08177272775786594,0.015
5.0,13.6048,10.03351149019551,0.09966600436718236,2.6954288270366792e-05,1.0,12.422678521019911,0.0804979375670022,0.015
6.0,13.6048,9.357698216563099,0.10686388648759829,1.7065464684746113e-05,1.5,12.647020339501987,0.07907000804581436,0.015
7.5,13.6048,9.796803581827858,0.10207410934061241,1.1531006424626236e-05,1.5,12.874642713539895,0.07767205834367182,0.015
9.0,13.6048,11.560076093154931,0.08650462089883042,7.107069393290769e-06,1.5,13.192953256247925,0.07579804010344837,0.015
10.5,13.6048,14.564796406405137,0.06865870089060988,4.064970684340474e-06,1.5,13.60917867207204,0.07347982006086388,0.015
12.0,13.6048,18.37478946944366,0.05442239224906218,2.5402908422177536e-06,1.5,13.990155070685816,0.07147883600628158,0.015
13.5,13.6048,22.23468477995062,0.04497477746577799,1.7076203971853216e-06,1.5,14.321545220557395,0.0698248676801008,0.015
15.0,13.6048,25.21602889939754,0.03965731495588078,1.048208657633701e-06,1.5,14.750187030048181,0.06779575051915349,0.015
16.5,13.6048,26.468178704540968,0.037781216877927334,5.972281965356134e-07,1.5,15.257225973382669,0.06554271410442318,0.015
18.0,13.6048,25.509620355297525,0.03920089699776078,3.752536965599142e-07,1.5,15.677656565290084,0.06378504311760301,0.015
19.5,13.6048,22.381156078502766,0.044680444410130624,2.5264701137831407e-07,nan,16.035852359550343,0.062360264835217075,0.015
nan,nan,nan,nan,1.5571673869903543e-07,nan,16.48032378410986,0.060678419495871105,0.015
nan,nan,nan,nan,8.938544026306032e-08,nan,16.982979288574082,0.05888248363305645,0.015
nan,nan,nan,nan,5.649832125092692e-08,nan,17.393641488070074,0.057492273868348875,0.015
Name:	15.076371999678692_8_210_0.015
Lambda:	15.076371999678692	Maximal Depth:	20	Filter time:	8.0 to 210.0 [us]
Chi2:	1.57438006568329	RelRMS:	1.8821145416226401	AbsRMS:	4.7001258691903384e-07	Phi model:	0.24743212455053654
depth_vector,start_model,resistivity_model,conductivity_model,E/I[V/A],modelled_thickness,rhoa,sigma,rel_err
0.0,13.6048,16.134968599155766,0.06197718910046861,0.0002768600230713998,1.0,12.258684372328386,0.08157482235673733,0.015
1.0,13.6048,15.450062051912935,0.06472465913987613,0.00016543712772784167,1.0,12.139871287436891,0.08237319624919445,0.015
2.0,13.6048,14.231512244708297,0.07026660152520545,0.00010706206563262073,1.0,12.111187651419712,0.08256828552093129,0.015
3.0,13.6048,12.743156245069205,0.07847349438149884,7.364661790366978e-05,1.0,12.13330715299717,0.08241776025203318,0.015
4.0,13.6048,11.277446598886595,0.08867255466310331,4.632281929591174e-05,1.0,12.234209084769546,0.08173801780491942,0.015
5.0,13.6048,10.11140897443971,0.098898185458413,2.6939721130525842e-05,1.0,12.427156335014375,0.08046893215485111,0.015
6.0,13.6048,9.465131736162672,0.10565093311690317,1.705899816520021e-05,1.5,12.650216191038934,0.07905003241828962,0.015
7.5,13.6048,9.895594024348025,0.10105507537389959,1.1528537425636996e-05,1.5,12.876480838889657,0.07766097061083581,0.015
9.0,13.6048,11.60207124697065,0.08619150656061556,7.107063468258124e-06,1.5,13.192960588734188,0.07579799797582401,0.015
10.5,13.6048,14.500934886821488,0.06896107097955487,4.065866250223633e-06,1.5,13.607180186331204,0.07349061203764526,0.015
12.0,13.6048,18.1665999395368,0.05504607374678046,2.5412145145037333e-06,1.5,13.986764801611704,0.07149616184900523,0.015
13.5,13.6048,21.87792291023851,0.04570817824447203,1.7083785354856275e-06,1.5,14.317307863340035,0.06984553308101552,0.015
15.0,13.6048,24.77228892013018,0.04036768678195866,1.0487197985330468e-06,1.5,14.745393861301745,0.06781778834842996,0.015
16.5,13.6048,26.061172365598736,0.03837125920398039,5.975021618185005e-07,1.5,15.252561812043163,0.06556275675673165,0.015
18.0,13.6048,25.283865142055284,0.03955091495630053,3.753940997213759e-07,1.5,15.673747198602593,0.06380095246713918,0.015
19.5,13.6048,22.45413103789924,0.044535234888945306,2.527137627765478e-07,nan,16.03302844608764,0.06237124841152631,0.015
nan,nan,nan,nan,1.557306460124009e-07,nan,16.479342600917,0.06068203230050904,0.015
nan,nan,nan,nan,8.937168431381679e-08,nan,16.98472190619999,0.05887644234168866,0.015
nan,nan,nan,nan,5.6476949095536976e-08,nan,17.39802930968338,0.05747777418925377,0.015
Name:	17.651113509036346_8_210_0.015
Lambda:	17.651113509036346	Maximal Depth:	20	Filter time:	8.0 to 210.0 [us]
Chi2:	1.591778070374661	RelRMS:	1.8924853125831613	AbsRMS:	5.324039749823944e-07	Phi model:	0.22824876056384058
depth_vector,start_model,resistivity_model,conductivity_model,E/I[V/A],modelled_thickness,rhoa,sigma,rel_err
0.0,13.6048,15.922039320978403,0.0628060250223368,0.00027714804445842957,1.0,12.250189814571437,0.0816313881773908,0.015
1.0,13.6048,15.272128297137268,0.06547875846403466,0.0001654557892029163,1.0,12.138958446750353,0.08237939065255669,0.015
2.0,13.6048,14.114165385841767,0.07085080645314829,0.00010702493462026685,1.0,12.113988709951048,0.08254919365894316,0.015
3.0,13.6048,12.698695674947452,0.07874824514243965,7.3606995134103e-05,1.0,12.137661015570098,0.08238819643399233,0.015
4.0,13.6048,11.302578056978456,0.0884753898587392,4.629374092682462e-05,1.0,12.23933164356786,0.081703807783126,0.015
5.0,13.6048,10.192382305467362,0.09811248931111852,2.6924939534143598e-05,1.0,12.431704198041357,0.08043949438223862,0.015
6.0,13.6048,9.580983523404417,0.10437341819419697,1.705223896167163e-05,1.5,12.653558850353884,0.07902914996693068,0.015
7.5,13.6048,10.00574457496581,0.09994258723153714,1.1525803787423343e-05,1.5,12.878516748891197,0.07764869351791595,0.015
9.0,13.6048,11.65266062751481,0.08581731090998676,7.10685444746642e-06,1.5,13.193219267597938,0.07579651180784687,0.015
10.5,13.6048,14.436281385183776,0.0692699160759168,4.066619669579524e-06,1.5,13.605499473544144,0.07349969047034967,0.015
12.0,13.6048,17.949213562115652,0.055712747332319956,2.54203360099155e-06,1.5,13.983760124469095,0.07151152416081406,0.015
13.5,13.6048,21.5125973824224,0.046484391550835426,1.7090558870209323e-06,1.5,14.313524686424625,0.06986399380359681,0.015
15.0,13.6048,24.32707109900937,0.04110646924695843,1.0491718546103207e-06,1.5,14.741157997465068,0.06783727575350341,0.015
16.5,13.6048,25.657038361056355,0.0389756598531596,5.977349654166555e-07,1.5,15.248601214106301,0.06557978571010906,0.015
18.0,13.6048,25.064133672948795,0.03989764868989984,3.755041581582749e-07,1.5,15.670684449750155,0.06381342201143891,0.015
19.5,13.6048,22.53327628308036,0.04437881058383301,2.527572676080166e-07,nan,16.03118864614022,0.06237840637230396,0.015
nan,nan,nan,nan,1.5572794714221715e-07,nan,16.479532999102837,0.060681331203647645,0.015
nan,nan,nan,nan,8.934682274952621e-08,nan,16.987872528772392,0.05886552293739537,0.015
nan,nan,nan,nan,5.6447720216692925e-08,nan,17.404034642439548,0.05745794125010019,0.015
Name:	20.665569151220556_8_210_0.015
Lambda:	20.665569151220556	Maximal Depth:	20	Filter time:	8.0 to 210.0 [us]
Chi2:	1.6113889937211352	RelRMS:	1.9041074643707887	AbsRMS:	5.980367375344896e-07	Phi model:	0.20975581592308495
depth_vector,start_model,resistivity_model,conductivity_model,E/I[V/A],modelled_thickness,rhoa,sigma,rel_err
0.0,13.6048,15.705918563324397,0.06367026519131108,0.0002774454535561616,1.0,12.241433813285036,0.0816897771333574,0.015
1.0,13.6048,15.091063333166497,0.06626438296115572,0.00016547406948999433,1.0,12.13806441853265,0.08238545830035134,0.015
2.0,13.6048,13.995426490095397,0.07145191328808041,0.00010698565462859354,1.0,12.116953644920589,0.08252899444071066,0.015
3.0,13.6048,12.65548718490178,0.07901710818316167,7.356534422774714e-05,1.0,12.142241948753966,0.08235711363852535,0.015
4.0,13.6048,11.331318374912774,0.08825098429975918,4.6263197331216865e-05,1.0,12.244718100404597,0.08166786624242149,0.015
5.0,13.6048,10.278741729660963,0.09728817264805274,2.6909344482824654e-05,1.0,12.436506850485124,0.08040843076132684,0.015
6.0,13.6048,9.702786221882366,0.1030631797024172,1.7045030051565288e-05,1.5,12.657126339501925,0.07900687511343521,0.015
7.5,13.6048,10.120188616262507,0.09881238758663677,1.1522813180399403e-05,1.5,12.88074496152395,0.07763526123582899,0.015
9.0,13.6048,11.705167602854203,0.08543235209687716,7.106525987695892e-06,1.5,13.19362578675135,0.07579417638206554,0.015
10.5,13.6048,14.371821697776365,0.06958060161257927,4.067328936678746e-06,1.5,13.603917728902271,0.07350823637189785,0.015
12.0,13.6048,17.732458193203602,0.056393760476101076,2.5428358580593015e-06,1.5,13.98081874693976,0.07152656923035274,0.015
13.5,13.6048,21.148877284310178,0.047283833867714335,1.709726811969566e-06,1.5,14.309779866320593,0.0698822769701436,0.015
15.0,13.6048,23.885561145353908,0.04186629712882063,1.0496225987891068e-06,1.5,14.736937453930853,0.06785670381828657,0.015
16.5,13.6048,25.255891589955393,0.0395947217479233,5.979678690402648e-07,1.5,15.244641486228689,0.06559681976800531,0.015
18.0,13.6048,24.845531927030347,0.04024868547539785,3.7561428303536996e-07,1.5,15.667621349091252,0.06382589786406867,0.015
19.5,13.6048,22.614110558565457,0.04422017825597098,2.5280062783654486e-07,nan,16.02935548646355,0.06238554013256981,0.015
nan,nan,nan,nan,1.5572488779871643e-07,nan,16.479748834382647,0.06068053646021853,0.015
nan,nan,nan,nan,8.932149317660422e-08,nan,16.991083963528943,0.05885439693821077,0.015
nan,nan,nan,nan,5.641802865310023e-08,nan,17.410140346571595,0.057437790856000766,0.015
Name:	24.19483326789813_8_210_0.015
Lambda:	24.19483326789813	Maximal Depth:	20	Filter time:	8.0 to 210.0 [us]
Chi2:	1.6333089854460034	RelRMS:	1.9170146627643478	AbsRMS:	6.678106037506297e-07	Phi model:	0.19206065824345758
depth_vector,start_model,resistivity_model,conductivity_model,E/I[V/A],modelled_thickness,rhoa,sigma,rel_err
0.0,13.6048,15.487798015084136,0.06456695774480421,0.00027775692640533833,1.0,12.232280516815436,0.08175090479860422,0.015
1.0,13.6048,14.90940502849029,0.0670717575979126,0.00016549468691245495,1.0,12.137056286275387,0.08239230142903782,0.015
2.0,13.6048,13.876862397057282,0.07206239936572834,0.00010694577374720993,1.0,12.119965793011739,0.08250848369362485,0.015
3.0,13.6048,12.613313984239925,0.07928130555137844,7.35225544712171e-05,1.0,12.146952641014801,0.08232517484454902,0.015
4.0,13.6048,11.362477056437672,0.08800897859093383,4.623160323441313e-05,1.0,12.25029605621373,0.08163068022284808,0.015
5.0,13.6048,10.36882513263443,0.09644294191563126,2.6893072817658605e-05,1.0,12.441522820596589,0.08037601300256655,0.015
6.0,13.6048,9.829316318585276,0.10173647561928591,1.7037403115240512e-05,1.5,12.660903436866988,0.07898330517932263,0.015
7.5,13.6048,10.239462627126274,0.09766137505603183,1.1519556772010325e-05,1.5,12.883172311280834,0.07762063378787339,0.015
9.0,13.6048,11.76147744727613,0.08502333184608474,7.106050995210013e-06,1.5,13.19421371791968,0.07579079901077039,0.015
10.5,13.6048,14.310049718275096,0.0698809591641683,4.067965706137978e-06,1.5,13.602498053652155,0.07351590833211026,0.015
12.0,13.6048,17.51750048426228,0.05708576979337891,2.5435976925181446e-06,1.5,13.97802700533925,0.07154085477285353,0.015
13.5,13.6048,20.787592986261913,0.048105617647068576,1.7103725742481156e-06,1.5,14.306177806055745,0.06989987217806731,0.015
15.0,13.6048,23.447007867662055,0.042649365140495936,1.0500586846003775e-06,1.5,14.732857038030486,0.06787549742854776,0.015
16.5,13.6048,24.85838181175009,0.04022787997919152,5.981923147575914e-07,1.5,15.240827987445195,0.06561323314086094,0.015
18.0,13.6048,24.6292634729968,0.040602107371029865,3.7571872393333216e-07,1.5,15.664717729693018,0.06383772866232151,0.015
19.5,13.6048,22.696864529340083,0.04405894914283454,2.5283980838303695e-07,nan,16.02769948370733,0.062391985887714704,0.015
nan,nan,nan,nan,1.557188912074652e-07,nan,16.480171911645648,0.06067897867578396,0.015
nan,nan,nan,nan,8.929418011262622e-08,nan,16.994548578337092,0.058842398513291344,0.015
nan,nan,nan,nan,5.638690666102919e-08,nan,17.416545952065754,0.05741666589645413,0.015
Name:	28.326824805926805_8_210_0.015
Lambda:	28.326824805926805	Maximal Depth:	20	Filter time:	8.0 to 210.0 [us]
Chi2:	1.6574943360028005	RelRMS:	1.9311556788633846	AbsRMS:	7.41270581991844e-07	Phi model:	0.17534534646194716
depth_vector,start_model,resistivity_model,conductivity_model,E/I[V/A],modelled_thickness,rhoa,sigma,rel_err
0.0,13.6048,15.27292464736016,0.06547534431611593,0.00027808123036209177,1.0,12.22276831198725,0.08181452633928017,0.015
1.0,13.6048,14.730042416124682,0.0678884671034837,0.00016551797426155412,1.0,12.135917854045443,0.08240003039132762,0.015
2.0,13.6048,13.759648319690124,0.07267627607669268,0.00010690572554602721,1.0,12.122992463010984,0.08248788432815954,0.015
3.0,13.6048,12.571219373537115,0.0795467782628181,7.347891532474152e-05,1.0,12.151761550597147,0.0822925956731647,0.015
4.0,13.6048,11.393842120288403,0.08776670673884042,4.619908774799898e-05,1.0,12.256043321578302,0.08159240088841516,0.015
5.0,13.6048,10.460710829435659,0.09559579805858649,2.68761310572573e-05,1.0,12.446750734777233,0.08034225327626421,0.015
6.0,13.6048,9.959614734807852,0.10040549023498876,1.7029319785623155e-05,1.5,12.664909631760688,0.07895832098890224,0.015
7.5,13.6048,10.363787698780294,0.09648981907625233,1.1515984788009974e-05,1.5,12.885836208902083,0.07760458722183335,0.015
9.0,13.6048,11.82204278698611,0.08458775002073378,7.105382428266615e-06,1.5,13.195041360615901,0.07578604512637338,0.015
10.5,13.6048,14.252431893893784,0.07016346455431464,4.068495014717375e-06,1.5,13.601318243915552,0.07352228527167523,0.015
12.0,13.6048,17.305347455257788,0.0577856065927284,2.544294866126798e-06,1.5,13.975473434272368,0.07155392657737644,0.015
13.5,13.6048,20.433980807802357,0.04893809039979951,1.7109765125305204e-06,1.5,14.302811090514204,0.06991632579578794,0.015
15.0,13.6048,23.014878682143756,0.043450152999322846,1.050470360070374e-06,1.5,14.729007618254899,0.06789323666046691,0.015
16.5,13.6048,24.46783852729783,0.04086997708785508,5.984036332062734e-07,1.5,15.237239709640575,0.06562868466047048,0.015
18.0,13.6048,24.414038982364275,0.040960039456083445,3.7581526680300673e-07,1.5,15.66203488399215,0.06384866381711866,0.015
19.5,13.6048,22.780579311139004,0.04389703994538149,2.5287383502405807e-07,nan,16.026261662594713,0.062397583482241496,0.015
nan,nan,nan,nan,1.5570981148483696e-07,nan,16.480812564640612,0.060676619922581256,0.015
nan,nan,nan,nan,8.926513499962712e-08,nan,16.998234838893236,0.05882963786992312,0.015
nan,nan,nan,nan,5.6354699099408783e-08,nan,17.42318119950295,0.0573947999822517,0.015
Name:	33.164477502323265_8_210_0.015
Lambda:	33.164477502323265	Maximal Depth:	20	Filter time:	8.0 to 210.0 [us]
Chi2:	1.6842857619052285	RelRMS:	1.9467005327699387	AbsRMS:	8.206000603266997e-07	Phi model:	0.15950674849623053
depth_vector,start_model,resistivity_model,conductivity_model,E/I[V/A],modelled_thickness,rhoa,sigma,rel_err
0.0,13.6048,15.055371872178512,0.06642147457333447,0.00027842857445384056,1.0,12.212600798160953,0.08188264044056742,0.015
1.0,13.6048,14.548590786927031,0.06873517955419936,0.0001655488572653511,1.0,12.134408510088095,0.08241027975682846,0.015
2.0,13.6048,13.641727396932998,0.07330449956248393,0.00010686861364086125,1.0,12.125798907894849,0.08246879299218143,0.015
3.0,13.6048,12.529745986610722,0.07981007763992976,7.343670211860237e-05,1.0,12.156417857039115,0.08226107491204367,0.015
4.0,13.6048,11.42808655241662,0.08750371249056885,4.6167233619638344e-05,1.0,12.261680229914276,0.08155489143815253,0.015
5.0,13.6048,10.557388372085743,0.09472039530572253,2.685956501869348e-05,1.0,12.451868021992134,0.08030923538812237,0.015
6.0,13.6048,10.09592547693453,0.09904985949872862,1.702150280221478e-05,1.5,12.668786837886872,0.07893415626896742,0.015
7.5,13.6048,10.49323574807339,0.095299488547525,1.1512612080402722e-05,1.5,12.888352755438628,0.0775894343501748,0.015
9.0,13.6048,11.886271294838712,0.08413067270593282,7.104850030388478e-06,1.5,13.19570052764118,0.07578225937344432,0.015
10.5,13.6048,14.194551703293005,0.07044956550251666,4.0691062660316945e-06,1.5,13.5999561050296,0.07352964908689487,0.015
12.0,13.6048,17.092759334853124,0.05850430468303279,2.545042113349479e-06,1.5,13.972737750710905,0.07156793592215828,0.015
13.5,13.6048,20.079858450728697,0.049801147874312335,1.7116118138329487e-06,1.5,14.299271675541934,0.06993363177443795,0.015
15.0,13.6048,22.588091625920214,0.04427111491138469,1.0508982597507042e-06,1.5,14.725009156065365,0.06791167254304158,0.015
16.5,13.6048,24.083165299414347,0.04152278106168702,5.98621245566211e-07,1.5,15.233546765067693,0.06564459448755014,0.015
18.0,13.6048,24.206387241836904,0.04131141049712939,3.7591380736826523e-07,1.5,15.659297708295782,0.06385982428000157,0.015
19.5,13.6048,22.867097728636683,0.04373095404878121,2.529079135852398e-07,nan,16.02482197071383,0.06240318936631872,0.015
nan,nan,nan,nan,1.5569968272877527e-07,nan,16.481527309493885,0.06067398859473225,0.015
nan,nan,nan,nan,8.923472216486168e-08,nan,17.002096826948982,0.058816274849991516,0.015
nan,nan,nan,nan,5.632121362931354e-08,nan,17.430086420216206,0.057372062070796995,0.015
Name:	38.82830410883109_8_210_0.015
Lambda:	38.82830410883109	Maximal Depth:	20	Filter time:	8.0 to 210.0 [us]
Chi2:	1.7134847810770857	RelRMS:	1.9635021663913288	AbsRMS:	9.02836822014676e-07	Phi model:	0.14477444224262934
depth_vector,start_model,resistivity_model,conductivity_model,E/I[V/A],modelled_thickness,rhoa,sigma,rel_err
0.0,13.6048,14.841396893829158,0.06737910232801508,0.00027878678464542155,1.0,12.202137328877633,0.08195285572089044,0.015
1.0,13.6048,14.370345451235854,0.06958774953555481,0.00016558273916434735,1.0,12.132753140983189,0.0824215236541905,0.015
2.0,13.6048,13.528746262911447,0.07391667938524818,0.00010683224228936532,1.0,12.128550927718912,0.08245008047206806,0.015
3.0,13.6048,12.488550223555327,0.08007334575264358,7.339461080935777e-05,1.0,12.161065161454623,0.08222963915772546,0.015
4.0,13.6048,11.46241927526921,0.0872416176711974,4.6135304879339986e-05,1.0,12.26733685031511,0.0815172854713216,0.015
5.0,13.6048,10.653856446557297,0.09386272520343011,2.6842947839871472e-05,1.0,12.457006393932053,0.08027610875170708,0.015
6.0,13.6048,10.235505268335901,0.09769913392488352,1.7013673645500538e-05,1.5,12.672673057646177,0.07890995020948958,0.015
7.5,13.6048,10.627581922753143,0.09409478160399291,1.1509247486895116e-05,1.5,12.890864472241377,0.07757431645902074,0.015
9.0,13.6048,11.956960167375502,0.08363329692512436,7.104336661365361e-06,1.5,13.196336212822262,0.07577860884056188,0.015
10.5,13.6048,14.137460932510713,0.07073405930342026,4.069737364110098e-06,1.5,13.598550096526969,0.073537251611508,0.015
12.0,13.6048,16.880721068388095,0.05923917562222287,2.545806036591221e-06,1.5,13.969942399489312,0.0715822564906607,0.015
13.5,13.6048,19.734660466249636,0.050672267795547205,1.7122605086388024e-06,1.5,14.295659900731907,0.06995130039074321,0.015
15.0,13.6048,22.17069668946753,0.045104581692061246,1.0513358171545801e-06,1.5,14.720923253363193,0.06793052193730692,0.015
16.5,13.6048,23.702390503647326,0.04218983734345782,5.988451190112452e-07,1.5,15.229749902281451,0.06566096005622507,0.015
18.0,13.6048,24.00351824038746,0.041660559505707614,3.760165773748256e-07,1.5,15.656444324444845,0.06387146272022134,0.015
19.5,13.6048,22.954149708067145,0.04356510751729366,2.529449614345216e-07,nan,16.023257204267754,0.06240928340922172,0.015
nan,nan,nan,nan,1.556914419075806e-07,nan,16.48210888768793,0.06067184768734273,0.015
nan,nan,nan,nan,8.920540711153974e-08,nan,17.005821489661137,0.05880339274453517,0.015
nan,nan,nan,nan,5.6288419781992244e-08,nan,17.436855652760062,0.057349789429593116,0.015
Name:	45.4593985345391_8_210_0.015
Lambda:	45.4593985345391	Maximal Depth:	20	Filter time:	8.0 to 210.0 [us]
Chi2:	1.74445743916995	RelRMS:	1.9811686546410905	AbsRMS:	9.864843772082214e-07	Phi model:	0.1314499950148087
depth_vector,start_model,resistivity_model,conductivity_model,E/I[V/A],modelled_thickness,rhoa,sigma,rel_err
0.0,13.6048,14.63191997084345,0.0683437308290824,0.00027914980299597204,1.0,12.191556246969625,0.08202398280765537,0.015
1.0,13.6048,14.195895459074903,0.07044289688402415,0.00016561963391428493,1.0,12.130951214870757,0.08243376651075371,0.015
2.0,13.6048,13.415654812129045,0.07453978311188386,0.00010679788820807895,1.0,12.131151746244822,0.08243240385724697,0.015
3.0,13.6048,12.451380016599366,0.08031238293802498,7.335392438554607e-05,1.0,12.165561576396186,0.08219924692504255,0.015
4.0,13.6048,11.501006632435349,0.0869489108179263,4.610424244769614e-05,1.0,12.272846257060182,0.08148069152457046,0.015
5.0,13.6048,10.755191366283105,0.09297835491193038,2.6826795544013614e-05,1.0,12.462006098217714,0.08024390231545607,0.015
6.0,13.6048,10.376507452012035,0.09637153971359574,1.7006105519329727e-05,1.5,12.676432541804353,0.07888654767042691,0.015
7.5,13.6048,10.760710405624684,0.09293066742854583,1.150603626323616e-05,1.5,12.89326283791992,0.07755988631977123,0.015
9.0,13.6048,12.024431711451202,0.08316401340178697,7.103900471601001e-06,1.5,13.19687639004858,0.0757755070551448,0.015
10.5,13.6048,14.086193033798066,0.07099150193388835,4.070403691705798e-06,1.5,13.597065995339838,0.07354527810210916,0.015
12.0,13.6048,16.68173695630269,0.05994579596953663,2.5465897783746696e-06,1.5,13.967075980682246,0.07159694709065034,0.015
13.5,13.6048,19.402149480414494,0.05154068115027412,1.7129228901854635e-06,1.5,14.2919742739559,0.06996933949302502,0.015
15.0,13.6048,21.76945999607031,0.04593591206123229,1.051783371516885e-06,1.5,14.71674693028135,0.06794979928223054,0.015
16.5,13.6048,23.3402273774969,0.04284448406720038,5.990767939677106e-07,1.5,15.225823216939137,0.06567789378294325,0.015
18.0,13.6048,23.80649570177499,0.042005342261500545,3.7612583703095117e-07,1.5,15.653412182212994,0.06388383493384926,0.015
19.5,13.6048,23.039194254415175,0.04340429569529596,2.5298748838101515e-07,nan,16.02146149150062,0.06241627834829548,0.015
nan,nan,nan,nan,1.5568754195956348e-07,nan,16.48238413599919,0.06067083449510797,0.015
nan,nan,nan,nan,8.917928883761552e-08,nan,17.009141700231577,0.058791914232002966,0.015
nan,nan,nan,nan,5.625803636000238e-08,nan,17.443133199359792,0.057329150019716786,0.015
Name:	53.22295069415713_8_210_0.015
Lambda:	53.22295069415713	Maximal Depth:	20	Filter time:	8.0 to 210.0 [us]
Chi2:	1.7767613021096453	RelRMS:	1.9994281506837654	AbsRMS:	1.069448905775541e-06	Phi model:	0.11959729194129788
depth_vector,start_model,resistivity_model,conductivity_model,E/I[V/A],modelled_thickness,rhoa,sigma,rel_err
0.0,13.6048,14.431229482429154,0.06929416521423605,0.0002795088014151702,1.0,12.181114865893393,0.08209429194366746,0.015
1.0,13.6048,14.028823824442993,0.07128181325206032,0.00016565614897390345,1.0,12.1291684913009,0.08244588247885294,0.015
2.0,13.6048,13.308070967610576,0.07514237055346475,0.00010676371721848143,1.0,12.133740087186535,0.08241481957043233,0.015
3.0,13.6048,12.417767090978073,0.08052977581827363,7.331334905149767e-05,1.0,12.170049855905734,0.08216893207834577,0.015
4.0,13.6048,11.540835948514633,0.0866488358781935,4.607313284481552e-05,1.0,12.278370234493005,0.08144403376848423,0.015
5.0,13.6048,10.856075991991215,0.0921143146692897,2.6810460722326425e-05,1.0,12.467067405796993,0.08021132536229134,0.015
6.0,13.6048,10.516071435039697,0.09509254536518134,1.6998322350286463e-05,1.5,12.680301758525497,0.0788624765437982,0.015
7.5,13.6048,10.892675479334155,0.0918048097455234,1.1502623003131395e-05,1.5,12.895813321895966,0.07754454682606853,0.015
9.0,13.6048,12.09258009129238,0.08269533817022884,7.103302102787892e-06,1.5,13.197617499679598,0.0757712518963576,0.015
10.5,13.6048,14.040551655287933,0.0712222727818092,4.070961186543152e-06,1.5,13.595824606755057,0.07355199327175434,0.015
12.0,13.6048,16.49549391846937,0.06062261639103382,2.5473033244713335e-06,1.5,13.964467570501043,0.07161032061919996,0.015
13.5,13.6048,19.08920083966748,0.05238563983893939,1.7135403431286e-06,1.5,14.288540777657731,0.0699861529291815,0.015
15.0,13.6048,21.389266825754603,0.04675242064846795,1.0522077654399482e-06,1.5,14.71278946224888,0.06796807652049063,0.015
16.5,13.6048,22.995130674652685,0.04348746759253212,5.993002566941629e-07,1.5,15.222038118780048,0.06569422518829848,0.015
18.0,13.6048,23.616507759704422,0.04234326303342132,3.762334633555071e-07,1.5,15.650426802625107,0.06389602102303472,0.015
19.5,13.6048,23.120199652264883,0.04325222165207552,2.5303130930259566e-07,nan,16.019611666470947,0.062423485713639384,0.015
nan,nan,nan,nan,1.5568647646864879e-07,nan,16.482459337609143,0.06067055768299287,0.015
nan,nan,nan,nan,8.915626115838976e-08,nan,17.0120703724674,0.058781793050798545,0.015
nan,nan,nan,nan,5.623040508511108e-08,nan,17.44884703031353,0.05731037691273928,0.015
Name:	62.312361621777015_8_210_0.015
Lambda:	62.312361621777015	Maximal Depth:	20	Filter time:	8.0 to 210.0 [us]
Chi2:	1.8100339464798099	RelRMS:	2.0180625311371228	AbsRMS:	1.1512958000839383e-06	Phi model:	0.10917735761209646
depth_vector,start_model,resistivity_model,conductivity_model,E/I[V/A],modelled_thickness,rhoa,sigma,rel_err
0.0,13.6048,14.239209351358964,0.0702286184102323,0.0002798620958873129,1.0,12.170861181262731,0.0821634545909963,0.015
1.0,13.6048,13.869461428332784,0.07210085302643274,0.00016569231166822657,1.0,12.12740361613457,0.08245788065217666,0.015
2.0,13.6048,13.206529546930124,0.07572011984272214,0.00010673003330285624,1.0,12.136292885553848,0.08239748409420199,0.015
3.0,13.6048,12.387609479213104,0.08072582540465449,7.327314038015822e-05,1.0,12.174501662655228,0.08213888565701691,0.015
4.0,13.6048,11.58207907584538,0.086340284283287,4.6042115787866366e-05,1.0,12.283883971286894,0.08140747684832106,0.015
5.0,13.6048,10.956407770014232,0.09127079066341659,2.6793973661889103e-05,1.0,12.472181098464123,0.08017843808595308,0.015
6.0,13.6048,10.653419469676615,0.0938665752199425,1.699030711460105e-05,1.5,12.684289428945995,0.07883768386094729,0.015
7.5,13.6048,11.021921354733946,0.09072828301124623,1.1498974338521227e-05,1.5,12.898541101976315,0.07752814772569744,0.015
9.0,13.6048,12.160646491768706,0.08223247017967998,7.1025051804876995e-06,1.5,13.198604689293724,0.07576558458570755,0.015
10.5,13.6048,14.000587219013898,0.07142557553885465,4.071380483241713e-06,1.5,13.594891134312713,0.0735570436070693,0.015
12.0,13.6048,16.32294413891437,0.061263457835156784,2.5479252248854025e-06,1.5,13.962195169567334,0.07162197547414662,0.015
13.5,13.6048,18.796427720643763,0.053201598455951224,1.714097486337557e-06,1.5,14.285444417487017,0.07000132237929439,0.015
15.0,13.6048,21.03270473957472,0.0475450025273459,1.052599453458426e-06,1.5,14.709139336333516,0.06798494304353131,0.015
16.5,13.6048,22.669066190634947,0.044112977199436666,5.995104932221392e-07,1.5,15.218479198014958,0.06570958812562798,0.015
18.0,13.6048,23.435643180190063,0.042670047171792194,3.763367578638435e-07,1.5,15.647562918848045,0.06390771554562433,0.015
19.5,13.6048,23.196287762224745,0.04311034637311684,2.5307496208923066e-07,nan,16.017769469757116,0.062430665011634946,0.015
nan,nan,nan,nan,1.5568767361337358e-07,nan,16.482374844024104,0.06067086869842441,0.015
nan,nan,nan,nan,8.913624888340536e-08,nan,17.01461656810696,0.05877299649963606,0.015
nan,nan,nan,nan,5.6205622500622696e-08,nan,17.45397576696027,0.05729353663323877,0.015
Name:	72.95406136340671_8_210_0.015
Lambda:	72.95406136340671	Maximal Depth:	20	Filter time:	8.0 to 210.0 [us]
Chi2:	1.8441867326532744	RelRMS:	2.0370125548140017	AbsRMS:	1.2337183272688983e-06	Phi model:	0.10004389990066878
depth_vector,start_model,resistivity_model,conductivity_model,E/I[V/A],modelled_thickness,rhoa,sigma,rel_err
0.0,13.6048,14.056032962153399,0.07114382861028799,0.00028021719713097325,1.0,12.160576774954341,0.08223294161997137,0.015
1.0,13.6048,13.717527201267645,0.07289943627067053,0.00016573242539064443,1.0,12.125446666842723,0.08247118868903362,0.015
2.0,13.6048,13.11007086963323,0.07627723831122023,0.00010669954642245516,1.0,12.138604548565668,0.08238179240447888,0.015
3.0,13.6048,12.35996958754107,0.08090634794182719,7.323513310425665e-05,1.0,12.1787134811261,0.08211047920207211,0.015
4.0,13.6048,11.623555363234432,0.0860321965827274,4.6012331913181096e-05,1.0,12.289184321381338,0.08137236563863315,0.015
5.0,13.6048,11.055310135970254,0.0904542692788271,2.6777994781512235e-05,1.0,12.477142178798768,0.08014655805551417,0.015
6.0,13.6048,10.788433817488283,0.09269186027530507,1.6982478107124913e-05,1.5,12.68818747679106,0.07881346345403369,0.015
7.5,13.6048,11.149127535328885,0.08969311695746973,1.1495373090615259e-05,1.5,12.901234847756568,0.07751196004108807,0.015
9.0,13.6048,12.22896299330119,0.08177308252120662,7.101683672741451e-06,1.5,13.199622527453219,0.07575974221385129,0.015
10.5,13.6048,13.96562953771674,0.07160436250290879,4.071760090175756e-06,1.5,13.594046160637218,0.07356161573848335,0.015
12.0,13.6048,16.16214004140616,0.061872994383050564,2.5485159707838946e-06,1.5,13.960037462020491,0.07163304559322194,0.015
13.5,13.6048,18.521720782479687,0.05399066381272378,1.714634075809289e-06,1.5,14.282463871356203,0.07001593065504069,0.015
15.0,13.6048,20.69708863449452,0.048315974176839714,1.0529819228004959e-06,1.5,14.705577302741682,0.06800141058138273,0.015
16.5,13.6048,22.360895864455816,0.04472092737525641,5.997201116758267e-07,1.5,15.214932810425179,0.06572490410965247,0.015
18.0,13.6048,23.263111698084824,0.042986510703223194,3.764431662168061e-07,1.5,15.64461407202928,0.0639197614844256,0.015
19.5,13.6048,23.267543340989814,0.04297832329545193,2.531231582819022e-07,nan,16.0157361512476,0.0624385910554665,0.015
nan,nan,nan,nan,1.5569379308964193e-07,nan,16.48194295285085,0.060672458511757676,0.015
nan,nan,nan,nan,8.912061037681069e-08,nan,17.01660694505067,0.058766122014168816,0.015
nan,nan,nan,nan,5.618445783577009e-08,nan,17.458358762696683,0.057279152845495555,0.015
Name:	85.41314966877566_8_210_0.015
Lambda:	85.41314966877566	Maximal Depth:	20	Filter time:	8.0 to 210.0 [us]
Chi2:	1.8787119924977247	RelRMS:	2.0559917273957793	AbsRMS:	1.3155729622935068e-06	Phi model:	0.09216409572622707
depth_vector,start_model,resistivity_model,conductivity_model,E/I[V/A],modelled_thickness,rhoa,sigma,rel_err
0.0,13.6048,13.883125775810042,0.07202988838020902,0.00028056924601246695,1.0,12.150402190455418,0.08230180238688199,0.015
1.0,13.6048,13.574234815676457,0.07366897755777228,0.00016577506392084448,1.0,12.12336741005801,0.08248533317322064,0.015
2.0,13.6048,13.019537695577123,0.07680764274293017,0.00010667166654095555,1.0,12.140719500156711,0.08236744123666576,0.015
3.0,13.6048,12.335071908202599,0.08106965305447617,7.319892598632165e-05,1.0,12.182729202804458,0.08208341360569688,0.015
4.0,13.6048,11.664745681525137,0.0857284013987395,4.598345725158316e-05,1.0,12.294328329442834,0.08133831903652429,0.015
5.0,13.6048,11.15154497827577,0.08967367319488838,2.676224117299971e-05,1.0,12.48203814977566,0.08011512126470892,0.015
6.0,13.6048,10.919406578727623,0.09158006827478389,1.6974598703299723e-05,1.5,12.692113642065943,0.07878908337896243,0.015
7.5,13.6048,11.272774689758034,0.08870930427701688,1.1491628213285639e-05,1.5,12.904037520991347,0.077495124946225,0.015
9.0,13.6048,12.29694322614397,0.08132102276230288,7.100699813018179e-06,1.5,13.20084177601822,0.07575274493606049,0.015
10.5,13.6048,13.936532904841252,0.07175385777998067,4.072012625599381e-06,1.5,13.593484110367632,0.07356465729321807,0.015
12.0,13.6048,16.015239312441512,0.06244052808022328,2.549019368639316e-06,1.5,13.958199452122333,0.071642478202871,0.015
13.5,13.6048,18.26817680005097,0.05474000010757559,1.7151129494982705e-06,1.5,14.279805226444108,0.07002896637190446,0.015
15.0,13.6048,20.38542445122263,0.049054656791314655,1.0533339526248198e-06,1.5,14.702300665307522,0.06801656575828728,0.015
16.5,13.6048,22.07265102696058,0.04530493409144886,5.999189140045843e-07,1.5,15.211571321522456,0.0657394281539558,0.015
18.0,13.6048,23.09962576770455,0.04329074462314858,3.7654764092701476e-07,1.5,15.641720162671819,0.06393158742134064,0.015
19.5,13.6048,23.33225200326488,0.04285912906564142,2.5317342854039456e-07,nan,16.01361601869056,0.062446857651190915,0.015
nan,nan,nan,nan,1.5570410624458716e-07,nan,16.48121515055931,0.06067513777745106,0.015
nan,nan,nan,nan,8.910949853675454e-08,nan,17.018021548343633,0.058761237148470424,0.015
nan,nan,nan,nan,5.61673194735622e-08,nan,17.461909967260315,0.05726750406312483,0.015
Name:	100.0_8_210_0.015
Lambda:	100.0	Maximal Depth:	20	Filter time:	8.0 to 210.0 [us]
Chi2:	1.9132792296100147	RelRMS:	2.0748200564440595	AbsRMS:	1.3969179573743536e-06	Phi model:	0.0854307021380822
depth_vector,start_model,resistivity_model,conductivity_model,E/I[V/A],modelled_thickness,rhoa,sigma,rel_err
0.0,13.6048,13.721225236833849,0.07287978899402925,0.00028091855701485553,1.0,12.140327742077526,0.08237009916413295,0.015
1.0,13.6048,13.440392512447703,0.07440258899238684,0.0001658210739867049,1.0,12.121124740824627,0.08250059473704978,0.015
2.0,13.6048,12.935128044829794,0.07730885976035642,0.00010664702959849866,1.0,12.14258921119373,0.0823547583309615,0.015
3.0,13.6048,12.312462801940466,0.08121851948599579,7.316490489028803e-05,1.0,12.186505491327491,0.08205797804068185,0.015
4.0,13.6048,11.704355741031316,0.08543827803305354,4.595565956754916e-05,1.0,12.299285563051797,0.08130553558363532,0.015
5.0,13.6048,11.243878881453691,0.08893727961170574,2.67467401537266e-05,1.0,12.486860310749805,0.08008418250175432,0.015
6.0,13.6048,11.045256255606386,0.09053660475214569,1.6966648061319076e-05,1.5,12.696078384017161,0.07876447905826416,0.015
7.5,13.6048,11.392562661628684,0.08777656350911303,1.1487706176705647e-05,1.5,12.906974412948255,0.07747749147133984,0.015
9.0,13.6048,12.364222611457865,0.08087851791614499,7.0995209932706116e-06,1.5,13.20230299970499,0.07574436066361644,0.015
10.5,13.6048,13.913561973869811,0.07187232154340041,4.072114523223322e-06,1.5,13.593257340466984,0.07356588453769727,0.015
12.0,13.6048,15.883666296353962,0.06295775681396344,2.549419824298065e-06,1.5,13.956737737513745,0.0716499814503314,0.015
13.5,13.6048,18.03639853504395,0.055443441109212725,1.7155239726201355e-06,1.5,14.277524265596776,0.07004015411898876,0.015
15.0,13.6048,20.097668059997726,0.049757016436667786,1.0536501895346807e-06,1.5,14.69935873841864,0.06803017858094537,0.015
16.5,13.6048,21.804188015133647,0.045862748904289825,6.001048637469847e-07,1.5,15.208428833113697,0.065753011765599,0.015
18.0,13.6048,22.94495257235342,0.043582569928904934,3.766496218991053e-07,1.5,15.638896619291893,0.06394313002660405,0.015
19.5,13.6048,23.389392608724947,0.04275442362821213,2.5322588334306575e-07,nan,16.01140450155267,0.06245548289677069,0.015
nan,nan,nan,nan,1.5571909491037366e-07,nan,16.48015753935695,0.060679031593712525,0.015
nan,nan,nan,nan,8.910348587074811e-08,nan,17.018787119057293,0.05875859384128616,0.015
nan,nan,nan,nan,5.615472986172736e-08,nan,17.464519785468994,0.05725894626842418,0.015
