Name:	5.000000000000001_8_210_0.015
Lambda:	5	Maximal Depth:	20	Filter time:	8 to 210 [us]
Chi2:	391.941359017392	RelRMS:	29.69626336408559	AbsRMS:	3.802660227786031e-06	Phi model:	15.760069614407476
depth_vector,start_model,resistivity_model,conductivity_model,E/I[V/A],modelled_thickness,rhoa,sigma,rel_err
0.0,16.2379,5108.522661140044,0.0001957513093965,0.0001724854308758,1.0,16.805408947615454,0.0595046513367883,0.015
1.0,16.2379,2274.5854331752844,0.0004396405540169,0.0001014194165249,1.0,16.822427474731615,0.0594444530375931,0.015
2.0,16.2379,1088.5426349277604,0.0009186594699309,6.748531330861043e-05,1.0,16.474198695653577,0.0607009796636623,0.015
3.0,16.2379,69.31962446265092,0.0144259292769076,4.828225861219229e-05,1.0,16.077653999922504,0.0621981291552125,0.015
4.0,16.2379,14.604164804674706,0.0684736178600166,3.198006352271734e-05,1.0,15.662208676962504,0.0638479553315425,0.015
5.0,16.2379,4.995479959600762,0.2001809652099815,2.0069064739716603e-05,1.0,15.12222642275745,0.0661278288027151,0.015
6.0,16.2379,5.021932138664452,0.1991265457971606,1.3539931727985957e-05,1.5,14.756702197274986,0.0677658183130281,0.015
7.5,16.2379,15.941577040112051,0.062729051052089,9.547023772364508e-06,1.5,14.60162954311553,0.0684855068434116,0.015
9.0,16.2379,38.20345648686117,0.0261756419957423,6.045419053274222e-06,1.5,14.69551421979303,0.0680479760723938,0.015
10.5,16.2379,55.44222101545815,0.018036795454518,3.419779680760297e-06,1.5,15.271139443271888,0.0654829984176837,0.015
12.0,16.2379,51.81024815520009,0.0193012007393682,2.034561479773896e-06,1.5,16.22174654632368,0.0616456432200039,0.015
13.5,16.2379,35.4078909514353,0.0282422921311969,1.2726852710489584e-06,1.5,17.422217149007807,0.0573979758975137,0.015
15.0,16.2379,19.840769130093896,0.0504012719185986,6.917290765199984e-07,1.5,19.459813233487637,0.0513879546530867,0.015
16.5,16.2379,11.008009488964978,0.0908429449486261,3.403001169969792e-07,1.5,22.198708858994696,0.045047664994931,0.015
18.0,16.2379,8.631811217327824,0.1158505410767745,2.068847079574179e-07,1.5,23.317332849300687,0.0428865516679362,0.015
19.5,16.2379,14.570335783518727,0.0686325980991565,1.5520819493620377e-07,nan,22.19005577480431,0.045065231477942,0.015
nan,nan,nan,nan,1.252250553278912e-07,nan,19.05731816485641,0.0524732804138254,0.015
nan,nan,nan,nan,1.0537505767069139e-07,nan,15.218313233850656,0.0657103047252085,0.015
nan,nan,nan,nan,8.98577717178542e-08,nan,12.765674901673492,0.0783350671000486,0.015
Name:	5.8538995686138975_8_210_0.015
Lambda:	5.8538995686138975	Maximal Depth:	20	Filter time:	8 to 210 [us]
Chi2:	357.2902620668486	RelRMS:	28.353184823762025	AbsRMS:	3.613487221572219e-06	Phi model:	23.84120080934475
depth_vector,start_model,resistivity_model,conductivity_model,E/I[V/A],modelled_thickness,rhoa,sigma,rel_err
0.0,16.2379,4077.2985828280594,0.0002452604291016,0.0001682357820242,1.0,17.087234631808197,0.0585232204945838,0.015
1.0,16.2379,4136.178215079727,0.0002417690795706,9.386185328405382e-05,1.0,17.71372860165664,0.0564533883570101,0.015
2.0,16.2379,1454.357580893775,0.0006875888111268,6.104602478032085e-05,1.0,17.613225132115986,0.0567755191056178,0.015
3.0,16.2379,58.611365295103866,0.0170615373821284,4.341967319981222e-05,1.0,17.256658173313777,0.0579486474123031,0.015
4.0,16.2379,8.07861457858913,0.1237836005508066,2.8814585313242812e-05,1.0,16.78923745674752,0.0595619665619836,0.015
5.0,16.2379,3.109112236703244,0.3216352205606938,1.8401546031720563e-05,1.0,16.02252473668291,0.0624121364413026,0.015
6.0,16.2379,13.485761026497144,0.0741522853649249,1.2652052681861718e-05,1.5,15.439253625168998,0.0647699703805503,0.015
7.5,16.2379,40.85903170109773,0.0244743930134089,9.048790821207958e-06,1.5,15.132811738216896,0.0660815727638088,0.015
9.0,16.2379,75.08852457017397,0.0133176141857128,5.796554009977906e-06,1.5,15.113178197963643,0.0661674193807057,0.015
10.5,16.2379,97.12941447040866,0.0102955423488593,3.288980179943356e-06,1.5,15.67338097766431,0.063802443226836,0.015
12.0,16.2379,91.71326592037472,0.0109035480305346,1.941623694355857e-06,1.5,16.73534929578828,0.0597537572909617,0.015
13.5,16.2379,64.66210092880901,0.0154650094202934,1.1956861746857643e-06,1.5,18.16237462278127,0.0550588797318214,0.015
15.0,16.2379,34.098045954262794,0.0293271937442205,6.293640240008086e-07,1.5,20.725009873266416,0.0482508817180308,0.015
16.5,16.2379,12.866555690473874,0.0777208776036604,2.958601631485711e-07,1.5,24.36939716639927,0.0410350733410348,0.015
18.0,16.2379,4.370387339704599,0.2288126708850459,1.7919809658202105e-07,1.5,25.661115873146592,0.0389694666803817,0.015
19.5,16.2379,12.63783911362601,0.0791274513790738,1.4142903690144625e-07,nan,23.60890094106098,0.04235690608794,0.015
nan,nan,nan,nan,1.2470136936223156e-07,nan,19.11063529032309,0.0523268842091483,0.015
nan,nan,nan,nan,1.1392704643446304e-07,nan,14.446872614544604,0.0692191332117952,0.015
nan,nan,nan,nan,1.0152302675616385e-07,nan,11.768050011089594,0.0849758455358069,0.015
Name:	6.853628031883595_8_210_0.015
Lambda:	6.853628031883595	Maximal Depth:	20	Filter time:	8 to 210 [us]
Chi2:	385.085133241892	RelRMS:	29.435379219474257	AbsRMS:	3.412216691333291e-06	Phi model:	14.96548050735849
depth_vector,start_model,resistivity_model,conductivity_model,E/I[V/A],modelled_thickness,rhoa,sigma,rel_err
0.0,16.2379,4426.2998681269855,0.0002259223346345,0.0001707591656312,1.0,16.918480211367754,0.0591069639534221,0.015
1.0,16.2379,2477.7114609462897,0.0004035982461081,0.000100385915519,1.0,16.93769131452815,0.0590399235309158,0.015
2.0,16.2379,1075.949098536567,0.0009294119966828,6.681039471031431e-05,1.0,16.584960964916185,0.0602955896076812,0.015
3.0,16.2379,63.84701081429839,0.0156624403749854,4.780321524522426e-05,1.0,16.184886491607838,0.0617860372711614,0.015
4.0,16.2379,14.069155171314438,0.0710774732258904,3.165364907087077e-05,1.0,15.76969759577665,0.0634127568982562,0.015
5.0,16.2379,5.080771124807216,0.1968205170899021,1.985406201952076e-05,1.0,15.231204280109594,0.0656546903061301,0.015
6.0,16.2379,5.255601708134527,0.1902731705205547,1.3387894742314086e-05,1.5,14.868212852859743,0.0672575789636789,0.015
7.5,16.2379,15.351707737037769,0.0651393328435627,9.434998867312532e-06,1.5,14.716982050651293,0.0679487137076276,0.015
9.0,16.2379,33.98629551965987,0.0294236245730734,5.970257433569081e-06,1.5,14.818594781174951,0.0674827819214252,0.015
10.5,16.2379,47.288442307322384,0.0211468162453123,3.374145566161425e-06,1.5,15.408522064333283,0.0648991509909142,0.015
12.0,16.2379,44.73419830545373,0.0223542622396361,2.005656912106441e-06,1.5,16.377227942591414,0.0610603945616065,0.015
13.5,16.2379,32.58362354831938,0.030690263730707,1.253605126888259e-06,1.5,17.598551687375043,0.0568228577989963,0.015
15.0,16.2379,20.22689966707209,0.0494391140738156,6.807258682399786e-07,1.5,19.668950426038315,0.050841553735179,0.015
16.5,16.2379,12.501299241809695,0.0799916857165991,3.348774243675764e-07,1.5,22.43771016563708,0.0445678276712692,0.015
18.0,16.2379,9.912723501193168,0.1008804492407795,2.041470637134489e-07,1.5,23.525329093846523,0.0425073756040066,0.015
19.5,16.2379,14.081817707464689,0.0710135595257639,1.538872093425639e-07,nan,22.31686278710144,0.0448091655865704,0.015
nan,nan,nan,nan,1.2493106483300464e-07,nan,19.08720384788446,0.0523911206675165,0.015
nan,nan,nan,nan,1.0566723499916561e-07,nan,15.190247152947356,0.0658317135943354,0.015
nan,nan,nan,nan,9.035521577176453e-08,nan,12.718778142832791,0.0786239046526268,0.015
Name:	8.024090035856696_8_210_0.015
Lambda:	8.024090035856696	Maximal Depth:	20	Filter time:	8 to 210 [us]
Chi2:	577.2679268338737	RelRMS:	36.03960093253275	AbsRMS:	1.1407014762233524e-06	Phi model:	3.4096752613549515
depth_vector,start_model,resistivity_model,conductivity_model,E/I[V/A],modelled_thickness,rhoa,sigma,rel_err
0.0,16.2379,83.32476828185399,0.0120012334941923,0.0001568390644185,1.0,17.905283503644753,0.0558494368322312,0.015
1.0,16.2379,75.70308662437743,0.0132095010202395,0.0001003221967821,1.0,16.94486243661962,0.0590149376390861,0.015
2.0,16.2379,63.12640599335848,0.0158412313241024,6.779465173118249e-05,1.0,16.42404738463515,0.0608863318876874,0.015
3.0,16.2379,48.086480255982856,0.0207958660038458,4.795457932336337e-05,1.0,16.150811177909887,0.0619163947237362,0.015
4.0,16.2379,33.115986788634025,0.0301968957284165,3.09732064788905e-05,1.0,15.999820446544046,0.0625007013885583,0.015
5.0,16.2379,20.333706934442723,0.049179424254715,1.8370090753198788e-05,1.0,16.04080986701972,0.062340992025348,0.015
6.0,16.2379,11.129288459856957,0.0898530039550123,1.1739397449155724e-05,1.5,16.229423447232037,0.0616164833736316,0.015
7.5,16.2379,5.9882183304843215,0.1669945791570897,7.96041523220081e-06,1.5,16.48249099217454,0.0606704411654023,0.015
9.0,16.2379,5.854229936602093,0.1708166592070039,4.904446864356166e-06,1.5,16.89438441321944,0.0591912658988346,0.015
10.5,16.2379,11.76971492688221,0.0849638250554382,2.7901611684265795e-06,1.5,17.489766081696246,0.0571762935724189,0.015
12.0,16.2379,25.716281895511987,0.0388858702071748,1.7304601413374945e-06,1.5,18.07051055819709,0.055338779542473,0.015
13.5,16.2379,47.635015026599554,0.0209929607336451,1.153980996670901e-06,1.5,18.597375630457535,0.0537710276907171,0.015
15.0,16.2379,70.39013051915097,0.0142065370901383,7.005587146981346e-07,1.5,19.29595727317126,0.0518243270257641,0.015
16.5,16.2379,80.10987782967327,0.0124828551371175,3.9369905878460107e-07,1.5,20.14309479769413,0.049644804338332,0.015
18.0,16.2379,65.80854525602659,0.0151955949810092,2.4452096957315897e-07,1.5,20.85869144710585,0.0479416459338224,0.015
19.5,16.2379,32.86710399311337,0.030425558643972,1.630315073711005e-07,nan,21.474371561491942,0.0465671368839128,0.015
nan,nan,nan,nan,9.932360321638896e-08,nan,22.24099924066142,0.0449620086390624,0.015
nan,nan,nan,nan,5.630490560341271e-08,nan,23.1114705136528,0.0432685578967925,0.015
nan,nan,nan,nan,3.5249409543680354e-08,nan,23.82207818610385,0.0419778657507442,0.015
Name:	9.394443439884116_8_210_0.015
Lambda:	9.394443439884116	Maximal Depth:	20	Filter time:	8 to 210 [us]
Chi2:	577.4673310310094	RelRMS:	36.04582492910616	AbsRMS:	1.1239131330690345e-06	Phi model:	2.9458299842413305
depth_vector,start_model,resistivity_model,conductivity_model,E/I[V/A],modelled_thickness,rhoa,sigma,rel_err
0.0,16.2379,75.12161587384769,0.013311747735556,0.0001571252078567,1.0,17.883538485603253,0.0559173454853483,0.015
1.0,16.2379,68.95570463730621,0.0145020633935917,0.0001003103886863,1.0,16.94619219342474,0.0590103067748758,0.015
2.0,16.2379,57.87081185241534,0.0172798681751734,6.771836605002183e-05,1.0,16.43637968180802,0.0608406485709752,0.015
3.0,16.2379,44.5217802803753,0.0224609167401328,4.7877898440346136e-05,1.0,16.168051256717277,0.0618503729436492,0.015
4.0,16.2379,31.11773645659269,0.0321360135366831,3.09162773362966e-05,1.0,16.01945577191054,0.0624240931925701,0.015
5.0,16.2379,19.573208296997763,0.0510902446255264,1.833895102121477e-05,1.0,16.058963041460345,0.0622705212919565,0.015
6.0,16.2379,11.116357711711975,0.0899575225927121,1.172358491062559e-05,1.5,16.244013451392078,0.0615611408468947,0.015
7.5,16.2379,6.29263290743681,0.158915991876496,7.952805012513983e-06,1.5,16.49300429579643,0.0606317673884842,0.015
9.0,16.2379,6.085931699858223,0.164313378676809,4.902307963014477e-06,1.5,16.899298125236054,0.0591740551938473,0.015
10.5,16.2379,11.374934164529847,0.0879125967267813,2.7904497503777376e-06,1.5,17.48856022642268,0.0571802359401287,0.015
12.0,16.2379,23.683948130664948,0.0422226900043427,1.7312049891659046e-06,1.5,18.065326983368852,0.0553546581758864,0.015
13.5,16.2379,42.82725259871789,0.023349618276236,1.1546444754553471e-06,1.5,18.590250697811687,0.0537916360707127,0.015
15.0,16.2379,62.89282358688953,0.0159000652692663,7.00956667702827e-07,1.5,19.288653340037893,0.0518439510717048,0.015
16.5,16.2379,72.44650471435328,0.0138032884256164,3.938124942697966e-07,1.5,20.139226541484007,0.0496543398993074,0.015
18.0,16.2379,61.55004243128055,0.0162469424958801,2.44483050252308e-07,1.5,20.860848180038516,0.0479366894082901,0.015
19.5,16.2379,33.31968895137635,0.0300122849723869,1.629230829295697e-07,nan,21.48389789145446,0.0465464882142157,0.015
nan,nan,nan,nan,9.918154876872195e-08,nan,22.262230872214904,0.0449191280846917,0.015
nan,nan,nan,nan,5.616683196195355e-08,nan,23.14933127927732,0.0431977921062097,0.015
nan,nan,nan,nan,3.513055386409044e-08,nan,23.87577873683987,0.0418834506309534,0.015
Name:	10.998825680021056_8_210_0.015
Lambda:	10.998825680021056	Maximal Depth:	20	Filter time:	8 to 210 [us]
Chi2:	577.5235594212631	RelRMS:	36.047579789742365	AbsRMS:	1.110769146553072e-06	Phi model:	2.5640685660356715
depth_vector,start_model,resistivity_model,conductivity_model,E/I[V/A],modelled_thickness,rhoa,sigma,rel_err
0.0,16.2379,69.34504754708261,0.0144206404836774,0.0001568817688563,1.0,17.902034051248155,0.0558595742325871,0.015
1.0,16.2379,63.70041864257831,0.0156984839551993,9.992075287659736e-05,1.0,16.9902174788446,0.0588573984556202,0.015
2.0,16.2379,53.72359995854821,0.0186137935799457,6.736835451744612e-05,1.0,16.493260516645677,0.0606308254811569,0.015
3.0,16.2379,41.53258767865528,0.0240774788158438,4.759790283712297e-05,1.0,16.23139517475342,0.0616089984399749,0.015
4.0,16.2379,29.302528272038742,0.0341267480647472,3.072102581614427e-05,1.0,16.08725991402859,0.0621609898356878,0.015
5.0,16.2379,18.80538107032214,0.0531762688700926,1.8221714462006376e-05,1.0,16.127770488419085,0.0620048506219798,0.015
6.0,16.2379,11.105660137908613,0.0900441745544283,1.1651013453550403e-05,1.5,16.31139707750652,0.0613068270760819,0.015
7.5,16.2379,6.699025341655513,0.1492754466507022,7.905955842316392e-06,1.5,16.558096356741455,0.0603934159129869,0.015
9.0,16.2379,6.360421674321605,0.1572222804090514,4.875657874067792e-06,1.5,16.960822610371775,0.0589594044447163,0.015
10.5,16.2379,10.92373145532018,0.0915438102895664,2.7767705384141456e-06,1.5,17.54594913153709,0.0569932120800806,0.015
12.0,16.2379,21.88866400520287,0.0456857485574406,1.7233833505508535e-06,1.5,18.119945820290948,0.0551878029833945,0.015
13.5,16.2379,39.30924940854148,0.0254393053809547,1.1497019967229094e-06,1.5,18.643491283771606,0.0536380222340897,0.015
15.0,16.2379,57.87987133153792,0.0172771634938848,6.980674163075623e-07,1.5,19.341839602788063,0.0517013903814947,0.015
16.5,16.2379,67.09633031666486,0.014903944750487,3.9217932610893595e-07,1.5,20.19509886908285,0.0495169648082745,0.015
18.0,16.2379,58.22768365822107,0.0171739615449877,2.434225099930332e-07,1.5,20.921395129467857,0.0477979596394839,0.015
19.5,16.2379,33.7451760102443,0.0296338652877798,1.621718825343268e-07,nan,21.550190841440845,0.0464033013608866,0.015
nan,nan,nan,nan,9.867913219539477e-08,nan,22.33773109020027,0.0447673040722881,0.015
nan,nan,nan,nan,5.584562145548602e-08,nan,23.23801263847384,0.0430329398454822,0.015
nan,nan,nan,nan,3.4908072557126366e-08,nan,23.97711705290248,0.0417064319198019,0.015
Name:	12.87720418070694_8_210_0.015
Lambda:	12.87720418070694	Maximal Depth:	20	Filter time:	8 to 210 [us]
Chi2:	577.8777592522854	RelRMS:	36.05863223026689	AbsRMS:	1.1025254980085493e-06	Phi model:	2.1714808393885776
depth_vector,start_model,resistivity_model,conductivity_model,E/I[V/A],modelled_thickness,rhoa,sigma,rel_err
0.0,16.2379,63.16355947859813,0.0158319133414074,0.0001576168870365,1.0,17.846327830506638,0.0560339364768696,0.015
1.0,16.2379,58.12860783184664,0.0172032332667037,0.000100222008784,1.0,16.956153297394287,0.0589756404333566,0.015
2.0,16.2379,49.32400448488096,0.0202741040684668,6.75228222098419e-05,1.0,16.468097190063407,0.0607234696552182,0.015
3.0,16.2379,38.5678785996336,0.0259283122720029,4.769672191690409e-05,1.0,16.208968393793764,0.0616942408489666,0.015
4.0,16.2379,27.73560065159201,0.0360547446785725,3.0786442139483554e-05,1.0,16.064463246364742,0.0622492009016418,0.015
5.0,16.2379,18.295173332490805,0.0546592252407949,1.8268564657188816e-05,1.0,16.100185306526203,0.0621110863608911,0.015
6.0,16.2379,11.1757622617814,0.0894793551058056,1.1687370874460591e-05,1.5,16.277551528265352,0.061434300991985,0.015
7.5,16.2379,6.96284491817331,0.1436194560918568,7.934730067179248e-06,1.5,16.51804165962114,0.0605398642651768,0.015
9.0,16.2379,6.609752957406041,0.1512915847905523,4.896434252042293e-06,1.5,16.912810238031923,0.0591267794012904,0.015
10.5,16.2379,10.816747000189077,0.0924492363538243,2.790208215798053e-06,1.5,17.48956947753134,0.0571769363039318,0.015
12.0,16.2379,20.44600281379115,0.0489093153858652,1.7322310241307234e-06,1.5,18.05819264343408,0.0553765274158595,0.015
13.5,16.2379,35.11739451395844,0.0284759166743569,1.155688378273816e-06,1.5,18.57905428985933,0.053824052849978,0.015
15.0,16.2379,50.82563089152755,0.0196751123883579,7.016013624212862e-07,1.5,19.276835424790523,0.05187573468174,0.015
16.5,16.2379,59.81509806745669,0.0167181870850106,3.939683220426334e-07,1.5,20.13391569530664,0.0496674375284638,0.015
18.0,16.2379,54.333946305877205,0.0184047003390922,2.443702219717934e-07,1.5,20.86726880016039,0.0479219398368182,0.015
19.5,16.2379,34.258001647082,0.0291902607251225,1.626854445947346e-07,nan,21.504814147407515,0.0465012156415475,0.015
nan,nan,nan,nan,9.888747496971981e-08,nan,22.306344974521945,0.0448302938532596,0.015
nan,nan,nan,nan,5.588660712708031e-08,nan,23.22664984447442,0.0430539921467795,0.015
nan,nan,nan,nan,3.489101646283522e-08,nan,23.984930385177844,0.0416928456301869,0.015
Name:	15.076371999678692_8_210_0.015
Lambda:	15.076371999678692	Maximal Depth:	20	Filter time:	8 to 210 [us]
Chi2:	578.2722375073625	RelRMS:	36.07093753136402	AbsRMS:	1.1138867936407632e-06	Phi model:	1.801565153720828
depth_vector,start_model,resistivity_model,conductivity_model,E/I[V/A],modelled_thickness,rhoa,sigma,rel_err
0.0,16.2379,56.33912484570269,0.0177496544850265,0.0001582276740727,1.0,17.8003715603865,0.0561786025986913,0.015
1.0,16.2379,52.23084343398933,0.019145775450933,0.0001003917641311,1.0,16.93703347206372,0.0590422166697267,0.015
2.0,16.2379,44.87348755687719,0.0222848736401978,6.756988627032054e-05,1.0,16.460449350007966,0.060751682942332,0.015
3.0,16.2379,35.7798624459589,0.0279486820697082,4.771247476181012e-05,1.0,16.205400474097303,0.0617078239811721,0.015
4.0,16.2379,26.36698946397863,0.0379262107782973,3.079440510082667e-05,1.0,16.061693777623066,0.0622599343409962,0.015
5.0,16.2379,17.88581547685569,0.0559102268104019,1.8280244643248823e-05,1.0,16.093326537228084,0.0621375573090335,0.015
6.0,16.2379,11.283149629309085,0.0886277354155086,1.170126099781102e-05,1.5,16.26466733546304,0.0614829666893725,0.015
7.5,16.2379,7.324467566267168,0.1365286952194995,7.948510324077886e-06,1.5,16.498944690902626,0.0606099371041222,0.015
9.0,16.2379,6.922655412877654,0.1444532394519856,4.908319030114475e-06,1.5,16.885497940981807,0.0592224169814357,0.015
10.5,16.2379,10.643369393823502,0.0939552093888909,2.798908962771419e-06,1.5,17.453305044769223,0.0572957383965337,0.015
12.0,16.2379,19.07893323221085,0.0524138319385543,1.7383440402796378e-06,1.5,18.015832473395104,0.0555067328405029,0.015
13.5,16.2379,31.63153760105313,0.0316140180288518,1.1599763889747494e-06,1.5,18.533239364306187,0.053957108109548,0.015
15.0,16.2379,44.98180450184608,0.0222312112880878,7.042017812002584e-07,1.5,19.22935022168128,0.0520038372837211,0.015
16.5,16.2379,53.28203275291079,0.018768052724966,3.9529592601119126e-07,1.5,20.088810498466945,0.0497789553082953,0.015
18.0,16.2379,50.481612333694095,0.0198091929669319,2.450624378846921e-07,1.5,20.82795510692742,0.0480123946333741,0.015
19.5,16.2379,34.784005832643295,0.0287488452253404,1.6304523303537814e-07,nan,21.473166357493056,0.0465697505133447,0.015
nan,nan,nan,nan,9.901356014283279e-08,nan,22.287404157298187,0.0448683926105652,0.015
nan,nan,nan,nan,5.5887528312295025e-08,nan,23.22639461633022,0.0430544652546681,0.015
nan,nan,nan,nan,3.48518457041673e-08,nan,24.00289848222235,0.0416616351871273,0.015
Name:	17.651113509036346_8_210_0.015
Lambda:	17.651113509036346	Maximal Depth:	20	Filter time:	8 to 210 [us]
Chi2:	578.366814933834	RelRMS:	36.07388714293383	AbsRMS:	1.1023918339079833e-06	Phi model:	1.5994577001729784
depth_vector,start_model,resistivity_model,conductivity_model,E/I[V/A],modelled_thickness,rhoa,sigma,rel_err
0.0,16.2379,54.10901651100293,0.0184812082067071,0.0001581744843573,1.0,17.80436185269465,0.0561660119173915,0.015
1.0,16.2379,50.2750340770499,0.0198905882086013,0.0001001917316397,1.0,16.95956913512917,0.0589637621116595,0.015
2.0,16.2379,43.33297109166833,0.0230771159882981,6.737956104339952e-05,1.0,16.491431700180858,0.0606375491334104,0.015
3.0,16.2379,34.74760209696074,0.0287789642925451,4.7560539356956137e-05,1.0,16.239894966692393,0.0615767529316522,0.015
4.0,16.2379,25.723238523445502,0.038875353859062,3.069079702751911e-05,1.0,16.097821572720672,0.0621202064815153,0.015
5.0,16.2379,17.520006884463964,0.0570776031421973,1.8221145640135315e-05,1.0,16.128106134378132,0.0620035602238773,0.015
6.0,16.2379,11.223298084049222,0.0891003689388968,1.1666881835962816e-05,1.5,16.296603396253747,0.0613624800018069,0.015
7.5,16.2379,7.552255608673676,0.1324107725977272,7.927797097427479e-06,1.5,16.527670429281244,0.0605045946601373,0.015
9.0,16.2379,7.204532738495587,0.1388015068148354,4.897779557564916e-06,1.5,16.909713060560534,0.0591376090427197,0.015
10.5,16.2379,10.606655465562872,0.0942804264027192,2.794347995634797e-06,1.5,17.472291539763543,0.0572334772301729,0.015
12.0,16.2379,18.37486217973021,0.0544221768968218,1.7361610382974762e-06,1.5,18.03093105774247,0.0554602530949504,0.015
13.5,16.2379,29.77499966078161,0.0335852228847262,1.1588011721934696e-06,1.5,18.54576776841537,0.0539206579359342,0.015
15.0,16.2379,41.78280571685916,0.02393328985077,7.036224745885656e-07,1.5,19.239903382497552,0.0519753129794661,0.015
16.5,16.2379,49.46333735112299,0.0202169941122522,3.949913479823502e-07,1.5,20.09913616637517,0.0497533820221064,0.015
18.0,16.2379,48.04999865393616,0.0208116551095487,2.448504874590699e-07,1.5,20.839972936944328,0.0479847072271018,0.015
19.5,16.2379,35.06976169226583,0.0285145935343078,1.6287638575359566e-07,nan,21.48800402967029,0.0465375936554747,0.015
nan,nan,nan,nan,9.888038360279469e-08,nan,22.307411452223256,0.0448281505965738,0.015
nan,nan,nan,nan,5.5786211127724083e-08,nan,23.25450814863673,0.0430024145687477,0.015
nan,nan,nan,nan,3.4772866827889394e-08,nan,24.039229587995333,0.0415986708866651,0.015
Name:	20.665569151220556_8_210_0.015
Lambda:	20.66556915122056	Maximal Depth:	20	Filter time:	8 to 210 [us]
Chi2:	578.8388836978357	RelRMS:	36.08860607338735	AbsRMS:	1.181767617981377e-06	Phi model:	1.3255784986975525
depth_vector,start_model,resistivity_model,conductivity_model,E/I[V/A],modelled_thickness,rhoa,sigma,rel_err
0.0,16.2379,47.0147468914405,0.0212699220163633,0.0001593994646909,1.0,17.713027276511504,0.0564556235582642,0.015
1.0,16.2379,43.96401367122885,0.0227458759220254,0.0001006929548253,1.0,16.903242141416182,0.0591602481721425,0.015
2.0,16.2379,38.50167843449273,0.0259728936675166,6.762835053096584e-05,1.0,16.450961349742528,0.0607867211368562,0.015
3.0,16.2379,31.523499882631285,0.0317223659721545,4.7708702846734654e-05,1.0,16.20625461020931,0.0617045717256619,0.015
4.0,16.2379,24.09266318341361,0.0415064118228507,3.077599515414637e-05,1.0,16.06809845442864,0.0622351177917,0.015
5.0,16.2379,17.199168916652784,0.0581423442519811,1.827299586500609e-05,1.0,16.097582334311944,0.0621211296971286,0.015
6.0,16.2379,11.617858636155033,0.0860743818045761,1.17032383000945e-05,1.5,16.26283530295484,0.0614898928367249,0.015
7.5,16.2379,8.070463307015741,0.1239086235768756,7.954847018430098e-06,1.5,16.490181676805143,0.0606421457082298,0.015
9.0,16.2379,7.513598714994866,0.1330920159476048,4.916311354930457e-06,1.5,16.86719275697258,0.059286688330909,0.015
10.5,16.2379,10.417409455419396,0.0959931549469599,2.805806254291048e-06,1.5,17.424690594056337,0.057389828221174,0.015
12.0,16.2379,17.070788303081063,0.0585796029009107,1.7434529473116658e-06,1.5,17.98062027223592,0.0556154339983538,0.015
13.5,16.2379,27.087671143837227,0.0369171640740149,1.1635858414368534e-06,1.5,18.494892685409628,0.0540689809348765,0.015
15.0,16.2379,38.24252182724898,0.0261489031637936,7.063157851611759e-07,1.5,19.190962078159195,0.0521078618115804,0.015
16.5,16.2379,46.262519632391616,0.0216157703459763,3.962447967965349e-07,1.5,20.056727130879327,0.0498585832810379,0.015
18.0,16.2379,46.21063717888643,0.0216400391998251,2.454371875194769e-07,1.5,20.80674871392224,0.0480613292229976,0.015
19.5,16.2379,35.685974525208,0.028022213581238,1.6313462280811844e-07,nan,21.46532147957435,0.0465867702448139,0.015
nan,nan,nan,nan,9.892326988516379e-08,nan,22.300963686622868,0.0448411115345587,0.015
nan,nan,nan,nan,5.5727727292295615e-08,nan,23.270775036777792,0.0429723547419272,0.015
nan,nan,nan,nan,3.469095660673708e-08,nan,24.07705471103947,0.0415333192536001,0.015
Name:	24.19483326789813_8_210_0.015
Lambda:	24.19483326789813	Maximal Depth:	20	Filter time:	8 to 210 [us]
Chi2:	578.8727468755827	RelRMS:	36.08966168406212	AbsRMS:	1.164620125752384e-06	Phi model:	1.1285655115449462
depth_vector,start_model,resistivity_model,conductivity_model,E/I[V/A],modelled_thickness,rhoa,sigma,rel_err
0.0,16.2379,43.70276859670047,0.0228818455239812,0.0001593943789089,1.0,17.71340405314656,0.0564544227072132,0.015
1.0,16.2379,40.97270158035701,0.0244064941150821,0.0001004243898202,1.0,16.93336495877279,0.0590550078165015,0.015
2.0,16.2379,36.07908796944505,0.0277168868804801,6.735847748940946e-05,1.0,16.49487278997939,0.0606248991873097,0.015
3.0,16.2379,29.823089422375645,0.0335310666791523,4.748819101099311e-05,1.0,16.25638512114584,0.0615142906954897,0.015
4.0,16.2379,23.151986753106264,0.0431928374296357,3.062081528404057e-05,1.0,16.122339207423654,0.0620257387674576,0.015
5.0,16.2379,16.926282663147283,0.0590797176143848,1.8180272991253272e-05,1.0,16.152269749000993,0.0619108035922845,0.015
6.0,16.2379,11.830752738511858,0.0845254754369742,1.1646268996503578e-05,1.5,16.315826734726702,0.0612901826097229,0.015
7.5,16.2379,8.534305528968929,0.1171741504455858,7.918297776804531e-06,1.5,16.54088625504698,0.0604562527412869,0.015
9.0,16.2379,7.892059995135622,0.1267096297565355,4.895685999309318e-06,1.5,16.914533487731326,0.0591207555753951,0.015
10.5,16.2379,10.355407588220135,0.0965679034341011,2.795284056726895e-06,1.5,17.468390673181233,0.0572462580388286,0.015
12.0,16.2379,16.21428509529853,0.061674011165004,1.7374368832760543e-06,1.5,18.022102923426587,0.0554874203220823,0.015
13.5,16.2379,25.19340931104496,0.0396929207815312,1.1597649863618488e-06,1.5,18.53549146207564,0.0539505522174062,0.015
15.0,16.2379,35.462355089576704,0.0281989167801753,7.040500767791175e-07,1.5,19.232112404645186,0.0519963683114948,0.015
16.5,16.2379,43.32831908306484,0.0230795936967436,3.949296304850037e-07,1.5,20.101230102409247,0.049748199234839,0.015
18.0,16.2379,44.388728229137,0.0225282417382617,2.4456015685199815e-07,1.5,20.85646318229129,0.0479467679279905,0.015
19.5,16.2379,36.16198656050789,0.027653348035146,1.6249890034325945e-07,nan,21.52126895543748,0.0464656615774203,0.015
nan,nan,nan,nan,9.848680481450405e-08,nan,22.36680273597619,0.044709116980387,0.015
nan,nan,nan,nan,5.544156926967063e-08,nan,23.350780030915693,0.0428251218450103,0.015
nan,nan,nan,nan,3.448944450872972e-08,nan,24.17074724935929,0.0413723245575913,0.015
Name:	28.326824805926805_8_210_0.015
Lambda:	28.326824805926805	Maximal Depth:	20	Filter time:	8 to 210 [us]
Chi2:	579.1367674197166	RelRMS:	36.09789088983402	AbsRMS:	1.1818753740997348e-06	Phi model:	0.9762439825436994
depth_vector,start_model,resistivity_model,conductivity_model,E/I[V/A],modelled_thickness,rhoa,sigma,rel_err
0.0,16.2379,41.40613326319424,0.0241510114852694,0.0001596000173554,1.0,17.698185426749387,0.0565029677273343,0.015
1.0,16.2379,38.96257491940243,0.0256656548513179,0.0001003864344596,1.0,16.93763294233518,0.0590401270003038,0.015
2.0,16.2379,34.525025134387974,0.0289644973785687,6.728923815197207e-05,1.0,16.50618612247739,0.0605833469088443,0.015
3.0,16.2379,28.78008220175804,0.0347462523904436,4.743261444917071e-05,1.0,16.269080993839125,0.0614662869020497,0.015
4.0,16.2379,22.589058580643208,0.0442692198273774,3.0588173089138894e-05,1.0,16.133807147013528,0.0619816507590464,0.015
5.0,16.2379,16.753283729308038,0.0596897907393885,1.8169261340859352e-05,1.0,16.158795245850083,0.0618858018054793,0.015
6.0,16.2379,11.944111666449476,0.0837232628031232,1.1645485280581423e-05,1.5,16.316558739703662,0.0612874329662825,0.015
7.5,16.2379,8.832433066153685,0.1132190861238506,7.921756853065903e-06,1.5,16.536070795310454,0.0604738581721357,0.015
9.0,16.2379,8.195840656248338,0.1220131090808385,4.90088337201807e-06,1.5,16.902572830351133,0.0591625908101013,0.015
10.5,16.2379,10.406997678340613,0.0960891921866412,2.800041386334737e-06,1.5,17.44859895567159,0.0573111917203503,0.015
12.0,16.2379,15.658484717663306,0.0638631398906668,1.7411211550973532e-06,1.5,17.99667035864081,0.0555658341277483,0.015
13.5,16.2379,23.603887688672767,0.0423659023119267,1.1625025935914372e-06,1.5,18.50638022536853,0.0540354184784986,0.015
15.0,16.2379,32.71810870481942,0.030564113868009,7.05810907689374e-07,1.5,19.200112715675704,0.0520830275742892,0.015
16.5,16.2379,40.15535523237354,0.0249032786340237,3.958910929004215e-07,1.5,20.06867163904317,0.0498289083595608,0.015
18.0,16.2379,42.33814499554204,0.0236193626363482,2.4509773364954613e-07,1.5,20.82595547943135,0.048017004597347,0.015
19.5,16.2379,36.515483769893216,0.027385642931684,1.6280431851991769e-07,nan,21.494344839278,0.0465238651132383,0.015
nan,nan,nan,nan,9.862073357244979e-08,nan,22.346548465469866,0.0447496400415129,0.015
nan,nan,nan,nan,5.5475985997478034e-08,nan,23.341121310472037,0.042842843182146,0.015
nan,nan,nan,nan,3.4486925474325575e-08,nan,24.17192424038517,0.0413703100363542,0.015
Name:	33.164477502323265_8_210_0.015
Lambda:	33.164477502323265	Maximal Depth:	20	Filter time:	8 to 210 [us]
Chi2:	579.2457123796156	RelRMS:	36.10128602770454	AbsRMS:	1.204829558789475e-06	Phi model:	0.8384602453341018
depth_vector,start_model,resistivity_model,conductivity_model,E/I[V/A],modelled_thickness,rhoa,sigma,rel_err
0.0,16.2379,38.31370518040532,0.0261003208980014,0.000159901429446,1.0,17.675937869251143,0.0565740843511103,0.015
1.0,16.2379,36.16461929370441,0.0276513349104737,0.0001002779228533,1.0,16.949849645620752,0.0589975734833945,0.015
2.0,16.2379,32.26528812292486,0.0309930596680303,6.711275419252534e-05,1.0,16.53511059812807,0.0604773699011852,0.015
3.0,16.2379,27.23490492996083,0.0367175873230205,4.7270456176788347e-05,1.0,16.30626644725281,0.0613261167560814,0.015
4.0,16.2379,21.78918178691273,0.0458943346188717,3.046418920311584e-05,1.0,16.177552011041815,0.0618140494505881,0.015
5.0,16.2379,16.61161108666791,0.060198856979175,1.809037436805076e-05,1.0,16.205737107817804,0.0617065421552217,0.015
6.0,16.2379,12.265686157356006,0.0815282559141852,1.1594717004210644e-05,1.5,16.3641528424708,0.0611091823467111,0.015
7.5,16.2379,9.34712656936598,0.1069847500810969,7.887848298273434e-06,1.5,16.583427460969236,0.060301165265962,0.015
9.0,16.2379,8.592403915269644,0.1163818658737504,4.880727752881161e-06,1.5,16.949075153379226,0.0590002693923169,0.015
10.5,16.2379,10.401847856921975,0.096136764712872,2.7890782583775702e-06,1.5,17.494292934005845,0.0571614985396851,0.015
12.0,16.2379,15.009431789809655,0.0666247739424039,1.7345063693255842e-06,1.5,18.042396560180347,0.0554250094583889,0.015
13.5,16.2379,22.24406453070689,0.044955812757131,1.1581283545429514e-06,1.5,18.55294988081823,0.0538997844776098,0.015
15.0,16.2379,30.88417984138298,0.0323790369417567,7.031164965943782e-07,1.5,19.249132579043383,0.0519503928758174,0.015
16.5,16.2379,38.33342630606161,0.0260868932512268,3.942938377005699e-07,1.5,20.122832916764253,0.0496947921863876,0.015
18.0,16.2379,41.217546783310446,0.0242615118570063,2.440337831331092e-07,1.5,20.886443597524075,0.0478779451049551,0.015
19.5,16.2379,36.9927298933879,0.0270323385941501,1.6204129268535094e-07,nan,21.5617675544092,0.046378386998032,0.015
nan,nan,nan,nan,9.810738037890684e-08,nan,22.424433811051724,0.0445942139911312,0.015
nan,nan,nan,nan,5.514841630893803e-08,nan,23.43345753275499,0.0426740270232087,0.015
nan,nan,nan,nan,3.426127345188314e-08,nan,24.27794236030969,0.0411896521195647,0.015
Name:	38.82830410883109_8_210_0.015
Lambda:	38.82830410883109	Maximal Depth:	20	Filter time:	8 to 210 [us]
Chi2:	579.4564954276935	RelRMS:	36.10785392005887	AbsRMS:	1.2294318317488269e-06	Phi model:	0.7682189431627934
depth_vector,start_model,resistivity_model,conductivity_model,E/I[V/A],modelled_thickness,rhoa,sigma,rel_err
0.0,16.2379,37.632525562420106,0.0265727581408621,0.0001601219031379,1.0,17.659708675224675,0.0566260756839624,0.015
1.0,16.2379,35.57767295124422,0.0281075156705837,0.0001003256128422,1.0,16.944477789099665,0.0590162773055949,0.015
2.0,16.2379,31.82401839156221,0.0314228073807655,6.712390391697903e-05,1.0,16.533279486600936,0.0604840679558117,0.015
3.0,16.2379,26.919666909536385,0.0371475621656279,4.72779270212937e-05,1.0,16.304548594301693,0.0613325780972244,0.015
4.0,16.2379,21.578733437041656,0.0463419228435075,3.0474304230161378e-05,1.0,16.173972045691713,0.061827731442529,0.015
5.0,16.2379,16.47630008163454,0.0606932378656212,1.810398588283572e-05,1.0,16.1976132142888,0.0617374909976147,0.015
6.0,16.2379,12.218147449875968,0.081845468316897,1.1608738557166336e-05,1.5,16.350973285277732,0.0611584388618866,0.015
7.5,16.2379,9.43955265154563,0.1059372236073348,7.900753610660235e-06,1.5,16.565363984365746,0.0603669198542085,0.015
9.0,16.2379,8.789195290370937,0.1137760587815766,4.891354442440621e-06,1.5,16.924517832598124,0.0590858782442777,0.015
10.5,16.2379,10.554908806748273,0.0947426470762732,2.79681504956629e-06,1.5,17.46201522560373,0.0572671588634138,0.015
12.0,16.2379,14.8658515466371,0.0672682622225039,1.7400945946116388e-06,1.5,18.003747695965135,0.0555439910005022,0.015
13.5,16.2379,21.478828570828693,0.0465574738725808,1.1622323733043678e-06,1.5,18.50924861653833,0.0540270445720029,0.015
15.0,16.2379,29.30467427544608,0.0341242489372381,7.058317772837892e-07,1.5,19.19973424916038,0.0520840542386012,0.015
16.5,16.2379,36.30775170861129,0.0275423278209436,3.959135921083392e-07,1.5,20.0679113157444,0.049830796253093,0.015
18.0,16.2379,39.74822254167217,0.0251583576838334,2.4506153343943016e-07,1.5,20.828006353195956,0.048012276501277,0.015
19.5,16.2379,37.03452982956367,0.0270018278779855,1.6272721191355595e-07,nan,21.501134218500493,0.0465091743457681,0.015
nan,nan,nan,nan,9.851780276488837e-08,nan,22.36211078260723,0.0447184977179246,0.015
nan,nan,nan,nan,5.537097620275653e-08,nan,23.370622593780865,0.042788761659525,0.015
nan,nan,nan,nan,3.4393373208729226e-08,nan,24.215737222129327,0.0412954596767823,0.015
Name:	45.4593985345391_8_210_0.015
Lambda:	45.4593985345391	Maximal Depth:	20	Filter time:	8 to 210 [us]
Chi2:	579.7855148553024	RelRMS:	36.11810361057776	AbsRMS:	1.341242546566863e-06	Phi model:	0.6659381748219432
depth_vector,start_model,resistivity_model,conductivity_model,E/I[V/A],modelled_thickness,rhoa,sigma,rel_err
0.0,16.2379,34.84196020500674,0.0287010258354035,0.0001610064807885,1.0,17.594967087664603,0.0568344342457494,0.015
1.0,16.2379,33.07963314474252,0.0302300813199596,0.0001006470949151,1.0,16.908376399954687,0.0591422840576626,0.015
2.0,16.2379,29.86062576923827,0.0334889163987372,6.727002528982439e-05,1.0,16.50932883954183,0.0605718142584257,0.015
3.0,16.2379,25.650037664570664,0.0389862975281809,4.7362305525003177e-05,1.0,16.28517788421104,0.061405531281886,0.015
4.0,16.2379,21.00655832104871,0.0476041807856736,3.052269883992716e-05,1.0,16.156871328693178,0.0618931710017451,0.015
5.0,16.2379,16.479053511778822,0.0606830968347317,1.8134991867212467e-05,1.0,16.179145559199963,0.0618079611399113,0.015
6.0,16.2379,12.565816872512189,0.0795809783116851,1.1631491684048429e-05,1.5,16.329642850085982,0.0612383264704858,0.015
7.5,16.2379,9.856284888430247,0.101458106306753,7.918177335034082e-06,1.5,16.541053987972592,0.0604556396906221,0.015
9.0,16.2379,9.084170490018046,0.1100815975546506,4.903615504172996e-06,1.5,16.896293878002968,0.0591845766426852,0.015
10.5,16.2379,10.588825266704047,0.0944391823278492,2.8045580093644413e-06,1.5,17.429860432690994,0.0573728059304723,0.015
12.0,16.2379,14.428260429479964,0.069308424594055,1.7450891094150207e-06,1.5,17.969379658642026,0.0556502238250094,0.015
13.5,16.2379,20.364049075784056,0.0491061476172315,1.165544205048951e-06,1.5,18.474169962019197,0.0541296308335306,0.015
15.0,16.2379,27.55844708678386,0.0362865148696846,7.077210987711685e-07,1.5,19.165548815246428,0.0521769561435406,0.015
16.5,16.2379,34.37275113225212,0.0290928123894539,3.968101470607005e-07,1.5,20.037672224636903,0.0499059965044478,0.015
18.0,16.2379,38.481100130322005,0.0259867830340959,2.454922287434524e-07,1.5,20.80363857686921,0.048068514375743,0.015
19.5,16.2379,37.5029496700243,0.0266645692885135,1.629254791433186e-07,nan,21.483687242438855,0.0465469446057006,0.015
nan,nan,nan,nan,9.856121127184145e-08,nan,22.355544459702216,0.0447316325398643,0.015
nan,nan,nan,nan,5.533907718365644e-08,nan,23.37960272586292,0.0427723264473516,0.015
nan,nan,nan,nan,3.434229951770016e-08,nan,24.239740288192856,0.0412545674215453,0.015
Name:	53.22295069415713_8_210_0.015
Lambda:	53.22295069415713	Maximal Depth:	20	Filter time:	8 to 210 [us]
Chi2:	579.8781939751208	RelRMS:	36.12099024727896	AbsRMS:	1.3673422280788703e-06	Phi model:	0.5924196926706148
depth_vector,start_model,resistivity_model,conductivity_model,E/I[V/A],modelled_thickness,rhoa,sigma,rel_err
0.0,16.2379,33.21561569039506,0.0301063213556257,0.0001612244095091,1.0,17.579107979477882,0.0568857078053912,0.015
1.0,16.2379,31.62219781689465,0.0316233553970665,0.0001005497373961,1.0,16.919289022795454,0.0591041383980552,0.015
2.0,16.2379,28.69676338336838,0.0348471354292019,6.712722321788281e-05,1.0,16.53273445802985,0.0604860619118155,0.015
3.0,16.2379,24.859810254697425,0.0402255684880395,4.72357576811894e-05,1.0,16.31425098684142,0.061296102457083,0.015
4.0,16.2379,20.603114916224506,0.0485363501619127,3.04291907661403e-05,1.0,16.189954149493044,0.0617666974696968,0.015
5.0,16.2379,16.429698061397353,0.060865391211879,1.807773417982776e-05,1.0,16.2132904033493,0.0616777948906301,0.015
6.0,16.2379,12.788341095466356,0.0781962251815846,1.1595897659415031e-05,1.5,16.3630420617069,0.0611133306526308,0.015
7.5,16.2379,10.226084369946406,0.0977891403809375,7.895175364647515e-06,1.5,16.573165778362775,0.0603385022133524,0.015
9.0,16.2379,9.422894362032418,0.1061245050171941,4.890582915027608e-06,1.5,16.92629776849867,0.0590796648905165,0.015
10.5,16.2379,10.69914257614668,0.0934654335974044,2.79792358952014e-06,1.5,17.457402609761807,0.0572822900607689,0.015
12.0,16.2379,14.137760145062009,0.070732562282808,1.7413321310146284e-06,1.5,17.995216704991304,0.0555703227359652,0.015
13.5,16.2379,19.550449322882027,0.0511497195529716,1.1631939079218338e-06,1.5,18.499046972003804,0.0540568387935543,0.015
15.0,16.2379,26.269620555349395,0.0380667850870942,7.063630290297049e-07,1.5,19.190106365766667,0.0521101853705149,0.015
16.5,16.2379,32.919629659021645,0.0303770124499547,3.96049021603569e-07,1.5,20.06333622214584,0.0498421592963289,0.015
18.0,16.2379,37.48669083216739,0.0266761343239691,2.449983622978951e-07,1.5,20.831586438084216,0.0480040251841695,0.015
19.5,16.2379,37.79085680572204,0.0264614270361974,1.625742131158172e-07,nan,21.514621933254176,0.0464800173157746,0.015
nan,nan,nan,nan,9.83240330465725e-08,nan,22.3914808683862,0.0446598421014604,0.015
nan,nan,nan,nan,5.518527029911232e-08,nan,23.423023437312093,0.0426930367326975,0.015
nan,nan,nan,nan,3.4234444552228215e-08,nan,24.29062481979035,0.041168146452341,0.015
Name:	62.312361621777015_8_210_0.015
Lambda:	62.312361621777015	Maximal Depth:	20	Filter time:	8 to 210 [us]
Chi2:	580.0074899394951	RelRMS:	36.12501698773115	AbsRMS:	1.4038210941769603e-06	Phi model:	0.5338897797966483
depth_vector,start_model,resistivity_model,conductivity_model,E/I[V/A],modelled_thickness,rhoa,sigma,rel_err
0.0,16.2379,31.835721112118915,0.0314112564461223,0.0001614886074316,1.0,17.559929614810684,0.0569478364626566,0.015
1.0,16.2379,30.387035651418596,0.0329087710782777,0.0001004949709037,1.0,16.925435439636637,0.0590826749223929,0.015
2.0,16.2379,27.71788605244522,0.0360777873935946,6.70173811671493e-05,1.0,16.55079438732154,0.0604200606084523,0.015
3.0,16.2379,24.197008800237207,0.041327422255192,4.713387274900304e-05,1.0,16.337752529777557,0.0612079291920585,0.015
4.0,16.2379,20.27066553103775,0.0493323713752187,3.0352184995771465e-05,1.0,16.217326002402018,0.0616624466852233,0.015
5.0,16.2379,16.39745204642586,0.0609850845831849,1.803026512814789e-05,1.0,16.241734880936786,0.0615697773255563,0.015
6.0,16.2379,12.99101993585268,0.0769762501279976,1.1566441813476369e-05,1.5,16.390811068425045,0.0610097935865041,0.015
7.5,16.2379,10.564186990136976,0.094659437676901,7.876243450817215e-06,1.5,16.59971279794893,0.0602420061221517,0.015
9.0,16.2379,9.740386541248991,0.102665330145283,4.879987885042928e-06,1.5,16.950788239427553,0.0589943066879921,0.015
10.5,16.2379,10.826459129260536,0.0923663025981701,2.79264823643649e-06,1.5,17.479380552020434,0.0572102653766188,0.015
12.0,16.2379,13.91650851888215,0.0718571040030035,1.738420247777072e-06,1.5,18.015305960299884,0.0555083550733852,0.015
13.5,16.2379,18.879384810307236,0.0529678276091945,1.16141871509772e-06,1.5,18.51789232325455,0.0540018260471366,0.015
15.0,16.2379,25.176004000395245,0.0397203622935673,7.05371366529236e-07,1.5,19.208088054622397,0.0520614023194959,0.015
16.5,16.2379,31.652686775793036,0.031592894691163,3.955119298347484e-07,1.5,20.081495666525708,0.0497970876575155,0.015
18.0,16.2379,36.58211065645142,0.0273357655437425,2.446561998392084e-07,1.5,20.851004507058725,0.0479593201210746,0.015
19.5,16.2379,38.01748537612166,0.0263036860567345,1.6233255947208136e-07,nan,21.53596822685924,0.0464339466638337,0.015
nan,nan,nan,nan,9.816078718576453e-08,nan,22.416299360999943,0.0446103963859354,0.015
nan,nan,nan,nan,5.5078468944991694e-08,nan,23.453293013253315,0.0426379357233504,0.015
nan,nan,nan,nan,3.415877266156216e-08,nan,24.32648558344324,0.0411074586409064,0.015
Name:	72.95406136340671_8_210_0.015
Lambda:	72.95406136340671	Maximal Depth:	20	Filter time:	8 to 210 [us]
Chi2:	580.1539668196295	RelRMS:	36.12957826136594	AbsRMS:	1.4502097626364942e-06	Phi model:	0.4868658837471652
depth_vector,start_model,resistivity_model,conductivity_model,E/I[V/A],modelled_thickness,rhoa,sigma,rel_err
0.0,16.2379,30.654307734068954,0.0326218425376022,0.0001618003354406,1.0,17.537368140777772,0.0570210987174755,0.015
1.0,16.2379,29.328154928572733,0.0340969284442015,0.0001004802885781,1.0,16.927084178946714,0.0590769201256624,0.015
2.0,16.2379,26.875645982233998,0.0372084079638883,6.693718432099788e-05,1.0,16.564011322209957,0.0603718495808526,0.015
3.0,16.2379,23.626726178037707,0.0423249498243879,4.7053477681308434e-05,1.0,16.356356907003793,0.0611383088352516,0.015
4.0,16.2379,19.987829871952385,0.0500304438453938,3.0289098342245515e-05,1.0,16.239836675813383,0.0615769739537675,0.015
5.0,16.2379,16.37619331879266,0.0610642522674937,1.799079281442576e-05,1.0,16.265482756048776,0.0614798844275385,0.015
6.0,16.2379,13.177139405777757,0.0758890051327477,1.1541890001318188e-05,1.5,16.414047099782167,0.0609234269842731,0.015
7.5,16.2379,10.873125969652378,0.0919698716625804,7.86051478029345e-06,1.5,16.62184912746065,0.0601617781711132,0.015
9.0,16.2379,10.037456489012198,0.0996268328629548,4.871287191628353e-06,1.5,16.97096630691685,0.0589241638876173,0.015
10.5,16.2379,10.963902066892198,0.0912084031669445,2.7884248622921146e-06,1.5,17.49702572084582,0.0571525707256981,0.015
12.0,16.2379,13.7553145534734,0.0726991735530676,1.7361670243922262e-06,1.5,18.03088961206655,0.0554603805754977,0.015
13.5,16.2379,18.32490321028601,0.0545705474416196,1.1600975454304206e-06,1.5,18.531948978172647,0.0539608651619871,0.015
15.0,16.2379,24.241613954062,0.041251378802377,7.046754771367487e-07,1.5,19.220731705133225,0.0520271556432439,0.015
16.5,16.2379,30.546606125847266,0.0327368610404755,3.951612261257406e-07,1.5,20.093375397695905,0.0497676463116629,0.015
18.0,16.2379,35.767933853852675,0.0279580029443687,2.444434322858884e-07,1.5,20.86310212226093,0.0479315105749782,0.015
19.5,16.2379,38.1820697771824,0.0261903036120268,1.6218623920598869e-07,nan,21.54891907888624,0.0464060399660513,0.015
nan,nan,nan,nan,9.806319873383255e-08,nan,22.43116874666874,0.0445808246237062,0.015
nan,nan,nan,nan,5.501423368787592e-08,nan,23.47154568696656,0.042604778285023,0.015
nan,nan,nan,nan,3.4112620307400824e-08,nan,24.34842216794552,0.0410704230895294,0.015
Name:	85.41314966877566_8_210_0.015
Lambda:	85.41314966877566	Maximal Depth:	20	Filter time:	8 to 210 [us]
Chi2:	580.3068223185791	RelRMS:	36.13433755054605	AbsRMS:	1.5058424883750457e-06	Phi model:	0.4485951555738092
depth_vector,start_model,resistivity_model,conductivity_model,E/I[V/A],modelled_thickness,rhoa,sigma,rel_err
0.0,16.2379,29.628699536683445,0.0337510594672538,0.0001621555600964,1.0,17.51174672603281,0.057104526215732,0.015
1.0,16.2379,28.40798357182977,0.0352013720886416,0.0001005001328397,1.0,16.9248558797859,0.0590846980974499,0.015
2.0,16.2379,26.142127345846745,0.0382524339649379,6.688145697562676e-05,1.0,16.573211084311364,0.0603383372668574,0.015
3.0,16.2379,23.130213324837857,0.0432334966373255,4.699019471339011e-05,1.0,16.37103864541833,0.0610834792867503,0.015
4.0,16.2379,19.739644406261498,0.0506594738698938,3.023664043149397e-05,1.0,16.258614373989648,0.061505856341595,0.015
5.0,16.2379,16.360365767892105,0.0611233278147449,1.795714105271948e-05,1.0,16.285797472091275,0.0614031951283739,0.015
6.0,16.2379,13.349165490762408,0.0749110497350563,1.1520774906919083e-05,1.5,16.434096582791994,0.06084910082901,0.015
7.5,16.2379,11.156739701014066,0.0896319199693354,7.846969065905131e-06,1.5,16.640972442486795,0.0600926420289511,0.015
9.0,16.2379,10.315164954335485,0.0969446445526494,4.863845375655698e-06,1.5,16.988272589568194,0.0588641366994581,0.015
10.5,16.2379,11.108245721774418,0.0900232156405936,2.784894973196772e-06,1.5,17.511807731361543,0.0571043272825066,0.015
12.0,16.2379,13.643202468983166,0.0732965740465574,1.7343546937167903e-06,1.5,18.043448460196856,0.0554217782817935,0.015
13.5,16.2379,17.8693094126968,0.0559618716596548,1.1590888151652966e-06,1.5,18.54269939243455,0.0539295805231034,0.015
15.0,16.2379,23.443516494218677,0.0426557167840672,7.041926730566468e-07,1.5,19.229516031705085,0.0520033888711098,0.015
16.5,16.2379,29.58047072960542,0.0338060881160743,3.949528386335122e-07,1.5,20.10044263808987,0.0497501481935041,0.015
18.0,16.2379,35.03337152816409,0.0285442124574301,2.443339855415599e-07,1.5,20.86933192327738,0.0479172023175602,0.015
19.5,16.2379,38.28423503405694,0.0261204122038854,1.62118611739407e-07,nan,21.554911389042324,0.0463931389905115,0.015
nan,nan,nan,nan,9.80216782231527e-08,nan,22.437502637018525,0.0445682398873638,0.015
nan,nan,nan,nan,5.49874678926825e-08,nan,23.47916176935852,0.0425909583069123,0.015
nan,nan,nan,nan,3.4092960041379896e-08,nan,24.357781880531103,0.0410546413833883,0.015
Name:	100.0_8_210_0.015
Lambda:	100	Maximal Depth:	20	Filter time:	8 to 210 [us]
Chi2:	580.462617004685	RelRMS:	36.13918770891981	AbsRMS:	1.5716725956662369e-06	Phi model:	0.4168267898514042
depth_vector,start_model,resistivity_model,conductivity_model,E/I[V/A],modelled_thickness,rhoa,sigma,rel_err
0.0,16.2379,28.71945168797185,0.0348196062677204,0.0001625583152859,1.0,17.482809982223948,0.0571990430037718,0.015
1.0,16.2379,27.591364373400054,0.0362432240199063,0.0001005537077539,1.0,16.91884364837675,0.0591056942651008,0.015
2.0,16.2379,25.49105725570781,0.0392294438778558,6.68481673570849e-05,1.0,16.57871280675286,0.0603183137108617,0.015
3.0,16.2379,22.68891916130736,0.0440743780208514,4.6941874688681867e-05,1.0,16.382271165734924,0.0610415973391769,0.015
4.0,16.2379,19.521953412369506,0.0512243820521761,3.019297724072328e-05,1.0,16.274285390960152,0.0614466304342596,0.015
5.0,16.2379,16.350851183014147,0.0611588955710658,1.7928018014735505e-05,1.0,16.303429597055608,0.0613367877014416,0.015
6.0,16.2379,13.507544320987016,0.0740327017432972,1.1502207181587417e-05,1.5,16.45177792851335,0.0607837040072643,0.015
7.5,16.2379,11.417105054084203,0.0875878775979444,7.834985612965688e-06,1.5,16.657936141858745,0.060031446361903,0.015
9.0,16.2379,10.57638854347624,0.0945502328974877,4.857279287450901e-06,1.5,17.003579015691802,0.0588111478811106,0.015
10.5,16.2379,11.257413004326295,0.0888303555724298,2.781847708230912e-06,1.5,17.524593808843207,0.0570626635292044,0.015
12.0,16.2379,13.572320200560071,0.0736793698662321,1.7328592001090949e-06,1.5,18.05382821563101,0.0553899144301262,0.015
13.5,16.2379,17.49774553690009,0.0571502196034998,1.1583146388807435e-06,1.5,18.55096065928839,0.0539055641573636,0.015
15.0,16.2379,22.765417445026717,0.043926275563133,7.03879823331601e-07,1.5,19.235213503580027,0.0519879854629053,0.015
16.5,16.2379,28.734457431934583,0.034801422729793,3.9486547686818965e-07,1.5,20.10340726868034,0.0497428115858712,0.015
18.0,16.2379,34.35910369913293,0.0291043680521047,2.443161999437775e-07,1.5,20.870344733835694,0.0479148769583459,0.015
19.5,16.2379,38.32214870349466,0.026094570211529,1.6212278757926428e-07,nan,21.55454125705431,0.04639393564791,0.015
nan,nan,nan,nan,9.803267330878241e-08,nan,22.43582491831317,0.0445715726362151,0.015
nan,nan,nan,nan,5.499655267422167e-08,nan,23.47657604452086,0.0425956493018234,0.015
nan,nan,nan,nan,3.4098966716983144e-08,nan,24.35492131310842,0.0410594633891005,0.015
Name:	13.0_8_210_0.015
Lambda:	13.0	Maximal Depth:	20	Filter time:	8.0 to 210.0 [us]
Chi2:	577.8904004330152	RelRMS:	36.059026622668064	AbsRMS:	1.1019378478509422e-06	Phi model:	2.1482071092681574
depth_vector,start_model,resistivity_model,conductivity_model,E/I[V/A],modelled_thickness,rhoa,sigma,rel_err
0.0,16.2379,62.694059794919454,0.01595047446713663,0.00015763986300391903,1.0,17.844593723415702,0.0560393817589581,0.015
1.0,16.2379,57.714469355209815,0.017326677541560576,0.00010022004694067449,1.0,16.956374578529044,0.058974870799695996,0.015
2.0,16.2379,49.007377575884206,0.020405091018216102,6.751562785674457e-05,1.0,16.46926704466609,0.06071915631023,0.015
3.0,16.2379,38.36360560413493,0.026066371610603184,4.768956596547957e-05,1.0,16.210589820305387,0.06168807002613809,0.015
4.0,16.2379,27.62955210461159,0.03619313104366582,3.0780951130472715e-05,1.0,16.066373680941474,0.062241798918584654,0.015
5.0,16.2379,18.26030979031732,0.05476358350340027,1.8265283559131974e-05,1.0,16.10211336146524,0.06210364922614129,0.015
6.0,16.2379,11.183794240145657,0.08941509281442002,1.1685458448963299e-05,1.5,16.279327453769653,0.06142759907249358,0.015
7.5,16.2379,6.990605052052486,0.14304913416706236,7.933597247548857e-06,1.5,16.51961400366516,0.060534102054571784,0.015
9.0,16.2379,6.629815346747067,0.1508337634909624,4.895880620473848e-06,1.5,16.914085226799255,0.059122322407100435,0.015
10.5,16.2379,10.797237983023422,0.09261627849384328,2.7899820450923265e-06,1.5,17.490514662784758,0.057173846469351676,0.015
12.0,16.2379,20.346873375180863,0.04914760030009333,1.7321252784748053e-06,1.5,18.058927600279755,0.05537427371847422,0.015
13.5,16.2379,34.90501646805694,0.02864917714378225,1.1556285691224422e-06,1.5,18.579695319290053,0.053822195833414285,0.015
15.0,16.2379,50.51161883346178,0.019797425287378493,7.015652964813323e-07,1.5,19.277496072474385,0.05187395687907117,0.015
16.5,16.2379,59.485275617192826,0.016810882855033345,3.93941663617542e-07,1.5,20.134824006493307,0.04966519695814121,0.015
18.0,16.2379,54.14156844309556,0.01847009661441616,2.4434715895343675e-07,1.5,20.86858183536547,0.047918924625022896,0.015
19.5,16.2379,34.29053402743709,0.029162567115457113,1.626650052225512e-07,nan,21.506615541608113,0.046497320699546346,0.015
nan,nan,nan,nan,9.887035233282776e-08,nan,22.308920282575304,0.044825118711866306,0.015
nan,nan,nan,nan,5.587333663058477e-08,nan,23.230327412272917,0.043047176316235884,0.015
nan,nan,nan,nan,3.488069040060123e-08,nan,23.98966380955653,0.04168461917343084,0.015
