Name:	10.0_8_210_0.025
Lambda:	10.0	Maximal Depth:	20	Filter time:	8.0 to 210.0 [us]
Chi2:	1.4962022389697363	RelRMS:	3.0579836483475273	AbsRMS:	1.7414281031589593e-07	Phi model:	0.041061550659412395
depth_vector,start_model,resistivity_model,conductivity_model,E/I[V/A],modelled_thickness,rhoa,sigma
0.0,16.2485,14.262371038160909,0.07011456912208806,0.00021465274084395632,1.0,14.52534328071702,0.06884518876242604
1.0,16.2485,14.355841195613952,0.06965805670137419,0.00012450604382531429,1.0,14.672668782711956,0.06815392719681972
2.0,16.2485,14.537962128019121,0.06878543163024842,7.939057603575205e-05,1.0,14.783065800746371,0.06764496711835725
3.0,16.2485,14.795165493085532,0.06758964612240034,5.430199946467407e-05,1.0,14.866332752006647,0.06726608482949642
4.0,16.2485,15.106960250515298,0.0661946535515568,3.4107454408263524e-05,1.0,15.003975600276462,0.0666490020139445
5.0,16.2485,15.447358961720019,0.06473598512717238,1.9952518511286297e-05,1.0,15.181056994509873,0.06587156614731393
6.0,16.2485,15.785818786633332,0.06334799692789782,1.2750970873724331e-05,1.5,15.359301307320314,0.0651071282469988
7.5,16.2485,16.064023989634084,0.06225090305176882,8.7031511460773e-06,1.5,15.530864994036683,0.06438791402693704
9.0,16.2485,16.236452890929915,0.06158980700511408,5.441794410083988e-06,1.5,15.763076170877383,0.06343939400911613
10.5,16.2485,16.305221148739445,0.061330048263547154,3.1689123253106735e-06,1.5,16.06682433374305,0.06224005311988324
12.0,16.2485,16.331589571126578,0.06123102687860521,2.01128735246579e-06,1.5,16.346649158778597,0.06117461690691347
13.5,16.2485,16.447948281915775,0.060797856538707756,1.3696674091011084e-06,1.5,16.589782279180532,0.060278066533456395
15.0,16.2485,16.857509200072048,0.05932074472756189,8.539275797029861e-07,1.5,16.91019679575372,0.05913591734491864
16.5,16.2485,17.835206701850105,0.05606887639245957,4.948455061274504e-07,1.5,17.295084725329296,0.057819895992499114
18.0,16.2485,19.74652455563911,0.05064182292850238,3.149856490975654e-07,1.5,17.618568565584724,0.05675829998773865
19.5,16.2485,23.09338917839969,0.043302435700314876,2.1426193731565363e-07,nan,17.898012524205775,0.05587212539088191
nan,nan,nan,nan,1.3360370907120285e-07,nan,18.251991706372305,0.054788541222647535
nan,nan,nan,nan,7.761326492288209e-08,nan,18.659547179063964,0.053591868570208465
nan,nan,nan,nan,4.949056414724131e-08,nan,18.99908156275071,0.05263412321786037
Name:	12.742749857031335_8_210_0.025
Lambda:	12.742749857031335	Maximal Depth:	20	Filter time:	8.0 to 210.0 [us]
Chi2:	1.4987343675232547	RelRMS:	3.0605701751504317	AbsRMS:	1.491629793978815e-07	Phi model:	0.037048782318892706
depth_vector,start_model,resistivity_model,conductivity_model,E/I[V/A],modelled_thickness,rhoa,sigma
0.0,16.2485,14.329980100154927,0.06978376752869242,0.0002145323183793154,1.0,14.530778402873711,0.06881943776681866
1.0,16.2485,14.416663513875434,0.06936417701901289,0.00012450636707791275,1.0,14.672643386525538,0.0681540451612379
2.0,16.2485,14.584367495187196,0.06856656624498782,7.941245446809786e-05,1.0,14.780350482265442,0.06765739426814499
3.0,16.2485,14.819113308004148,0.06748042067131484,5.432205075612522e-05,1.0,14.862674231411207,0.06728264270817233
4.0,16.2485,15.10092723964088,0.06622109915045067,3.412038718149804e-05,1.0,15.00018402012381,0.06666584880948322
5.0,16.2485,15.405455147396065,0.06491207110937107,1.995789895591791e-05,1.0,15.178328433843875,0.06588340767289302
6.0,16.2485,15.706023172934422,0.06366984111695831,1.2752651102165055e-05,1.5,15.357952165539686,0.06511284767794819
7.5,16.2485,15.954924697351794,0.06267657284311598,8.703220948814847e-06,1.5,15.5307819521109,0.06438825830428214
9.0,16.2485,16.12196063174698,0.062027195255074864,5.4410672269382345e-06,1.5,15.764480599767136,0.06343374230894555
10.5,16.2485,16.220871520426705,0.061648968659958545,3.168093788616266e-06,1.5,16.06959165901992,0.06222933483432333
12.0,16.2485,16.31599202740657,0.06128956169629547,2.0106427768251113e-06,1.5,16.350142598481725,0.06116154608295955
13.5,16.2485,16.529031696134812,0.06049961173671428,1.3692024320288399e-06,1.5,16.593537960433636,0.06026442355960761
15.0,16.2485,17.037427528092156,0.05869430689293618,8.536523918828863e-07,1.5,16.913830773122594,0.05912321185033249
16.5,16.2485,18.074210154843662,0.0553274522888079,4.947222050545126e-07,1.5,17.297958275926053,0.05781029090535626
18.0,16.2485,19.940718827169714,0.05014864352018623,3.1493806067204276e-07,1.5,17.620343345938558,0.056752583100515876
19.5,16.2485,23.03715201992909,0.043408143469076184,2.1425222211736387e-07,nan,17.898553573208257,0.05587043645229894
nan,nan,nan,nan,1.336179577927009e-07,nan,18.250694115473124,0.05479243658750436
nan,nan,nan,nan,7.763679028742703e-08,nan,18.655777533080006,0.05360269751431279
nan,nan,nan,nan,4.951414252817336e-08,nan,18.99304957376859,0.05265083925127567
Name:	16.237767391887218_8_210_0.025
Lambda:	16.237767391887218	Maximal Depth:	20	Filter time:	8.0 to 210.0 [us]
Chi2:	1.501454984843572	RelRMS:	3.0633468062353515	AbsRMS:	1.266664425068762e-07	Phi model:	0.03366327418943014
depth_vector,start_model,resistivity_model,conductivity_model,E/I[V/A],modelled_thickness,rhoa,sigma
0.0,16.2485,14.407539009381582,0.0694081063635394,0.00021442038762109041,1.0,14.535834823706738,0.0687954983066458
1.0,16.2485,14.48449210224437,0.06903935553563871,0.00012451043593692177,1.0,14.672323727952639,0.06815552999930563
2.0,16.2485,14.632645440343499,0.06834034242659304,7.943564861631643e-05,1.0,14.77747323230715,0.06767056751040204
3.0,16.2485,14.839067411605939,0.06738967970573942,5.434234409277631e-05,1.0,14.85897383862634,0.06729939838782611
4.0,16.2485,15.086137231183754,0.06628602038253723,3.4133083054411696e-05,1.0,14.996464222580439,0.0666823849380631
5.0,16.2485,15.352436472611938,0.06513624086860449,1.996296816910197e-05,1.0,15.175758828006483,0.0658945632527136
6.0,16.2485,15.616721493474648,0.06403392673794202,1.2754090772002792e-05,1.5,15.356796416278016,0.06511774805714116
7.5,16.2485,15.843040887651735,0.06311919580914624,8.703124648761386e-06,1.5,15.530896517276437,0.06438778333804546
9.0,16.2485,16.0143231845842,0.062444100101753025,5.440246542109347e-06,1.5,15.766065986838749,0.06342736360705223
10.5,16.2485,16.15136746838049,0.06191426217982463,3.1672345629086073e-06,1.5,16.072497828797555,0.0622180827555174
12.0,16.2485,16.317703534033434,0.061283133249376946,2.0099818893114338e-06,1.5,16.35372638301965,0.061148143033523956
13.5,16.2485,16.62263821076085,0.06015892226738345,1.3687322805952538e-06,1.5,16.5973375976173,0.06025062719357827
15.0,16.2485,17.218624633919237,0.05807664788917487,8.533786384365634e-07,1.5,16.91744774667411,0.05911057122647802
16.5,16.2485,18.30107369097853,0.05464160283081902,4.946027580588391e-07,1.5,17.300743145141055,0.05780098528778238
18.0,16.2485,20.116097706636747,0.04971143084426746,3.148943975071788e-07,1.5,17.621972129394834,0.05674733750894552
19.5,16.2485,22.98047835422027,0.043515195140241894,2.1424595878972884e-07,nan,17.898902405798133,0.05586934759061327
nan,nan,nan,nan,1.336348968809332e-07,nan,18.24915182047565,0.0547970672739976
nan,nan,nan,nan,7.766218661816762e-08,nan,18.651710224452643,0.05361438645390204
nan,nan,nan,nan,4.953905213227908e-08,nan,18.986682220029373,0.052668496181238186
Name:	20.6913808111479_8_210_0.025
Lambda:	20.6913808111479	Maximal Depth:	20	Filter time:	8.0 to 210.0 [us]
Chi2:	1.5042929816389345	RelRMS:	3.066240554040622	AbsRMS:	1.0772477104476004e-07	Phi model:	0.030891164346607936
depth_vector,start_model,resistivity_model,conductivity_model,E/I[V/A],modelled_thickness,rhoa,sigma
0.0,16.2485,14.488681967739845,0.0690193905992675,0.000214320578025072,1.0,14.540347388420654,0.06877414777561364
1.0,16.2485,14.554226652476514,0.06870856307778073,0.0001245171917434922,1.0,14.671793015280127,0.06815799534239184
2.0,16.2485,14.680209837018788,0.06811891731127169,7.945859944516497e-05,1.0,14.774627544193073,0.06768360129613106
3.0,16.2485,14.855676779039914,0.06731433477409217,5.4361632760320964e-05,1.0,14.855458776700493,0.0673153226050759
4.0,16.2485,15.066134387847034,0.06637402629347587,3.414473911942163e-05,1.0,14.993051110961847,0.0666975649318551
5.0,16.2485,15.294586743584466,0.06538260998908417,1.9967328720596852e-05,1.0,15.173549315738098,0.06590415855852486
6.0,16.2485,15.525090715062424,0.0644118619564523,1.2755092035014564e-05,1.5,15.355992742818808,0.06512115606903028
7.5,16.2485,15.734512935986276,0.06355455704719706,8.702760263426116e-06,1.5,15.531330034250503,0.0643859861193309
9.0,16.2485,15.916144278678514,0.06282928719989135,5.439292428947968e-06,1.5,15.767909629986347,0.06341994744175014
10.5,16.2485,16.09553670852716,0.06212902484141556,3.1663237325071095e-06,1.5,16.07557997686888,0.0622061537710551
12.0,16.2485,16.332348651882015,0.06122818103596923,2.0093019252499832e-06,1.5,16.35741566402013,0.06113435157117184
13.5,16.2485,16.72248527999981,0.05979972374058573,1.3682562487058054e-06,1.5,16.601186975939253,0.060236656658908726
15.0,16.2485,17.395025452918432,0.05748769972809819,8.531058628214347e-07,1.5,16.921053724574183,0.059097974409697406
16.5,16.2485,18.511883957470793,0.05401935331365518,4.944862071166338e-07,1.5,17.30346157446791,0.057791904567554744
18.0,16.2485,20.272200036082506,0.04932863715926733,3.1485338401093486e-07,1.5,17.62350241414413,0.056742410021598653
19.5,16.2485,22.924780335691338,0.04362091960563352,2.1424177385862236e-07,nan,17.899135492708123,0.05586862004633616
nan,nan,nan,nan,1.3365320876232648e-07,nan,18.24748489985243,0.054802073024764475
nan,nan,nan,nan,7.768833859301581e-08,nan,18.64752421287375,0.05362642185548829
nan,nan,nan,nan,4.9564383818711586e-08,nan,18.980212444467004,0.052686449265298606
Name:	26.366508987303583_8_210_0.025
Lambda:	26.366508987303583	Maximal Depth:	20	Filter time:	8.0 to 210.0 [us]
Chi2:	1.5071916286450258	RelRMS:	3.0691933270863556	AbsRMS:	9.312216029256242e-08	Phi model:	0.028668030088515727
depth_vector,start_model,resistivity_model,conductivity_model,E/I[V/A],modelled_thickness,rhoa,sigma
0.0,16.2485,14.567924604705349,0.0686439576765112,0.00021424189740145002,1.0,14.543907145250808,0.06875731466193674
1.0,16.2485,14.621537265045825,0.06839226148885146,0.00012452898896393478,1.0,14.670866381725821,0.06816230030188333
2.0,16.2485,14.724579901162596,0.06791365232233511,7.948186789320458e-05,1.0,14.771743872412026,0.06769681417693804
3.0,16.2485,14.868764933922222,0.06725508167249038,5.438000835299505e-05,1.0,14.852112041460344,0.06733049125999417
4.0,16.2485,15.043338156779505,0.06647460753578388,3.415528544844014e-05,1.0,14.989964623538159,0.06671129819944598
5.0,16.2485,15.236170814100214,0.06563328884935817,1.9970930973660796e-05,1.0,15.171724643404733,0.06591208471706002
6.0,16.2485,15.436407463570795,0.06478191265422045,1.2755640307712213e-05,1.5,15.35555271097521,0.06512302219413184
7.5,16.2485,15.633714914771504,0.06396432360776586,8.702132949937056e-06,1.5,15.532076433310396,0.06438289202951515
9.0,16.2485,15.83006318411924,0.06317094179404177,5.438222457212801e-06,1.5,15.769977789153149,0.06341163021090725
10.5,16.2485,16.05277631142479,0.062294520312246436,3.1653813291807235e-06,1.5,16.078770519984314,0.06219381007752423
12.0,16.2485,16.356540360376364,0.06113762311390097,2.00862043359572e-06,1.5,16.36111532169291,0.061120527564164154
13.5,16.2485,16.823732241088294,0.05943984281666813,1.3677887704491642e-06,1.5,16.604969359159927,0.06022293557852079
15.0,16.2485,17.562187869641896,0.05694051375732098,8.52844676622128e-07,1.5,16.924508296689734,0.05908591153549732
16.5,16.2485,18.70417074442276,0.05346401151188066,4.943795321779047e-07,1.5,17.305950592463386,0.05778359268143829
18.0,16.2485,20.409051306476993,0.04899786790592472,3.1481977751885934e-07,1.5,17.624756578377795,0.05673837227498556
19.5,16.2485,22.86996546487123,0.04372547048818338,2.142430307419377e-07,nan,17.899065487640577,0.05586883855419751
nan,nan,nan,nan,1.3367505098595628e-07,nan,18.245497111815475,0.05480804353378878
nan,nan,nan,nan,7.771651433578008e-08,nan,18.643016894599892,0.0536393871042223
nan,nan,nan,nan,4.959094351524173e-08,nan,18.973434947668498,0.05270526938101329
Name:	33.59818286283781_8_210_0.025
Lambda:	33.59818286283781	Maximal Depth:	20	Filter time:	8.0 to 210.0 [us]
Chi2:	1.510081430555807	RelRMS:	3.0721342648025325	AbsRMS:	8.257652368652007e-08	Phi model:	0.026927488604915395
depth_vector,start_model,resistivity_model,conductivity_model,E/I[V/A],modelled_thickness,rhoa,sigma
0.0,16.2485,14.640490447443323,0.06830372271952341,0.0002141847477556683,1.0,14.546494139863716,0.0687450866432184
1.0,16.2485,14.68269729632688,0.06810737699061374,0.00012454387416778898,1.0,14.669697405793848,0.06816773191279642
2.0,16.2485,14.76396056818268,0.06773250276454047,7.950357908366058e-05,1.0,14.769054461050795,0.06770914161344704
3.0,16.2485,14.878790805801287,0.06720976274564576,5.439604427431133e-05,1.0,14.849192968860885,0.06734372717069702
4.0,16.2485,15.02017542143546,0.06657711857165721,3.416379270307274e-05,1.0,14.987476048568434,0.06672237518574833
5.0,16.2485,15.18103312535735,0.06587166971723875,1.9973267002907004e-05,1.0,15.170541652714398,0.06591722450602641
6.0,16.2485,15.355527180082385,0.06512313047103309,1.2755443035883406e-05,1.5,15.355711033460185,0.0651223507541262
7.5,16.2485,15.545221281444315,0.06432845064699455,8.70106282054763e-06,1.5,15.533349916877974,0.0643776136732384
9.0,16.2485,15.75792696289844,0.06346012406038368,5.436939136441446e-06,1.5,15.77245922751208,0.06340165383060167
10.5,16.2485,16.021759024611914,0.06241511924276507,3.1643588176420757e-06,1.5,16.082234063792598,0.06218041573287329
12.0,16.2485,16.386738743676926,0.061024955339930916,2.0079096959419095e-06,1.5,16.364975978318352,0.061106108638648855
13.5,16.2485,16.921928618738253,0.05909491893806149,1.3673120657727133e-06,1.5,16.608828613072486,0.06020894208113626
15.0,16.2485,17.71608514573518,0.05644587908524088,8.525843076785941e-07,1.5,16.927953814861482,0.05907388518050389
16.5,16.2485,18.8756483317883,0.05297831271394845,4.94276302131697e-07,1.5,17.308360084067232,0.05777554864487274
18.0,16.2485,20.526347111360863,0.04871787437748838,3.1478920728824585e-07,1.5,17.625897625868937,0.05673469920376331
19.5,16.2485,22.81693862202426,0.0438270890133675,2.1424652381784294e-07,nan,17.898870936170418,0.055869445819578416
nan,nan,nan,nan,1.3369820171130394e-07,nan,18.24339083225887,0.054814371363011656
nan,nan,nan,nan,7.77452478796292e-08,nan,18.63842314805739,0.05365260741514102
nan,nan,nan,nan,4.961769514306711e-08,nan,18.96661458664476,0.05272422210256461
Name:	42.81332398719393_8_210_0.025
Lambda:	42.81332398719393	Maximal Depth:	20	Filter time:	8.0 to 210.0 [us]
Chi2:	1.5129838364228854	RelRMS:	3.075085198436465	AbsRMS:	7.522166660295796e-08	Phi model:	0.025554021340737365
depth_vector,start_model,resistivity_model,conductivity_model,E/I[V/A],modelled_thickness,rhoa,sigma
0.0,16.2485,14.7028712129196,0.06801392636298734,0.0002141576896417732,1.0,14.547719381594014,0.06873929677700648
1.0,16.2485,14.734752647608921,0.06786676532111822,0.0001245654285927509,1.0,14.668005090276452,0.06817559673898045
2.0,16.2485,14.79667751087765,0.06758273938624794,7.95254502048621e-05,1.0,14.766346476063049,0.06772155872280579
3.0,16.2485,14.88569773349552,0.06717857757851811,5.44106619279251e-05,1.0,14.84653331758713,0.06735579132236917
4.0,16.2485,14.998408517071187,0.06667374067467226,3.41706735337029e-05,1.0,14.985463996811003,0.06673133379205382
5.0,16.2485,15.131995212428233,0.0660851385400042,1.9974499182783453e-05,1.0,15.169917756276588,0.06591993549775493
6.0,16.2485,15.285013980581422,0.06542355808574546,1.2754576468513834e-05,1.5,15.356406554134663,0.06511940123978766
7.5,16.2485,15.469437185738826,0.0646435929111819,8.699592652623555e-06,1.5,15.535099883078098,0.06437036179530901
9.0,16.2485,15.6988673325037,0.06369886303386686,5.435467591061398e-06,1.5,15.775305820066828,0.06339021324885882
10.5,16.2485,16.002040302013892,0.06249203108644513,3.1632734796116254e-06,1.5,16.085912460528483,0.06216619681686035
12.0,16.2485,16.42176084338463,0.060894809608851526,2.0071838596774693e-06,1.5,16.368921000490037,0.06109138164757854
13.5,16.2485,17.01601236295517,0.058768175449675684,1.3668383606126496e-06,1.5,16.6126658058538,0.06019503502247245
15.0,16.2485,17.856307576802408,0.05600261956167948,8.52334841973684e-07,1.5,16.931256693613793,0.05906236129401927
16.5,16.2485,19.026851948423303,0.05255730179173791,4.941843218984237e-07,1.5,17.310507700581358,0.05776838076022553
18.0,16.2485,20.625268396974732,0.04848421755067574,3.14767792742878e-07,1.5,17.626697043330214,0.056732126134679955
19.5,16.2485,22.764251007201132,0.0439285263408695,2.1425712214875686e-07,nan,17.89828068050247,0.055871288301415016
nan,nan,nan,nan,1.337262573180747e-07,nan,18.240839115499803,0.05482203936277631
nan,nan,nan,nan,7.777700730203146e-08,nan,18.633348933390714,0.05366721803872911
nan,nan,nan,nan,4.9646410448092875e-08,nan,18.959300400396362,0.052744562240234036
Name:	54.5559478116852_8_210_0.025
Lambda:	54.5559478116852	Maximal Depth:	20	Filter time:	8.0 to 210.0 [us]
Chi2:	1.515938456168109	RelRMS:	3.078086313125524	AbsRMS:	7.071699426954145e-08	Phi model:	0.024456765632366158
depth_vector,start_model,resistivity_model,conductivity_model,E/I[V/A],modelled_thickness,rhoa,sigma
0.0,16.2485,14.753848397897917,0.06777892608293826,0.0002141627306717933,1.0,14.547491094821613,0.06874037546968936
1.0,16.2485,14.776827285710567,0.06767352562664222,0.00012459383771379885,1.0,14.66577533329355,0.06818596202887735
2.0,16.2485,14.822040148084662,0.06746709562308278,7.954718701264024e-05,1.0,14.763656350727514,0.06773389844926339
3.0,16.2485,14.889042760980118,0.06716348499049994,5.442347673715722e-05,1.0,14.844202669481799,0.06736636667295713
4.0,16.2485,14.977761809545173,0.06676564981576288,3.4175573506402826e-05,1.0,14.984031587408461,0.0667377130224639
5.0,16.2485,15.089111799912333,0.06627295319037997,1.997437127726636e-05,1.0,15.169982516399353,0.06591965408786465
6.0,16.2485,15.22541975502683,0.0656796341966099,1.2752862580575993e-05,1.5,15.357782379643892,0.06511356752427087
7.5,16.2485,15.408004184789101,0.06490133232097689,8.697597708643684e-06,1.5,15.537475287598005,0.06436052070816156
9.0,16.2485,15.65498218847891,0.06387742815421008,5.433731054810308e-06,1.5,15.778666669941112,0.06337671115804946
10.5,16.2485,15.993348790041866,0.06252599209382854,3.162083776107219e-06,1.5,16.089946987111503,0.06215060874973845
12.0,16.2485,16.460879301400368,0.06075009613337773,2.0064192600430563e-06,1.5,16.37307927936738,0.06107586623978271
13.5,16.2485,17.10481662718833,0.058463064632361325,1.3663534933133814e-06,1.5,16.616595712288955,0.06018079860127071
15.0,16.2485,17.981860233661184,0.055611598967277465,8.520891823748387e-07,1.5,16.934510755106782,0.05905101212908908
16.5,16.2485,19.15731369266772,0.052199385364908465,4.941007771762845e-07,1.5,17.31245893653805,0.057761869857175165
18.0,16.2485,20.70579388997912,0.048295660881854184,3.1475447325714e-07,1.5,17.627194313221505,0.05673052569971031
19.5,16.2485,22.711314916154148,0.0440309160298208,2.142745408575502e-07,nan,17.897310681416386,0.05587431641550184
nan,nan,nan,nan,1.3375937894900142e-07,nan,18.237827781353793,0.05483109128941287
nan,nan,nan,nan,7.781211047597394e-08,nan,18.627744502630257,0.05368336461018128
nan,nan,nan,nan,4.967740736743084e-08,nan,18.951412964658324,0.0527665141308913
Name:	69.51927961775606_8_210_0.025
Lambda:	69.51927961775606	Maximal Depth:	20	Filter time:	8.0 to 210.0 [us]
Chi2:	1.5190625359005128	RelRMS:	3.0812563751460553	AbsRMS:	7.06400332310238e-08	Phi model:	0.023546691800567756
depth_vector,start_model,resistivity_model,conductivity_model,E/I[V/A],modelled_thickness,rhoa,sigma
0.0,16.2485,14.791771086403372,0.06760515655351117,0.00021420279776265951,1.0,14.54567694540643,0.06874894882879982
1.0,16.2485,14.807505440267901,0.06753331977718373,0.00012463004468925927,1.0,14.662934771142634,0.06819917128514057
2.0,16.2485,14.839363769126969,0.0673883338637794,7.956904222426091e-05,1.0,14.760952806756318,0.06774630425905057
3.0,16.2485,14.888782600937308,0.06716465857571498,5.443448516922889e-05,1.0,14.842201280049023,0.0673754506579968
4.0,16.2485,14.958655581776274,0.06685092751371807,3.4178365685899514e-05,1.0,14.98321550244529,0.06674134799948636
5.0,16.2485,15.053152732545115,0.06643126644413744,1.9972742512099092e-05,1.0,15.170807240504649,0.06591607052590404
6.0,16.2485,15.178072732428065,0.06588451759514188,1.275018589392829e-05,1.5,15.359931709501465,0.06510445612081805
7.5,16.2485,15.361997340816771,0.06509570193343307,8.69498973507315e-06,1.5,15.540582003898441,0.06434765440246347
9.0,16.2485,15.625581492615362,0.06399761829488389,5.431671704068947e-06,1.5,15.782654608062806,0.06336069722321205
10.5,16.2485,15.995248705930234,0.06251856525552181,3.1607576860534168e-06,1.5,16.094447010860996,0.062133231376335654
12.0,16.2485,16.503341126241068,0.06059379081790621,2.0055981466570906e-06,1.5,16.377547850631785,0.06105920184879348
13.5,16.2485,17.188044882891916,0.058179973744154456,1.3658476064696239e-06,1.5,16.620698462986542,0.06016594321995249
15.0,16.2485,18.09316208322583,0.055269498797399265,8.518433815758712e-07,1.5,16.937768252283647,0.059039655349232584
16.5,16.2485,19.268414722109718,0.051898405469368525,4.940251791873903e-07,1.5,17.314225045846364,0.05775597795177655
18.0,16.2485,20.769196310259233,0.048148228032590557,3.147500144358507e-07,1.5,17.627360786761567,0.05672998993422862
19.5,16.2485,22.656979651837485,0.04413650960395773,2.142999698115762e-07,nan,17.895894850165206,0.05587873690433359
nan,nan,nan,nan,1.3379884451242876e-07,nan,18.234241295285706,0.0548418759961535
nan,nan,nan,nan,7.785166587496777e-08,nan,18.62143429490055,0.05370155618323388
nan,nan,nan,nan,4.9711585662462535e-08,nan,18.942725503177222,0.052790713766731834
Name:	88.58667904100822_8_210_0.025
Lambda:	88.58667904100822	Maximal Depth:	20	Filter time:	8.0 to 210.0 [us]
Chi2:	1.522564797248485	RelRMS:	3.0848063120401954	AbsRMS:	7.881418703895222e-08	Phi model:	0.022746481327723993
depth_vector,start_model,resistivity_model,conductivity_model,E/I[V/A],modelled_thickness,rhoa,sigma
0.0,16.2485,14.815860919391852,0.06749523402255635,0.00021428040339126363,1.0,14.54216474197734,0.06876555297942713
1.0,16.2485,14.826218475981314,0.06744808203251654,0.0001246750877743636,1.0,14.659402904934254,0.06821560240106415
2.0,16.2485,14.848169410153998,0.0673483695112035,7.959139393649102e-05,1.0,14.758189124256461,0.0677589907257935
3.0,16.2485,14.884818781287283,0.06718254449003894,5.444376300671183e-05,1.0,14.840515045359645,0.06738310610807821
4.0,16.2485,14.941418778563547,0.06692804845512396,3.417895495313401e-05,1.0,14.983043288415825,0.06674211511977358
5.0,16.2485,15.024752684242248,0.06655683597699323,1.9969470305505167e-05,1.0,15.172464458885159,0.0659088708172514
6.0,16.2485,15.143063474148333,0.06603683605415525,1.2746418486577244e-05,1.5,15.362958142350166,0.06509163083920398
7.5,16.2485,15.330734886517247,0.06522844517254414,8.691666390893161e-06,1.5,15.544543147805111,0.06433125698783884
9.0,16.2485,15.61050558548621,0.0640594242463066,5.429219583122437e-06,1.5,15.787406434694667,0.06334162638661049
10.5,16.2485,16.00762215341248,0.062470240140370975,3.1592549447044002e-06,1.5,16.099550297228504,0.06211353618815971
12.0,16.2485,16.549501667255736,0.06042478015991049,2.00469749641729e-06,1.5,16.38245277624029,0.06104092065202316
13.5,16.2485,17.266548064269678,0.0579154557284868,1.3653075027726963e-06,1.5,16.625081509251356,0.06015008103530381
15.0,16.2485,18.191847021478253,0.0549696794844057,8.515917962000396e-07,1.5,16.941104032813968,0.05902803017224002
16.5,16.2485,19.361900378840062,0.051647822808388415,4.939564514107578e-07,1.5,17.315831045180907,0.05775062123156403
18.0,16.2485,20.816602936846415,0.048038577813767615,3.1475507281161766e-07,1.5,17.627171928691336,0.05673059774111146
19.5,16.2485,22.599775835583376,0.04424822649902123,2.1433469987292652e-07,nan,17.89396160491025,0.05588477398574455
nan,nan,nan,nan,1.3384614180053473e-07,nan,18.22994541269883,0.05485479947204934
nan,nan,nan,nan,7.789700824510128e-08,nan,18.61420747135652,0.05372240540129343
nan,nan,nan,nan,4.9750045830434215e-08,nan,18.932961568379547,0.052817938513651616
Name:	112.88378916846884_8_210_0.025
Lambda:	112.88378916846884	Maximal Depth:	20	Filter time:	8.0 to 210.0 [us]
Chi2:	1.5267517303173435	RelRMS:	3.089044887094294	AbsRMS:	9.863443157705109e-08	Phi model:	0.02199596305652103
depth_vector,start_model,resistivity_model,conductivity_model,E/I[V/A],modelled_thickness,rhoa,sigma
0.0,16.2485,14.826558561204244,0.06744653493742231,0.00021439581026482934,1.0,14.536945683616702,0.06879024120775322
1.0,16.2485,14.83330131676125,0.06741587584889316,0.00012472903045745526,1.0,14.65517601120759,0.06823527736789016
2.0,16.2485,14.848581556372038,0.06734650014909105,7.961410296765738e-05,1.0,14.755382585389636,0.06777187878477457
3.0,16.2485,14.877040369333102,0.06721767066394183,5.445106388484032e-05,1.0,14.839188457099963,0.06738912999797773
4.0,16.2485,14.925625857844045,0.06699886554334725,3.417705888593032e-05,1.0,14.98359743390106,0.0667396467644983
5.0,16.2485,15.003218898004699,0.0666523635226699,1.9964304710766324e-05,1.0,15.175081510478167,0.06589750435999404
6.0,16.2485,15.11975371247007,0.06613864346052453,1.2741362951074088e-05,1.5,15.36702169742009,0.06507441843255067
7.5,16.2485,15.313859396596296,0.06530032528718809,8.687476993815128e-06,1.5,15.549540151406347,0.0643105834811171
9.0,16.2485,15.609594121741862,0.06406316475629226,5.426273578233235e-06,1.5,15.793120063444835,0.06331871067798857
10.5,16.2485,16.030581308767488,0.062380769651383595,3.1575165547040482e-06,1.5,16.105458892225872,0.06209074865185626
12.0,16.2485,16.60021001786041,0.06024020171576657,2.003682150149393e-06,1.5,16.387986740383695,0.06102030809774665
13.5,16.2485,17.341840100396887,0.05766400763763898,1.364711619031415e-06,1.5,16.629920575536072,0.06013257823197779
15.0,16.2485,18.27978260082421,0.05470524578092693,8.513235273872305e-07,1.5,16.944662829646344,0.05901563283102938
16.5,16.2485,19.439779245976208,0.05144091336361176,4.93890475808867e-07,1.5,17.317373083342698,0.05774547878522545
18.0,16.2485,20.849436027367855,0.047962928046943694,3.1476838566370243e-07,1.5,17.626674908030097,0.05673219737798846
19.5,16.2485,22.5382915383161,0.04436893534276791,2.1437873251589828e-07,nan,17.8915112828765,0.05589242765406151
nan,nan,nan,nan,1.3390197100021896e-07,nan,18.22487785472989,0.05487005224237872
nan,nan,nan,nan,7.79490284538001e-08,nan,18.605924941851146,0.053746320224621294
nan,nan,nan,nan,4.9793613685513004e-08,nan,18.92191612432102,0.05284877035865644
Name:	143.8449888287663_8_210_0.025
Lambda:	143.8449888287663	Maximal Depth:	20	Filter time:	8.0 to 210.0 [us]
Chi2:	1.5320711681993977	RelRMS:	3.094421561656756	AbsRMS:	1.316801180693845e-07	Phi model:	0.021247509028259764
depth_vector,start_model,resistivity_model,conductivity_model,E/I[V/A],modelled_thickness,rhoa,sigma
0.0,16.2485,14.823558592254289,0.06746018466325132,0.00021455358467077054,1.0,14.529818204906809,0.06882398567535372
1.0,16.2485,14.828426239001448,0.06743803987572321,0.00012479417498913105,1.0,14.650075411712196,0.0682590342982492
2.0,16.2485,14.84051768956039,0.06738309410213185,7.963834453713982e-05,1.0,14.752388116804164,0.06778563525324548
3.0,16.2485,14.86541395946453,0.0672702423711059,5.4456988917585985e-05,1.0,14.838112081367928,0.06739401849212948
4.0,16.2485,14.911285904292189,0.0670632973184527,3.417289643878552e-05,1.0,14.984814132372442,0.06673422780998331
5.0,16.2485,14.98828200191892,0.06671878737482868,1.9957277145804985e-05,1.0,15.17864370694915,0.06588203921949731
6.0,16.2485,15.107525234242496,0.06619217803677167,1.273499964714697e-05,1.5,15.372140236388788,0.06505275027564537
7.5,16.2485,15.310824946802642,0.06531326714755692,8.682393009591292e-06,1.5,15.555609592073953,0.06428549097230685
9.0,16.2485,15.622517157085555,0.06401017134082342,5.422811067741333e-06,1.5,15.799842041589656,0.06329177199162606
10.5,16.2485,16.06447899879535,0.0622491398616157,3.155531661714935e-06,1.5,16.11221195645851,0.062064724738129726
12.0,16.2485,16.656226416089496,0.06003760846058295,2.0025492633214456e-06,1.5,16.394166857759203,0.060997305241327925
13.5,16.2485,17.4154538494177,0.05742026642810896,1.364061595782796e-06,1.5,16.635203316759124,0.06011348229165018
15.0,16.2485,18.359135060796536,0.05446879696066758,8.510431778212516e-07,1.5,16.94838388494925,0.059002675817842104
16.5,16.2485,19.50426326606667,0.05127084198764844,4.938328801443225e-07,1.5,17.318719539150088,0.0577409893231099
18.0,16.2485,20.86850607707246,0.04791909858361481,3.147953193639891e-07,1.5,17.625669475145116,0.0567354335907724
19.5,16.2485,22.470478996494677,0.044502834147683135,2.1443683212781733e-07,nan,17.888279447507255,0.05590252561373926
nan,nan,nan,nan,1.3397019894508202e-07,nan,18.218689654975147,0.05488868952366839
nan,nan,nan,nan,7.801058727789398e-08,nan,18.596135590697294,0.05377461328579737
nan,nan,nan,nan,4.984443828640713e-08,nan,18.90905126748022,0.052884726253812624
Name:	183.29807108324357_8_210_0.025
Lambda:	183.29807108324357	Maximal Depth:	20	Filter time:	8.0 to 210.0 [us]
Chi2:	1.5390633674609913	RelRMS:	3.1014748179908214	AbsRMS:	1.7645999527221438e-07	Phi model:	0.02047514827303535
depth_vector,start_model,resistivity_model,conductivity_model,E/I[V/A],modelled_thickness,rhoa,sigma
0.0,16.2485,14.807844327299913,0.06753177423376801,0.00021475041412003562,1.0,14.520938646815024,0.0688660715620706
1.0,16.2485,14.812494703748389,0.0675105726618045,0.00012486886367060979,1.0,14.644232994888498,0.06828626670642603
2.0,16.2485,14.824498273374466,0.06745590856157672,7.966306477504457e-05,1.0,14.74933608419399,0.06779966191641956
3.0,16.2485,14.850049116092698,0.06733984461481142,5.44607650270832e-05,1.0,14.837426193298688,0.06739713390801225
4.0,16.2485,14.89806174853822,0.06712282556474965,3.416592482323094e-05,1.0,14.98685251440221,0.06672515119762541
5.0,16.2485,14.979426407755911,0.06675823044080173,1.994802515707506e-05,1.0,15.183336628883007,0.06586167615474696
6.0,16.2485,15.105848884064445,0.0661995236199487,1.2727076068035077e-05,1.5,15.378519797233563,0.06502576406475022
7.5,16.2485,15.321034723626017,0.06526974307146083,8.676233576969454e-06,1.5,15.562970881218412,0.06425508391889447
9.0,16.2485,15.64887253638597,0.06390236725839836,5.4187159119778344e-06,1.5,15.807801450941078,0.06325990385845007
10.5,16.2485,16.109308210303233,0.0620759120717808,3.1532337495485805e-06,1.5,16.120038832054316,0.06203459001671408
12.0,16.2485,16.718393474747764,0.05981435964588621,2.0012589140471052e-06,1.5,16.40121306537369,0.06097109988231324
13.5,16.2485,17.488951078320447,0.05717895804738194,1.36333234951607e-06,1.5,16.64113489985585,0.06009205538070978
15.0,16.2485,18.431923752564774,0.05425369665284404,8.507372647403431e-07,1.5,16.952446574155523,0.058988535703426305
16.5,16.2485,19.557323956949652,0.05113173981272894,4.937776706205094e-07,1.5,17.320010458118276,0.05773668569185405
18.0,16.2485,20.87507434576512,0.04790402100785177,3.148331718983744e-07,1.5,17.624256685368834,0.056739981597645026
19.5,16.2485,22.395345844493853,0.04465213473119287,2.1450786334742108e-07,nan,17.8843302637921,0.055914869902875815
nan,nan,nan,nan,1.3405068797568017e-07,nan,18.21139613798414,0.05491067200027929
nan,nan,nan,nan,7.808199973638376e-08,nan,18.584795390439634,0.05380742585492325
nan,nan,nan,nan,4.9902931169315674e-08,nan,18.894272428102575,0.052926091957509865
Name:	233.57214690901213_8_210_0.025
Lambda:	233.57214690901213	Maximal Depth:	20	Filter time:	8.0 to 210.0 [us]
Chi2:	1.5484417772904167	RelRMS:	3.110910012852366	AbsRMS:	2.322858709829161e-07	Phi model:	0.01966147490149771
depth_vector,start_model,resistivity_model,conductivity_model,E/I[V/A],modelled_thickness,rhoa,sigma
0.0,16.2485,14.77998303748069,0.06765907629691395,0.00021498764007336208,1.0,14.510254692039233,0.06891677790801497
1.0,16.2485,14.785951744082766,0.06763176407634314,0.0001249540355172317,1.0,14.63757765105109,0.06831731477975744
2.0,16.2485,14.800811731719103,0.06756386191015017,7.968882850525595e-05,1.0,14.746156898340224,0.06781427913008009
3.0,16.2485,14.831020737096884,0.06742624244996816,5.4462714901886484e-05,1.0,14.837072051372822,0.06739874259136415
4.0,16.2485,14.885756808972154,0.06717831097423718,3.415628750623423e-05,1.0,14.989671444050042,0.06671260299017008
5.0,16.2485,14.976119383501963,0.06677297198242309,1.9936592346281356e-05,1.0,15.189140751110934,0.0658365088839446
6.0,16.2485,15.113952681757848,0.0661640287657493,1.2717604406370205e-05,1.5,15.386154466848948,0.06499349802802272
7.5,16.2485,15.343762764436221,0.06517306187226776,8.669002724241244e-06,1.5,15.571623772883965,0.06421937844024815
9.0,16.2485,15.688232189199462,0.06374204486139926,5.413991650910647e-06,1.5,15.816996062355601,0.06322313011002112
10.5,16.2485,16.165134360172726,0.06186153345336716,3.1506292697858167e-06,1.5,16.12892140312755,0.06200042612930649
12.0,16.2485,16.787346382572462,0.059568676145155104,1.9998194698335407e-06,1.5,16.409082375681006,0.06094185994715005
13.5,16.2485,17.56360326981191,0.05693592508541723,1.3625329023606056e-06,1.5,16.64764356584337,0.06006856141800991
15.0,16.2485,18.499927270251995,0.05405426655963165,8.504145573740471e-07,1.5,16.956734940265452,0.05897361747546107
16.5,16.2485,19.600767344136877,0.05101841078171499,4.937324361020854e-07,1.5,17.321068319032722,0.05773315950155227
18.0,16.2485,20.869961824512764,0.047915756071266614,3.148882554011062e-07,1.5,17.62220128088652,0.05674659959108655
19.5,16.2485,22.311250822276616,0.04482043646793448,2.1459703662175466e-07,nan,17.879375505221475,0.05593036511302987
nan,nan,nan,nan,1.3414742035046277e-07,nan,18.20264038069534,0.05493708490008635
nan,nan,nan,nan,7.816608027611191e-08,nan,18.5714656537365,0.05384604632961773
nan,nan,nan,nan,4.997115159050719e-08,nan,18.87707225501336,0.05297431648779226
Name:	297.63514416313194_8_210_0.025
Lambda:	297.63514416313194	Maximal Depth:	20	Filter time:	8.0 to 210.0 [us]
Chi2:	1.560966395903675	RelRMS:	3.123466019408242	AbsRMS:	2.965699552073017e-07	Phi model:	0.018807984874904256
depth_vector,start_model,resistivity_model,conductivity_model,E/I[V/A],modelled_thickness,rhoa,sigma
0.0,16.2485,14.741497963279507,0.06783571130226798,0.0002152571247179265,1.0,14.498141714183253,0.06897435683234626
1.0,16.2485,14.750161641703635,0.06779586721088303,0.00012504590405715876,1.0,14.630407496972994,0.06835079612149547
2.0,16.2485,14.77047034292632,0.06770265108577987,7.971359979462572e-05,1.0,14.74310179237818,0.06782833179087018
3.0,16.2485,14.808870232157895,0.06752709587720411,5.446160693084651e-05,1.0,14.837273281699266,0.0673978284967919
4.0,16.2485,14.874436919693581,0.06722943566865457,3.4143308362792374e-05,1.0,14.993469958431191,0.06669570171364339
5.0,16.2485,14.978058243818515,0.066764328441085,1.992262801979215e-05,1.0,15.196237584237124,0.06580576241038032
6.0,16.2485,15.131196439597954,0.06608862716123529,1.2706378255098033e-05,1.5,15.395215631240166,0.06495524479506395
7.5,16.2485,15.378149742650116,0.06502732882269814,8.660568347302354e-06,1.5,15.581732088382637,0.06417771749172711
9.0,16.2485,15.739784072612606,0.06353327309870857,5.408561799674723e-06,1.5,15.827580462284677,0.06318085081815797
10.5,16.2485,16.23148301962595,0.06160866501174731,3.1476778931888364e-06,1.5,16.139001868135498,0.06196170049241885
12.0,16.2485,16.863184873113394,0.0593007790357797,1.9982077927004976e-06,1.5,16.41790447754542,0.060909113058106076
13.5,16.2485,17.640143795183807,0.056688880295467016,1.3616490403354327e-06,1.5,16.65484690440232,0.06004258134223218
15.0,16.2485,18.564404318815964,0.053866527728360744,8.500675047160108e-07,1.5,16.961349851858593,0.058957571698836336
16.5,16.2485,19.636036153940786,0.050926775249357466,4.93693774032031e-07,1.5,17.321972603769268,0.057730145571434494
18.0,16.2485,20.854219322035252,0.047951926876656906,3.149589601477601e-07,1.5,17.6195638581168,0.05675509382937026
19.5,16.2485,22.217889319234594,0.04500877583966873,2.1470359779855962e-07,nan,17.87345911645736,0.05594887892065779
nan,nan,nan,nan,1.3426019792970091e-07,nan,18.19244556369905,0.05496787094943332
nan,nan,nan,nan,7.826290076186898e-08,nan,18.556145757542474,0.05389050145790821
nan,nan,nan,nan,5.0049245155048636e-08,nan,18.857430780029194,0.05302949334217054
Name:	379.26901907322497_8_210_0.025
Lambda:	379.26901907322497	Maximal Depth:	20	Filter time:	8.0 to 210.0 [us]
Chi2:	1.5774987951053216	RelRMS:	3.139962972617394	AbsRMS:	3.676235263776362e-07	Phi model:	0.017922878346537812
depth_vector,start_model,resistivity_model,conductivity_model,E/I[V/A],modelled_thickness,rhoa,sigma
0.0,16.2485,14.693785177580095,0.06805598339125093,0.00021555351032443047,1.0,14.484848724559079,0.06903765576125753
1.0,16.2485,14.706337831265394,0.06799789393345902,0.00012514255496681303,1.0,14.622873559520004,0.06838601154073201
2.0,16.2485,14.734400289572697,0.06786838828504504,7.973668628932096e-05,1.0,14.740255900615354,0.06784142736343224
3.0,16.2485,14.784147627113674,0.06764001721452176,5.445721697950593e-05,1.0,14.838070654221024,0.06739420665283916
4.0,16.2485,14.864240738626526,0.06727555194940964,3.412701174991613e-05,1.0,14.99824278246741,0.06667447743738195
5.0,16.2485,14.98480709320834,0.06673425915861382,1.9906233909916436e-05,1.0,15.204579848829505,0.06576965690222496
6.0,16.2485,15.15663466681443,0.06597770692391945,1.2693500814932606e-05,1.5,15.405626074898885,0.06491135090117157
7.5,16.2485,15.42301728468923,0.06483815595491306,8.651020169523438e-06,1.5,15.59319507508972,0.06413053868591112
9.0,16.2485,15.802359012017284,0.0632816909955992,5.402495442758301e-06,1.5,15.839426567249824,0.0631335986662318
10.5,16.2485,16.307518016291265,0.06132141010060493,3.1444277392314804e-06,1.5,16.1501210527092,0.06191904052832155
12.0,16.2485,16.945561609300427,0.059012502686907616,1.9964583720619584e-06,1.5,16.427494001450718,0.06087355745871462
13.5,16.2485,17.718756253479988,0.05643736985227722,1.360706428637183e-06,1.5,16.662537635824155,0.06001486819450706
15.0,16.2485,18.625938351729708,0.0536885702677704,8.49713764721514e-07,1.5,16.966056920545217,0.05894121448979933
16.5,16.2485,19.663881503513416,0.050854659585968645,4.936730193589359e-07,1.5,17.322458092943467,0.05772852759316897
18.0,16.2485,20.82828558622017,0.048011632827888256,3.150530811827549e-07,1.5,17.616054493571273,0.05676640023819952
19.5,16.2485,22.11465836028007,0.04521887626336071,2.1483318722028113e-07,nan,17.866270766638618,0.055971389500448124
nan,nan,nan,nan,1.343927972263661e-07,nan,18.180477152714374,0.05500405691226307
nan,nan,nan,nan,7.837482723737256e-08,nan,18.538474959229376,0.05394186966291692
nan,nan,nan,nan,5.01388103873117e-08,nan,18.834966832418782,0.05309274016234518
Name:	483.2930238571752_8_210_0.025
Lambda:	483.2930238571752	Maximal Depth:	20	Filter time:	8.0 to 210.0 [us]
Chi2:	1.598811068243462	RelRMS:	3.1611025254682326	AbsRMS:	4.412676596927626e-07	Phi model:	0.017026513345305846
depth_vector,start_model,resistivity_model,conductivity_model,E/I[V/A],modelled_thickness,rhoa,sigma
0.0,16.2485,14.639328232531255,0.06830914534574187,0.00021586069289863556,1.0,14.471103597113279,0.06910322998444167
1.0,16.2485,14.656742718024136,0.06822798347754645,0.00012523686448446592,1.0,14.615531475908599,0.06842036511969082
2.0,16.2485,14.694365134394811,0.06805329735949733,7.975460400987494e-05,1.0,14.738048114372027,0.0678515901318598
3.0,16.2485,14.757980239680512,0.06775994978711589,5.4447693015543236e-05,1.0,14.839800915845505,0.06738634875702607
4.0,16.2485,14.855473608035203,0.06731525539913506,3.410659240145954e-05,1.0,15.004228405255676,0.06664787905052955
5.0,16.2485,14.996060370372014,0.06668418073160855,1.988712896905058e-05,1.0,15.214315998933232,0.06572756869714787
6.0,16.2485,15.189372443112129,0.06583550464281798,1.2678870210135933e-05,1.5,15.417475201144654,0.06486146317431768
7.5,16.2485,15.476896748178735,0.06461243595992047,8.640323299734508e-06,1.5,15.606062184641338,0.06407766342134322
9.0,16.2485,15.874258211585557,0.06299506954411054,5.395789743970828e-06,1.5,15.852546974181799,0.06308134595839059
10.5,16.2485,16.391532397495165,0.06100710877726189,3.140884969218283e-06,1.5,16.16226315370631,0.06187252307983126
12.0,16.2485,17.033144905020986,0.05870906433169735,1.994577110882322e-06,1.5,16.437821855075942,0.06083531071309205
13.5,16.2485,17.798725046366865,0.056183799535918066,1.3597093314024537e-06,1.5,16.670682582641852,0.059985546185207676
15.0,16.2485,18.684612000755923,0.05351997675732004,8.493556660656485e-07,1.5,16.97082531583771,0.05892465342076018
16.5,16.2485,19.685044770650062,0.05079998606307345,4.93670967537474e-07,1.5,17.322506090589677,0.05772836763747727
18.0,16.2485,20.793251011754645,0.04809252768769489,3.1517070876150137e-07,1.5,17.61167112778657,0.05678052881774882
19.5,16.2485,22.002300416511332,0.04544979302480405,2.149855857980523e-07,nan,17.85782642982597,0.05599785639812299
nan,nan,nan,nan,1.3454484696465233e-07,nan,18.16677734539132,0.05504553619983058
nan,nan,nan,nan,7.850148012172422e-08,nan,18.518529830961842,0.05399996701293542
nan,nan,nan,nan,5.0239518728089534e-08,nan,18.809787815396106,0.05316381076778996
Name:	615.8482110660261_8_210_0.025
Lambda:	615.8482110660261	Maximal Depth:	20	Filter time:	8.0 to 210.0 [us]
Chi2:	1.6256684764091396	RelRMS:	3.187542623645544	AbsRMS:	5.143396815572677e-07	Phi model:	0.016139113356504555
depth_vector,start_model,resistivity_model,conductivity_model,E/I[V/A],modelled_thickness,rhoa,sigma
0.0,16.2485,14.580378543439709,0.06858532492971108,0.0002161661788094866,1.0,14.457466680773226,0.06916841118021634
1.0,16.2485,14.603400080475156,0.06847720356145051,0.00012532414816673445,1.0,14.608744566125859,0.06845215175565174
2.0,16.2485,14.652047683024406,0.06824984613983898,7.976561459512107e-05,1.0,14.736691821776645,0.06785783485831494
3.0,16.2485,14.731449214040763,0.06788198401056734,5.443248613351002e-05,1.0,14.842564664870727,0.06737380113066259
4.0,16.2485,14.848519455623887,0.06734678181138452,3.408214604240972e-05,1.0,15.01140234551473,0.06661602806874276
5.0,16.2485,15.011271190072796,0.06661661010170256,1.9865610564710905e-05,1.0,15.225300768364935,0.06568014748699058
6.0,16.2485,15.228003453808192,0.06566849049078208,1.2662778782309005e-05,1.5,15.430533771174147,0.06480657213998033
7.5,16.2485,15.53784872555321,0.06435897386202645,8.628724564943962e-06,1.5,15.620044169799263,0.06402030552086789
9.0,16.2485,15.95325076561801,0.06268314932748198,5.388626340278972e-06,1.5,15.866592984095208,0.06302550276561626
10.5,16.2485,16.48134705076147,0.06067465219439075,3.1371677054418063e-06,1.5,16.175027860062283,0.06182369567777359
12.0,16.2485,17.12401024489288,0.05839753572316644,1.9926428642346585e-06,1.5,16.44845753253689,0.06079597421350228
13.5,16.2485,17.878677700298017,0.05593254807559572,1.358712532442386e-06,1.5,16.678835049278003,0.05995622578228497
15.0,16.2485,18.739637387421485,0.053362825508631515,8.490275211645733e-07,1.5,16.975197793755125,0.05890947558607431
16.5,16.2485,19.699307068820488,0.050763206873543895,4.937071589418532e-07,1.5,17.321659524670068,0.05773118901083165
18.0,16.2485,20.749289024013233,0.04819442241335094,3.1532392525001315e-07,1.5,17.605965636249607,0.05679892944588402
19.5,16.2485,21.88112179314815,0.04570149599519801,2.1516874714418464e-07,nan,17.84769073308234,0.05602965755936188
nan,nan,nan,nan,1.3472107103287004e-07,nan,18.150931659004822,0.055093590719564635
nan,nan,nan,nan,7.864543108127195e-08,nan,18.49592564413247,0.054065961295493944
nan,nan,nan,nan,5.035291597608598e-08,nan,18.781536825623824,0.05324377921170385
Name:	784.7599703514607_8_210_0.025
Lambda:	784.7599703514607	Maximal Depth:	20	Filter time:	8.0 to 210.0 [us]
Chi2:	1.658595053636909	RelRMS:	3.219661330828241	AbsRMS:	5.801537587569602e-07	Phi model:	0.015284667155868391
depth_vector,start_model,resistivity_model,conductivity_model,E/I[V/A],modelled_thickness,rhoa,sigma
0.0,16.2485,14.520553039315223,0.06886790036801237,0.00021644296119027645,1.0,14.445138797360677,0.06922744142705735
1.0,16.2485,14.549591165909861,0.0687304535637421,0.00012539243177794708,1.0,14.60344053313416,0.06847701387430391
2.0,16.2485,14.6100279571457,0.0684461387023496,7.97639140468803e-05,1.0,14.736901276278351,0.0678568703998633
3.0,16.2485,14.706252580550652,0.06799828811063141,5.4408576107905676e-05,1.0,14.846912755300453,0.0673540699323496
4.0,16.2485,14.844078514800602,0.06736693011984064,3.40524292112192e-05,1.0,15.020134496935702,0.06657729997051709
5.0,16.2485,15.030151871053283,0.06653292718391687,1.9841307149740895e-05,1.0,15.237731108784743,0.0656265682115553
6.0,16.2485,15.271230791570412,0.0654826067164142,1.2645136520257506e-05,1.5,15.444882700638892,0.06474636417657183
7.5,16.2485,15.603657560165985,0.06408753820340585,8.616228049247878e-06,1.5,15.635143505049497,0.06395847915799698
9.0,16.2485,16.036492912940037,0.062357773949009015,5.3810430080202195e-06,1.5,15.881496340564732,0.06296635899765858
10.5,16.2485,16.57392534695737,0.06033573695223499,3.133311325084556e-06,1.5,16.188296947183712,0.061773020550748584
12.0,16.2485,17.21537729693708,0.05808760288848956,1.9906805190322597e-06,1.5,16.459265310989327,0.06075605326881339
13.5,16.2485,17.956353353420255,0.05569059487290185,1.3577323822176706e-06,1.5,16.686861077505416,0.0599273881022502
15.0,16.2485,18.78962625026319,0.05322085637472394,8.487378652196289e-07,1.5,16.979059753594274,0.05889607637362318
16.5,16.2485,19.7063927832526,0.05074495423890293,4.937846361823756e-07,1.5,17.319847574843298,0.057737228672409234
18.0,16.2485,20.697244621710276,0.048315610037823815,3.1551335736183585e-07,1.5,17.598917928137176,0.05682167529181999
19.5,16.2485,21.7528710085814,0.04597094331159804,2.15382234334662e-07,nan,17.835895012185983,0.056066712621753605
nan,nan,nan,nan,1.349204797927956e-07,nan,18.13304286534349,0.055147942208377786
nan,nan,nan,nan,7.880560249368615e-08,nan,18.47085532006745,0.05413934453341537
nan,nan,nan,nan,5.047804655414741e-08,nan,18.75048548405852,0.053331952436655054
Name:	1000.0_8_210_0.025
Lambda:	1000.0	Maximal Depth:	20	Filter time:	8.0 to 210.0 [us]
Chi2:	1.6982130816850438	RelRMS:	3.257887622452856	AbsRMS:	6.334875964168463e-07	Phi model:	0.014477246196830305
depth_vector,start_model,resistivity_model,conductivity_model,E/I[V/A],modelled_thickness,rhoa,sigma
0.0,16.2485,14.462958429609508,0.0691421471524619,0.00021666930381684143,1.0,14.435077011597953,0.06927569552947613
1.0,16.2485,14.49814168371155,0.06897435697731423,0.00012543280107004827,1.0,14.60030705088455,0.0684917102438209
2.0,16.2485,14.570597138670472,0.06863136702517103,7.974565999628327e-05,1.0,14.739150074769164,0.06784651726369381
3.0,16.2485,14.683887083408061,0.06810185847383299,5.437429685408621e-05,1.0,14.85315207129843,0.06732577672400968
4.0,16.2485,14.8426624065293,0.06737335746180545,3.401706453115895e-05,1.0,15.030542807454422,0.06653119669796945
5.0,16.2485,15.052115355502261,0.06643584482193413,1.9814369398808336e-05,1.0,15.251538504389792,0.06556715571430212
6.0,16.2485,15.317434517562047,0.06528508405591421,1.2626198101276527e-05,1.5,15.460323008905355,0.0646817016322354
7.5,16.2485,15.671862433818465,0.0638086254408468,8.603080707144956e-06,1.5,15.651068673120461,0.06389340056487165
9.0,16.2485,16.120939024546512,0.062031126008066415,5.3732360971985035e-06,1.5,15.89687570341434,0.06290544246912741
10.5,16.2485,16.665937641144215,0.060002624606685144,3.129448662584071e-06,1.5,16.201614963222447,0.06172224202772335
12.0,16.2485,17.304027983847394,0.05779001287639267,1.988779814782251e-06,1.5,16.469750538929542,0.060717373808200706
13.5,16.2485,18.029073921555717,0.05546596593651942,1.3568312151609563e-06,1.5,16.694248872053336,0.059900868117165156
15.0,16.2485,18.83269990323412,0.053099131040062454,8.485253606959059e-07,1.5,16.981894456862623,0.0588862451442151
16.5,16.2485,19.705334555695742,0.050747679374515076,4.939249051881515e-07,1.5,17.31656832763081,0.05774816240030488
18.0,16.2485,20.637090146824864,0.048456443853536965,3.1575191800614123e-07,1.5,17.590052449026995,0.056850313715540716
19.5,16.2485,21.61837537522446,0.04625694496664355,2.1563427586418936e-07,nan,17.82199412243095,0.05611044382184985
nan,nan,nan,nan,1.351477191804845e-07,nan,18.112711052767143,0.055209846669928876
nan,nan,nan,nan,7.898434008330941e-08,nan,18.4429790552054,0.05422117527795799
nan,nan,nan,nan,5.061621304029636e-08,nan,18.716347953832432,0.05342922681640123
